/*--------------------------------*- C++ -*----------------------------------*\
| =========                 |                                                 |
| \\      /  F ield         | OpenFOAM: The Open Source CFD Toolbox           |
|  \\    /   O peration     | Version:  2406                                  |
|   \\  /    A nd           | Website:  www.openfoam.com                      |
|    \\/     M anipulation  |                                                 |
\*---------------------------------------------------------------------------*/
FoamFile
{
    version     2.0;
    format      ascii;
    arch        "LSB;label=32;scalar=64";
    class       volScalarField;
    location    "1.35";
    object      p_rgh;
}
// * * * * * * * * * * * * * * * * * * * * * * * * * * * * * * * * * * * * * //

dimensions      [1 -1 -2 0 0 0 0];

internalField   nonuniform List<scalar> 
6250
(
4.19921
-3211.8
-1025.15
548.692
503.529
35.1213
-125.189
-47.988
28.2888
34.5953
14.4374
4.83542
7.07927
10.7405
11.4449
10.5954
10.0241
10.0187
10.1506
10.1635
10.0899
10.022
9.97854
9.94024
9.89958
9.86187
9.81777
9.76776
9.72574
9.68555
9.64226
9.5984
9.55937
9.52132
9.4784
9.43809
9.39616
9.34916
9.30536
9.26027
9.21398
9.17394
9.13128
9.08804
9.04679
8.99892
8.95716
8.92058
8.8763
8.83209
8.7895
8.74568
8.70358
8.66209
8.61962
8.57626
8.53194
8.49227
8.45394
8.40499
8.35869
8.32316
8.28411
8.24034
8.19535
8.15054
8.10909
8.07221
8.03494
7.99158
7.9454
7.89832
7.8539
7.81434
7.77412
7.73054
7.68517
7.6429
7.60315
7.56107
7.51747
7.47437
7.43127
7.38811
7.34576
7.30329
7.26081
7.21736
7.17091
7.12357
7.07985
7.04111
7.00001
6.95514
6.91006
6.86163
6.81552
6.77563
6.73611
6.69592
6.65296
6.60692
6.55919
6.50836
6.46055
6.41734
6.37217
6.32696
6.28338
6.23844
6.19221
6.14599
6.10008
6.05337
6.00984
5.97236
5.93404
5.89167
5.84462
5.79253
5.74142
5.69251
5.64476
5.60133
5.56057
5.51917
5.47594
5.43024
5.38196
5.3302
5.27881
5.23217
5.18935
5.1501
5.11114
5.0706
5.03158
4.99087
4.94619
4.89993
4.85211
4.80426
4.75696
4.71083
4.67032
4.6346
4.59822
4.5588
4.51635
4.4707
4.42193
4.37274
4.32545
4.27909
4.23231
4.18558
4.14214
4.10219
4.06177
4.02153
3.9813
3.93879
3.8954
3.84917
3.79897
3.74855
3.69861
3.64872
3.59867
3.54889
3.50126
3.45457
3.40899
3.3666
3.32499
3.28207
3.2395
3.19915
3.15998
3.11803
3.07364
3.03077
2.98935
2.94745
2.90396
2.85853
2.81229
2.76586
2.71992
2.67441
2.62735
2.57864
2.53004
2.4833
2.43972
2.39821
2.35651
2.31367
2.2704
2.22743
2.18471
2.14259
2.10172
2.06158
2.02058
1.97764
1.93372
1.89007
1.84731
1.80641
1.76636
1.72493
1.68207
1.63815
1.59361
1.54994
1.50625
1.45983
1.41065
1.36139
1.31362
1.26642
1.2191
1.17229
1.12633
1.08099
1.03654
0.993751
0.951784
0.909178
0.866547
0.824441
0.781901
0.73848
0.694263
0.649324
0.604173
0.55849
0.511695
0.465085
0.419096
0.372205
0.324612
0.278745
0.235742
0.193349
0.150322
0.107501
0.066623
0.0183327
4.16059
-3211.87
-1025.19
548.709
503.546
35.1183
-125.197
-47.995
28.2843
34.5969
14.4404
4.83502
7.08122
10.7392
11.4428
10.5941
10.0228
10.0163
10.1471
10.1616
10.0917
10.0256
9.9753
9.93454
9.89358
9.8545
9.81857
9.77259
9.72767
9.68803
9.64821
9.6076
9.56185
9.51348
9.47127
9.43677
9.39761
9.3478
9.3007
9.2597
9.21626
9.1754
9.13221
9.0863
9.0499
9.00844
8.96011
8.91692
8.8707
8.82451
8.78679
8.74999
8.70685
8.65956
8.61423
8.57513
8.53669
8.49528
8.45433
8.40577
8.35508
8.3163
8.28212
8.24433
8.20119
8.15616
8.11125
8.06791
8.02808
7.9851
7.94076
7.89946
7.85874
7.81722
7.7745
7.73125
7.68588
7.64154
7.60182
7.56177
7.51812
7.47329
7.42972
7.38863
7.34998
7.3079
7.26091
7.21481
7.17044
7.12413
7.07783
7.03929
7.00147
6.95651
6.9109
6.8622
6.81287
6.77196
6.73542
6.69944
6.65823
6.60844
6.55667
6.50382
6.45425
6.41461
6.377
6.33525
6.28984
6.23973
6.1871
6.13735
6.09503
6.05546
6.01436
5.97533
5.93514
5.89118
5.84375
5.79001
5.73709
5.69055
5.64653
5.6051
5.56478
5.52151
5.47476
5.42572
5.37721
5.32876
5.27994
5.23276
5.18736
5.14794
5.11353
5.07604
5.03566
4.99224
4.94441
4.8956
4.84723
4.80213
4.76023
4.71629
4.67239
4.63272
4.59541
4.55733
4.5174
4.47472
4.42639
4.37303
4.32044
4.27268
4.22951
4.1869
4.14427
4.10401
4.06314
4.02185
3.98185
3.9391
3.89436
3.84859
3.79943
3.74892
3.69844
3.64845
3.59887
3.54875
3.50079
3.45464
3.40833
3.36476
3.32406
3.283
3.24009
3.19704
3.15736
3.11883
3.07706
3.0334
2.98944
2.94549
2.90227
2.85877
2.81406
2.76714
2.71873
2.6718
2.62641
2.58101
2.53457
2.48637
2.43808
2.39231
2.34998
2.30995
2.27035
2.23017
2.18844
2.14473
2.10059
2.05818
2.01792
1.97795
1.93681
1.89407
1.84967
1.80581
1.76427
1.7237
1.68313
1.64128
1.59613
1.54936
1.50393
1.45876
1.41095
1.36088
1.31161
1.26395
1.21717
1.17172
1.12761
1.08337
1.03816
0.994075
0.952413
0.910843
0.868146
0.825589
0.783136
0.739858
0.695408
0.649642
0.603225
0.556378
0.508444
0.461334
0.417055
0.373439
0.327825
0.280497
0.234351
0.190789
0.148474
0.107121
0.0638963
0.0221524
4.16345
-3211.86
-1025.17
548.709
503.545
35.1191
-125.194
-47.9873
28.2883
34.595
14.4406
4.83605
7.08209
10.7421
11.4413
10.5964
10.0272
10.0194
10.1556
10.1624
10.0804
10.0183
9.97761
9.94244
9.90193
9.85537
9.81601
9.7742
9.72898
9.68652
9.64448
9.60376
9.56442
9.5216
9.47677
9.43548
9.39363
9.34824
9.30493
9.26303
9.21643
9.17399
9.13529
9.08674
9.04004
9.00234
8.96315
8.92067
8.87422
8.82806
8.78841
8.75128
8.7106
8.66331
8.61485
8.57408
8.53441
8.48979
8.44863
8.40692
8.36197
8.32162
8.28109
8.23892
8.19796
8.1576
8.11653
8.07179
8.02678
7.98351
7.94086
7.89921
7.85858
7.81652
7.77149
7.72856
7.68757
7.64514
7.60297
7.56066
7.51731
7.47485
7.43239
7.38792
7.34576
7.30613
7.2617
7.21327
7.16932
7.12862
7.08382
7.04123
7.00024
6.95219
6.90529
6.86116
6.81649
6.77648
6.73789
6.69846
6.65708
6.60852
6.55748
6.50679
6.4565
6.41361
6.37458
6.33163
6.28661
6.2402
6.19056
6.13958
6.09369
6.05403
6.01588
5.97829
5.93679
5.88955
5.84082
5.78916
5.73748
5.69123
5.64735
5.60483
5.56332
5.52061
5.47622
5.42828
5.37788
5.32706
5.27792
5.23396
5.19134
5.14922
5.11149
5.07375
5.03451
4.99378
4.94747
4.89757
4.84666
4.79803
4.75602
4.71647
4.67562
4.63624
4.59863
4.55894
4.51551
4.47054
4.42419
4.37505
4.32411
4.27375
4.22699
4.18353
4.142
4.10412
4.06637
4.02512
3.98275
3.93864
3.89319
3.84782
3.79967
3.74902
3.6978
3.6475
3.59833
3.54787
3.49921
3.45429
3.40922
3.36525
3.32409
3.28353
3.24204
3.19905
3.15724
3.11769
3.07634
3.03313
2.99031
2.94694
2.90252
2.85779
2.81364
2.769
2.72175
2.6729
2.62428
2.57678
2.53099
2.48624
2.44198
2.39779
2.35351
2.31014
2.26808
2.2273
2.18748
2.14697
2.10465
2.06114
2.01761
1.97485
1.93329
1.89232
1.85037
1.8077
1.76547
1.72309
1.68094
1.63973
1.59718
1.55129
1.50375
1.45709
1.41057
1.36235
1.31367
1.26587
1.21817
1.17071
1.12505
1.08124
1.03731
0.99308
0.950666
0.909762
0.868268
0.825791
0.782507
0.738548
0.694273
0.649288
0.604098
0.559517
0.513372
0.464261
0.415259
0.369377
0.325402
0.280627
0.235827
0.192133
0.148594
0.106005
0.0640454
0.0221427
4.16703
-3211.86
-1025.19
548.701
503.542
35.1076
-125.206
-47.99
28.2877
34.5958
14.4392
4.82856
7.07881
10.7417
11.441
10.5918
10.023
10.0212
10.1494
10.1564
10.0878
10.0238
9.97567
9.9401
9.89999
9.85415
9.81614
9.77529
9.72842
9.68396
9.64271
9.60551
9.56754
9.51957
9.46963
9.42989
9.39513
9.35201
9.30126
9.25777
9.21953
9.17627
9.13342
9.09061
9.04381
8.99942
8.95961
8.91978
8.87422
8.82707
8.78495
8.74518
8.7079
8.66688
8.61788
8.57439
8.53624
8.49222
8.44713
8.40422
8.36176
8.32185
8.28131
8.23987
8.1967
8.15098
8.11019
8.07095
8.02803
7.98622
7.94417
7.89947
7.85711
7.8156
7.7698
7.7256
7.68577
7.64531
7.60405
7.56095
7.51503
7.47225
7.43353
7.39285
7.34989
7.30657
7.26049
7.21046
7.16436
7.12643
7.08672
7.04453
7.00251
6.95369
6.90376
6.85886
6.8166
6.77877
6.7406
6.69803
6.6538
6.60523
6.55511
6.50823
6.46048
6.41514
6.37549
6.33347
6.28596
6.23671
6.18728
6.13791
6.09317
6.05496
6.01703
5.97766
5.93599
5.88959
5.84102
5.78958
5.73692
5.68922
5.64593
5.60529
5.56495
5.52126
5.47516
5.42693
5.37706
5.32705
5.27728
5.23202
5.19089
5.15084
5.11394
5.07582
5.0338
4.99118
4.946
4.89847
4.84954
4.79915
4.7537
4.71516
4.67736
4.63821
4.59956
4.55977
4.51598
4.46892
4.42067
4.37241
4.3241
4.27554
4.22912
4.18537
4.14175
4.10058
4.063
4.02447
3.98383
3.94075
3.89449
3.84717
3.79877
3.74879
3.69691
3.64517
3.59685
3.5483
3.4993
3.45396
3.40941
3.36495
3.32297
3.28264
3.24287
3.20106
3.15733
3.11599
3.07572
3.03347
2.99066
2.94772
2.90358
2.85838
2.8131
2.76816
2.72219
2.67466
2.62614
2.57718
2.5293
2.4835
2.4398
2.39744
2.355
2.31237
2.2696
2.22671
2.18494
2.14443
2.10382
2.06228
2.01984
1.97656
1.93319
1.89067
1.84866
1.80701
1.76592
1.72431
1.68165
1.63899
1.59635
1.55168
1.50393
1.45563
1.40876
1.36134
1.31281
1.26508
1.218
1.17086
1.12466
1.08065
1.03801
0.994716
0.951288
0.909137
0.867662
0.825784
0.782975
0.739307
0.695098
0.649533
0.60262
0.556702
0.511976
0.465656
0.417443
0.370103
0.324893
0.280267
0.235669
0.192056
0.148903
0.105969
0.0633155
0.0212212
4.15414
-3211.88
-1025.19
548.704
503.55
35.1212
-125.196
-47.9921
28.2842
34.5938
14.4411
4.83779
7.08281
10.7375
11.4391
10.5943
10.0212
10.0168
10.1538
10.1662
10.0908
10.02
9.97105
9.93752
9.90216
9.85693
9.81343
9.77292
9.72994
9.68763
9.64666
9.60297
9.56163
9.52279
9.48119
9.43737
9.39298
9.35041
9.30738
9.26189
9.21695
9.17206
9.13116
9.09315
9.0471
9.00058
8.9603
8.91929
8.87637
8.83289
8.78931
8.74487
8.70505
8.66677
8.62019
8.57447
8.53477
8.49289
8.44732
8.40187
8.36074
8.32359
8.28372
8.24201
8.19993
8.15202
8.10655
8.06831
8.02684
7.98455
7.94407
7.89978
7.85716
7.81724
7.7714
7.72432
7.68402
7.64511
7.60387
7.5613
7.51671
7.47391
7.43459
7.39365
7.34908
7.30377
7.2599
7.21364
7.16724
7.12826
7.08906
7.04463
7.00019
6.95202
6.90194
6.85785
6.81883
6.78229
6.74402
6.70023
6.65377
6.60398
6.55179
6.50562
6.46326
6.41942
6.37731
6.33371
6.28406
6.23313
6.18507
6.13855
6.0949
6.05636
6.01917
5.9804
5.9371
5.88699
5.83592
5.78618
5.73675
5.69101
5.64845
5.6073
5.56636
5.52184
5.47433
5.42576
5.37578
5.32583
5.27709
5.23259
5.19279
5.15314
5.11484
5.07718
5.03546
4.99089
4.94401
4.89613
4.84959
4.80192
4.75516
4.71464
4.67772
4.63951
4.60073
4.56127
4.51786
4.47004
4.41973
4.36949
4.32083
4.27328
4.22783
4.18573
4.14469
4.1037
4.06443
4.02469
3.98278
3.93954
3.89389
3.84592
3.79707
3.74841
3.69825
3.64575
3.59604
3.54823
3.49908
3.45299
3.40981
3.36653
3.32381
3.28149
3.24085
3.20143
3.15982
3.11748
3.07633
3.03401
2.99082
2.94798
2.90431
2.85936
2.81363
2.76767
2.72132
2.6743
2.62721
2.57951
2.53152
2.48468
2.43953
2.39604
2.35357
2.31202
2.27102
2.22915
2.18668
2.14491
2.10342
2.06153
2.01952
1.97697
1.93381
1.891
1.84854
1.8066
1.76564
1.72461
1.68213
1.63835
1.59471
1.5513
1.50539
1.4569
1.40879
1.36075
1.31174
1.26381
1.21747
1.17118
1.12475
1.07957
1.03655
0.994221
0.951584
0.909391
0.867581
0.825711
0.783207
0.739415
0.694975
0.650021
0.603689
0.556841
0.510964
0.465277
0.418247
0.370608
0.324441
0.279631
0.235596
0.192243
0.149266
0.106392
0.0632349
0.02124
4.15541
-3211.87
-1025.19
548.694
503.541
35.1165
-125.208
-48.0009
28.2858
34.5952
14.4401
4.83275
7.07459
10.7402
11.4467
10.5966
10.025
10.019
10.1443
10.1534
10.0893
10.0235
9.97291
9.93898
9.902
9.85544
9.81065
9.77036
9.73013
9.68691
9.64437
9.6042
9.56527
9.5221
9.47624
9.43351
9.39122
9.34916
9.3078
9.26239
9.21668
9.17304
9.13113
9.0942
9.04953
8.99732
8.95583
8.9203
8.87682
8.8293
8.78793
8.74557
8.70427
8.66885
8.62259
8.57207
8.53162
8.4918
8.44804
8.4032
8.3598
8.32204
8.28399
8.23949
8.19577
8.15151
8.10593
8.06716
8.02745
7.98455
7.94474
7.90043
7.85305
7.81152
7.77002
7.72502
7.68386
7.64555
7.60414
7.56092
7.51656
7.47336
7.43406
7.39472
7.35049
7.30187
7.25636
7.21429
7.17012
7.12934
7.09035
7.04503
6.99737
6.95064
6.90354
6.85917
6.8199
6.78341
6.74451
6.69962
6.65178
6.60341
6.55278
6.50537
6.46365
6.42083
6.37754
6.33391
6.28363
6.23011
6.18135
6.13693
6.09581
6.05854
6.0197
5.97802
5.93531
5.88723
5.83568
5.78554
5.73644
5.69009
5.64735
5.60684
5.56638
5.52179
5.47333
5.42421
5.37523
5.32669
5.27818
5.23209
5.19186
5.15383
5.11563
5.07745
5.0358
4.99107
4.94404
4.89481
4.84778
4.80271
4.7575
4.71601
4.67898
4.64114
4.6008
4.55955
4.51633
4.46967
4.41978
4.36887
4.32002
4.2732
4.22769
4.18472
4.14358
4.10271
4.06343
4.02468
3.9833
3.93974
3.89459
3.84684
3.79653
3.74598
3.69579
3.64379
3.5937
3.5475
3.50028
3.45329
3.40894
3.36583
3.32422
3.28276
3.24105
3.20072
3.15958
3.11721
3.07589
3.03416
2.99111
2.9483
2.90528
2.86093
2.81489
2.76796
2.7209
2.67356
2.62647
2.57934
2.5317
2.48482
2.43967
2.3964
2.35407
2.3118
2.27019
2.22894
2.18716
2.14534
2.10358
2.06123
2.01881
1.97641
1.93362
1.8911
1.84866
1.80595
1.76412
1.72338
1.68242
1.63947
1.59457
1.54956
1.50372
1.45573
1.40783
1.36071
1.31252
1.26383
1.2162
1.16975
1.12397
1.07895
1.03591
0.99414
0.951766
0.909235
0.866849
0.824492
0.782414
0.739658
0.695563
0.650624
0.604597
0.557176
0.509855
0.464058
0.418555
0.372183
0.325505
0.27951
0.235183
0.191796
0.149358
0.107298
0.0634901
0.0208051
4.15109
-3211.88
-1025.2
548.697
503.543
35.117
-125.201
-47.9935
28.287
34.5865
14.4337
4.83729
7.07925
10.7361
11.4382
10.5913
10.019
10.0166
10.1548
10.161
10.0858
10.0234
9.97546
9.93822
9.90064
9.85544
9.81445
9.77786
9.73288
9.68333
9.64182
9.60507
9.56776
9.52474
9.47771
9.43469
9.39415
9.35289
9.30886
9.25965
9.21432
9.1771
9.13613
9.09272
9.04758
9.00037
8.96045
8.92309
8.87798
8.82841
8.78746
8.74987
8.70616
8.6652
8.6224
8.57497
8.53292
8.49266
8.44851
8.40375
8.36128
8.32093
8.28183
8.23974
8.19571
8.1513
8.10531
8.0659
8.02897
7.98582
7.94256
7.89854
7.85199
7.81009
7.77182
7.72902
7.6839
7.64143
7.59984
7.56037
7.52182
7.47992
7.43622
7.3927
7.34797
7.29997
7.25488
7.21605
7.17604
7.13386
7.09152
7.0448
6.99453
6.94702
6.90403
6.863
6.82385
6.7858
6.74493
6.69918
6.6502
6.60154
6.5532
6.50697
6.46644
6.42448
6.37724
6.33031
6.28189
6.23011
6.18154
6.13774
6.09648
6.0593
6.02174
5.97906
5.934
5.88504
5.83316
5.78397
5.73693
5.69174
5.64915
5.60794
5.5666
5.52232
5.47381
5.42272
5.37216
5.32476
5.27963
5.2357
5.19465
5.15537
5.11604
5.07715
5.03594
4.99143
4.94476
4.89511
4.84675
4.80273
4.75966
4.71803
4.68028
4.64324
4.60293
4.55979
4.51488
4.46832
4.41956
4.36858
4.31857
4.27161
4.22673
4.18459
4.14501
4.1051
4.0646
4.02454
3.98279
3.93843
3.89282
3.84573
3.79617
3.74583
3.69638
3.64517
3.59323
3.54538
3.4994
3.4534
3.40911
3.36608
3.32474
3.28389
3.24188
3.2009
3.16029
3.11804
3.07628
3.03513
2.99245
2.94854
2.90473
2.86127
2.8168
2.77023
2.72229
2.67351
2.62529
2.57885
2.53296
2.48698
2.44136
2.3967
2.35362
2.31153
2.27
2.22921
2.18831
2.14695
2.10521
2.0623
2.01868
1.97542
1.9325
1.89032
1.84897
1.80736
1.7651
1.72285
1.68129
1.63914
1.59449
1.54901
1.5038
1.45667
1.40787
1.35943
1.31112
1.26295
1.21549
1.16928
1.1243
1.0793
1.03502
0.992862
0.951613
0.910237
0.868212
0.82504
0.781786
0.738642
0.694629
0.650167
0.605546
0.559399
0.511509
0.4638
0.417152
0.371081
0.325532
0.280317
0.236126
0.192482
0.148854
0.106705
0.0642944
0.0214859
4.14862
-3211.89
-1025.2
548.688
503.537
35.1198
-125.203
-47.9962
28.2853
34.5902
14.4403
4.83706
7.07612
10.7389
11.4429
10.5891
10.0213
10.0203
10.1499
10.1568
10.0823
10.0184
9.97499
9.94019
9.89906
9.85255
9.81173
9.77333
9.73047
9.68579
9.64526
9.60725
9.56648
9.51995
9.47633
9.43865
9.39608
9.3489
9.30452
9.26166
9.21949
9.17873
9.13333
9.08883
9.04874
9.00505
8.96201
8.92055
8.87409
8.82683
8.78796
8.75071
8.7058
8.66299
8.62121
8.5759
8.53352
8.49033
8.44543
8.40314
8.36227
8.32226
8.28273
8.23791
8.19037
8.14797
8.10596
8.06643
8.02958
7.98516
7.93869
7.89519
7.85014
7.80806
7.77138
7.73024
7.68401
7.64138
7.59945
7.55795
7.5208
7.48082
7.43542
7.39119
7.34781
7.30145
7.25636
7.21682
7.17698
7.13399
7.08985
7.04345
6.99472
6.94758
6.90495
6.8644
6.8252
6.78725
6.74579
6.69856
6.64784
6.59888
6.55359
6.509
6.46719
6.42602
6.37842
6.32762
6.2777
6.22784
6.18067
6.13815
6.0978
6.05966
6.02137
5.97812
5.93238
5.88357
5.8308
5.78137
5.73663
5.69298
5.65
5.60784
5.56523
5.52032
5.47299
5.42295
5.37196
5.32402
5.27908
5.23556
5.19499
5.15702
5.11813
5.07772
5.03496
4.98956
4.94381
4.89577
4.84713
4.80296
4.76116
4.71981
4.68105
4.64405
4.60441
4.56044
4.51356
4.46511
4.41686
4.36779
4.31828
4.27147
4.22703
4.18441
4.14393
4.10391
4.06367
4.02407
3.98323
3.93892
3.89254
3.84479
3.79475
3.74362
3.69392
3.64419
3.59268
3.54359
3.49843
3.4542
3.41006
3.36588
3.32367
3.28353
3.24222
3.20091
3.16027
3.11824
3.0759
3.03448
2.99304
2.95047
2.90618
2.86114
2.81593
2.76974
2.72294
2.67545
2.62687
2.57888
2.53202
2.48561
2.4403
2.39668
2.35461
2.31303
2.27102
2.22906
2.18734
2.14582
2.10457
2.06262
2.01948
1.97587
1.93228
1.88939
1.8477
1.80645
1.76467
1.72213
1.68001
1.63842
1.59466
1.54869
1.50283
1.45579
1.40675
1.35793
1.31015
1.26274
1.21511
1.16795
1.12281
1.07878
1.0349
0.992306
0.950601
0.908961
0.867346
0.825027
0.782239
0.739394
0.695314
0.64969
0.603957
0.558397
0.511692
0.464433
0.418059
0.371859
0.326036
0.280466
0.235367
0.192244
0.149608
0.106686
0.0639136
0.0216411
4.14686
-3211.88
-1025.2
548.695
503.538
35.1119
-125.207
-47.997
28.2848
34.5892
14.4322
4.83025
7.07533
10.7392
11.4446
10.5905
10.0174
10.0133
10.1481
10.1631
10.0881
10.0177
9.97444
9.94104
9.90118
9.85498
9.81248
9.77457
9.73369
9.68797
9.64386
9.6021
9.56415
9.52487
9.48012
9.43639
9.39314
9.35113
9.31144
9.2665
9.21889
9.17646
9.13369
9.09029
9.0502
9.0061
8.96133
8.92016
8.87694
8.83231
8.79064
8.75164
8.70689
8.65986
8.6194
8.58101
8.53869
8.49107
8.44261
8.39962
8.3618
8.32404
8.28256
8.23704
8.19017
8.14768
8.10817
8.06881
8.02873
7.98198
7.9332
7.89116
7.8523
7.81227
7.77232
7.72973
7.68266
7.63908
7.59959
7.55942
7.52207
7.48391
7.4376
7.38848
7.34371
7.30059
7.25928
7.22139
7.18227
7.1376
7.0891
7.04031
6.99253
6.947
6.90688
6.86953
6.8296
6.78798
6.74446
6.69746
6.64792
6.59894
6.55398
6.51087
6.46832
6.4265
6.37965
6.32717
6.27559
6.22673
6.18072
6.13945
6.10036
6.06106
6.0214
5.97722
5.92969
5.88186
5.8315
5.78144
5.7355
5.69321
5.65196
5.60978
5.56592
5.51885
5.47064
5.4222
5.37238
5.32449
5.28013
5.23743
5.19651
5.15814
5.11963
5.07921
5.03602
4.98921
4.94232
4.89564
4.84811
4.80403
4.76356
4.72359
4.68342
4.64377
4.60362
4.56082
4.51469
4.46575
4.41632
4.3668
4.31667
4.2696
4.22597
4.18433
4.14501
4.10602
4.06539
4.02405
3.98235
3.93812
3.89139
3.8436
3.79404
3.74287
3.69244
3.64371
3.59418
3.54445
3.49731
3.45266
3.40989
3.36703
3.3246
3.28439
3.24331
3.20123
3.16024
3.11902
3.07726
3.03544
2.99344
2.9511
2.90753
2.86278
2.8176
2.77098
2.72301
2.67515
2.62706
2.57953
2.53345
2.48765
2.44195
2.39693
2.35347
2.31209
2.27154
2.23092
2.18982
2.14776
2.10499
2.06195
2.01874
1.97563
1.93255
1.88948
1.84716
1.80608
1.76539
1.72344
1.68014
1.63711
1.59335
1.54775
1.50209
1.45609
1.40788
1.35821
1.30884
1.26085
1.21394
1.16745
1.12255
1.07896
1.03512
0.992013
0.950406
0.909005
0.8674
0.825231
0.782074
0.738744
0.695153
0.650347
0.604745
0.559256
0.512894
0.465164
0.417593
0.371031
0.325605
0.281305
0.2371
0.192729
0.1492
0.106759
0.0638984
0.0213003
4.14983
-3211.89
-1025.21
548.688
503.54
35.1154
-125.208
-47.996
28.2869
34.589
14.436
4.83371
7.07735
10.7388
11.44
10.5864
10.0192
10.0177
10.145
10.1565
10.0842
10.0161
9.97581
9.94414
9.90112
9.85131
9.80762
9.77258
9.73515
9.68798
9.64231
9.6037
9.56852
9.52706
9.47703
9.43282
9.39324
9.3534
9.31438
9.26801
9.21636
9.17318
9.13596
9.09407
9.0499
9.00453
8.95989
8.91988
8.87891
8.83444
8.78874
8.74588
8.7058
8.66375
8.62151
8.57896
8.53349
8.48589
8.4431
8.40494
8.36506
8.32346
8.27817
8.23043
8.18691
8.14872
8.11061
8.06862
8.02467
7.97849
7.93166
7.88977
7.85212
7.81296
7.7701
7.72645
7.68206
7.63897
7.60077
7.5617
7.5205
7.4802
7.43513
7.38734
7.34434
7.30472
7.26375
7.22235
7.1804
7.13554
7.08761
7.03911
6.99329
6.94975
6.90882
6.871
6.83167
6.78842
6.74245
6.69501
6.64681
6.59906
6.55554
6.51357
6.4686
6.42362
6.37714
6.32575
6.27432
6.22665
6.18114
6.13942
6.10096
6.06102
6.01984
5.97604
5.92774
5.87815
5.82887
5.78152
5.73687
5.69416
5.65198
5.60855
5.56438
5.51745
5.46853
5.42067
5.3723
5.32469
5.28061
5.23885
5.19793
5.15835
5.11927
5.07904
5.03664
4.98952
4.94111
4.89468
4.84852
4.80448
4.76409
4.72563
4.68676
4.64628
4.60406
4.55908
4.51178
4.46248
4.41337
4.36594
4.31725
4.26997
4.22621
4.18398
4.14358
4.10457
4.06455
4.02308
3.98158
3.93828
3.89139
3.84257
3.79262
3.7415
3.69025
3.64088
3.59262
3.544
3.49708
3.45264
3.41033
3.36774
3.32413
3.28288
3.24264
3.20133
3.16055
3.1196
3.07784
3.03566
2.99354
2.95152
2.90819
2.86304
2.81747
2.7714
2.72399
2.67629
2.62826
2.57981
2.53242
2.48631
2.44149
2.39768
2.35453
2.31292
2.27207
2.23078
2.18918
2.14711
2.10475
2.06216
2.01894
1.97532
1.93209
1.88924
1.84652
1.80457
1.76371
1.72245
1.67963
1.63673
1.59369
1.54812
1.50086
1.45357
1.40581
1.35723
1.30815
1.26001
1.2133
1.16675
1.12108
1.07748
1.03461
0.991737
0.949765
0.90822
0.866627
0.824825
0.78205
0.738825
0.695505
0.650929
0.604749
0.557829
0.511365
0.465182
0.418876
0.372648
0.326184
0.280425
0.236191
0.192446
0.149537
0.107399
0.0641371
0.021229
4.1532
-3211.89
-1025.2
548.696
503.54
35.1097
-125.21
-47.9971
28.2859
34.5879
14.4325
4.83133
7.07273
10.7335
11.4407
10.5892
10.0207
10.0184
10.1441
10.1571
10.0877
10.0165
9.97218
9.93769
9.89725
9.8572
9.81882
9.77535
9.7284
9.68315
9.64531
9.6086
9.5697
9.52558
9.47422
9.43356
9.39949
9.35632
9.31039
9.26362
9.21849
9.17989
9.14103
9.09357
9.04416
9.00149
8.96352
8.92539
8.88212
8.83529
8.78814
8.74471
8.70761
8.66705
8.62237
8.57842
8.53352
8.48774
8.44541
8.40662
8.36423
8.31973
8.27589
8.23123
8.18974
8.15177
8.11145
8.06589
8.01918
7.97424
7.93117
7.89184
7.85471
7.81486
7.76931
7.72343
7.68026
7.63817
7.60143
7.56555
7.52357
7.47987
7.43534
7.38761
7.34305
7.30438
7.26674
7.22653
7.18325
7.13622
7.08636
7.03728
6.99283
6.95257
6.9138
6.87524
6.83384
6.78803
6.74008
6.6928
6.64685
6.60065
6.55694
6.51585
6.47087
6.4233
6.37567
6.32456
6.27324
6.22667
6.18293
6.14152
6.10276
6.06178
6.01816
5.9736
5.92653
5.87787
5.82885
5.78162
5.7368
5.69413
5.65294
5.60962
5.56448
5.51752
5.46777
5.41893
5.37161
5.32505
5.28129
5.2408
5.2012
5.16135
5.12065
5.07847
5.03576
4.98991
4.94123
4.89511
4.85075
4.80742
4.7661
4.72657
4.68747
4.64681
4.60455
4.56016
4.51303
4.46267
4.41187
4.36393
4.31625
4.26935
4.22592
4.18424
4.1443
4.10561
4.06581
4.0238
3.98084
3.93695
3.89017
3.84117
3.79151
3.74127
3.69022
3.64029
3.59224
3.54426
3.49702
3.45162
3.40922
3.36874
3.32653
3.28459
3.24364
3.20159
3.15977
3.11906
3.07851
3.03744
2.99543
2.95284
2.90949
2.86458
2.81857
2.77207
2.72455
2.67654
2.62869
2.58102
2.53408
2.48758
2.44223
2.39821
2.35474
2.31285
2.2726
2.23229
2.19128
2.1491
2.10569
2.06197
2.01808
1.97419
1.93143
1.88962
1.84741
1.80499
1.76348
1.72234
1.6796
1.63572
1.59215
1.54768
1.50117
1.45372
1.40603
1.3573
1.30714
1.25771
1.21135
1.16657
1.12172
1.07776
1.0346
0.991656
0.949445
0.907986
0.866454
0.825005
0.782364
0.738591
0.694559
0.65071
0.606118
0.560039
0.513114
0.465681
0.418203
0.371841
0.326503
0.281763
0.237775
0.193304
0.149214
0.106801
0.0638347
0.0213019
4.14735
-3211.88
-1025.2
548.691
503.538
35.1115
-125.203
-47.9991
28.2779
34.5848
14.4379
4.83622
7.07432
10.7337
11.4375
10.5918
10.0209
10.0116
10.1395
10.1577
10.0913
10.0156
9.96495
9.9354
9.90313
9.86099
9.8136
9.76696
9.72531
9.68823
9.65372
9.61158
9.56308
9.52064
9.479
9.44053
9.40367
9.3529
9.30225
9.26248
9.22389
9.1829
9.13954
9.09123
9.04288
9.00441
8.96875
8.9268
8.87863
8.83119
8.78797
8.74669
8.71049
8.67007
8.61985
8.57081
8.52836
8.48922
8.45018
8.4084
8.36212
8.31518
8.27155
8.23044
8.19132
8.15179
8.10925
8.06197
8.01403
7.97194
7.93355
7.89488
7.85425
7.81094
7.7641
7.71894
7.68041
7.64204
7.6035
7.56579
7.52121
7.47326
7.43009
7.38858
7.34706
7.30889
7.27061
7.22675
7.17991
7.1326
7.08453
7.03798
6.99535
6.95547
6.91632
6.87616
6.83356
6.78793
6.73916
6.69056
6.64593
6.60184
6.55815
6.51639
6.47048
6.42082
6.37235
6.32305
6.27352
6.22736
6.18343
6.14171
6.103
6.06223
6.01722
5.97043
5.92247
5.87454
5.82792
5.78315
5.73932
5.69495
5.65151
5.60747
5.56188
5.51559
5.46682
5.41766
5.3712
5.32631
5.2826
5.24138
5.20166
5.16206
5.12147
5.07828
5.03454
4.98964
4.94156
4.8945
4.85042
4.80837
4.76819
4.72899
4.68973
4.6484
4.60438
4.55815
4.51066
4.46081
4.40972
4.36148
4.3152
4.26958
4.22653
4.1847
4.14351
4.10413
4.06487
4.02333
3.97952
3.93511
3.88934
3.84064
3.7901
3.73959
3.6887
3.63824
3.59021
3.54359
3.49786
3.45265
3.40859
3.36729
3.32589
3.28384
3.24322
3.20221
3.16055
3.11941
3.07847
3.03748
2.9958
2.95333
2.90977
2.86476
2.81881
2.77258
2.72567
2.67795
2.6296
2.58106
2.53326
2.48646
2.44153
2.39876
2.35614
2.31412
2.27313
2.23191
2.1904
2.14839
2.10534
2.06198
2.01857
1.97457
1.93084
1.88836
1.84627
1.80395
1.76217
1.72116
1.67942
1.63604
1.5919
1.54689
1.49992
1.45143
1.40316
1.35584
1.30748
1.25816
1.21037
1.16469
1.12008
1.07661
1.03426
0.991501
0.949006
0.907342
0.865544
0.824009
0.782545
0.739443
0.695222
0.650128
0.604549
0.55848
0.51224
0.466425
0.41977
0.372651
0.326951
0.281613
0.236956
0.193355
0.149497
0.106756
0.0640382
0.0214369
4.15596
-3211.89
-1025.21
548.69
503.544
35.1119
-125.21
-47.9998
28.2833
34.5904
14.4333
4.8231
7.06702
10.738
11.444
10.5874
10.0093
10.0105
10.1512
10.1645
10.0855
10.0072
9.96604
9.94206
9.90553
9.85468
9.80654
9.7722
9.74018
9.69621
9.64631
9.60098
9.56181
9.52713
9.48559
9.44051
9.39886
9.35043
9.30373
9.26766
9.23093
9.185
9.13463
9.08831
9.04594
9.00803
8.97049
8.92648
8.87674
8.83099
8.79283
8.75223
8.70904
8.66564
8.61946
8.57506
8.53323
8.49284
8.45168
8.40662
8.35822
8.31201
8.27084
8.23308
8.19497
8.15203
8.10674
8.05861
8.01004
7.96989
7.93523
7.89824
7.85611
7.80961
7.76203
7.71704
7.67912
7.64346
7.60451
7.56604
7.5233
7.47522
7.43014
7.38923
7.34829
7.3094
7.27162
7.22879
7.18062
7.13232
7.08506
7.03974
6.99807
6.95871
6.91941
6.87809
6.83291
6.7865
6.73917
6.69052
6.64605
6.6039
6.55946
6.51637
6.47203
6.42196
6.37115
6.32105
6.27261
6.22885
6.18655
6.14405
6.10294
6.06066
6.01572
5.96946
5.92231
5.87467
5.82724
5.78201
5.73927
5.69627
5.65265
5.60775
5.5611
5.5144
5.46643
5.41706
5.37006
5.32614
5.28427
5.24437
5.20488
5.16423
5.12247
5.07836
5.03307
4.98831
4.94203
4.89593
4.85308
4.81177
4.7709
4.73017
4.68943
4.64842
4.60507
4.55851
4.51071
4.46157
4.4102
4.36081
4.31399
4.26805
4.22507
4.18488
4.14522
4.10552
4.06542
4.02383
3.97983
3.93424
3.88784
3.83914
3.78831
3.7382
3.68882
3.63896
3.59002
3.5426
3.49703
3.45305
3.4097
3.36821
3.32729
3.28484
3.24305
3.20217
3.16092
3.11983
3.07936
3.03879
2.99759
2.95516
2.9114
2.86616
2.81987
2.7733
2.72607
2.6782
2.63001
2.58206
2.53511
2.48855
2.44254
2.39872
2.35625
2.31447
2.27433
2.23401
2.19237
2.1498
2.1058
2.06138
2.01772
1.97426
1.93075
1.88815
1.84661
1.80483
1.76251
1.72063
1.67867
1.63529
1.59095
1.54622
1.50038
1.45213
1.40278
1.35406
1.30576
1.25723
1.21006
1.16478
1.12015
1.07638
1.03392
0.991341
0.948616
0.907284
0.865873
0.823796
0.781869
0.73924
0.695537
0.650858
0.605775
0.560044
0.513268
0.466398
0.419633
0.372487
0.326816
0.282319
0.2376
0.193805
0.150499
0.107131
0.0635525
0.0211081
4.14349
-3211.89
-1025.2
548.694
503.538
35.1021
-125.207
-47.9892
28.2852
34.581
14.4269
4.82939
7.07525
10.7355
11.4333
10.5836
10.0162
10.0156
10.1477
10.1538
10.079
10.0149
9.97819
9.94347
9.89619
9.84839
9.81062
9.77785
9.73743
9.68787
9.6414
9.60365
9.56907
9.53243
9.48614
9.4358
9.39265
9.3521
9.31198
9.27047
9.22507
9.17978
9.13466
9.09232
9.05204
9.01025
8.96749
8.92259
8.87555
8.83206
8.79541
8.75569
8.70978
8.66238
8.61435
8.57292
8.53556
8.49404
8.4497
8.40262
8.35487
8.31263
8.27253
8.23289
8.19395
8.1483
8.10072
8.05578
8.01056
7.97124
7.9363
7.89756
7.8534
7.80507
7.75791
7.71561
7.6802
7.64722
7.60731
7.56261
7.51799
7.47119
7.42767
7.3913
7.35456
7.3143
7.27219
7.22616
7.17675
7.12892
7.08447
7.04256
7.0026
6.96198
6.91999
6.87757
6.83165
6.78445
6.73899
6.69162
6.64631
6.60492
6.56022
6.51406
6.46823
6.41941
6.37035
6.32216
6.27381
6.22903
6.18662
6.14459
6.10333
6.05971
6.01287
5.96566
5.91916
5.87325
5.82783
5.78339
5.73943
5.69574
5.65206
5.60675
5.55889
5.51081
5.46408
5.41727
5.37149
5.32784
5.28519
5.24458
5.20528
5.16508
5.12336
5.07883
5.03216
4.98706
4.94201
4.89575
4.85251
4.81247
4.77342
4.73405
4.69184
4.6483
4.60393
4.5568
4.50825
4.45883
4.40815
4.35916
4.31389
4.26963
4.22597
4.18416
4.14366
4.104
4.06407
4.02272
3.97898
3.93268
3.88609
3.83854
3.78801
3.73653
3.68633
3.63709
3.58901
3.54244
3.49715
3.45321
3.4096
3.36698
3.32624
3.28468
3.24247
3.20187
3.16163
3.12078
3.07954
3.03847
2.99732
2.95515
2.912
2.86715
2.82054
2.77361
2.72661
2.67926
2.63108
2.58185
2.53368
2.48749
2.44261
2.39975
2.35816
2.31635
2.27471
2.23322
2.19131
2.14897
2.10557
2.06144
2.01777
1.97448
1.93086
1.88724
1.84495
1.80352
1.76155
1.71958
1.67806
1.6356
1.59121
1.54517
1.498
1.44984
1.40068
1.35236
1.30498
1.2573
1.20977
1.1636
1.11864
1.07484
1.03289
0.99118
0.948402
0.906335
0.865106
0.823386
0.781513
0.739327
0.696107
0.650903
0.604544
0.558738
0.513147
0.467075
0.420654
0.373971
0.327635
0.28202
0.236851
0.193027
0.150457
0.107636
0.0641239
0.0213857
4.14395
-3211.89
-1025.2
548.69
503.536
35.1113
-125.206
-47.9985
28.276
34.5843
14.4393
4.8356
7.0698
10.7248
11.432
10.5905
10.02
10.01
10.138
10.1509
10.0866
10.0222
9.97432
9.93248
9.89109
9.85405
9.81928
9.78407
9.73708
9.68223
9.63972
9.61018
9.57598
9.52743
9.47663
9.43439
9.39822
9.36018
9.31796
9.27057
9.22069
9.17795
9.13801
9.09724
9.05545
9.00849
8.96145
8.92015
8.88045
8.83976
8.79969
8.75393
8.70305
8.65904
8.61915
8.57882
8.53999
8.49574
8.44797
8.39971
8.35136
8.31192
8.27601
8.2352
8.19338
8.14628
8.09708
8.05454
8.01314
7.97323
7.9355
7.894
7.84929
7.80383
7.75964
7.71941
7.68189
7.64573
7.60572
7.5608
7.51796
7.47534
7.43118
7.39191
7.35469
7.31423
7.27102
7.22528
7.17763
7.13096
7.08746
7.04562
7.00504
6.96439
6.92108
6.87718
6.83079
6.78293
6.73929
6.69467
6.64865
6.60609
6.56104
6.51347
6.46747
6.41821
6.36812
6.32158
6.2761
6.23275
6.1898
6.14509
6.10118
6.05728
6.01233
5.96593
5.9194
5.87361
5.82761
5.78313
5.7399
5.69626
5.65193
5.60631
5.55909
5.51091
5.46297
5.41538
5.36984
5.32859
5.28868
5.2486
5.20798
5.16579
5.12314
5.07957
5.03263
4.98563
4.9418
4.89809
4.85547
4.81489
4.77474
4.73544
4.69364
4.64919
4.60411
4.55638
4.50725
4.45831
4.40875
4.35932
4.31232
4.26823
4.22554
4.18467
4.14484
4.1048
4.06417
4.02262
3.97934
3.93248
3.88418
3.83626
3.78679
3.73618
3.68629
3.6373
3.58906
3.542
3.49648
3.4532
3.41097
3.36811
3.32652
3.28554
3.24348
3.20201
3.16119
3.12091
3.08089
3.04028
2.99911
2.95643
2.91266
2.86823
2.82215
2.77482
2.72686
2.67898
2.63171
2.58387
2.5359
2.48925
2.44346
2.39933
2.35757
2.31666
2.27603
2.23511
2.19317
2.15035
2.10614
2.06106
2.0165
1.97319
1.93082
1.88807
1.84553
1.80405
1.76202
1.71919
1.67677
1.6343
1.59049
1.54494
1.49826
1.45047
1.40096
1.351
1.30265
1.25565
1.20938
1.1641
1.11955
1.07541
1.0324
0.990504
0.948232
0.906124
0.864985
0.823541
0.781108
0.738279
0.69551
0.651745
0.606374
0.560387
0.513511
0.466967
0.420908
0.374328
0.328117
0.282645
0.237781
0.193252
0.149894
0.107735
0.0648134
0.0217666
4.14502
-3211.89
-1025.2
548.695
503.539
35.1095
-125.208
-47.9978
28.2791
34.5869
14.4359
4.82738
7.06578
10.7273
11.4382
10.5927
10.0146
10.0028
10.1369
10.1586
10.09
10.0141
9.96635
9.93504
9.90022
9.86173
9.81435
9.7664
9.72639
9.68896
9.65162
9.6138
9.57158
9.52218
9.47637
9.43906
9.40173
9.35986
9.31402
9.26485
9.21803
9.18042
9.14473
9.10166
9.05423
9.00462
8.95779
8.91977
8.88483
8.84316
8.79696
8.75082
8.70324
8.65935
8.62025
8.58
8.53808
8.49134
8.44218
8.39761
8.354
8.31533
8.27841
8.23279
8.18608
8.13965
8.09304
8.05469
8.01799
7.97723
7.93503
7.88947
7.84294
7.79858
7.75762
7.72141
7.68559
7.64739
7.60598
7.55821
7.51199
7.47163
7.43289
7.39602
7.35788
7.31503
7.26914
7.22186
7.1754
7.13041
7.0887
7.0494
7.00898
6.96627
6.92005
6.8741
6.82906
6.78239
6.73898
6.69618
6.6501
6.60649
6.56153
6.51164
6.4636
6.41634
6.36832
6.3225
6.27665
6.23234
6.18998
6.14646
6.10159
6.05518
6.00898
5.96294
5.91717
5.87313
5.8284
5.78407
5.7404
5.69577
5.65086
5.60437
5.55582
5.50714
5.46118
5.41694
5.37251
5.32959
5.28847
5.24836
5.20871
5.16674
5.12234
5.0783
5.03301
4.98607
4.94175
4.89824
4.85571
4.81605
4.77613
4.73669
4.69529
4.64987
4.60362
4.55558
4.50579
4.45577
4.4063
4.35808
4.31194
4.26876
4.22635
4.18444
4.14407
4.10413
4.06316
4.02077
3.97741
3.93147
3.88328
3.83515
3.78599
3.73517
3.68424
3.63512
3.58808
3.54239
3.4972
3.45297
3.41055
3.36789
3.32556
3.28442
3.24298
3.20239
3.16227
3.12185
3.08114
3.03959
2.99848
2.95693
2.91352
2.86875
2.82237
2.77519
2.72799
2.68021
2.63178
2.58289
2.53446
2.48817
2.444
2.40106
2.35935
2.31803
2.27649
2.23442
2.1918
2.14926
2.10609
2.06197
2.01736
1.97273
1.92945
1.88689
1.84438
1.80302
1.76164
1.71902
1.6763
1.63372
1.59006
1.54411
1.49621
1.44788
1.39915
1.3502
1.30244
1.25567
1.20877
1.16262
1.11796
1.07411
1.03136
0.99002
0.948548
0.906275
0.864345
0.823015
0.781371
0.738551
0.695053
0.650912
0.6056
0.559981
0.513707
0.467458
0.421118
0.374298
0.32822
0.283097
0.238327
0.193461
0.149594
0.107149
0.0646449
0.0217827
4.14521
-3211.9
-1025.21
548.695
503.54
35.113
-125.211
-48.0027
28.2826
34.5859
14.4303
4.82623
7.07247
10.7357
11.436
10.582
10.0103
10.0086
10.1441
10.1584
10.0849
10.0101
9.96717
9.9408
9.90034
9.85594
9.81416
9.7715
9.73213
9.69153
9.65059
9.61169
9.56951
9.52138
9.47891
9.44484
9.40466
9.35814
9.31172
9.26553
9.22318
9.18614
9.14645
9.09896
9.05027
9.00388
8.96159
8.92519
8.88786
8.84441
8.79568
8.74683
8.70203
8.66304
8.62574
8.58264
8.53757
8.48998
8.43967
8.39661
8.35598
8.31689
8.2797
8.23244
8.18272
8.13832
8.0942
8.05548
8.01929
7.97693
7.93147
7.88548
7.84127
7.80046
7.76139
7.72479
7.68613
7.64363
7.60249
7.55834
7.51399
7.47582
7.43729
7.39726
7.35636
7.3128
7.26764
7.22159
7.17732
7.13452
7.09251
7.05178
7.00978
6.96658
6.92065
6.87316
6.82767
6.78245
6.74021
6.69962
6.65379
6.60677
6.56026
6.51064
6.46242
6.41531
6.3673
6.32297
6.27991
6.23583
6.1913
6.1454
6.0998
6.05371
6.00861
5.9638
5.91756
5.87318
5.82865
5.78394
5.74069
5.69596
5.65016
5.60393
5.55655
5.50774
5.45964
5.41462
5.37206
5.33178
5.29196
5.25091
5.20995
5.1681
5.12297
5.07736
5.03243
4.98593
4.94222
4.90072
4.85848
4.81811
4.77761
4.73737
4.69625
4.65064
4.60309
4.55441
4.50525
4.45615
4.40685
4.35838
4.31113
4.26731
4.22622
4.18522
4.14451
4.10434
4.0636
4.0211
3.9773
3.93096
3.88181
3.83253
3.78394
3.73512
3.68543
3.636
3.58795
3.54167
3.49691
3.45293
3.4107
3.36879
3.3266
3.28547
3.24384
3.20228
3.16158
3.12172
3.08275
3.042
2.99975
2.95726
2.91382
2.8698
2.82438
2.77675
2.72801
2.67938
2.63175
2.58473
2.53726
2.49002
2.44443
2.40088
2.35918
2.31829
2.27765
2.2365
2.19359
2.14983
2.10574
2.06137
2.01723
1.97282
1.92932
1.88703
1.8445
1.80271
1.76191
1.72008
1.67654
1.63217
1.58795
1.54319
1.49647
1.4483
1.39926
1.34932
1.30052
1.25398
1.20836
1.16353
1.11927
1.07452
1.03049
0.988734
0.947961
0.906609
0.864842
0.822986
0.780918
0.738245
0.694778
0.650844
0.606434
0.560889
0.514453
0.468573
0.422407
0.375205
0.328251
0.2826
0.238446
0.194361
0.150216
0.107303
0.0648203
0.0219645
4.1433
-3211.9
-1025.2
548.7
503.535
35.0999
-125.209
-47.9909
28.2823
34.5797
14.4291
4.82912
7.0734
10.7316
11.4293
10.581
10.0148
10.0121
10.1416
10.15
10.0766
10.01
9.97175
9.94356
9.90107
9.85301
9.80927
9.76993
9.73595
9.69403
9.64554
9.60282
9.56726
9.52877
9.48631
9.44745
9.40198
9.35007
9.30697
9.26834
9.2278
9.18838
9.14477
9.09485
9.04831
9.00693
8.96768
8.92836
8.88374
8.83724
8.79215
8.74826
8.70661
8.6661
8.62641
8.58093
8.53089
8.48345
8.4387
8.4002
8.36147
8.31815
8.27535
8.22694
8.17797
8.13729
8.09687
8.0563
8.01773
7.97533
7.92972
7.88319
7.83868
7.79908
7.76082
7.72495
7.68776
7.64344
7.59963
7.55647
7.513
7.47569
7.43909
7.39901
7.35648
7.3113
7.26597
7.22023
7.17636
7.13552
7.09507
7.05466
7.01139
6.9651
6.91774
6.87126
6.82819
6.78458
6.7407
6.6992
6.65448
6.60691
6.55924
6.50866
6.45973
6.41477
6.36897
6.3236
6.27933
6.23527
6.1912
6.14569
6.09977
6.0522
6.0055
5.96167
5.91694
5.87309
5.82924
5.78393
5.74022
5.69612
5.64943
5.6009
5.55221
5.50479
5.45951
5.41659
5.37415
5.33252
5.29251
5.25179
5.20999
5.16765
5.12207
5.07565
5.03205
4.98724
4.94285
4.90122
4.85964
4.81959
4.77917
4.7376
4.69574
4.65065
4.60324
4.55402
4.50367
4.4538
4.40477
4.35798
4.31216
4.26767
4.2259
4.18495
4.1441
4.10366
4.06245
4.0192
3.97512
3.93013
3.8824
3.83258
3.78217
3.73228
3.68307
3.63497
3.58814
3.54226
3.49738
3.45302
3.41042
3.36861
3.32582
3.28398
3.24301
3.20278
3.16295
3.12231
3.0821
3.04153
3.00003
2.95821
2.91459
2.86939
2.82361
2.77715
2.72988
2.68116
2.63163
2.58305
2.53576
2.48981
2.44553
2.40265
2.36089
2.31928
2.27755
2.23586
2.19297
2.14911
2.10516
2.06124
2.01755
1.97309
1.92872
1.88619
1.84398
1.80164
1.76026
1.71923
1.6772
1.63322
1.58768
1.54145
1.49397
1.44552
1.39745
1.34934
1.3012
1.25407
1.20746
1.16177
1.11795
1.07434
1.0303
0.987617
0.946678
0.905915
0.864655
0.823207
0.780994
0.738276
0.69518
0.650727
0.605796
0.56057
0.514306
0.468199
0.422556
0.376086
0.328748
0.282067
0.237789
0.19464
0.150979
0.107646
0.0649521
0.0221043
4.14747
-3211.89
-1025.21
548.692
503.54
35.1199
-125.202
-48.0019
28.2745
34.5801
14.4336
4.82899
7.06869
10.7307
11.4308
10.5826
10.0147
10.0077
10.14
10.1546
10.0815
10.0156
9.97147
9.93416
9.8944
9.85423
9.81793
9.77896
9.73576
9.68995
9.64633
9.60502
9.56722
9.53049
9.48638
9.44376
9.40182
9.35369
9.31208
9.27391
9.22976
9.18574
9.14127
9.09391
9.05117
9.0118
8.97122
8.93005
8.88339
8.8355
8.79198
8.74986
8.70961
8.66832
8.62459
8.57801
8.53044
8.48653
8.44336
8.40182
8.35962
8.31442
8.27297
8.2284
8.17956
8.13813
8.09895
8.05716
8.01551
7.97065
7.92525
7.88258
7.84179
7.80438
7.76562
7.72505
7.68398
7.63886
7.59674
7.55822
7.51778
7.47992
7.44182
7.3992
7.3541
7.30757
7.26373
7.22231
7.18136
7.14093
7.09823
7.05417
7.0094
6.96357
6.9174
6.87082
6.82765
6.78704
6.74475
6.70182
6.65582
6.60615
6.55695
6.50746
6.45889
6.41361
6.36959
6.32641
6.28249
6.23688
6.19076
6.14412
6.09868
6.05264
6.00563
5.96115
5.91689
5.87328
5.83056
5.78521
5.73936
5.69428
5.64862
5.6019
5.55384
5.50515
5.45758
5.41402
5.37424
5.33513
5.29544
5.25388
5.21083
5.16859
5.12391
5.07589
5.03018
4.98604
4.94305
4.90282
4.86231
4.82183
4.78108
4.73896
4.69617
4.65045
4.60224
4.55296
4.50331
4.45435
4.40511
4.35731
4.31179
4.26772
4.22635
4.18591
4.14431
4.10314
4.06245
4.01985
3.97489
3.9283
3.88025
3.83135
3.78219
3.73297
3.68367
3.63504
3.58772
3.54192
3.49755
3.4532
3.4099
3.36859
3.32739
3.28612
3.24416
3.20198
3.1616
3.12243
3.08381
3.04379
3.00111
2.95807
2.91488
2.87056
2.82498
2.77762
2.72931
2.68079
2.63226
2.5846
2.53762
2.49108
2.44599
2.4028
2.36121
2.31992
2.27832
2.23697
2.1945
2.15013
2.10503
2.06025
2.0167
1.97332
1.92943
1.88659
1.84423
1.80159
1.75998
1.71907
1.67693
1.63252
1.58651
1.54047
1.49391
1.44581
1.39725
1.34859
1.29978
1.25278
1.20758
1.16257
1.1183
1.07493
1.03129
0.987773
0.945724
0.904877
0.864353
0.823613
0.781337
0.737769
0.694315
0.650834
0.606891
0.561459
0.514782
0.468419
0.422236
0.3762
0.330221
0.283564
0.237941
0.194043
0.150993
0.108091
0.0650064
0.0221849
4.1459
-3211.89
-1025.2
548.702
503.54
35.104
-125.213
-47.9985
28.2819
34.5846
14.4335
4.82342
7.06261
10.7307
11.4338
10.5827
10.0154
10.0092
10.1358
10.1491
10.0796
10.0151
9.97169
9.93497
9.89674
9.85336
9.81238
9.77544
9.73643
9.69093
9.64495
9.60523
9.56936
9.53264
9.48537
9.43706
9.39853
9.35711
9.31379
9.27338
9.22794
9.18173
9.14053
9.09786
9.05399
9.01259
8.97097
8.92751
8.87985
8.83299
8.79199
8.75281
8.71322
8.66878
8.62047
8.57282
8.52692
8.48639
8.44675
8.40452
8.36026
8.3113
8.26548
8.22474
8.18187
8.14082
8.10028
8.05563
8.01131
7.96724
7.9239
7.88279
7.84261
7.80499
7.76545
7.72318
7.68213
7.63806
7.59531
7.55793
7.51926
7.48052
7.44152
7.39878
7.35385
7.30726
7.26232
7.22086
7.18087
7.14224
7.10169
7.05688
7.00885
6.95997
6.91387
6.87014
6.82895
6.78939
6.74691
6.70203
6.65486
6.60488
6.55514
6.50601
6.45846
6.41394
6.3703
6.32645
6.28208
6.23702
6.19097
6.14322
6.09659
6.05131
6.00534
5.96072
5.91655
5.87227
5.82955
5.7857
5.74029
5.69413
5.64623
5.59804
5.55064
5.50464
5.45977
5.41591
5.37461
5.33484
5.29569
5.255
5.21054
5.16616
5.12224
5.07649
5.03151
4.9875
4.94399
4.90276
4.8626
4.82265
4.78182
4.73895
4.69556
4.65054
4.60252
4.55251
4.50175
4.45246
4.40445
4.35744
4.31226
4.26769
4.22529
4.18561
4.14514
4.10332
4.06103
4.01793
3.97356
3.92759
3.87993
3.83052
3.78047
3.7311
3.68255
3.63498
3.58788
3.54164
3.49745
3.45398
3.41059
3.36801
3.32574
3.2845
3.24433
3.20378
3.16293
3.12202
3.08204
3.04291
3.00218
2.95957
2.91541
2.8698
2.82401
2.77772
2.73051
2.6822
2.63254
2.58363
2.53674
2.49118
2.44693
2.404
2.36228
2.32095
2.27872
2.23602
2.19328
2.14988
2.10553
2.06053
2.01604
1.97234
1.92882
1.88634
1.84462
1.80209
1.75928
1.71727
1.67562
1.63274
1.58726
1.53991
1.49179
1.44322
1.39533
1.34836
1.3008
1.25314
1.20688
1.16131
1.11635
1.07326
1.03128
0.988855
0.94635
0.90455
0.863289
0.822022
0.780458
0.738299
0.69481
0.650457
0.606555
0.561826
0.515485
0.468966
0.422332
0.375564
0.329863
0.284091
0.238507
0.194259
0.150808
0.108075
0.0655157
0.0223839
4.14949
-3211.89
-1025.2
548.697
503.54
35.1134
-125.205
-47.9928
28.2857
34.5841
14.4288
4.82551
7.06839
10.733
11.4354
10.5808
10.0094
10.0065
10.1374
10.155
10.0862
10.0161
9.97076
9.93309
9.89578
9.85765
9.81793
9.77581
9.73192
9.6892
9.65021
9.61305
9.56928
9.52511
9.48323
9.44
9.40239
9.36254
9.31534
9.27117
9.2284
9.18318
9.1413
9.10089
9.05664
9.01196
8.9698
8.92695
8.88022
8.8361
8.79691
8.75571
8.71197
8.66456
8.61652
8.57383
8.53225
8.49128
8.44913
8.40175
8.3555
8.31058
8.26594
8.22531
8.18418
8.14233
8.10084
8.05514
8.00832
7.96372
7.92287
7.88533
7.84666
7.80803
7.76682
7.72136
7.67818
7.63625
7.59528
7.55846
7.52214
7.48435
7.44384
7.39834
7.35087
7.3045
7.26191
7.2239
7.18573
7.14519
7.10193
7.05544
7.00713
6.95902
6.91382
6.87062
6.82964
6.79136
6.74973
6.70343
6.65476
6.60398
6.55363
6.50513
6.45858
6.41389
6.37096
6.3286
6.28385
6.23723
6.19046
6.14318
6.0963
6.05062
6.00506
5.96062
5.9176
5.87409
5.83048
5.78546
5.73877
5.69252
5.64585
5.59888
5.55134
5.50395
5.45881
5.41598
5.37636
5.33715
5.29654
5.25538
5.21187
5.16757
5.12276
5.07602
5.03011
4.98639
4.94484
4.90475
4.86456
4.82422
4.78337
4.74017
4.69506
4.64901
4.60115
4.55209
4.50228
4.4527
4.40444
4.35721
4.31258
4.26921
4.22604
4.18486
4.14401
4.10289
4.06165
4.01887
3.97358
3.92595
3.87789
3.82951
3.78064
3.73164
3.68256
3.63499
3.5885
3.54232
3.49757
3.45361
3.41014
3.36828
3.32733
3.28601
3.24449
3.20305
3.16251
3.12304
3.08346
3.04332
3.00197
2.95961
2.91636
2.87128
2.82494
2.77737
2.72916
2.6815
2.63338
2.5852
2.5381
2.49201
2.44759
2.40469
2.36253
2.32096
2.27935
2.23705
2.19405
2.1503
2.10567
2.06053
2.01595
1.97236
1.92894
1.88587
1.84393
1.80243
1.76058
1.71816
1.67495
1.63083
1.58553
1.53922
1.49216
1.4441
1.39554
1.34753
1.29991
1.25249
1.20656
1.16214
1.11754
1.07331
1.03056
0.988428
0.946385
0.904752
0.863776
0.822705
0.780634
0.737906
0.69421
0.650091
0.606225
0.561714
0.516195
0.469993
0.422826
0.37542
0.329269
0.284053
0.239258
0.195043
0.151303
0.108286
0.0655845
0.0222889
4.1506
-3211.88
-1025.19
548.702
503.534
35.1071
-125.204
-47.9993
28.2793
34.5856
14.4302
4.82346
7.06541
10.729
11.4328
10.5812
10.01
10.0081
10.137
10.1496
10.0811
10.0115
9.96802
9.93538
9.8991
9.85575
9.81224
9.77384
9.73389
9.69121
9.64877
9.61086
9.57087
9.52454
9.4808
9.44126
9.40347
9.36138
9.31319
9.26759
9.22609
9.18468
9.14334
9.10216
9.05906
9.01212
8.96494
8.92206
8.88001
8.83907
8.79947
8.75534
8.70912
8.6625
8.61619
8.57464
8.53242
8.48881
8.44784
8.40266
8.35412
8.30807
8.2645
8.22578
8.18652
8.14242
8.09753
8.05118
8.00568
7.96443
7.92611
7.8878
7.84661
7.80561
7.76421
7.71956
7.67619
7.63574
7.59756
7.5613
7.52313
7.48223
7.44046
7.3968
7.35142
7.30634
7.26311
7.22319
7.18503
7.14558
7.10238
7.05498
7.00586
6.95745
6.91313
6.87223
6.83158
6.79191
6.74997
6.70304
6.65321
6.6024
6.55241
6.50454
6.45966
6.41564
6.37142
6.32767
6.28286
6.23716
6.19003
6.14177
6.09498
6.05012
6.00574
5.96113
5.917
5.8727
5.82914
5.78586
5.74028
5.69306
5.64381
5.59491
5.54855
5.5039
5.46095
5.41803
5.37679
5.33721
5.29707
5.25567
5.2106
5.16483
5.12074
5.0769
5.03309
4.98848
4.94501
4.90422
4.86475
4.82468
4.78331
4.74018
4.69473
4.64861
4.60095
4.5513
4.50134
4.45192
4.40447
4.35777
4.31241
4.26876
4.22587
4.18545
4.14519
4.10307
4.05987
4.01623
3.97232
3.92611
3.87784
3.82847
3.77914
3.73071
3.68211
3.63458
3.58807
3.54193
3.49775
3.45489
3.41164
3.36805
3.32546
3.28451
3.24472
3.20473
3.16371
3.12282
3.08257
3.04279
3.00229
2.95998
2.91617
2.87068
2.8247
2.7782
2.73009
2.6816
2.63299
2.58474
2.53803
2.4925
2.44829
2.40557
2.36358
2.3217
2.27965
2.23673
2.19294
2.14924
2.1055
2.06093
2.01588
1.97172
1.92882
1.88624
1.84381
1.80183
1.7599
1.71755
1.67462
1.63081
1.58544
1.53843
1.49028
1.44193
1.39427
1.34729
1.30064
1.25359
1.20656
1.1611
1.11656
1.07238
1.02962
0.98814
0.947222
0.905698
0.86351
0.821781
0.779943
0.737891
0.69466
0.650308
0.606081
0.561084
0.515307
0.470168
0.42403
0.376646
0.329623
0.283576
0.239178
0.195425
0.151752
0.108357
0.065054
0.0220414
4.1577
-3211.87
-1025.19
548.708
503.544
35.1138
-125.204
-47.9957
28.2825
34.586
14.433
4.82808
7.07063
10.7311
11.4297
10.5794
10.011
10.0086
10.1397
10.1526
10.0819
10.0131
9.9722
9.93844
9.89939
9.85541
9.8116
9.77379
9.73352
9.69246
9.65276
9.61068
9.56796
9.52557
9.48464
9.4443
9.40379
9.36057
9.31428
9.26928
9.22617
9.18506
9.1449
9.10223
9.05778
9.01114
8.96502
8.9245
8.88372
8.84166
8.8006
8.7541
8.70599
8.66117
8.61657
8.57637
8.53764
8.4925
8.44577
8.39804
8.35046
8.30907
8.26851
8.22745
8.18729
8.14259
8.09541
8.0499
8.00592
7.96386
7.92585
7.88971
7.84937
7.80668
7.76314
7.71786
7.67501
7.6354
7.59771
7.56214
7.5258
7.485
7.44019
7.39408
7.34842
7.30539
7.26572
7.22741
7.18796
7.14623
7.10107
7.05229
7.00362
6.95703
6.91361
6.87366
6.83393
6.79321
6.7499
6.70264
6.65271
6.60197
6.55232
6.50442
6.45958
6.41599
6.3724
6.32903
6.28307
6.23644
6.19032
6.14295
6.09553
6.04923
6.00464
5.96115
5.91836
5.87474
5.8298
5.78436
5.7378
5.69172
5.64485
5.59685
5.54955
5.50307
5.45971
5.41867
5.37888
5.33873
5.29691
5.25544
5.21195
5.16661
5.12089
5.07498
5.03128
4.9887
4.94663
4.90548
4.86528
4.82523
4.784
4.74119
4.69503
4.6474
4.59934
4.55014
4.50121
4.45227
4.40456
4.35816
4.31337
4.27037
4.2268
4.18439
4.14346
4.10269
4.06113
4.01731
3.97196
3.92485
3.87676
3.82806
3.77893
3.73074
3.68237
3.6349
3.58897
3.54307
3.49784
3.4538
3.41098
3.36892
3.32716
3.28537
3.24399
3.20378
3.16392
3.1241
3.0839
3.04305
3.00167
2.95932
2.91609
2.87115
2.82478
2.77767
2.72941
2.6812
2.6333
2.58546
2.53878
2.49353
2.4495
2.40645
2.36385
2.32138
2.27935
2.23726
2.19396
2.14986
2.10551
2.06093
2.01623
1.97187
1.92859
1.88602
1.84368
1.80202
1.76058
1.71799
1.67417
1.62961
1.58401
1.53769
1.49066
1.44267
1.39464
1.34686
1.29964
1.25317
1.20679
1.16152
1.11757
1.07376
1.03037
0.987588
0.945967
0.905129
0.863752
0.822189
0.779922
0.737136
0.694279
0.65064
0.606386
0.56116
0.514981
0.469154
0.423434
0.377229
0.330805
0.28432
0.238981
0.195513
0.152453
0.109064
0.0656458
0.0226012
4.155
-3211.88
-1025.19
548.704
503.542
35.1133
-125.206
-47.9989
28.2823
34.5877
14.431
4.82248
7.06675
10.7286
11.4289
10.5838
10.0159
10.0082
10.135
10.1442
10.0751
10.0124
9.97353
9.93886
9.8985
9.85559
9.81225
9.7738
9.73428
9.69122
9.64963
9.60971
9.56988
9.52701
9.48314
9.44265
9.40336
9.35946
9.31308
9.26903
9.22562
9.18514
9.14676
9.10229
9.0552
9.0097
8.96486
8.9254
8.88578
8.84097
8.79751
8.75249
8.70533
8.6624
8.61994
8.57709
8.53535
8.48955
8.443
8.39785
8.35128
8.3096
8.27092
8.22843
8.18449
8.1398
8.09388
8.0489
8.00689
7.96724
7.92871
7.88975
7.84731
7.80393
7.76119
7.71695
7.6744
7.63622
7.60094
7.56493
7.52513
7.48198
7.43735
7.3931
7.34942
7.30671
7.26622
7.22719
7.18742
7.14582
7.10104
7.05202
7.00292
6.95697
6.91418
6.87465
6.83524
6.79356
6.74918
6.70143
6.65078
6.60008
6.55196
6.5054
6.46118
6.41775
6.37249
6.32773
6.28225
6.23553
6.18873
6.14151
6.09547
6.05074
6.00644
5.96194
5.91751
5.87286
5.82825
5.78457
5.73928
5.69201
5.64299
5.59395
5.54839
5.5048
5.46192
5.41921
5.37802
5.33865
5.29774
5.25516
5.21011
5.16446
5.12061
5.07689
5.03372
4.99047
4.94725
4.90531
4.86492
4.82472
4.78262
4.73957
4.69447
4.64757
4.60012
4.55094
4.50115
4.45168
4.4042
4.35833
4.31299
4.26966
4.22736
4.1861
4.14497
4.10226
4.05872
4.01466
3.97035
3.9245
3.87698
3.82823
3.77864
3.73033
3.68231
3.63448
3.58809
3.54262
3.49867
3.45594
3.41293
3.36906
3.32581
3.2844
3.24412
3.20437
3.16421
3.1239
3.08381
3.0433
3.00201
2.95939
2.91556
2.8704
2.82435
2.77804
2.7303
2.68156
2.63319
2.58548
2.53882
2.4934
2.44938
2.40679
2.36503
2.3228
2.27969
2.23618
2.19222
2.14839
2.10487
2.06102
2.01664
1.97217
1.92874
1.88649
1.84422
1.80181
1.75967
1.71699
1.67352
1.62962
1.58438
1.53749
1.48956
1.44109
1.39343
1.34656
1.29993
1.25404
1.20785
1.16137
1.11621
1.07256
1.03019
0.988461
0.947074
0.905739
0.863882
0.821869
0.779886
0.73718
0.693635
0.650109
0.606552
0.561629
0.515318
0.469067
0.422951
0.376611
0.330869
0.285212
0.239732
0.195547
0.152088
0.108837
0.0647245
0.0229431
4.18778
-3211.82
-1025.16
548.697
503.53
35.1103
-125.202
-47.9934
28.2854
34.5863
14.4296
4.82543
7.06897
10.7311
11.4304
10.5792
10.0123
10.0093
10.1395
10.1516
10.0799
10.013
9.97166
9.93528
9.89442
9.85368
9.81328
9.77557
9.73699
9.69422
9.65083
9.60849
9.56893
9.52842
9.48358
9.44188
9.40445
9.35977
9.31035
9.26858
9.22987
9.18762
9.14471
9.09937
9.05324
9.01046
8.96791
8.9272
8.88716
8.84205
8.79603
8.75057
8.70381
8.66083
8.62156
8.58145
8.53822
8.48874
8.43821
8.39417
8.35312
8.31267
8.2726
8.2298
8.18415
8.13763
8.09245
8.04905
8.00724
7.96745
7.92953
7.89152
7.84884
7.80277
7.75865
7.71673
7.67627
7.6374
7.6004
7.5644
7.52598
7.48297
7.43672
7.39101
7.34799
7.30777
7.26935
7.22966
7.18674
7.14236
7.09756
7.0506
7.00359
6.95907
6.91603
6.87522
6.83549
6.79309
6.74733
6.69992
6.65098
6.60108
6.55283
6.5059
6.46054
6.4172
6.37329
6.32855
6.28268
6.2358
6.18916
6.14208
6.09522
6.04989
6.006
5.96229
5.91865
5.87446
5.82834
5.78218
5.73686
5.69187
5.64543
5.59631
5.54816
5.5036
5.46236
5.42166
5.38001
5.33833
5.29627
5.25459
5.21139
5.16531
5.11892
5.07372
5.0312
4.99066
4.94994
4.9082
4.86633
4.82507
4.78267
4.73888
4.69316
4.64538
4.59743
4.54961
4.50174
4.45312
4.40511
4.35912
4.31435
4.2708
4.22753
4.18517
4.14458
4.1037
4.0608
4.01543
3.96895
3.92212
3.87515
3.82781
3.77922
3.73078
3.6829
3.63542
3.589
3.54296
3.49754
3.45393
3.4123
3.37093
3.32854
3.28587
3.24405
3.20376
3.16405
3.12401
3.08364
3.04277
3.00131
2.95878
2.91504
2.86979
2.82302
2.77613
2.72928
2.68179
2.63385
2.58622
2.53973
2.49457
2.45042
2.40712
2.36481
2.32295
2.28065
2.23766
2.19373
2.14898
2.10417
2.05991
2.01621
1.97241
1.9288
1.88629
1.84449
1.80255
1.76016
1.71685
1.67257
1.62803
1.58287
1.53686
1.49043
1.44278
1.3942
1.34619
1.29913
1.25321
1.20797
1.1628
1.11791
1.07379
1.03069
0.98794
0.946057
0.904966
0.863478
0.821562
0.779676
0.737448
0.693658
0.649157
0.605288
0.561444
0.515775
0.468764
0.422667
0.376649
0.330838
0.285759
0.240804
0.19692
0.154038
0.110643
0.0689522
0.0191963
)
;

boundaryField
{
    inlet
    {
        type            fixedValue;
        value           uniform 5000;
    }
    outlet
    {
        type            fixedValue;
        value           uniform 0;
    }
    walls
    {
        type            zeroGradient;
    }
    frontAndBack
    {
        type            empty;
    }
}


// ************************************************************************* //
