/*--------------------------------*- C++ -*----------------------------------*\
| =========                 |                                                 |
| \\      /  F ield         | OpenFOAM: The Open Source CFD Toolbox           |
|  \\    /   O peration     | Version:  2406                                  |
|   \\  /    A nd           | Website:  www.openfoam.com                      |
|    \\/     M anipulation  |                                                 |
\*---------------------------------------------------------------------------*/
FoamFile
{
    version     2.0;
    format      ascii;
    arch        "LSB;label=32;scalar=64";
    class       volScalarField;
    location    "0.3";
    object      p;
}
// * * * * * * * * * * * * * * * * * * * * * * * * * * * * * * * * * * * * * //

dimensions      [0 2 -2 0 0 0 0];

internalField   nonuniform List<scalar> 
640
(
102.846
102.827
102.808
102.789
102.77
102.751
102.732
102.712
102.693
102.674
102.655
102.636
102.617
102.598
102.579
102.559
102.54
102.521
102.502
102.483
102.464
102.445
102.425
102.406
102.387
102.368
102.349
102.33
102.311
102.291
102.272
102.253
102.234
102.215
102.196
102.177
102.157
102.138
102.119
102.1
102.081
102.062
102.043
102.024
102.004
101.985
101.966
101.947
101.928
101.909
101.89
101.87
101.851
101.832
101.813
101.794
101.775
101.756
101.736
101.717
101.698
101.679
101.66
101.641
101.622
101.602
101.583
101.564
101.545
101.526
101.507
101.488
101.469
101.449
101.43
101.411
101.392
101.373
101.354
101.335
102.846
102.827
102.808
102.789
102.77
102.751
102.732
102.712
102.693
102.674
102.655
102.636
102.617
102.598
102.579
102.559
102.54
102.521
102.502
102.483
102.464
102.445
102.425
102.406
102.387
102.368
102.349
102.33
102.311
102.291
102.272
102.253
102.234
102.215
102.196
102.177
102.157
102.138
102.119
102.1
102.081
102.062
102.043
102.024
102.004
101.985
101.966
101.947
101.928
101.909
101.89
101.87
101.851
101.832
101.813
101.794
101.775
101.756
101.736
101.717
101.698
101.679
101.66
101.641
101.622
101.602
101.583
101.564
101.545
101.526
101.507
101.488
101.469
101.449
101.43
101.411
101.392
101.373
101.354
101.335
102.846
102.827
102.808
102.789
102.77
102.751
102.732
102.712
102.693
102.674
102.655
102.636
102.617
102.598
102.579
102.559
102.54
102.521
102.502
102.483
102.464
102.445
102.425
102.406
102.387
102.368
102.349
102.33
102.311
102.291
102.272
102.253
102.234
102.215
102.196
102.177
102.157
102.138
102.119
102.1
102.081
102.062
102.043
102.024
102.004
101.985
101.966
101.947
101.928
101.909
101.89
101.87
101.851
101.832
101.813
101.794
101.775
101.756
101.736
101.717
101.698
101.679
101.66
101.641
101.622
101.602
101.583
101.564
101.545
101.526
101.507
101.488
101.469
101.449
101.43
101.411
101.392
101.373
101.354
101.335
102.846
102.827
102.808
102.789
102.77
102.751
102.732
102.712
102.693
102.674
102.655
102.636
102.617
102.598
102.579
102.559
102.54
102.521
102.502
102.483
102.464
102.445
102.425
102.406
102.387
102.368
102.349
102.33
102.311
102.291
102.272
102.253
102.234
102.215
102.196
102.177
102.157
102.138
102.119
102.1
102.081
102.062
102.043
102.024
102.004
101.985
101.966
101.947
101.928
101.909
101.89
101.87
101.851
101.832
101.813
101.794
101.775
101.756
101.736
101.717
101.698
101.679
101.66
101.641
101.622
101.602
101.583
101.564
101.545
101.526
101.507
101.488
101.469
101.449
101.43
101.411
101.392
101.373
101.354
101.335
102.846
102.827
102.808
102.789
102.77
102.751
102.732
102.712
102.693
102.674
102.655
102.636
102.617
102.598
102.579
102.559
102.54
102.521
102.502
102.483
102.464
102.445
102.425
102.406
102.387
102.368
102.349
102.33
102.311
102.291
102.272
102.253
102.234
102.215
102.196
102.177
102.157
102.138
102.119
102.1
102.081
102.062
102.043
102.024
102.004
101.985
101.966
101.947
101.928
101.909
101.89
101.87
101.851
101.832
101.813
101.794
101.775
101.756
101.736
101.717
101.698
101.679
101.66
101.641
101.622
101.602
101.583
101.564
101.545
101.526
101.507
101.488
101.469
101.449
101.43
101.411
101.392
101.373
101.354
101.335
102.846
102.827
102.808
102.789
102.77
102.751
102.732
102.712
102.693
102.674
102.655
102.636
102.617
102.598
102.579
102.559
102.54
102.521
102.502
102.483
102.464
102.445
102.425
102.406
102.387
102.368
102.349
102.33
102.311
102.291
102.272
102.253
102.234
102.215
102.196
102.177
102.157
102.138
102.119
102.1
102.081
102.062
102.043
102.024
102.004
101.985
101.966
101.947
101.928
101.909
101.89
101.87
101.851
101.832
101.813
101.794
101.775
101.756
101.736
101.717
101.698
101.679
101.66
101.641
101.622
101.602
101.583
101.564
101.545
101.526
101.507
101.488
101.469
101.449
101.43
101.411
101.392
101.373
101.354
101.335
102.846
102.827
102.808
102.789
102.77
102.751
102.732
102.712
102.693
102.674
102.655
102.636
102.617
102.598
102.579
102.559
102.54
102.521
102.502
102.483
102.464
102.445
102.425
102.406
102.387
102.368
102.349
102.33
102.311
102.291
102.272
102.253
102.234
102.215
102.196
102.177
102.157
102.138
102.119
102.1
102.081
102.062
102.043
102.024
102.004
101.985
101.966
101.947
101.928
101.909
101.89
101.87
101.851
101.832
101.813
101.794
101.775
101.756
101.736
101.717
101.698
101.679
101.66
101.641
101.622
101.602
101.583
101.564
101.545
101.526
101.507
101.488
101.469
101.449
101.43
101.411
101.392
101.373
101.354
101.335
102.846
102.827
102.808
102.789
102.77
102.751
102.732
102.712
102.693
102.674
102.655
102.636
102.617
102.598
102.579
102.559
102.54
102.521
102.502
102.483
102.464
102.445
102.425
102.406
102.387
102.368
102.349
102.33
102.311
102.291
102.272
102.253
102.234
102.215
102.196
102.177
102.157
102.138
102.119
102.1
102.081
102.062
102.043
102.024
102.004
101.985
101.966
101.947
101.928
101.909
101.89
101.87
101.851
101.832
101.813
101.794
101.775
101.756
101.736
101.717
101.698
101.679
101.66
101.641
101.622
101.602
101.583
101.564
101.545
101.526
101.507
101.488
101.469
101.449
101.43
101.411
101.392
101.373
101.354
101.335
)
;

boundaryField
{
    inlet
    {
        type            fixedValue;
        value           uniform 102.856;
    }
    outlet
    {
        type            fixedValue;
        value           uniform 101.325;
    }
    walls
    {
        type            zeroGradient;
    }
    frontAndBack
    {
        type            empty;
    }
}


// ************************************************************************* //
