/*--------------------------------*- C++ -*----------------------------------*\
| =========                 |                                                 |
| \\      /  F ield         | OpenFOAM: The Open Source CFD Toolbox           |
|  \\    /   O peration     | Version:  2406                                  |
|   \\  /    A nd           | Website:  www.openfoam.com                      |
|    \\/     M anipulation  |                                                 |
\*---------------------------------------------------------------------------*/
FoamFile
{
    version     2.0;
    format      ascii;
    arch        "LSB;label=32;scalar=64";
    class       volScalarField;
    location    "1000";
    object      alphat;
}
// * * * * * * * * * * * * * * * * * * * * * * * * * * * * * * * * * * * * * //

dimensions      [0 2 -1 0 0 0 0];

internalField   nonuniform List<scalar> 
5619
(
4.76403e-05
4.75387e-05
4.74322e-05
4.73511e-05
4.72856e-05
4.72353e-05
4.7199e-05
4.71764e-05
4.71675e-05
4.71726e-05
4.7192e-05
4.7226e-05
4.72751e-05
4.73404e-05
4.7423e-05
4.75236e-05
4.76426e-05
4.77807e-05
4.79384e-05
4.81157e-05
4.83123e-05
4.85267e-05
4.87563e-05
4.8997e-05
4.92442e-05
4.94937e-05
4.97448e-05
5.00021e-05
5.02782e-05
5.05928e-05
5.09703e-05
5.1434e-05
5.19999e-05
5.26722e-05
5.3443e-05
5.42938e-05
5.52e-05
5.61339e-05
5.70686e-05
5.79789e-05
5.88428e-05
5.96416e-05
6.03599e-05
6.09855e-05
6.15091e-05
6.19243e-05
6.2227e-05
6.24156e-05
6.24903e-05
6.24532e-05
6.23078e-05
6.20589e-05
6.17123e-05
6.12744e-05
6.07522e-05
6.01527e-05
5.94827e-05
5.87697e-05
5.8029e-05
5.72695e-05
5.6499e-05
5.57241e-05
5.49504e-05
5.41829e-05
5.34254e-05
5.26813e-05
5.19531e-05
5.12428e-05
5.05519e-05
4.98814e-05
4.92319e-05
4.86039e-05
4.79973e-05
4.74121e-05
4.68478e-05
4.6304e-05
4.57802e-05
4.52756e-05
4.47895e-05
4.43212e-05
4.38697e-05
4.34343e-05
4.30141e-05
4.26084e-05
4.22161e-05
4.18365e-05
4.14688e-05
4.11122e-05
4.07658e-05
4.0429e-05
4.0101e-05
3.97811e-05
3.94685e-05
3.91626e-05
3.88628e-05
3.85684e-05
3.82788e-05
3.79935e-05
3.77118e-05
3.74333e-05
3.71577e-05
3.68566e-05
3.65294e-05
3.61762e-05
3.57977e-05
3.53953e-05
3.49713e-05
3.45284e-05
3.40703e-05
3.36014e-05
3.31263e-05
3.26501e-05
3.2178e-05
3.17148e-05
3.12652e-05
3.08332e-05
3.04221e-05
3.00345e-05
2.96721e-05
2.93359e-05
2.90261e-05
2.87425e-05
2.84843e-05
2.82505e-05
2.80395e-05
2.785e-05
2.76803e-05
2.75287e-05
2.7394e-05
2.72617e-05
2.7131e-05
2.70013e-05
2.68719e-05
2.67424e-05
2.66121e-05
2.64805e-05
2.63473e-05
2.62119e-05
2.6074e-05
2.59333e-05
2.57894e-05
2.56422e-05
2.54914e-05
2.5337e-05
2.51788e-05
2.50169e-05
2.48515e-05
2.46826e-05
2.45107e-05
2.43362e-05
2.41595e-05
2.39814e-05
2.38026e-05
2.3624e-05
2.34468e-05
2.3272e-05
2.31009e-05
2.29349e-05
2.27754e-05
2.26238e-05
2.24814e-05
2.23497e-05
2.22298e-05
2.21227e-05
2.20293e-05
2.195e-05
2.1885e-05
2.18343e-05
2.17974e-05
2.17736e-05
2.1762e-05
2.17613e-05
2.17708e-05
2.17889e-05
2.18148e-05
2.18481e-05
2.18907e-05
2.19475e-05
2.20294e-05
2.21557e-05
2.23559e-05
2.26663e-05
2.31177e-05
2.37046e-05
2.43128e-05
2.45255e-05
2.30393e-05
0.000138008
0.000137167
0.000136478
0.000135908
0.000135493
0.000135215
0.000135061
0.000135014
0.000135057
0.000135173
0.000135341
0.000135539
0.000135745
0.000135924
0.000136086
0.000136219
0.000136303
0.000136312
0.000136219
0.000135995
0.00013561
0.000135027
0.000134199
0.000133059
0.000131512
0.000129435
0.000126685
0.000123123
0.000118656
0.000113274
0.000107081
0.00010029
9.31974e-05
8.61181e-05
7.93345e-05
7.30561e-05
6.74061e-05
6.24305e-05
5.81182e-05
5.44231e-05
5.12818e-05
4.86268e-05
4.63937e-05
4.45249e-05
4.29707e-05
4.16896e-05
4.06468e-05
3.98132e-05
3.91639e-05
3.8677e-05
3.83319e-05
3.81082e-05
3.79847e-05
3.79378e-05
3.79413e-05
3.7917e-05
3.781e-05
3.76816e-05
3.75502e-05
3.74058e-05
3.72408e-05
3.705e-05
3.68305e-05
3.65813e-05
3.63032e-05
3.59987e-05
3.56712e-05
3.53249e-05
3.49648e-05
3.45959e-05
3.42232e-05
3.38515e-05
3.34852e-05
3.31281e-05
3.27835e-05
3.24541e-05
3.2142e-05
3.18486e-05
3.15751e-05
3.13219e-05
3.10894e-05
3.08773e-05
3.06854e-05
3.0513e-05
3.03595e-05
3.02241e-05
3.0106e-05
3.00042e-05
2.9918e-05
2.98465e-05
2.9789e-05
2.97445e-05
2.97125e-05
2.96923e-05
2.96833e-05
2.96851e-05
2.96971e-05
2.9719e-05
2.97505e-05
2.97911e-05
2.98408e-05
2.9906e-05
2.99896e-05
3.00953e-05
3.02268e-05
3.03877e-05
3.05817e-05
3.08118e-05
3.10801e-05
3.13879e-05
3.17349e-05
3.21193e-05
3.2538e-05
3.2986e-05
3.34572e-05
3.39449e-05
3.44413e-05
3.49391e-05
3.54311e-05
3.59108e-05
3.63728e-05
3.68126e-05
3.72268e-05
3.76134e-05
3.79711e-05
3.82995e-05
3.8599e-05
3.88702e-05
3.91148e-05
3.93586e-05
3.96028e-05
3.98486e-05
4.0097e-05
4.03491e-05
4.06061e-05
4.0869e-05
4.11389e-05
4.14167e-05
4.17036e-05
4.20003e-05
4.23079e-05
4.2627e-05
4.29585e-05
4.33029e-05
4.36606e-05
4.4032e-05
4.4417e-05
4.48155e-05
4.52269e-05
4.56504e-05
4.60847e-05
4.6528e-05
4.6978e-05
4.74319e-05
4.78862e-05
4.83369e-05
4.87793e-05
4.92081e-05
4.96174e-05
5.0001e-05
5.03521e-05
5.0664e-05
5.09295e-05
5.11417e-05
5.12937e-05
5.13788e-05
5.13901e-05
5.13204e-05
5.11616e-05
5.09039e-05
5.05347e-05
5.00365e-05
4.94168e-05
4.86809e-05
4.7784e-05
4.66692e-05
4.5265e-05
4.34886e-05
4.12614e-05
3.85421e-05
3.53842e-05
3.2005e-05
2.88365e-05
2.65327e-05
2.60331e-05
2.91792e-05
4.27104e-05
0.000215893
0.000213532
0.000211472
0.00020971
0.000208239
0.00020699
0.000205895
0.00020488
0.000203874
0.000202807
0.000201613
0.000200224
0.000198572
0.000196637
0.000194397
0.000191807
0.000188818
0.00018538
0.000181438
0.000176937
0.000171824
0.000166063
0.00015964
0.000152586
0.000144984
0.000136983
0.000128794
0.000120674
0.000112909
0.000105773
9.95004e-05
9.42606e-05
9.01496e-05
8.71954e-05
8.5375e-05
8.46357e-05
8.49148e-05
8.61529e-05
8.8302e-05
9.13281e-05
9.52105e-05
9.99384e-05
0.000105507
0.000111912
0.000119143
0.000127175
0.000135963
0.000145429
0.000155458
0.000165883
0.000176487
0.000186999
0.000197101
0.000206366
0.000214019
0.000220971
0.00022734
0.000233127
0.00023828
0.000242728
0.000246412
0.000249287
0.000251325
0.000252511
0.000252849
0.000252357
0.000251069
0.00024903
0.000246297
0.000242938
0.000239023
0.000234628
0.00022983
0.000224705
0.000219327
0.000213765
0.000208083
0.000202339
0.000196584
0.000190863
0.000185213
0.000179667
0.000174248
0.000168977
0.000163868
0.000158932
0.000154174
0.000149599
0.000145205
0.000140993
0.000136957
0.000133095
0.000129399
0.000125863
0.000122481
0.000119245
0.000116148
0.000113184
0.000110345
0.000107623
0.00010501
0.000102249
9.93538e-05
9.6357e-05
9.32952e-05
9.02125e-05
8.71572e-05
8.41792e-05
8.13271e-05
7.86449e-05
7.61686e-05
7.39245e-05
7.19278e-05
7.0183e-05
6.86845e-05
6.74189e-05
6.63672e-05
6.55064e-05
6.48123e-05
6.42606e-05
6.38282e-05
6.3494e-05
6.32396e-05
6.30489e-05
6.29082e-05
6.28067e-05
6.27353e-05
6.26862e-05
6.26542e-05
6.26328e-05
6.26209e-05
6.26181e-05
6.26242e-05
6.26391e-05
6.26628e-05
6.26954e-05
6.27372e-05
6.27887e-05
6.28502e-05
6.29223e-05
6.30056e-05
6.31007e-05
6.32083e-05
6.3329e-05
6.34632e-05
6.36114e-05
6.37737e-05
6.39502e-05
6.41406e-05
6.43439e-05
6.45591e-05
6.47842e-05
6.50165e-05
6.52525e-05
6.54879e-05
6.57171e-05
6.59335e-05
6.61293e-05
6.62955e-05
6.6422e-05
6.64978e-05
6.6511e-05
6.64492e-05
6.62995e-05
6.60493e-05
6.56862e-05
6.51983e-05
6.45749e-05
6.38064e-05
6.28848e-05
6.18045e-05
6.05649e-05
5.92351e-05
5.78173e-05
5.63221e-05
5.47772e-05
5.32363e-05
5.17915e-05
5.05896e-05
4.98498e-05
4.98836e-05
5.11202e-05
5.41721e-05
6.00493e-05
7.08367e-05
9.19077e-05
0.000143291
0.000293448
0.00028695
0.000281342
0.000276526
0.00027231
0.000268483
0.000264859
0.000261274
0.000257587
0.000253676
0.000249432
0.000244768
0.000239686
0.000234171
0.000228215
0.000221835
0.000215073
0.000208013
0.000200774
0.000193516
0.000186434
0.000179751
0.000173707
0.000168539
0.000164473
0.000161704
0.00016039
0.000160643
0.000162531
0.000166081
0.00017129
0.000178134
0.000186584
0.000196618
0.000208223
0.0002214
0.00023616
0.000252516
0.000270471
0.000290009
0.000311081
0.000333594
0.000357397
0.000382281
0.000407969
0.000434126
0.000460369
0.000486284
0.00051145
0.00053547
0.00055799
0.000578728
0.000597481
0.000613733
0.000628629
0.000642303
0.000654718
0.00066581
0.000675512
0.000683766
0.000690527
0.000695768
0.000699476
0.000701655
0.000702326
0.000701523
0.000699296
0.000695707
0.000690829
0.000684747
0.00067755
0.000669335
0.000660201
0.000650249
0.000639581
0.000628295
0.000616489
0.000604254
0.000591676
0.000578838
0.000565812
0.000552666
0.000539462
0.000526252
0.000513084
0.000499997
0.000487027
0.000474201
0.000461543
0.000449071
0.000436799
0.000424737
0.000412892
0.000401268
0.000389867
0.000378688
0.000367729
0.000356988
0.000346466
0.000336139
0.000325979
0.000315039
0.000303292
0.000290814
0.000277705
0.000264111
0.000250212
0.000236219
0.00022236
0.000208869
0.000195965
0.000183836
0.000172629
0.000162438
0.000153305
0.000145226
0.000138157
0.000132029
0.000126755
0.000122241
0.000118394
0.000115123
0.000112347
0.000109992
0.000107995
0.000106299
0.00010486
0.000103633
0.000102587
0.000101597
0.000100653
9.97481e-05
9.88771e-05
9.80352e-05
9.72183e-05
9.64233e-05
9.56475e-05
9.48889e-05
9.41461e-05
9.34182e-05
9.27048e-05
9.2006e-05
9.13221e-05
9.0654e-05
9.00027e-05
8.93697e-05
8.87564e-05
8.81646e-05
8.75957e-05
8.70514e-05
8.65329e-05
8.60411e-05
8.55763e-05
8.51385e-05
8.47265e-05
8.43387e-05
8.39724e-05
8.3624e-05
8.32894e-05
8.29639e-05
8.26424e-05
8.23202e-05
8.19935e-05
8.166e-05
8.13197e-05
8.09758e-05
8.06356e-05
8.03115e-05
8.00218e-05
7.97911e-05
7.96515e-05
7.96925e-05
8.00223e-05
8.07133e-05
8.18652e-05
8.36076e-05
8.61063e-05
8.95697e-05
9.42546e-05
0.000100475
0.000108622
0.000119227
0.000133139
0.000151977
0.000179251
0.000223395
0.000309453
0.000390262
0.000370345
0.000354046
0.000341005
0.000330454
0.000321688
0.000314161
0.000307462
0.000301308
0.000295512
0.000289989
0.000284788
0.000279967
0.000275616
0.000271856
0.000268835
0.000266709
0.000265641
0.000265784
0.000267275
0.000270229
0.000274732
0.00028084
0.000288581
0.000297956
0.000308945
0.000321515
0.000335625
0.000351235
0.000368311
0.000386824
0.000406756
0.000428084
0.000450778
0.000474784
0.000500016
0.000526342
0.000553581
0.000581503
0.000609833
0.000638262
0.000666465
0.00069412
0.000720927
0.000746627
0.000771018
0.000793957
0.000815365
0.000835217
0.000853531
0.000870357
0.000885762
0.000899729
0.000912876
0.000925349
0.000937139
0.000948213
0.000958528
0.000968035
0.000976681
0.000984412
0.000991176
0.000996926
0.00100162
0.00100522
0.00100771
0.00100908
0.0010093
0.00100841
0.0010064
0.00100331
0.000999165
0.00099402
0.000987919
0.000980917
0.000973071
0.000964443
0.000955094
0.000945087
0.000934482
0.000923341
0.000911719
0.000899671
0.000887249
0.0008745
0.000861466
0.000848188
0.0008347
0.000821035
0.000807218
0.000793274
0.000779224
0.000765083
0.000750866
0.000736584
0.000722245
0.000707855
0.000693422
0.000678959
0.00066443
0.000649747
0.000633647
0.000615944
0.000596624
0.000575721
0.000553337
0.000529646
0.000504902
0.000479432
0.000453628
0.000427923
0.000402759
0.000378558
0.000355684
0.000334419
0.000314953
0.000297375
0.000281693
0.000267843
0.00025571
0.000245153
0.00023601
0.000228122
0.000221333
0.000215498
0.000210488
0.00020619
0.000202495
0.00019931
0.000196281
0.000193371
0.000190562
0.000187837
0.000185183
0.000182587
0.000180041
0.000177536
0.000175066
0.000172627
0.000170214
0.000167826
0.000165464
0.000163129
0.000160822
0.000158548
0.000156312
0.000154121
0.000151981
0.0001499
0.000147888
0.000145954
0.000144108
0.000142361
0.000140724
0.000139206
0.00013782
0.000136577
0.000135487
0.000134562
0.000133813
0.000133254
0.000132898
0.00013276
0.000132857
0.000133207
0.000133832
0.000134758
0.00013601
0.000137622
0.000139626
0.000142065
0.000145055
0.000148836
0.00015343
0.000158928
0.00016544
0.000173096
0.000182053
0.000192512
0.000204744
0.00021915
0.00023638
0.000257531
0.00028452
0.000320754
0.000372205
0.000448375
0.0006333
0.000574695
0.000525517
0.000486462
0.000456566
0.000434347
0.000418339
0.000407224
0.00039994
0.000395706
0.000394026
0.000394484
0.0003968
0.000400778
0.000406273
0.000413167
0.000421357
0.000430748
0.000441251
0.000452784
0.000465275
0.000478665
0.000492905
0.000507962
0.00052381
0.000540431
0.000557806
0.000575916
0.000594729
0.0006142
0.000634262
0.000654822
0.000675757
0.000696914
0.000718114
0.000739153
0.000759824
0.000779919
0.000799255
0.000817679
0.000835083
0.000851408
0.000866644
0.000880822
0.000894006
0.000906283
0.000917746
0.00092849
0.000938596
0.000948131
0.000957145
0.000965667
0.000974098
0.00098275
0.000991633
0.00100074
0.00101003
0.00101946
0.001029
0.00103857
0.0010481
0.00105752
0.00106675
0.00107571
0.00108431
0.00109247
0.00110012
0.00110719
0.00111361
0.00111931
0.00112426
0.00112841
0.00113172
0.00113419
0.0011358
0.00113654
0.00113641
0.00113544
0.00113364
0.00113102
0.00112762
0.00112347
0.00111859
0.00111302
0.00110679
0.00109994
0.00109249
0.00108448
0.00107593
0.00106687
0.00105733
0.00104733
0.00103688
0.00102601
0.00101472
0.00100304
0.00099097
0.000978518
0.00096571
0.000952499
0.000938749
0.000923373
0.000906059
0.000886669
0.000865101
0.000841319
0.000815366
0.000787385
0.000757633
0.000726483
0.000694415
0.000661988
0.000629803
0.000598447
0.000568451
0.000540245
0.000514136
0.000490305
0.000468817
0.00044964
0.000432669
0.000417752
0.000404712
0.000393358
0.000383503
0.000374967
0.000367591
0.000361206
0.000355657
0.000350375
0.000345279
0.000340339
0.000335526
0.00033082
0.000326199
0.000321647
0.000317151
0.000312701
0.000308288
0.000303907
0.000299557
0.000295237
0.00029095
0.000286702
0.000282501
0.000278357
0.000274284
0.000270297
0.000266412
0.00026265
0.00025903
0.000255574
0.000252306
0.000249249
0.000246427
0.000243863
0.000241583
0.000239608
0.000237962
0.000236668
0.000235746
0.000235219
0.000235106
0.000235427
0.000236202
0.00023745
0.00023919
0.000241441
0.000244225
0.000247566
0.000251492
0.000256041
0.000261437
0.000267731
0.000274931
0.000283102
0.000292337
0.000302767
0.000314578
0.000328035
0.000343516
0.000361563
0.000382928
0.000408608
0.000439731
0.000476896
0.000517956
0.00118362
0.0010739
0.000972117
0.000881778
0.000804715
0.000741512
0.000691815
0.000654413
0.000627604
0.00060953
0.000598621
0.000593174
0.000591875
0.000593705
0.000597886
0.000603836
0.000611126
0.000619443
0.000628561
0.000638313
0.00064858
0.000659272
0.000670319
0.000681661
0.000693241
0.000705002
0.000716877
0.000728794
0.000740667
0.000752399
0.000763886
0.000775016
0.000785676
0.000795759
0.000805172
0.000813843
0.000821726
0.000828804
0.000835095
0.000840641
0.000845511
0.000849787
0.00085356
0.000856924
0.000859964
0.000862757
0.000865368
0.000867846
0.000870227
0.000872536
0.000874785
0.000876976
0.000879595
0.000882764
0.000886499
0.000890807
0.000895693
0.000901156
0.000907194
0.000913798
0.000920955
0.000928646
0.000936842
0.00094551
0.000954607
0.000964083
0.000973879
0.000983931
0.000994167
0.00100451
0.00101489
0.00102522
0.00103542
0.00104541
0.00105513
0.00106449
0.00107344
0.00108191
0.00108987
0.00109725
0.00110404
0.00111019
0.00111568
0.00112049
0.00112462
0.00112805
0.00113078
0.00113281
0.00113414
0.00113476
0.00113469
0.00113393
0.00113247
0.00113033
0.00112751
0.001124
0.00111981
0.00111494
0.00110939
0.00110312
0.00109601
0.00108754
0.00107736
0.00106518
0.0010507
0.00103366
0.00101384
0.000991098
0.000965437
0.000937014
0.000906173
0.000873449
0.000839531
0.000805204
0.000771272
0.000738474
0.000707418
0.000678545
0.00065212
0.000628251
0.000606922
0.000588025
0.000571395
0.000556835
0.000544138
0.000533098
0.000523527
0.000515217
0.000507958
0.000501063
0.000494409
0.000487952
0.000481655
0.000475491
0.000469433
0.00046346
0.000457556
0.000451707
0.000445903
0.000440138
0.000434409
0.000428717
0.000423067
0.000417466
0.000411926
0.000406462
0.000401091
0.000395834
0.000390716
0.000385761
0.000380998
0.000376455
0.000372163
0.00036815
0.000364447
0.000361082
0.000358082
0.000355471
0.000353272
0.000351506
0.000350189
0.000349336
0.000348959
0.00034907
0.000349675
0.000350784
0.000352401
0.000354535
0.000357194
0.000360387
0.000364129
0.000368438
0.00037334
0.000379013
0.000385438
0.000392643
0.000400686
0.000409649
0.000419639
0.000430785
0.000443238
0.00045715
0.000472631
0.000489646
0.000507806
0.000525994
0.00054195
0.00185963
0.00172289
0.00158753
0.00145749
0.00133513
0.00122259
0.00112176
0.00103392
0.000959627
0.000898777
0.000850527
0.000813564
0.000786199
0.000766687
0.000753405
0.000744942
0.000740138
0.000738065
0.000738003
0.000739401
0.000741837
0.000744992
0.00074862
0.00075253
0.000756571
0.000760619
0.00076457
0.000768334
0.000771832
0.000774995
0.000777765
0.000780094
0.000781947
0.000783305
0.000784161
0.000784529
0.000784437
0.000783924
0.000783043
0.000781854
0.000780418
0.000778798
0.000777053
0.000775235
0.000773392
0.00077156
0.000769771
0.000768046
0.000766402
0.000764847
0.000763386
0.000762018
0.000760738
0.000759538
0.00075842
0.000757394
0.000756482
0.000755711
0.000755118
0.000754747
0.000754647
0.000754871
0.000755476
0.000756518
0.000758053
0.000760134
0.000762806
0.000766111
0.00077008
0.000774733
0.000780081
0.000786124
0.000792849
0.000800233
0.000808242
0.000816834
0.000825957
0.000835554
0.000845562
0.000855915
0.000866544
0.000877382
0.000888359
0.00089941
0.00091047
0.00092148
0.000932381
0.000943121
0.00095365
0.00096392
0.00097389
0.000983518
0.000992768
0.0010016
0.00100999
0.00101789
0.00102527
0.0010321
0.00103836
0.00104397
0.00104888
0.0010536
0.00105784
0.00106127
0.00106342
0.00106375
0.00106167
0.00105652
0.00104772
0.00103476
0.0010174
0.000995666
0.000969964
0.000941045
0.000909934
0.000877789
0.000845746
0.00081478
0.000785626
0.000758756
0.000734403
0.000712617
0.000693318
0.000676346
0.000661501
0.000648568
0.000637341
0.000627586
0.000619046
0.000610959
0.00060317
0.000595621
0.000588267
0.000581074
0.000574012
0.000567059
0.000560194
0.000553402
0.000546673
0.00054
0.000533381
0.000526818
0.000520316
0.000513886
0.000507543
0.000501303
0.000495189
0.000489226
0.00048344
0.000477862
0.000472524
0.000467456
0.000462692
0.000458261
0.000454195
0.000450518
0.000447254
0.000444423
0.000442037
0.000440109
0.000438641
0.000437636
0.000437091
0.000437
0.000437355
0.000438148
0.000439368
0.000441008
0.000443061
0.00044552
0.000448385
0.000451655
0.000455335
0.000459434
0.000464052
0.000469155
0.00047475
0.000480847
0.000487453
0.000494565
0.000502157
0.000510165
0.000518457
0.000526804
0.000534847
0.000542095
0.000548049
0.00250736
0.00236184
0.00221562
0.00207105
0.00192933
0.00179162
0.00165924
0.00153366
0.0014164
0.00130884
0.00121215
0.0011272
0.00105428
0.000993132
0.000943006
0.00090278
0.000871128
0.000846666
0.000828069
0.000814148
0.000803884
0.000796435
0.000791124
0.000787418
0.000784901
0.000783254
0.000782232
0.00078165
0.000781365
0.000781272
0.000781293
0.000781369
0.000781461
0.000781543
0.0007816
0.000781624
0.000781615
0.000781576
0.000781509
0.000781419
0.000781306
0.000781167
0.000780993
0.000780773
0.000780489
0.000780121
0.000779646
0.00077904
0.000778277
0.000777335
0.000776191
0.000774825
0.000773046
0.000770677
0.000767693
0.000764084
0.000759848
0.000754994
0.00074954
0.000743514
0.000736957
0.00072992
0.000722465
0.000714667
0.000706607
0.00069838
0.000690084
0.000681825
0.000673713
0.000665858
0.000658369
0.000651352
0.000644907
0.000639124
0.000634087
0.000629866
0.000626519
0.000624092
0.00062262
0.000622122
0.000622608
0.000624075
0.000626513
0.000629899
0.000634208
0.000639405
0.000645453
0.00065231
0.000659933
0.000668277
0.000677298
0.000686951
0.00069719
0.000707973
0.000719258
0.000731001
0.00074316
0.000755696
0.000768574
0.000781718
0.000795144
0.000810246
0.000827098
0.000845683
0.000865827
0.000887173
0.000909126
0.000930814
0.000951077
0.000968518
0.000981624
0.000988977
0.000989513
0.000982775
0.000969066
0.000949421
0.000925415
0.000898836
0.000871379
0.000844412
0.000818896
0.000795398
0.000774177
0.000755277
0.000738606
0.000724002
0.000711281
0.000700204
0.000690488
0.00068131
0.000672489
0.00066395
0.000655643
0.000647527
0.000639572
0.000631753
0.000624047
0.000616439
0.000608919
0.000601479
0.000594119
0.000586842
0.000579655
0.000572571
0.000565608
0.000558784
0.000552126
0.000545661
0.000539419
0.000533432
0.000527733
0.000522356
0.000517332
0.00051269
0.000508459
0.000504658
0.000501305
0.000498409
0.000495975
0.000494
0.000492474
0.000491384
0.000490709
0.000490428
0.000490515
0.000490945
0.000491695
0.000492741
0.000494062
0.000495642
0.000497466
0.000499521
0.0005018
0.000504295
0.000507
0.000509948
0.000513109
0.000516466
0.000519997
0.000523675
0.000527461
0.000531305
0.000535143
0.000538904
0.000542518
0.000545949
0.000549234
0.00315334
0.00301707
0.00287987
0.00274298
0.00260657
0.00247096
0.0023365
0.00220353
0.00207249
0.00194397
0.00181884
0.0016982
0.00158333
0.0014756
0.00137627
0.00128634
0.00120647
0.00113688
0.00107738
0.00102741
0.000986171
0.000952679
0.000925908
0.000904844
0.000888549
0.00087619
0.000867052
0.000860538
0.000856159
0.00085352
0.000852302
0.000852256
0.000853178
0.000854906
0.000857307
0.000860268
0.000863693
0.000867492
0.000871584
0.000875887
0.000880322
0.000884809
0.000889266
0.000893612
0.000897766
0.000901645
0.000905174
0.000908277
0.000910887
0.000912941
0.000914385
0.000915174
0.000915465
0.000915078
0.000913967
0.000912095
0.000909419
0.000905898
0.000901484
0.000896132
0.000889797
0.000882438
0.000874022
0.000864524
0.000853933
0.000842251
0.0008295
0.000815717
0.000800963
0.000785317
0.00076888
0.000751771
0.000734127
0.000716097
0.000697843
0.000679532
0.000661332
0.000643412
0.000625931
0.000609042
0.000592882
0.000577575
0.000563226
0.000549926
0.000537744
0.000526735
0.000516938
0.000508377
0.000501065
0.000495003
0.000490187
0.000486605
0.000484242
0.000483083
0.00048311
0.000484309
0.000486666
0.000490174
0.000494833
0.000500621
0.000507565
0.000516611
0.000528211
0.000542897
0.000561218
0.000583704
0.000610788
0.000642693
0.00067927
0.000719818
0.000762911
0.000806305
0.000847046
0.000881859
0.000907793
0.000922949
0.000926974
0.000921071
0.000907538
0.000889064
0.000868115
0.000846593
0.000825762
0.000806353
0.000788708
0.00077293
0.000758987
0.000746727
0.000735897
0.000725652
0.000715796
0.000706244
0.00069694
0.000687847
0.000678932
0.000670172
0.000661546
0.000653039
0.000644642
0.000636351
0.000628166
0.000620092
0.000612142
0.000604329
0.000596674
0.000589201
0.000581937
0.000574914
0.000568163
0.000561719
0.000555617
0.000549889
0.000544567
0.000539677
0.000535242
0.000531279
0.000527797
0.000524797
0.000522273
0.000520211
0.00051859
0.000517382
0.000516554
0.000516071
0.000515897
0.000515994
0.000516329
0.00051687
0.000517591
0.000518468
0.000519485
0.000520625
0.00052188
0.000523239
0.000524698
0.000526252
0.000527908
0.000529655
0.000531486
0.000533395
0.000535379
0.000537435
0.000539568
0.000541792
0.000544136
0.000546649
0.000549414
0.00376698
0.00365165
0.00353592
0.00342053
0.00330504
0.00318958
0.00307424
0.00295903
0.00284386
0.00272862
0.00261318
0.00249748
0.00238155
0.00226562
0.00215014
0.00203585
0.00192374
0.00181502
0.00171097
0.00161286
0.00152182
0.0014387
0.00136403
0.00129804
0.0012406
0.00119136
0.00114976
0.00111511
0.00108666
0.00106368
0.00104543
0.00103125
0.00102055
0.00101279
0.00100753
0.00100435
0.00100293
0.00100297
0.00100422
0.00100646
0.00100949
0.00101314
0.00101725
0.00102167
0.00102626
0.0010309
0.00103548
0.00103988
0.001044
0.00104775
0.00105106
0.00105384
0.00105621
0.00105849
0.00106069
0.0010628
0.00106481
0.00106668
0.00106838
0.00106984
0.00107098
0.0010717
0.00107187
0.00107135
0.00106999
0.00106762
0.00106407
0.00105917
0.00105275
0.00104465
0.00103473
0.00102289
0.00100904
0.000993137
0.000975183
0.00095522
0.00093334
0.000909678
0.000884412
0.000857759
0.000829968
0.000801311
0.000772076
0.000742556
0.000713042
0.000683813
0.000655129
0.000627225
0.000600306
0.000574547
0.000550089
0.000527043
0.000505488
0.000485478
0.000467043
0.000450196
0.000434932
0.000421244
0.000409118
0.000398518
0.00038939
0.000381088
0.000374028
0.000368834
0.000366247
0.000367133
0.000372478
0.000383376
0.000400996
0.000426497
0.000460863
0.000504597
0.000557266
0.000616955
0.000679893
0.000740654
0.00079325
0.000832879
0.000857414
0.000867732
0.000866808
0.000858312
0.000845518
0.000830833
0.000815803
0.000801322
0.000787866
0.00077561
0.000764506
0.00075385
0.000743479
0.000733318
0.000723329
0.000713487
0.000703774
0.000694178
0.000684688
0.000675298
0.000666007
0.000656817
0.000647738
0.00063878
0.000629964
0.000621309
0.000612844
0.000604598
0.000596605
0.000588901
0.000581523
0.000574508
0.000567894
0.000561713
0.000555998
0.000550772
0.000546056
0.00054186
0.000538187
0.000535031
0.000532379
0.000530204
0.000528478
0.000527162
0.000526215
0.000525593
0.000525251
0.000525147
0.000525242
0.000525501
0.000525896
0.000526403
0.000527006
0.000527691
0.000528451
0.000529282
0.000530181
0.00053115
0.000532193
0.000533316
0.000534524
0.000535828
0.00053724
0.000538776
0.000540459
0.000542321
0.0005444
0.000546749
0.000549434
0.00427587
0.00418675
0.00409756
0.00400918
0.00392074
0.00383248
0.00374452
0.0036569
0.00356955
0.00348228
0.00339488
0.00330705
0.00321852
0.00312898
0.00303818
0.00294588
0.00285191
0.00275621
0.00265884
0.00256006
0.00246033
0.00236035
0.00226099
0.00216324
0.00206817
0.00197679
0.00188999
0.00180849
0.00173276
0.00166307
0.00159943
0.00154171
0.00148959
0.00144267
0.0014005
0.00136261
0.00132855
0.00129792
0.00127036
0.00124559
0.00122339
0.00120358
0.00118604
0.00117067
0.00115737
0.00114605
0.00113659
0.00112886
0.0011227
0.00111793
0.00111436
0.00111178
0.00110999
0.00110907
0.00110866
0.00110877
0.00110953
0.00111108
0.00111353
0.001117
0.00112157
0.00112728
0.00113415
0.00114215
0.00115123
0.00116128
0.00117214
0.00118362
0.00119547
0.00120739
0.00121904
0.00123006
0.00124001
0.00124847
0.00125497
0.00125907
0.00126033
0.00125833
0.00125272
0.0012432
0.00122957
0.00121173
0.00118966
0.00116348
0.00113341
0.00109976
0.00106297
0.0010235
0.000981912
0.00093877
0.000894653
0.000850123
0.000805708
0.000761884
0.000719064
0.000677596
0.000637755
0.000599756
0.00056376
0.000529836
0.000497894
0.000465278
0.000432398
0.00040005
0.000369169
0.000340782
0.000315954
0.00029575
0.000281217
0.000273412
0.000273472
0.000282699
0.000302609
0.000334829
0.000380659
0.000440151
0.000510803
0.000586605
0.000658777
0.000718718
0.000761473
0.000787015
0.000798755
0.00080109
0.00079777
0.000791397
0.0007836
0.000775321
0.000767055
0.000758651
0.000750072
0.000741314
0.000732392
0.000723326
0.000714139
0.000704851
0.000695483
0.000686053
0.000676586
0.000667104
0.000657637
0.000648216
0.000638877
0.00062966
0.000620607
0.000611765
0.000603182
0.000594905
0.000586983
0.000579463
0.00057239
0.000565801
0.000559732
0.000554207
0.000549245
0.000544854
0.000541032
0.000537767
0.000535036
0.000532808
0.000531045
0.000529701
0.000528729
0.000528077
0.000527696
0.000527541
0.00052757
0.000527746
0.000528042
0.000528435
0.000528907
0.00052945
0.000530056
0.000530724
0.000531457
0.000532257
0.000533131
0.000534088
0.000535139
0.000536297
0.000537578
0.000539004
0.0005406
0.000542397
0.000544433
0.000546759
0.000549436
0.00461328
0.00455142
0.00448901
0.00442783
0.00436663
0.00430591
0.00424592
0.00418689
0.0041289
0.0040719
0.00401578
0.00396029
0.00390516
0.00385005
0.00379461
0.00373846
0.00368125
0.00362264
0.00356235
0.00350013
0.00343582
0.00336932
0.00330063
0.00322982
0.00315711
0.00308279
0.00300728
0.00293105
0.00285464
0.00277857
0.00270332
0.00262927
0.00255667
0.00248561
0.00241604
0.00234774
0.00228039
0.00221358
0.00214686
0.00207984
0.00201219
0.00194374
0.00187454
0.00180487
0.00173528
0.00166653
0.00159956
0.0015354
0.00147508
0.00141949
0.00136934
0.00132507
0.00128681
0.00125441
0.00122847
0.00120495
0.00118304
0.00116279
0.00114432
0.00112788
0.00111372
0.00110204
0.00109309
0.00108707
0.00108415
0.00108448
0.00108819
0.00109537
0.00110608
0.00112033
0.0011381
0.0011593
0.00118378
0.00121132
0.00124158
0.00127416
0.00130849
0.00134393
0.00137967
0.00141478
0.00144824
0.00147892
0.00150564
0.00152722
0.00154254
0.00155062
0.00155063
0.00154203
0.00152455
0.00149826
0.00146356
0.0014211
0.00137184
0.00131688
0.00125744
0.00119474
0.00112998
0.00106425
0.000998518
0.000933539
0.000869475
0.000801585
0.000730365
0.000657178
0.00058382
0.00051236
0.000444943
0.000383558
0.000329818
0.000284826
0.000249172
0.000223074
0.000206632
0.000200131
0.000204344
0.00022075
0.000251457
0.000298467
0.000361854
0.000437232
0.000514883
0.000583265
0.000634984
0.000669385
0.000690158
0.000701778
0.000707687
0.000710068
0.000710309
0.000709362
0.000707405
0.000704539
0.00070085
0.000696421
0.000691325
0.000685627
0.000679387
0.000672662
0.000665509
0.000657986
0.000650153
0.000642073
0.000633814
0.000625448
0.000617049
0.000608694
0.000600462
0.00059243
0.000584675
0.000577266
0.000570269
0.000563741
0.00055773
0.00055227
0.000547387
0.000543093
0.000539384
0.000536248
0.000533659
0.000531581
0.000529971
0.000528777
0.000527948
0.00052743
0.00052717
0.000527121
0.000527241
0.000527494
0.000527852
0.000528295
0.000528806
0.000529378
0.000530007
0.000530691
0.000531435
0.000532243
0.000533123
0.000534083
0.000535136
0.000536295
0.000537578
0.000539004
0.0005406
0.000542397
0.000544433
0.000546759
0.000549436
0.00473918
0.00470305
0.00466497
0.00462823
0.00459134
0.00455505
0.00451975
0.00448584
0.00445358
0.00442315
0.00439458
0.00436783
0.00434277
0.00431921
0.00429689
0.00427555
0.00425488
0.00423457
0.00421428
0.0041937
0.00417251
0.0041504
0.00412711
0.00410242
0.00407617
0.00404825
0.00401865
0.00398742
0.00395468
0.00392061
0.00388544
0.0038494
0.00381272
0.00377558
0.00373812
0.00370036
0.00366222
0.00362347
0.00358368
0.00354225
0.00349826
0.00345056
0.00339772
0.00333817
0.00327024
0.00319237
0.00310322
0.00300191
0.00288825
0.00276296
0.00262774
0.0024853
0.00233923
0.00219369
0.00205284
0.00192532
0.00181444
0.00171444
0.00162115
0.00153455
0.00145458
0.00138105
0.00131389
0.00125307
0.00119856
0.00115032
0.00110834
0.00107259
0.00104307
0.00101978
0.00100275
0.000992046
0.00098775
0.000989988
0.000998915
0.00101471
0.00103758
0.0010677
0.00110523
0.00115026
0.00120274
0.00126243
0.0013288
0.00140096
0.00147754
0.00155667
0.00163591
0.00171233
0.00178261
0.0018433
0.00189114
0.00192334
0.001938
0.00193425
0.00191237
0.00187366
0.00182019
0.00175446
0.00167913
0.00159658
0.00150786
0.00140744
0.00129553
0.00117371
0.00104472
0.00091241
0.000781422
0.000656692
0.000542721
0.000442868
0.000358928
0.000291114
0.000238428
0.000199232
0.000171828
0.000154938
0.000148067
0.000151788
0.000167892
0.000199029
0.000247005
0.000309285
0.00037654
0.000436591
0.000482421
0.000514494
0.000536661
0.00055241
0.000564091
0.000573948
0.000582332
0.000589379
0.000595181
0.00059981
0.000603326
0.00060578
0.000607217
0.000607683
0.000607222
0.000605882
0.000603718
0.000600795
0.000597185
0.000592974
0.000588255
0.000583134
0.000577722
0.000572136
0.000566493
0.000560908
0.000555488
0.000550331
0.000545521
0.000541125
0.000537196
0.000533764
0.000530845
0.000528436
0.000526519
0.000525064
0.00052403
0.000523368
0.000523029
0.00052296
0.00052311
0.000523436
0.000523898
0.000524465
0.000525111
0.000525821
0.000526582
0.000527389
0.000528241
0.000529139
0.000530088
0.000531092
0.00053216
0.000533297
0.000534515
0.000535824
0.000537238
0.000538775
0.000540459
0.00054232
0.000544399
0.000546749
0.000549434
0.00464478
0.00463134
0.00461395
0.00459779
0.00458117
0.00456509
0.00455
0.00453645
0.00452484
0.0045155
0.00450863
0.00450437
0.00450275
0.00450375
0.00450726
0.00451315
0.00452126
0.00453138
0.00454329
0.00455675
0.00457149
0.00458725
0.00460376
0.00462075
0.00463798
0.0046552
0.00467221
0.00468883
0.0047049
0.0047203
0.00473494
0.00474874
0.00476161
0.00477346
0.00478417
0.00479357
0.00480142
0.00480746
0.00481135
0.00481274
0.00481109
0.00480571
0.00479575
0.00478035
0.00475875
0.00473027
0.00469429
0.00465013
0.00459686
0.00453312
0.00445693
0.00436557
0.00425578
0.00412425
0.00396836
0.00378665
0.00357938
0.00335901
0.00313905
0.00292743
0.00272492
0.00252909
0.00234142
0.00216361
0.00199665
0.00184128
0.00169789
0.00156664
0.00144745
0.00134005
0.00124412
0.00115924
0.00108501
0.00102105
0.000967013
0.000922629
0.000887716
0.000862204
0.000846165
0.000839838
0.000843656
0.000858274
0.000884573
0.000923661
0.000976827
0.00104545
0.00113081
0.00123377
0.00135434
0.00149097
0.00163998
0.00179503
0.00194724
0.00208614
0.00220146
0.0022853
0.00233377
0.00234732
0.00232979
0.00228649
0.00222148
0.00213208
0.00201766
0.00187839
0.00171581
0.0015336
0.00133794
0.00113739
0.000941876
0.000761099
0.00060266
0.000470733
0.000365807
0.000285471
0.000225739
0.000182311
0.000151453
0.000130491
0.000118043
0.00011413
0.000120201
0.000138782
0.000171713
0.000216134
0.000262444
0.000300865
0.00032894
0.000349445
0.000365523
0.00038026
0.000394174
0.000407414
0.000420026
0.000432014
0.000443365
0.00045405
0.000464033
0.000473271
0.000481717
0.000489323
0.000496042
0.000501839
0.000506687
0.000510578
0.000513526
0.000515569
0.000516768
0.000517213
0.000517013
0.000516296
0.000515197
0.000513855
0.000512405
0.000510965
0.000509641
0.000508512
0.000507638
0.000507053
0.000506771
0.000506788
0.000507085
0.000507631
0.000508391
0.000509327
0.000510402
0.000511583
0.000512842
0.000514157
0.000515516
0.000516909
0.000518335
0.000519796
0.000521296
0.000522842
0.00052444
0.000526097
0.000527817
0.000529604
0.000531459
0.000533381
0.000535372
0.000537432
0.000539567
0.000541792
0.000544135
0.000546649
0.000549414
0.00434692
0.00435245
0.00435183
0.00435222
0.00435183
0.00435183
0.00435267
0.00435498
0.00435924
0.00436588
0.00437521
0.00438749
0.00440287
0.00442147
0.0044433
0.00446837
0.00449663
0.004528
0.00456237
0.00459961
0.00463956
0.00468205
0.00472686
0.00477379
0.00482258
0.00487297
0.0049247
0.00497746
0.00503096
0.00508488
0.00513889
0.00519264
0.00524576
0.00529785
0.00534845
0.00539707
0.00544315
0.00548615
0.00552558
0.00556112
0.00559251
0.00561926
0.00564075
0.00565633
0.00566549
0.00566784
0.00566299
0.00565052
0.00562988
0.00560039
0.00556119
0.00551138
0.00545019
0.00537719
0.00529233
0.00519568
0.00508742
0.00496708
0.00483147
0.00467399
0.00449417
0.00429815
0.00408969
0.00387187
0.00364387
0.00340807
0.00316823
0.00292842
0.00269251
0.00246391
0.00224542
0.00203918
0.00184673
0.00166909
0.00150681
0.00136006
0.00122869
0.00111233
0.00101043
0.000922404
0.000847682
0.000785817
0.000736553
0.000699892
0.000676177
0.000666195
0.000671346
0.000693859
0.000737037
0.000805442
0.000904847
0.00104161
0.00122082
0.00144272
0.00169769
0.00196319
0.0022076
0.00240248
0.00253477
0.00260828
0.00263524
0.00262338
0.00257375
0.00248562
0.00235792
0.00219093
0.00198767
0.00175478
0.0015029
0.00124605
0.000999882
0.00077882
0.000592998
0.00044631
0.000336666
0.000258045
0.000203031
0.000164683
0.000137504
0.000117839
0.000104066
9.65963e-05
9.75151e-05
0.000109462
0.000132615
0.000160585
0.000183892
0.000199611
0.000210599
0.000220447
0.000230149
0.000240032
0.000250198
0.000260675
0.000271467
0.000282559
0.000293924
0.000305519
0.000317289
0.000329157
0.000341031
0.000352804
0.000364352
0.000375545
0.000386249
0.000396336
0.000405696
0.000414243
0.000421925
0.000428731
0.000434689
0.000439864
0.000444351
0.000448262
0.000451719
0.000454839
0.000457728
0.000460473
0.000463141
0.000465778
0.00046841
0.000471051
0.000473703
0.000476361
0.000479018
0.000481671
0.000484315
0.000486954
0.000489596
0.000492254
0.000494944
0.000497686
0.000500503
0.000503415
0.000506443
0.000509601
0.000512901
0.000516346
0.000519932
0.000523641
0.000527445
0.000531297
0.00053514
0.000538902
0.000542518
0.000545948
0.000549234
0.00387905
0.00389943
0.00391177
0.00392493
0.00393702
0.00394932
0.00396227
0.00397652
0.00399258
0.0040109
0.00403186
0.00405579
0.00408291
0.00411342
0.00414742
0.004185
0.0042262
0.00427105
0.00431953
0.0043716
0.0044272
0.00448622
0.00454854
0.004614
0.00468239
0.00475346
0.00482694
0.00490248
0.00497973
0.00505825
0.00513759
0.00521723
0.00529659
0.00537507
0.00545197
0.00552655
0.00559797
0.00566535
0.0057279
0.00578521
0.00583716
0.00588332
0.00592315
0.005956
0.00598158
0.00599964
0.00601003
0.00601268
0.00600743
0.00599411
0.00597254
0.00594256
0.00590419
0.00585769
0.0058036
0.00574261
0.00567534
0.00560189
0.00552139
0.00543236
0.00533378
0.00522442
0.00510146
0.00496149
0.00480929
0.00464747
0.00447758
0.00429849
0.00410928
0.00390909
0.00369732
0.00347403
0.00324033
0.00299873
0.00275281
0.00250683
0.0022653
0.00203246
0.00181183
0.00160596
0.00141654
0.00124455
0.00109048
0.000954499
0.000836535
0.000736207
0.000653004
0.000586556
0.000536966
0.000505195
0.000493565
0.00050656
0.000552199
0.000644103
0.000802786
0.00105108
0.00139363
0.00178478
0.00213548
0.00238805
0.00255313
0.00265824
0.00271274
0.00271918
0.00267658
0.00258381
0.00244144
0.00225279
0.00202418
0.00176496
0.00148759
0.00120757
0.000942544
0.000709518
0.000520449
0.000378876
0.000280185
0.000215096
0.000173496
0.000146622
0.000127746
0.000112513
9.96347e-05
9.12984e-05
9.1823e-05
0.000103539
0.000120741
0.00013302
0.000138548
0.000141527
0.000144129
0.000147105
0.000150647
0.000154798
0.000159573
0.000164986
0.000171054
0.000177796
0.000185227
0.000193357
0.000202185
0.000211697
0.000221859
0.000232616
0.000243886
0.000255563
0.000267515
0.000279587
0.000291616
0.000303435
0.000314888
0.000325843
0.000336201
0.000345902
0.000354925
0.000363282
0.000371013
0.000378175
0.00038483
0.000391043
0.000396875
0.000402376
0.000407595
0.000412572
0.000417345
0.00042195
0.000426425
0.000430811
0.000435151
0.000439493
0.000443886
0.000448383
0.000453041
0.000457914
0.000463057
0.000468524
0.000474364
0.00048062
0.000487325
0.000494496
0.000502122
0.000510148
0.00051845
0.000526801
0.000534846
0.000542094
0.000548049
0.00328438
0.00331507
0.00333662
0.00335882
0.00337977
0.00340078
0.00342225
0.00344479
0.00346891
0.00349506
0.00352365
0.00355502
0.00358942
0.00362709
0.00366818
0.00371284
0.00376117
0.00381324
0.00386911
0.00392882
0.00399236
0.00405971
0.0041308
0.00420552
0.00428373
0.00436519
0.00444966
0.00453678
0.00462618
0.00471739
0.00480987
0.00490302
0.00499619
0.00508862
0.00517952
0.00526798
0.005353
0.00543343
0.00550812
0.00557648
0.00563858
0.00569402
0.00574228
0.00578267
0.0058152
0.00583978
0.00585657
0.00586584
0.00586774
0.00586221
0.00584951
0.00583052
0.00580519
0.00577377
0.00573668
0.00569436
0.00564722
0.00559551
0.00553915
0.00547789
0.00541147
0.00533947
0.00526115
0.00517629
0.0050856
0.00498891
0.00488402
0.00477238
0.0046544
0.00452958
0.00439653
0.0042532
0.00409682
0.00392913
0.00375236
0.00356609
0.00337018
0.00316444
0.00294853
0.00272238
0.00248673
0.00224377
0.00199759
0.00175401
0.00152036
0.00130247
0.00110406
0.000927037
0.000772164
0.000639895
0.000530787
0.000445349
0.000384077
0.000349358
0.000348645
0.000400645
0.000547275
0.000857285
0.00132954
0.00177457
0.00209412
0.00232337
0.00248595
0.0025906
0.00263824
0.00262864
0.00256336
0.00244638
0.00228377
0.00208254
0.00185006
0.00159406
0.00132406
0.00105321
0.000799022
0.000580192
0.000409888
0.000290408
0.000214223
0.000169586
0.000145249
0.000131983
0.000122389
0.000111584
9.99255e-05
9.44087e-05
0.00010198
0.000115562
0.000121214
0.000120202
0.000117459
0.00011507
0.00011347
0.000112633
0.000112474
0.000112929
0.000113963
0.000115561
0.000117725
0.000120464
0.000123799
0.000127752
0.000132349
0.000137615
0.00014357
0.000150226
0.000157582
0.000165619
0.000174298
0.000183556
0.000193305
0.000203437
0.000213825
0.00022433
0.000234817
0.000245156
0.000255234
0.000264964
0.000274281
0.000283148
0.000291552
0.000299498
0.000307009
0.000314121
0.000320878
0.000327336
0.000333556
0.000339606
0.000345559
0.000351493
0.000357493
0.000363645
0.000370043
0.000376782
0.000383964
0.000391698
0.0004001
0.000409299
0.000419438
0.000430674
0.00044318
0.000457121
0.000472618
0.00048964
0.000507804
0.000525994
0.00054195
0.00261289
0.00264882
0.00267558
0.00270287
0.00272887
0.00275481
0.00278103
0.0028081
0.00283647
0.00286658
0.00289882
0.0029335
0.00297091
0.00301126
0.00305476
0.00310154
0.00315175
0.0032055
0.00326288
0.00332397
0.00338883
0.00345748
0.00352991
0.00360606
0.00368584
0.00376907
0.00385553
0.00394491
0.00403684
0.00413086
0.00422644
0.00432295
0.0044197
0.00451592
0.00461075
0.00470326
0.00479235
0.00487667
0.00495453
0.00502499
0.00508874
0.0051455
0.00519474
0.00523583
0.00526884
0.00529413
0.0053123
0.00532367
0.00532853
0.00532717
0.00532004
0.0053078
0.00529072
0.0052691
0.0052433
0.00521363
0.00518038
0.00514376
0.00510384
0.00506057
0.00501394
0.00496386
0.00491019
0.00485289
0.00479211
0.00472779
0.00465962
0.00458761
0.00451133
0.00443015
0.00434343
0.00425058
0.00415122
0.00404566
0.00393454
0.00381837
0.00369752
0.00357193
0.00344083
0.0033024
0.00315353
0.00298976
0.00280534
0.00259326
0.00236971
0.00213829
0.00189943
0.00165447
0.00140681
0.00116335
0.000935303
0.000734175
0.000563742
0.000424691
0.000319012
0.000250577
0.000227866
0.000288932
0.000553783
0.00104009
0.00148498
0.00182107
0.00207777
0.00226699
0.00239088
0.00245026
0.00244909
0.00239372
0.00229234
0.00215303
0.00198257
0.00178582
0.00156632
0.00132812
0.00107866
0.000831416
0.000605827
0.000421367
0.000288318
0.000203724
0.000156265
0.000133551
0.000125442
0.000123491
0.00011994
0.000110699
0.000103608
0.000113285
0.000126087
0.000125871
0.000119623
0.000113163
0.000108021
0.00010413
0.000101179
9.89339e-05
9.72418e-05
9.6009e-05
9.51788e-05
9.47186e-05
9.46139e-05
9.48627e-05
9.54725e-05
9.64575e-05
9.78366e-05
9.96319e-05
0.000101867
0.000104565
0.000107745
0.000111424
0.000115609
0.000120298
0.000125476
0.000131114
0.000137168
0.000143582
0.000150286
0.000157203
0.000164252
0.000171355
0.000178441
0.000185452
0.000192343
0.000199089
0.000205682
0.000212133
0.000218472
0.000224741
0.000231001
0.000237325
0.000243795
0.000250505
0.000257559
0.000265067
0.000273153
0.000281951
0.000291617
0.000302332
0.000314324
0.000327893
0.00034344
0.000361524
0.000382909
0.000408599
0.000439727
0.000476895
0.000517956
0.00191967
0.00195532
0.00198292
0.00201096
0.00203784
0.0020646
0.00209153
0.0021191
0.00214769
0.00217769
0.00220943
0.0022432
0.00227925
0.0023178
0.00235902
0.00240307
0.00245007
0.00250016
0.00255344
0.00261002
0.00266996
0.00273335
0.0028002
0.0028705
0.00294421
0.00302122
0.00310136
0.00318438
0.00326997
0.00335774
0.00344719
0.00353776
0.00362881
0.00371961
0.00380935
0.00389714
0.00398192
0.0040622
0.00413545
0.00419976
0.00425762
0.00430894
0.00435303
0.00438972
0.00441935
0.00444235
0.00445922
0.00447029
0.00447592
0.00447656
0.00447272
0.00446495
0.00445359
0.00443898
0.00442141
0.00440113
0.00437833
0.00435317
0.00432573
0.00429607
0.00426422
0.00423025
0.00419418
0.00415603
0.00411586
0.00407368
0.00402944
0.00398309
0.00393453
0.00388357
0.00383009
0.0037735
0.00371291
0.00364836
0.00357998
0.00350789
0.0034322
0.00335283
0.0032694
0.00318113
0.00308684
0.00298508
0.00287455
0.00275482
0.00262752
0.00249286
0.00234816
0.00218718
0.00199981
0.00177237
0.0015128
0.00125836
0.00100551
0.000757325
0.00053218
0.000352207
0.000221279
0.000151322
0.000183237
0.000454411
0.000913647
0.00131358
0.00164041
0.00189416
0.00207599
0.00218687
0.00223344
0.00222427
0.00216951
0.00207844
0.00195839
0.00181391
0.00164705
0.0014585
0.00124958
0.00102496
0.000795701
0.000580181
0.000399578
0.00026775
0.000184392
0.000138755
0.00011817
0.000112636
0.000114616
0.000117072
0.000113568
0.000111495
0.000129104
0.000136455
0.000130082
0.000120554
0.000112775
0.000107088
0.00010283
9.94828e-05
9.67392e-05
9.44149e-05
9.23962e-05
9.06169e-05
8.90473e-05
8.76765e-05
8.65014e-05
8.55229e-05
8.47451e-05
8.41739e-05
8.38168e-05
8.36817e-05
8.37767e-05
8.41093e-05
8.46857e-05
8.55105e-05
8.65858e-05
8.79103e-05
8.94794e-05
9.12844e-05
9.33124e-05
9.55468e-05
9.79677e-05
0.000100553
0.00010328
0.000106126
0.000109073
0.000112108
0.000115223
0.000118421
0.000121715
0.00012513
0.000128704
0.00013249
0.000136555
0.000140981
0.000145863
0.000151316
0.000157467
0.000164462
0.000172463
0.000181659
0.000192276
0.000204608
0.000219076
0.000236341
0.000257512
0.000284511
0.00032075
0.000372203
0.000448374
0.0012615
0.00129151
0.00131548
0.00133982
0.0013633
0.00138671
0.00141025
0.00143426
0.00145904
0.00148489
0.00151205
0.00154078
0.00157127
0.0016037
0.0016382
0.00167492
0.00171396
0.00175543
0.00179943
0.00184605
0.00189538
0.00194749
0.00200243
0.00206021
0.00212083
0.00218423
0.00225031
0.00231891
0.00238979
0.00246265
0.00253714
0.0026128
0.0026891
0.00276547
0.00284123
0.00291566
0.00298787
0.00305647
0.00311783
0.0031683
0.00321367
0.00325364
0.00328793
0.00331631
0.0033392
0.00335705
0.00337021
0.00337893
0.00338357
0.00338458
0.00338244
0.00337761
0.00337039
0.00336105
0.00334983
0.00333691
0.00332242
0.00330645
0.00328908
0.00327033
0.00325027
0.003229
0.00320659
0.0031831
0.00315857
0.00313304
0.00310653
0.00307901
0.00305048
0.00302089
0.00299023
0.00295846
0.00292573
0.00289095
0.00285403
0.00281499
0.00277385
0.00273057
0.00268501
0.00263683
0.0025855
0.00253034
0.00247062
0.00240578
0.00233549
0.0022591
0.00217522
0.00208156
0.00197522
0.00185386
0.0017179
0.00156635
0.00138617
0.00115294
0.000874111
0.000612336
0.000362294
0.000180748
9.59319e-05
0.000166115
0.000492785
0.000891323
0.00125723
0.00155308
0.00177439
0.00192136
0.00200243
0.00202745
0.0020075
0.0019523
0.00186946
0.0017636
0.00163664
0.00148851
0.00131856
0.00112751
0.000920008
0.000707388
0.000508467
0.000344394
0.000227939
0.000157095
0.000120072
0.000104091
9.94168e-05
9.9575e-05
0.000101233
0.000102788
0.000119487
0.000131075
0.000132531
0.000123703
0.000114548
0.000107912
0.00010311
9.94066e-05
9.64135e-05
9.38936e-05
9.16646e-05
8.96071e-05
8.76902e-05
8.59284e-05
8.43249e-05
8.28787e-05
8.1586e-05
8.04421e-05
7.94415e-05
7.85784e-05
7.78466e-05
7.72393e-05
7.67491e-05
7.6368e-05
7.60871e-05
7.58969e-05
7.57873e-05
7.57473e-05
7.57656e-05
7.58307e-05
7.59309e-05
7.60552e-05
7.61933e-05
7.63362e-05
7.64767e-05
7.66102e-05
7.67348e-05
7.68528e-05
7.69709e-05
7.71013e-05
7.72632e-05
7.74838e-05
7.78004e-05
7.82627e-05
7.89358e-05
7.99041e-05
8.1276e-05
8.31895e-05
8.58181e-05
8.93774e-05
9.41311e-05
0.000100399
0.000108577
0.000119202
0.000133126
0.00015197
0.000179248
0.000223393
0.000309452
0.000692965
0.000713024
0.000729448
0.00074622
0.00076254
0.000778892
0.00079539
0.000812255
0.000829669
0.000847819
0.000866875
0.000886991
0.000908302
0.000930922
0.000954951
0.000980476
0.00100757
0.00103632
0.00106678
0.00109902
0.00113311
0.0011691
0.00120702
0.00124692
0.00128878
0.00133261
0.00137833
0.00142587
0.00147509
0.0015258
0.00157778
0.00163075
0.00168435
0.00173821
0.00179189
0.00184492
0.00189671
0.00194629
0.00198936
0.00202049
0.00204863
0.00207299
0.00209364
0.00211051
0.00212391
0.00213424
0.0021417
0.00214643
0.00214872
0.00214886
0.00214724
0.00214415
0.00213978
0.00213433
0.00212794
0.0021207
0.0021127
0.00210398
0.00209457
0.00208449
0.00207377
0.0020625
0.00205074
0.00203854
0.00202595
0.00201299
0.0019997
0.00198607
0.00197211
0.00195783
0.00194326
0.0019284
0.00191338
0.00189845
0.00188264
0.00186589
0.00184823
0.00182969
0.00181029
0.00178998
0.00176865
0.00174609
0.00172205
0.00169628
0.00166853
0.00163845
0.00160542
0.00156839
0.00152585
0.00147596
0.00141677
0.00134546
0.00125706
0.00114636
0.00101296
0.000849388
0.000562251
0.000283596
9.28285e-05
7.80093e-05
0.000252711
0.000588114
0.00095782
0.00127499
0.00151938
0.00169052
0.00179636
0.00184699
0.00185326
0.00182473
0.00176896
0.00169069
0.001592
0.00147282
0.00133204
0.00116895
0.000985173
0.000787239
0.00058895
0.000410685
0.000271855
0.000180021
0.000128336
0.000103449
9.28303e-05
8.6646e-05
7.94652e-05
7.40808e-05
0.000100543
9.91059e-05
0.000109306
0.000109653
0.000104902
9.96083e-05
9.4608e-05
9.02313e-05
8.6749e-05
8.4106e-05
8.19944e-05
8.01049e-05
7.82969e-05
7.66579e-05
7.52011e-05
7.39224e-05
7.281e-05
7.18512e-05
7.10332e-05
7.03432e-05
6.97687e-05
6.9297e-05
6.89155e-05
6.86114e-05
6.83714e-05
6.81826e-05
6.80317e-05
6.79054e-05
6.77907e-05
6.76749e-05
6.75459e-05
6.73918e-05
6.72018e-05
6.69655e-05
6.66735e-05
6.63167e-05
6.58871e-05
6.53769e-05
6.47788e-05
6.40861e-05
6.32922e-05
6.23912e-05
6.1378e-05
6.02495e-05
5.90055e-05
5.76519e-05
5.62041e-05
5.46938e-05
5.31779e-05
5.1751e-05
5.05618e-05
4.98313e-05
4.98716e-05
5.11128e-05
5.41677e-05
6.00469e-05
7.08354e-05
9.1907e-05
0.000143291
0.000267721
0.000275838
0.000282541
0.000289515
0.000296404
0.000303404
0.000310556
0.00031795
0.000325661
0.000333767
0.000342339
0.000351444
0.00036114
0.000371478
0.000382501
0.000394249
0.000406757
0.00042006
0.000434189
0.000449175
0.000465046
0.000481827
0.00049954
0.000518198
0.000537806
0.000558359
0.000579836
0.000602202
0.000625402
0.000649361
0.00067398
0.000699138
0.00072469
0.000750468
0.000776289
0.000801953
0.000827246
0.000851782
0.000872296
0.000883602
0.000893395
0.000901441
0.000908012
0.000913125
0.000916908
0.00091957
0.000921192
0.000921831
0.000921606
0.000920656
0.000919137
0.000917171
0.000914832
0.000912193
0.000909306
0.00090621
0.000902925
0.000899464
0.000895834
0.00089204
0.000888091
0.000884014
0.000879842
0.000875596
0.000871294
0.000866952
0.000862578
0.000858179
0.00085376
0.000849331
0.000844906
0.000840504
0.000836165
0.000831994
0.000828039
0.000823744
0.000819193
0.000814456
0.000809589
0.000804629
0.000799594
0.00079448
0.000789271
0.000783946
0.000778504
0.000772952
0.000767289
0.000761467
0.000755392
0.00074895
0.000742071
0.000734643
0.000726018
0.000714009
0.000692578
0.000649577
0.000561659
0.000374766
0.000100303
5.65568e-05
0.000145326
0.00039823
0.000741766
0.00106328
0.00131853
0.0015053
0.00162883
0.00169859
0.00172446
0.0017156
0.00167939
0.00162068
0.00154175
0.00144275
0.00132253
0.00117991
0.00101517
0.000832213
0.000641126
0.000459451
0.00030818
0.000201225
0.000137585
0.000105515
9.12734e-05
8.25851e-05
6.95143e-05
4.85851e-05
7.33671e-05
7.30796e-05
8.02652e-05
8.10176e-05
7.8467e-05
7.67687e-05
7.36076e-05
6.85423e-05
6.42109e-05
6.11183e-05
5.90415e-05
5.77451e-05
5.63944e-05
5.52184e-05
5.42228e-05
5.33968e-05
5.27205e-05
5.21763e-05
5.17484e-05
5.14229e-05
5.11871e-05
5.10292e-05
5.09381e-05
5.09033e-05
5.09147e-05
5.09624e-05
5.10371e-05
5.11299e-05
5.12322e-05
5.13362e-05
5.14347e-05
5.1521e-05
5.15892e-05
5.16342e-05
5.16512e-05
5.16362e-05
5.15853e-05
5.14948e-05
5.13608e-05
5.11789e-05
5.09435e-05
5.06475e-05
5.02807e-05
4.9829e-05
4.92724e-05
4.85821e-05
4.77183e-05
4.6627e-05
4.52387e-05
4.34728e-05
4.12522e-05
3.8537e-05
3.53814e-05
3.20035e-05
2.88358e-05
2.65323e-05
2.60329e-05
2.91791e-05
4.27103e-05
4.21729e-05
4.23361e-05
4.25076e-05
4.26882e-05
4.2886e-05
4.31036e-05
4.33448e-05
4.36124e-05
4.39095e-05
4.42386e-05
4.46024e-05
4.50028e-05
4.54418e-05
4.5921e-05
4.6442e-05
4.70061e-05
4.76147e-05
4.82689e-05
4.89698e-05
4.97183e-05
5.05148e-05
5.13594e-05
5.2252e-05
5.31914e-05
5.41763e-05
5.52042e-05
5.62723e-05
5.73765e-05
5.85119e-05
5.96729e-05
6.08526e-05
6.20433e-05
6.32367e-05
6.44235e-05
6.55944e-05
6.67406e-05
6.78549e-05
6.89503e-05
7.02913e-05
7.19877e-05
7.34856e-05
7.4834e-05
7.6055e-05
7.71498e-05
7.8118e-05
7.89749e-05
7.97268e-05
8.03762e-05
8.09295e-05
8.13951e-05
8.17839e-05
8.21061e-05
8.23694e-05
8.25808e-05
8.27463e-05
8.28709e-05
8.29585e-05
8.30122e-05
8.30345e-05
8.30271e-05
8.2992e-05
8.29317e-05
8.28489e-05
8.27464e-05
8.26266e-05
8.24916e-05
8.23435e-05
8.21836e-05
8.20134e-05
8.18342e-05
8.16472e-05
8.1454e-05
8.12562e-05
8.10564e-05
8.08603e-05
8.06785e-05
8.0503e-05
8.03297e-05
8.0157e-05
7.99848e-05
7.98136e-05
7.96441e-05
7.94774e-05
7.93147e-05
7.91584e-05
7.90117e-05
7.88794e-05
7.87677e-05
7.86849e-05
7.86434e-05
7.86648e-05
7.87867e-05
7.90697e-05
7.96177e-05
8.06406e-05
8.2426e-05
8.40113e-05
8.41181e-05
6.84433e-05
5.04397e-05
0.000103127
0.00028939
0.000594525
0.000908586
0.00116761
0.00136407
0.00150002
0.00158368
0.00162384
0.00162923
0.001607
0.00156209
0.00149698
0.00141201
0.00130615
0.00117803
0.00102732
0.000856516
0.000673348
0.000492809
0.000335436
0.000218515
0.00014581
0.000107931
9.09704e-05
8.16001e-05
6.70893e-05
3.53701e-05
1.88165e-05
1.78247e-05
1.60309e-05
1.46916e-05
1.39358e-05
1.33772e-05
1.28181e-05
1.23809e-05
1.18904e-05
1.13714e-05
1.11285e-05
1.14215e-05
1.18111e-05
1.22508e-05
1.27237e-05
1.32162e-05
1.37185e-05
1.42233e-05
1.47252e-05
1.52201e-05
1.57048e-05
1.61765e-05
1.66332e-05
1.70729e-05
1.74942e-05
1.78958e-05
1.82766e-05
1.86356e-05
1.89724e-05
1.92865e-05
1.95777e-05
1.9846e-05
2.00918e-05
2.03153e-05
2.05175e-05
2.06992e-05
2.08615e-05
2.10057e-05
2.11334e-05
2.1246e-05
2.13454e-05
2.14331e-05
2.15111e-05
2.15809e-05
2.16441e-05
2.17023e-05
2.17572e-05
2.1811e-05
2.18675e-05
2.19335e-05
2.20213e-05
2.21512e-05
2.23534e-05
2.2665e-05
2.31172e-05
2.37043e-05
2.43127e-05
2.45255e-05
2.30393e-05
4.159e-05
4.51798e-05
4.62034e-05
4.61745e-05
4.575e-05
4.52155e-05
4.46922e-05
4.42272e-05
4.38349e-05
4.35159e-05
4.3266e-05
4.30795e-05
4.29516e-05
4.28721e-05
4.28345e-05
4.28392e-05
4.28845e-05
4.29678e-05
4.30856e-05
4.32341e-05
4.34091e-05
4.36062e-05
4.38209e-05
4.40491e-05
4.42869e-05
4.45304e-05
4.47766e-05
4.50224e-05
4.52654e-05
4.55031e-05
4.57334e-05
4.59538e-05
4.61616e-05
4.63528e-05
4.65219e-05
4.66589e-05
4.67537e-05
4.67725e-05
4.67663e-05
0.000109463
7.16528e-05
5.81124e-05
5.24197e-05
5.02626e-05
4.99555e-05
5.06916e-05
5.20239e-05
5.36806e-05
5.54902e-05
5.73449e-05
5.91809e-05
6.09709e-05
6.26175e-05
6.40228e-05
6.51798e-05
6.60928e-05
6.67749e-05
6.72462e-05
6.7531e-05
6.76565e-05
6.7651e-05
6.75425e-05
6.73581e-05
6.71233e-05
6.68618e-05
6.65961e-05
6.63479e-05
6.61391e-05
6.59938e-05
6.59408e-05
6.60181e-05
6.628e-05
6.68116e-05
6.7752e-05
6.93595e-05
7.2096e-05
7.7083e-05
8.66003e-05
0.000307738
0.000201191
0.000156408
0.000132082
0.000117263
0.000107619
0.000101107
9.66386e-05
9.358e-05
9.15381e-05
9.02569e-05
8.95655e-05
8.93587e-05
8.94806e-05
8.97421e-05
9.01081e-05
9.05535e-05
9.10627e-05
9.16292e-05
9.22544e-05
9.29469e-05
9.37215e-05
9.45984e-05
9.56026e-05
9.67645e-05
9.81206e-05
9.97155e-05
0.000101606
0.000103864
0.000106588
0.000109914
0.000114035
0.000119236
0.000125954
0.000134871
0.000147098
0.000164484
0.000190156
0.000229999
0.000572978
0.000409164
0.000330375
0.000283983
0.000253424
0.000231729
0.000215514
0.000202969
0.000193059
0.000185159
0.000178883
0.000173983
0.000170411
0.000167668
0.000165619
0.000164214
0.000163416
0.000163198
0.000163542
0.000164436
0.000165881
0.000167888
0.000170479
0.000173694
0.000177589
0.000182241
0.000187758
0.000194285
0.000202015
0.000211209
0.000222226
0.000235553
0.000251869
0.000272123
0.000297646
0.000330288
0.000372586
0.000427738
0.000500175
0.000800147
0.000630823
0.000532673
0.00046985
0.000426485
0.000394774
0.00037056
0.000351478
0.00033612
0.000323621
0.000313447
0.000305282
0.000298986
0.000293995
0.000290207
0.000287556
0.000286
0.000285516
0.000286094
0.000287736
0.00029046
0.0002943
0.000299311
0.000305571
0.000313188
0.000322307
0.000333115
0.000345854
0.000360832
0.000378444
0.000399193
0.000423722
0.000452848
0.000487601
0.000529271
0.000579418
0.000639884
0.000712731
0.000800855
0.000947576
0.000813965
0.000719106
0.000651599
0.000602074
0.000564519
0.000535212
0.000511816
0.000492834
0.000477299
0.000464587
0.000454427
0.000446267
0.000439829
0.000434983
0.000431652
0.00042979
0.000429383
0.000430434
0.00043297
0.000437038
0.000442709
0.000450078
0.000459272
0.000470448
0.000483801
0.000499568
0.000518032
0.000539536
0.000564485
0.000593364
0.000626746
0.000665307
0.00070984
0.000761248
0.000820539
0.000888839
0.000967512
0.00105892
0.00102896
0.000940873
0.000865161
0.000804639
0.000756838
0.000718801
0.000688151
0.000663153
0.000642576
0.000625563
0.000611541
0.000600199
0.000590973
0.000583671
0.000578173
0.000574409
0.000572348
0.000571994
0.000573378
0.000576561
0.000581626
0.000588685
0.000597875
0.000609358
0.000623324
0.000639986
0.000659585
0.000682388
0.000708688
0.000738812
0.000773121
0.000812019
0.000855957
0.000905435
0.000961005
0.00102327
0.00109297
0.00117118
0.00126012
0.00106935
0.00101785
0.000965584
0.000918713
0.000878624
0.000844884
0.000816582
0.000792814
0.000772823
0.000756022
0.000742048
0.000730462
0.000720953
0.000713366
0.000707612
0.000703647
0.000701472
0.000701126
0.000702676
0.000706225
0.000711898
0.000719847
0.000730242
0.00074327
0.000759126
0.000778013
0.000800135
0.000825693
0.00085489
0.000887927
0.00092501
0.000966358
0.00101221
0.00106283
0.00111851
0.00117962
0.0012467
0.00132074
0.00140387
0.00108789
0.00105985
0.00102739
0.000995081
0.000965189
0.000938499
0.000915087
0.000894741
0.000877165
0.000862083
0.000849312
0.000838503
0.000829516
0.000822263
0.000816705
0.000812845
0.000810727
0.000810434
0.000812081
0.000815814
0.000821803
0.000830233
0.000841301
0.000855199
0.000872112
0.000892207
0.000915625
0.000942486
0.000972883
0.00100689
0.00104457
0.001086
0.00113124
0.0011804
0.00123363
0.00129117
0.00135344
0.00142136
0.00149695
0.00109589
0.00108087
0.00106196
0.0010415
0.0010212
0.00100201
0.000984392
0.000968515
0.000954391
0.000941996
0.000931224
0.000921944
0.00091411
0.000907706
0.000902747
0.00089929
0.000897426
0.000897286
0.000899032
0.000902854
0.000908962
0.000917568
0.000928883
0.000943093
0.000960358
0.000980795
0.00100448
0.00103144
0.00106168
0.00109516
0.00113183
0.00117166
0.00121461
0.0012607
0.00130997
0.0013626
0.00141894
0.00147985
0.00154715
0.00109916
0.00109065
0.00107977
0.00106739
0.00105444
0.00104158
0.00102927
0.00101778
0.00100725
0.000997778
0.000989325
0.000981906
0.000975539
0.000970263
0.000966143
0.000963277
0.000961803
0.000961891
0.000963746
0.000967596
0.000973679
0.000982229
0.000993456
0.00100754
0.00102459
0.00104469
0.00106784
0.00109401
0.0011231
0.00115501
0.00118962
0.0012268
0.00126648
0.0013086
0.00135316
0.00140028
0.00145027
0.00150388
0.00156269
0.00110045
0.00109494
0.00108831
0.00108077
0.00107265
0.00106432
0.00105609
0.00104816
0.00104069
0.00103379
0.00102749
0.00102184
0.00101691
0.00101277
0.00100951
0.00100725
0.00100618
0.00100648
0.00100841
0.0010122
0.00101811
0.00102639
0.00103725
0.00105083
0.00106722
0.00108645
0.00110847
0.00113318
0.00116044
0.00119007
0.00122193
0.00125583
0.00129167
0.00132936
0.00136886
0.00141026
0.00145379
0.00150008
0.00155047
0.00110094
0.00109672
0.00109216
0.00108718
0.00108187
0.00107636
0.0010708
0.00106533
0.00106006
0.00105506
0.00105039
0.00104613
0.00104233
0.00103909
0.00103649
0.0010347
0.0010339
0.00103429
0.00103614
0.00103971
0.00104527
0.00105305
0.00106323
0.00107597
0.00109129
0.00110919
0.00112958
0.00115232
0.00117721
0.00120407
0.00123269
0.00126291
0.00129455
0.00132753
0.00136179
0.00139735
0.00143439
0.0014734
0.00151544
0.00110111
0.0010974
0.00109373
0.00108995
0.00108602
0.00108198
0.00107787
0.00107378
0.00106977
0.00106589
0.00106221
0.00105877
0.00105563
0.00105288
0.00105062
0.00104899
0.00104819
0.00104842
0.00104996
0.00105305
0.00105797
0.00106493
0.0010741
0.0010856
0.00109943
0.00111555
0.00113383
0.00115411
0.00117617
0.0011998
0.00122478
0.00125092
0.00127806
0.00130607
0.00133488
0.00136445
0.0013949
0.00142656
0.00146021
0.00110115
0.00109758
0.00109414
0.0010907
0.00108719
0.00108359
0.00107993
0.00107627
0.00107264
0.0010691
0.00106569
0.00106244
0.00105941
0.00105666
0.00105429
0.00105243
0.00105125
0.00105098
0.00105185
0.00105411
0.00105801
0.00106376
0.00107149
0.00108129
0.00109314
0.00110697
0.00112264
0.00113994
0.00115867
0.00117859
0.00119949
0.00122115
0.00124341
0.00126612
0.00128917
0.00131249
0.00133611
0.0013602
0.00138528
0.00110111
0.0010974
0.00109373
0.00108994
0.00108602
0.00108196
0.00107784
0.00107371
0.00106962
0.00106563
0.00106177
0.00105806
0.00105453
0.00105124
0.00104826
0.0010457
0.00104372
0.00104251
0.00104229
0.00104329
0.00104573
0.00104978
0.00105558
0.00106315
0.00107248
0.00108347
0.00109596
0.00110974
0.00112459
0.00114029
0.00115659
0.0011733
0.00119024
0.00120723
0.00122414
0.00124085
0.00125729
0.0012735
0.00128971
0.00110094
0.00109672
0.00109216
0.00108718
0.00108186
0.00107633
0.00107073
0.00106517
0.00105974
0.00105449
0.00104944
0.0010446
0.00103998
0.00103561
0.00103151
0.00102778
0.00102454
0.00102195
0.00102019
0.00101947
0.00101997
0.00102184
0.00102517
0.00102999
0.00103625
0.00104383
0.00105257
0.00106226
0.00107269
0.00108362
0.00109482
0.00110609
0.00111724
0.00112807
0.00113842
0.00114812
0.00115702
0.001165
0.00117207
0.00110045
0.00109494
0.00108831
0.00108076
0.00107263
0.00106427
0.00105596
0.0010479
0.00104018
0.00103284
0.0010259
0.00101932
0.00101306
0.00100711
0.00100146
0.000996147
0.000991251
0.00098689
0.000983211
0.000980371
0.000978519
0.000977768
0.000978183
0.000979765
0.000982454
0.000986128
0.000990622
0.000995734
0.00100125
0.00100694
0.00101259
0.001018
0.00102295
0.00102725
0.00103069
0.00103308
0.00103418
0.00103378
0.00103167
0.00109916
0.00109065
0.00107976
0.00106738
0.0010544
0.0010415
0.00102908
0.00101739
0.00100649
0.000996375
0.000986977
0.000978196
0.00096993
0.000962087
0.000954604
0.000947459
0.000940673
0.000934312
0.000928472
0.000923265
0.000918794
0.000915138
0.000912331
0.000910356
0.00090914
0.000908562
0.000908461
0.000908647
0.000908918
0.000909065
0.00090888
0.000908162
0.000906712
0.000904328
0.000900797
0.000895888
0.000889343
0.000880879
0.000870173
0.00109589
0.00108086
0.00106195
0.00104149
0.00102115
0.00100189
0.000984123
0.000967965
0.000953345
0.000940103
0.000928037
0.000916935
0.000906591
0.000896828
0.000887506
0.000878531
0.000869863
0.000861504
0.000853495
0.000845895
0.000838762
0.000832137
0.000826026
0.000820395
0.000815166
0.000810223
0.00080542
0.000800591
0.000795558
0.000790143
0.000784168
0.000777457
0.000769837
0.000761128
0.000751141
0.000739665
0.000726464
0.000711277
0.000693794
0.00108789
0.00105985
0.00102738
0.000995054
0.000965118
0.000938333
0.000914729
0.000894025
0.000875828
0.000859722
0.000845309
0.000832224
0.000820143
0.00080879
0.000797944
0.00078744
0.000777169
0.000767076
0.000757142
0.000747374
0.000737788
0.000728388
0.000719158
0.000710055
0.000701009
0.000691923
0.000682684
0.00067317
0.000663257
0.00065282
0.000641742
0.000629908
0.000617207
0.000603523
0.000588733
0.000572703
0.000555285
0.000536323
0.000515637
0.00106935
0.00101785
0.000965572
0.000918676
0.000878533
0.000844675
0.000816142
0.000791952
0.000771236
0.000753256
0.000737397
0.000723139
0.000710049
0.000697764
0.000685995
0.000674517
0.000663164
0.00065183
0.000640447
0.000628981
0.000617412
0.000605725
0.000593898
0.000581901
0.000569695
0.000557234
0.000544472
0.000531365
0.000517873
0.000503965
0.000489614
0.000474795
0.000459485
0.000443655
0.00042727
0.000410291
0.000392669
0.000374366
0.000355335
0.00102896
0.000940868
0.000865144
0.000804594
0.000756729
0.00071856
0.000687655
0.000662195
0.000640831
0.000622548
0.000606564
0.000592259
0.000579133
0.000566779
0.000554869
0.000543145
0.000531414
0.000519537
0.000507423
0.000495022
0.000482307
0.000469276
0.000455939
0.000442318
0.000428445
0.000414361
0.000400115
0.000385762
0.000371358
0.000356959
0.000342612
0.000328355
0.000314215
0.000300204
0.000286324
0.000272566
0.000258915
0.000245361
0.000231899
0.000947574
0.000813959
0.000719086
0.00065155
0.000601959
0.000564269
0.000534704
0.000510844
0.000491074
0.000474273
0.000459619
0.00044649
0.000434395
0.00042294
0.000411811
0.000400762
0.000389609
0.000378227
0.000366545
0.000354539
0.000342225
0.000329655
0.000316908
0.00030408
0.000291281
0.000278622
0.000266209
0.000254138
0.000242484
0.000231303
0.000220631
0.000210482
0.000200853
0.000191726
0.000183074
0.000174862
0.000167055
0.000159622
0.000152537
0.000800145
0.000630816
0.000532654
0.000469803
0.000426378
0.000394547
0.000370102
0.000350607
0.000334551
0.000320935
0.000309059
0.000298406
0.000288574
0.00027925
0.00027019
0.000261212
0.000252191
0.000243063
0.000233811
0.000224466
0.000215093
0.000205783
0.000196637
0.00018776
0.000179245
0.000171169
0.000163588
0.000156537
0.000150031
0.000144066
0.000138625
0.000133682
0.000129203
0.000125153
0.000121495
0.000118193
0.000115213
0.000112525
0.000110095
0.000572976
0.000409158
0.00033036
0.000283948
0.000253345
0.000231563
0.000215184
0.000202351
0.000191962
0.000183311
0.000175913
0.000169416
0.000163552
0.000158118
0.000152964
0.000147986
0.00014312
0.000138343
0.000133658
0.000129092
0.000124685
0.000120481
0.000116522
0.000112842
0.000109465
0.000106405
0.000103665
0.000101239
9.91166e-05
9.7281e-05
9.57144e-05
9.43986e-05
9.3316e-05
9.24511e-05
9.17902e-05
9.13218e-05
9.10326e-05
9.09052e-05
9.08933e-05
0.000307737
0.000201188
0.0001564
0.000132065
0.000117226
0.000107544
0.000100962
9.63741e-05
9.31249e-05
9.07933e-05
8.90929e-05
8.782e-05
8.68265e-05
8.6005e-05
8.52793e-05
8.45986e-05
8.39325e-05
8.32672e-05
8.26011e-05
8.19411e-05
8.12988e-05
8.06882e-05
8.01227e-05
7.96143e-05
7.91722e-05
7.88032e-05
7.85115e-05
7.82991e-05
7.81664e-05
7.81131e-05
7.81385e-05
7.82422e-05
7.8425e-05
7.86889e-05
7.90375e-05
7.94751e-05
7.99999e-05
8.05938e-05
8.11541e-05
0.000109463
7.16521e-05
5.8111e-05
5.24165e-05
5.02556e-05
4.99408e-05
5.0662e-05
5.19667e-05
5.35757e-05
5.53067e-05
5.70388e-05
5.86924e-05
6.02164e-05
6.15806e-05
6.27695e-05
6.37785e-05
6.46113e-05
6.52781e-05
6.57931e-05
6.61741e-05
6.64403e-05
6.66113e-05
6.67065e-05
6.67438e-05
6.67392e-05
6.67067e-05
6.66582e-05
6.66033e-05
6.65498e-05
6.65038e-05
6.64703e-05
6.64533e-05
6.64565e-05
6.64836e-05
6.65383e-05
6.66247e-05
6.6738e-05
6.68685e-05
6.6879e-05
4.159e-05
4.51797e-05
4.62031e-05
4.61737e-05
4.57478e-05
4.52104e-05
4.46811e-05
4.42048e-05
4.37924e-05
4.34401e-05
4.31376e-05
4.28725e-05
4.26323e-05
4.24052e-05
4.21809e-05
4.19504e-05
4.17066e-05
4.14439e-05
4.11585e-05
4.08479e-05
4.05109e-05
4.01475e-05
3.97583e-05
3.93447e-05
3.89083e-05
3.8451e-05
3.79744e-05
3.74801e-05
3.69692e-05
3.64422e-05
3.58992e-05
3.53391e-05
3.47601e-05
3.41592e-05
3.3532e-05
3.28721e-05
3.21703e-05
3.14123e-05
3.06215e-05
)
;

boundaryField
{
    frontandback
    {
        type            empty;
    }
    in1
    {
        type            calculated;
        value           uniform 0.00055244;
    }
    in2
    {
        type            calculated;
        value           uniform 0.00110488;
    }
    out
    {
        type            calculated;
        value           nonuniform List<scalar> 
24
(
4.76403e-05
0.000138008
0.000215893
0.000293448
0.000390262
0.0006333
0.00118362
0.00185963
0.00250736
0.00315334
0.00376698
0.00427587
0.00461328
0.00473918
0.00464478
0.00434692
0.00387905
0.00328438
0.00261289
0.00191967
0.0012615
0.000692965
0.000267721
4.21729e-05
)
;
    }
    walls
    {
        type            alphatJayatillekeWallFunction;
        Prt             0.85;
        value           nonuniform List<scalar> 
423
(
1.92329e-06
1.91889e-06
1.91424e-06
1.91067e-06
1.90773e-06
1.90542e-06
1.90367e-06
1.90247e-06
1.90183e-06
1.90177e-06
1.9023e-06
1.90345e-06
1.90522e-06
1.90765e-06
1.9108e-06
1.9147e-06
1.91937e-06
1.92484e-06
1.93113e-06
1.93824e-06
1.94616e-06
1.95483e-06
1.96413e-06
1.9739e-06
1.98393e-06
1.99408e-06
2.00428e-06
2.01475e-06
2.026e-06
2.03886e-06
2.05434e-06
2.07343e-06
2.09679e-06
2.12462e-06
2.15658e-06
2.19192e-06
2.22959e-06
2.26845e-06
2.30737e-06
2.34529e-06
2.3813e-06
2.41462e-06
2.44461e-06
2.47075e-06
2.49267e-06
2.5101e-06
2.52287e-06
2.53091e-06
2.53423e-06
2.53291e-06
2.52709e-06
2.51699e-06
2.50282e-06
2.48486e-06
2.46338e-06
2.43868e-06
2.41105e-06
2.38155e-06
2.35087e-06
2.31938e-06
2.28741e-06
2.25523e-06
2.22307e-06
2.19115e-06
2.15962e-06
2.12862e-06
2.09827e-06
2.06865e-06
2.03981e-06
2.01181e-06
1.98467e-06
1.95841e-06
1.93303e-06
1.90854e-06
1.8849e-06
1.86212e-06
1.84016e-06
1.81899e-06
1.7986e-06
1.77894e-06
1.75998e-06
1.74168e-06
1.72402e-06
1.70696e-06
1.69046e-06
1.67448e-06
1.659e-06
1.64398e-06
1.62939e-06
1.6152e-06
1.60137e-06
1.58788e-06
1.5747e-06
1.56179e-06
1.54913e-06
1.5367e-06
1.52447e-06
1.51242e-06
1.50052e-06
1.48874e-06
1.47709e-06
1.46435e-06
1.4505e-06
1.43555e-06
1.41952e-06
1.40248e-06
1.3845e-06
1.36572e-06
1.34628e-06
1.32637e-06
1.30619e-06
1.28595e-06
1.26587e-06
1.24615e-06
1.22701e-06
1.2086e-06
1.19107e-06
1.17454e-06
1.15907e-06
1.14472e-06
1.13148e-06
1.11936e-06
1.10833e-06
1.09832e-06
1.0893e-06
1.08119e-06
1.07392e-06
1.06743e-06
1.06166e-06
1.05599e-06
1.05039e-06
1.04484e-06
1.03929e-06
1.03374e-06
1.02815e-06
1.02251e-06
1.01679e-06
1.01098e-06
1.00506e-06
9.99024e-07
9.92848e-07
9.86525e-07
9.80048e-07
9.73411e-07
9.66613e-07
9.59654e-07
9.52538e-07
9.45276e-07
9.37878e-07
9.30365e-07
9.22758e-07
9.15086e-07
9.07384e-07
8.99689e-07
8.92048e-07
8.84511e-07
8.77131e-07
8.69969e-07
8.63083e-07
8.56536e-07
8.50389e-07
8.44698e-07
8.39517e-07
8.3489e-07
8.3085e-07
8.2742e-07
8.24611e-07
8.22417e-07
8.20821e-07
8.19792e-07
8.1929e-07
8.19263e-07
8.1967e-07
8.20455e-07
8.21573e-07
8.23016e-07
8.24857e-07
8.27314e-07
8.30855e-07
8.36315e-07
8.44963e-07
8.58369e-07
8.77855e-07
9.03159e-07
9.29356e-07
9.3851e-07
8.7447e-07
1.69186e-06
1.69866e-06
1.70572e-06
1.71314e-06
1.72123e-06
1.73012e-06
1.73996e-06
1.75088e-06
1.76301e-06
1.77648e-06
1.79138e-06
1.80782e-06
1.82588e-06
1.84562e-06
1.86711e-06
1.89042e-06
1.91558e-06
1.94265e-06
1.97167e-06
2.00267e-06
2.03568e-06
2.07069e-06
2.10768e-06
2.14664e-06
2.18747e-06
2.23011e-06
2.27441e-06
2.32022e-06
2.36733e-06
2.41551e-06
2.46449e-06
2.51395e-06
2.56353e-06
2.61287e-06
2.66159e-06
2.70931e-06
2.75575e-06
2.80136e-06
2.8551e-06
2.92602e-06
2.98866e-06
3.045e-06
3.09603e-06
3.1418e-06
3.1823e-06
3.21814e-06
3.24962e-06
3.27682e-06
3.29999e-06
3.31949e-06
3.33576e-06
3.34924e-06
3.36023e-06
3.36906e-06
3.37595e-06
3.38114e-06
3.38477e-06
3.38698e-06
3.38788e-06
3.38753e-06
3.38604e-06
3.38348e-06
3.37999e-06
3.37567e-06
3.37062e-06
3.36494e-06
3.3587e-06
3.35197e-06
3.34482e-06
3.33729e-06
3.32944e-06
3.32134e-06
3.31307e-06
3.30476e-06
3.29672e-06
3.28917e-06
3.28183e-06
3.27454e-06
3.26727e-06
3.26001e-06
3.25279e-06
3.24564e-06
3.23861e-06
3.23175e-06
3.22515e-06
3.21896e-06
3.21336e-06
3.20861e-06
3.20505e-06
3.2032e-06
3.20392e-06
3.20877e-06
3.22022e-06
3.24251e-06
3.28435e-06
3.3573e-06
3.42179e-06
3.42578e-06
2.78199e-06
6.91455e-07
6.48206e-07
5.69771e-07
5.1096e-07
4.77668e-07
4.5301e-07
4.28286e-07
4.08921e-07
3.87161e-07
3.64099e-07
3.53316e-07
3.66364e-07
3.83687e-07
4.03204e-07
4.24162e-07
4.45951e-07
4.68136e-07
4.90395e-07
5.12494e-07
5.34252e-07
5.55528e-07
5.76211e-07
5.96208e-07
6.15442e-07
6.33848e-07
6.51374e-07
6.67975e-07
6.83619e-07
6.98279e-07
7.11941e-07
7.24598e-07
7.36254e-07
7.46922e-07
7.56625e-07
7.65394e-07
7.73271e-07
7.80305e-07
7.86554e-07
7.92082e-07
7.9696e-07
8.01262e-07
8.05062e-07
8.08436e-07
8.11457e-07
8.14192e-07
8.1671e-07
8.19082e-07
8.21409e-07
8.23852e-07
8.26707e-07
8.30502e-07
8.36119e-07
8.44858e-07
8.58316e-07
8.7783e-07
9.03148e-07
9.29352e-07
9.38509e-07
8.7447e-07
1.66391e-06
1.81469e-06
1.85759e-06
1.85638e-06
1.8386e-06
1.81619e-06
1.79424e-06
1.77473e-06
1.75826e-06
1.74487e-06
1.73437e-06
1.72654e-06
1.72116e-06
1.71782e-06
1.71624e-06
1.71644e-06
1.71834e-06
1.72184e-06
1.72679e-06
1.73303e-06
1.74038e-06
1.74866e-06
1.75767e-06
1.76725e-06
1.77723e-06
1.78745e-06
1.79778e-06
1.80809e-06
1.81828e-06
1.82824e-06
1.83789e-06
1.84713e-06
1.85584e-06
1.86385e-06
1.87093e-06
1.87666e-06
1.88064e-06
1.88142e-06
1.88116e-06
1.66391e-06
1.81469e-06
1.85758e-06
1.85635e-06
1.8385e-06
1.81598e-06
1.79378e-06
1.77379e-06
1.75648e-06
1.74168e-06
1.72898e-06
1.71784e-06
1.70774e-06
1.6982e-06
1.68876e-06
1.67907e-06
1.66881e-06
1.65776e-06
1.64575e-06
1.63267e-06
1.61848e-06
1.60317e-06
1.58677e-06
1.56933e-06
1.55092e-06
1.53162e-06
1.51149e-06
1.49061e-06
1.46901e-06
1.44672e-06
1.42374e-06
1.40002e-06
1.37548e-06
1.34999e-06
1.32337e-06
1.29534e-06
1.26551e-06
1.23325e-06
1.19956e-06
)
;
    }
}


// ************************************************************************* //
