/*--------------------------------*- C++ -*----------------------------------*\
| =========                 |                                                 |
| \\      /  F ield         | OpenFOAM: The Open Source CFD Toolbox           |
|  \\    /   O peration     | Version:  2406                                  |
|   \\  /    A nd           | Website:  www.openfoam.com                      |
|    \\/     M anipulation  |                                                 |
\*---------------------------------------------------------------------------*/
FoamFile
{
    version     2.0;
    format      ascii;
    arch        "LSB;label=32;scalar=64";
    class       volScalarField;
    location    "400";
    object      epsilon;
}
// * * * * * * * * * * * * * * * * * * * * * * * * * * * * * * * * * * * * * //

dimensions      [0 2 -3 0 0 0 0];

internalField   nonuniform List<scalar> 
5619
(
4.59254
5.09221
5.66394
6.33052
7.09252
7.95864
8.93142
10.0082
11.1771
12.4161
13.6929
14.9683
16.203
17.3656
18.4415
19.4366
20.3768
21.3008
22.251
23.2654
24.3721
25.5889
26.9245
28.3813
29.9589
31.6558
33.4706
35.4027
37.4527
39.6222
41.9134
44.3295
46.8744
49.5521
52.3674
55.3251
58.4305
61.6886
65.1045
68.6828
72.4278
76.3425
80.4292
84.6884
89.1193
93.7194
98.4842
103.407
108.48
113.694
119.037
124.497
130.062
135.72
141.457
147.263
153.129
159.047
165.014
171.029
177.099
183.235
189.46
195.807
202.329
209.1
215.969
222.91
229.914
236.974
244.082
251.224
258.383
265.537
272.655
279.701
286.629
293.385
299.903
306.104
311.897
317.176
321.821
325.697
328.651
330.518
331.119
330.263
327.756
323.402
317.013
308.42
297.483
284.11
268.271
250.017
229.502
207.004
182.958
157.997
132.554
104.535
79.9563
56.3276
34.6622
18.8805
8.41263
1.46118
0.706884
0.833527
0.912001
0.945483
0.94503
0.920059
0.877483
0.823777
0.764427
0.703644
0.64745
0.59989
0.560409
0.52832
0.502795
0.482888
0.467591
0.455901
0.446888
0.43976
0.433929
0.42835
0.422874
0.417414
0.411925
0.406384
0.400779
0.395103
0.389349
0.38351
0.377581
0.371559
0.36544
0.359221
0.352905
0.346497
0.340006
0.333442
0.32682
0.320158
0.313479
0.306808
0.300172
0.293603
0.287135
0.280804
0.274648
0.268704
0.263011
0.257605
0.252523
0.247799
0.243461
0.239533
0.236032
0.23297
0.230355
0.228186
0.226452
0.225138
0.224224
0.223683
0.223487
0.223602
0.223998
0.224638
0.225498
0.226576
0.227933
0.229732
0.232325
0.236352
0.24282
0.253078
0.268507
0.28948
0.31234
0.320609
0.265784
1.37835
1.53296
1.71231
1.91983
2.15706
2.42591
2.72684
3.05849
3.41692
3.79528
4.18413
4.5726
4.95044
5.31046
5.65061
5.97484
6.2923
6.61514
6.95585
7.32511
7.73064
8.17716
8.66705
9.20124
9.78003
10.4036
11.0723
11.7867
12.548
13.3574
14.2164
15.1269
16.0907
17.1101
18.1869
19.3235
20.5219
21.7841
23.1118
24.5064
25.969
27.4998
29.0987
30.7646
32.4957
34.2893
36.1419
38.0491
40.006
42.0071
44.0467
46.1189
48.218
50.3386
52.4761
54.6266
56.7874
58.9571
61.1358
63.3251
65.5288
67.7522
70.0031
72.2913
74.6289
77.0298
79.4442
81.8651
84.2897
86.7145
89.1355
91.5474
93.9442
96.318
98.66
100.959
103.203
105.376
107.461
109.437
111.279
112.959
114.445
115.699
116.678
117.335
117.615
117.461
116.81
115.595
113.751
111.213
107.924
103.836
98.921
93.1746
86.6253
79.3418
71.4463
63.0919
54.2605
44.8005
35.1826
25.5876
16.5024
9.84786
4.44464
0.99738
0.431766
0.323348
0.243687
0.185854
0.142464
0.109417
0.0850644
0.0686259
0.0591763
0.0555684
0.0540302
0.0532733
0.0530927
0.0533258
0.0538298
0.0544866
0.0552116
0.0559548
0.0566942
0.0574156
0.0581107
0.0588181
0.0595246
0.0602241
0.0609113
0.0615833
0.0622386
0.0628772
0.0634999
0.064108
0.064703
0.0652859
0.0658583
0.0664222
0.0669802
0.0675344
0.0680873
0.0686413
0.0691992
0.0697637
0.0703371
0.0709208
0.0715159
0.0721231
0.0727426
0.073373
0.0740121
0.074657
0.0753048
0.0759516
0.076593
0.0772235
0.0778379
0.0784312
0.078999
0.0795365
0.0800385
0.0804997
0.0809141
0.0812741
0.0815693
0.0817833
0.0818924
0.0818957
0.0818083
0.0815753
0.0811171
0.0803215
0.0790413
0.0770998
0.0743183
0.0705783
0.0659248
0.0606805
0.05547
0.0510173
0.047596
0.0440458
0.03571
0.762035
0.861856
0.977324
1.11009
1.26111
1.4311
1.61978
1.82567
2.04579
2.27578
2.51039
2.74433
2.97346
3.19579
3.41219
3.6264
3.84433
4.07291
4.31889
4.58787
4.88394
5.20969
5.56667
5.9558
6.37779
6.83337
7.32341
7.84898
8.41132
9.01184
9.65206
10.3336
11.0581
11.8272
12.6426
13.5057
14.4179
15.3803
16.3935
17.4581
18.5738
19.7399
20.955
22.2171
23.5232
24.8701
26.2536
27.6691
29.1116
30.576
32.057
33.5496
35.049
36.551
38.052
39.5494
41.0411
42.5261
44.0042
45.4761
46.9429
48.4066
49.869
51.3321
52.7975
54.2656
55.7218
57.1634
58.5896
59.9994
61.3918
62.7655
64.1185
65.4487
66.7527
68.0267
69.2653
70.462
71.608
72.6929
73.7031
74.6223
75.4305
76.1039
76.6142
76.929
77.011
76.819
76.3083
75.4319
74.1423
72.3941
70.147
67.3696
64.0442
60.1702
55.7691
50.8861
45.5959
39.9914
34.0497
27.6981
21.2309
14.9732
9.4427
5.4123
2.513
0.693795
0.282127
0.182919
0.119211
0.0793224
0.05409
0.0378719
0.0275764
0.0213223
0.0177781
0.0160172
0.0152625
0.0149719
0.0150038
0.0152385
0.0155881
0.0159835
0.0163767
0.0167423
0.0170744
0.0173754
0.0176536
0.0179394
0.0182323
0.0185322
0.0188365
0.0191431
0.0194498
0.0197555
0.0200599
0.0203633
0.0206665
0.0209704
0.0212766
0.0215868
0.0219026
0.0222259
0.0225585
0.0229022
0.0232589
0.0236301
0.0240169
0.0244199
0.0248394
0.0252748
0.0257247
0.026187
0.0266581
0.0271337
0.0276085
0.0280758
0.028528
0.0289564
0.0293515
0.0297034
0.0300019
0.0302364
0.0303961
0.0304708
0.0304507
0.0303267
0.0300907
0.0297364
0.0292606
0.0286804
0.0279698
0.0271158
0.0261045
0.0249239
0.0235685
0.0220455
0.0203831
0.0186393
0.016906
0.0153031
0.0139533
0.0129302
0.0121632
0.0112655
0.00912521
0.559788
0.641903
0.736877
0.845969
0.969839
1.10886
1.26253
1.42931
1.60663
1.79102
1.97872
2.1664
2.35188
2.53476
2.71657
2.9006
3.09143
3.29419
3.51383
3.75457
4.01958
4.31106
4.63053
4.97911
5.35777
5.76754
6.20953
6.685
7.19531
7.74193
8.32639
8.95019
9.61486
10.3218
11.0723
11.8674
12.708
13.5945
14.527
15.505
16.5276
17.5932
18.6996
19.8437
21.0222
22.2308
23.465
24.7198
25.9898
27.2699
28.5548
29.8396
31.1196
32.3909
33.65
34.8941
36.1211
37.3296
38.5186
39.6877
40.8367
41.9656
43.0746
44.1636
45.2328
46.2819
47.3058
48.3032
49.2738
50.2177
51.1346
52.0245
52.8866
53.7199
54.5226
55.2922
56.025
56.7161
57.3589
57.9448
58.4631
58.9004
59.2405
59.4642
59.549
59.4694
59.1969
58.7008
57.9487
56.9081
55.5478
53.8397
51.7617
49.2997
46.4502
43.2232
39.6432
35.7512
31.6078
27.2888
22.7804
18.0589
13.3901
9.08476
5.49864
2.95646
1.34549
0.431913
0.185355
0.121514
0.0812775
0.0561316
0.0404816
0.0300722
0.022604
0.0170598
0.0130054
0.0102155
0.00847167
0.00745756
0.00689792
0.0066322
0.00655096
0.00657785
0.00665699
0.00675094
0.00683858
0.00691075
0.00696902
0.00702472
0.00708222
0.00714505
0.00721408
0.00728872
0.00736762
0.0074493
0.00753261
0.00761684
0.00770168
0.00778719
0.00787369
0.0079617
0.00805185
0.00814486
0.00824148
0.00834247
0.00844854
0.00856028
0.00867809
0.00880218
0.00893246
0.00906855
0.0092096
0.00935434
0.00950096
0.00964715
0.00979008
0.00992634
0.010052
0.0101629
0.0102544
0.0103221
0.0103614
0.0103682
0.0103391
0.0102716
0.0101642
0.0100172
0.00983227
0.00961343
0.00936688
0.00908406
0.00876638
0.00841855
0.00804623
0.00765661
0.0072589
0.00686468
0.00648793
0.00614457
0.00585088
0.00562013
0.00545599
0.00534027
0.00521047
0.00492331
0.0042058
0.474972
0.550008
0.637064
0.737185
0.850913
0.978503
1.11937
1.27204
1.43418
1.60283
1.77499
1.9482
2.12109
2.29371
2.46757
2.64548
2.83122
3.02912
3.2435
3.47818
3.73623
4.01996
4.33106
4.67088
5.04064
5.44152
5.87479
6.3418
6.84398
7.38279
7.95969
8.57608
9.23327
9.93241
10.6744
11.46
12.2894
13.1625
14.0787
15.0369
16.0354
17.0719
18.1433
19.2462
20.3765
21.5295
22.7003
23.8836
25.0742
26.2666
27.4558
28.637
29.8057
30.9581
32.0907
33.201
34.2865
35.3456
36.377
37.3797
38.3531
39.2968
40.2102
41.0933
41.9459
42.768
43.5572
44.312
45.032
45.7167
46.3656
46.9779
47.5523
48.0872
48.5802
49.0282
49.4271
49.7716
50.0551
50.2694
50.4046
50.4488
50.3883
50.2073
49.8884
49.4123
48.759
47.9079
46.8391
45.5344
43.9786
42.1613
40.078
37.7315
35.1336
32.3053
29.2776
26.0915
22.7994
19.4622
16.068
12.6067
9.27687
6.28848
3.82384
1.9811
0.816901
0.264432
0.121436
0.0839723
0.0606455
0.0455474
0.0360449
0.029575
0.0245132
0.0200886
0.0160534
0.0124599
0.00947385
0.00721826
0.00568782
0.00471604
0.00410393
0.00374094
0.00354107
0.00344057
0.00339319
0.00336681
0.0033436
0.00331701
0.00328881
0.00326296
0.0032425
0.00322892
0.00322212
0.00322101
0.00322415
0.00323023
0.00323819
0.00324732
0.00325718
0.00326758
0.0032785
0.00329005
0.00330245
0.00331595
0.00333084
0.00334741
0.00336591
0.00338653
0.00340936
0.00343441
0.00346152
0.0034904
0.00352059
0.00355147
0.00358225
0.00361203
0.00363974
0.00366428
0.00368453
0.00369943
0.00370804
0.00370959
0.0037036
0.00368992
0.0036688
0.0036409
0.00360728
0.00356936
0.0035289
0.00348181
0.00342913
0.00337352
0.00331754
0.00326393
0.00321561
0.00317561
0.00314693
0.00313223
0.00313323
0.00314943
0.00317612
0.003201
0.00319956
0.00313229
0.00295543
0.43865
0.511452
0.596312
0.694105
0.805323
0.93018
1.06806
1.21754
1.3764
1.54195
1.71155
1.88315
2.05571
2.22938
2.4055
2.58652
2.77576
2.97718
3.19489
3.43266
3.69369
3.98046
4.29489
4.63854
5.01276
5.41888
5.85823
6.33219
6.84217
7.38953
7.97562
8.60166
9.26868
9.97752
10.7287
11.5224
12.3584
13.236
14.1539
15.1104
16.1032
17.1293
18.1853
19.2671
20.3703
21.4901
22.6214
23.7592
24.8983
26.0336
27.1606
28.275
29.3728
30.4508
31.5062
32.5368
33.5408
34.5168
35.4641
36.3817
37.2694
38.1267
38.9534
39.7493
40.5141
41.2478
41.9476
42.6113
43.2372
43.8236
44.3682
44.8686
45.3217
45.724
46.0712
46.3585
46.58
46.7292
46.7983
46.7786
46.66
46.4316
46.0814
45.5963
44.9633
44.1688
43.2006
42.0475
40.7013
39.1573
37.4156
35.4818
33.3681
31.0928
28.6808
26.1619
23.5697
20.94
18.3093
15.7121
13.1201
10.5001
7.97262
5.66613
3.6862
2.08459
0.89527
0.270473
0.0986143
0.0631972
0.0473915
0.0376309
0.0315564
0.0276917
0.0249629
0.0226804
0.0204254
0.0179811
0.0153057
0.012514
0.00983017
0.00751307
0.00573827
0.00448238
0.00360503
0.00302311
0.00266097
0.0024466
0.00231779
0.00222948
0.00216324
0.00210976
0.00206551
0.00202953
0.00200127
0.00197972
0.00196345
0.00195091
0.00194071
0.00193175
0.00192326
0.00191475
0.00190598
0.00189688
0.00188753
0.00187812
0.00186891
0.0018602
0.00185233
0.00184559
0.00184029
0.00183665
0.00183485
0.00183498
0.00183708
0.00184106
0.00184679
0.00185407
0.00186263
0.00187217
0.00188237
0.00189293
0.00190356
0.00191405
0.00192423
0.00193407
0.00194362
0.00195302
0.00196255
0.00197255
0.00198342
0.00199564
0.0020079
0.00202162
0.0020378
0.00205744
0.00208156
0.00211115
0.00214709
0.00219002
0.00224015
0.00229687
0.00235842
0.00242146
0.00248142
0.00253543
0.00259216
0.427434
0.500734
0.586594
0.68574
0.798624
0.925423
1.06546
1.21723
1.37848
1.54651
1.71875
1.89328
2.0692
2.24677
2.42735
2.61327
2.80774
3.01452
3.23761
3.48076
3.74719
4.03949
4.35972
4.70954
5.09041
5.5037
5.95074
6.43288
6.95142
7.50763
8.10265
8.73745
9.41279
10.1292
10.8867
11.685
12.5236
13.401
14.3156
15.2652
16.2468
17.2572
18.2925
19.3487
20.4212
21.5053
22.5964
23.6899
24.7812
25.8664
26.9419
28.0045
29.0519
30.0819
31.0935
32.0857
33.0582
34.0111
34.9446
35.8592
36.7555
37.6337
38.4944
39.3376
40.1632
40.9701
41.7535
42.5094
43.2339
43.9226
44.5705
45.1718
45.7202
46.2085
46.629
46.9731
47.2317
47.3948
47.452
47.392
47.2032
46.8737
46.3916
45.7454
44.9244
43.9199
42.7257
41.3391
39.7621
38.0022
36.0732
33.9954
31.7953
29.5044
27.1572
24.7882
22.4288
20.1037
17.8288
15.6087
13.3902
11.1042
8.82295
6.64882
4.69225
3.03562
1.71382
0.748207
0.260099
0.104371
0.0587832
0.0413576
0.0327574
0.0280576
0.0253883
0.0238023
0.0227299
0.0217856
0.0206959
0.0192723
0.0174122
0.015118
0.0125179
0.00986529
0.00747844
0.00554513
0.00412407
0.00316153
0.00253502
0.00213031
0.00188497
0.00174082
0.00165706
0.00160806
0.00157913
0.00156198
0.0015517
0.00154512
0.00154006
0.00153504
0.00152907
0.00152159
0.00151233
0.00150126
0.00148855
0.00147449
0.00145948
0.00144399
0.0014285
0.0014135
0.00139943
0.00138671
0.00137567
0.00136658
0.00135964
0.00135495
0.00135254
0.00135239
0.00135441
0.00135849
0.00136446
0.00137217
0.00138145
0.00139218
0.00140423
0.00141755
0.00143213
0.001448
0.00146528
0.00148411
0.00150472
0.00152738
0.00155234
0.0015796
0.00160985
0.00164365
0.00168162
0.00172439
0.00177264
0.00182705
0.00188835
0.00195732
0.00203492
0.00212267
0.0022234
0.0023431
0.0024938
0.430226
0.505518
0.594062
0.69646
0.813069
0.943983
1.08834
1.2444
1.4096
1.58097
1.75574
1.93198
2.10898
2.28737
2.46888
2.65615
2.85242
3.06137
3.28672
3.53199
3.80022
4.09391
4.41508
4.76541
5.14637
5.55932
6.00556
6.48638
7.00298
7.55648
8.14786
8.7779
9.44713
10.1558
10.9037
11.6902
12.5145
13.3749
14.2694
15.1956
16.1504
17.1305
18.1321
19.1514
20.1841
21.2264
22.2743
23.3244
24.3737
25.4198
26.461
27.4964
28.5258
29.5498
30.5695
31.5868
32.6036
33.6223
34.6452
35.6745
36.7122
37.7597
38.8178
39.8869
40.9662
42.0527
43.1381
44.2144
45.2738
46.3071
47.3046
48.2553
49.1471
49.9672
50.7019
51.3371
51.8577
52.2486
52.4944
52.5798
52.4899
52.2103
51.7282
51.0325
50.1146
48.9695
47.5967
46.0013
44.1948
42.1958
40.0302
37.7309
35.336
32.8867
30.4236
27.9826
25.5903
23.2601
20.9904
18.7638
16.5041
14.1112
11.6406
9.19812
6.91662
4.91617
3.26826
1.98538
1.04405
0.466659
0.211999
0.111601
0.067969
0.04721
0.0366496
0.0309698
0.0278588
0.0261209
0.0250644
0.0242438
0.0233462
0.0221493
0.020511
0.0183744
0.0157853
0.0129071
0.0100091
0.00738731
0.00524815
0.00363265
0.00257907
0.00196677
0.00163746
0.0014715
0.00139455
0.00136413
0.00135697
0.00136043
0.00136761
0.00137466
0.00137948
0.00138099
0.00137874
0.00137274
0.00136325
0.00135077
0.00133591
0.00131935
0.00130182
0.00128401
0.00126657
0.00125008
0.00123503
0.00122181
0.00121073
0.00120197
0.00119565
0.00119181
0.00119043
0.00119143
0.00119471
0.00120015
0.00120762
0.001217
0.0012282
0.00124114
0.0012558
0.0012722
0.0012904
0.00131052
0.00133273
0.00135727
0.00138441
0.00141447
0.00144775
0.0014848
0.00152622
0.0015727
0.00162506
0.00168431
0.00175169
0.0018288
0.00191775
0.00202148
0.0021441
0.00229154
0.00247204
0.439475
0.517144
0.608676
0.714574
0.835008
0.969895
1.11805
1.27727
1.44447
1.61614
1.78915
1.96155
2.13304
2.30495
2.47987
2.66104
2.85189
3.05585
3.27618
3.51583
3.77739
4.06305
4.37467
4.71383
5.08196
5.4804
5.91044
6.37332
6.87021
7.40221
7.97024
8.57507
9.2172
9.89687
10.6139
11.3679
12.1579
12.9825
13.84
14.7282
15.6444
16.5858
17.5494
18.5321
19.5309
20.543
21.5662
22.5989
23.6401
24.69
25.7494
26.8203
27.9056
29.0089
30.1344
31.2867
32.4706
33.6904
34.9501
36.253
37.6009
38.9948
40.434
41.9161
43.4372
44.9936
46.5752
48.1674
49.7559
51.3259
52.8612
54.3444
55.757
57.0795
58.2916
59.3723
60.3004
61.055
61.6152
61.9614
62.0753
61.9406
61.5436
60.8741
59.9262
58.6991
57.1981
55.4355
53.431
51.212
48.8134
46.2758
43.6436
40.9622
38.2731
35.61
32.9944
30.4324
27.9138
25.4135
22.8396
20.069
17.1533
14.1984
11.3408
8.71201
6.40925
4.48507
2.95256
1.79561
0.982453
0.491765
0.242542
0.132215
0.0835878
0.057859
0.0437184
0.035885
0.031434
0.0287423
0.0268843
0.0252911
0.0236262
0.0217271
0.0195628
0.0171837
0.0146742
0.0121082
0.00953974
0.00705219
0.00495495
0.00341002
0.00241183
0.00183758
0.00153741
0.00139294
0.0013312
0.0013112
0.00131075
0.00131789
0.00132618
0.00133222
0.0013344
0.00133213
0.00132543
0.00131475
0.00130077
0.00128428
0.00126614
0.0012472
0.00122825
0.00120997
0.00119297
0.00117771
0.00116455
0.00115374
0.00114543
0.00113969
0.00113652
0.00113588
0.00113767
0.00114179
0.00114812
0.00115656
0.001167
0.00117938
0.00119367
0.00120989
0.00122808
0.00124837
0.00127091
0.00129592
0.0013237
0.00135458
0.00138899
0.0014274
0.00147046
0.00151892
0.00157371
0.00163598
0.00170713
0.00178897
0.00188379
0.00199458
0.00212524
0.0022809
0.0024683
0.448598
0.527881
0.621284
0.729234
0.851623
0.988103
1.13705
1.29568
1.46022
1.62653
1.79106
1.95191
2.10936
2.26583
2.42501
2.59095
2.7673
2.9571
3.16287
3.38677
3.63076
3.89654
4.1857
4.49966
4.83982
5.20751
5.60408
6.03083
6.48906
6.97998
7.50474
8.06433
8.65959
9.29116
9.9594
10.6644
11.406
12.1836
12.9964
13.8433
14.7228
15.6335
16.5739
17.5424
18.538
19.5597
20.6075
21.682
22.7845
23.9175
25.0843
26.2891
27.5371
28.8337
30.1847
31.596
33.0728
34.6197
36.24
37.9354
39.7059
41.5494
43.4617
45.4363
47.4647
49.536
51.6462
53.7851
55.9313
58.0648
60.1651
62.2104
64.1778
66.043
67.7806
69.3647
70.7691
71.9677
72.9354
73.6489
74.087
74.2316
74.0687
73.5891
72.7889
71.6709
70.2443
68.5261
66.5401
64.317
61.8935
59.3101
56.6087
53.8299
51.0092
48.1736
45.3386
42.5068
39.6677
36.8007
33.8061
30.5458
27.0732
23.49
19.9246
16.5004
13.3116
10.4172
7.85242
5.64409
3.81829
2.39333
1.3673
0.703234
0.327347
0.146393
0.0721857
0.0459611
0.0356626
0.0302629
0.0270502
0.0248302
0.0230666
0.0215011
0.0200077
0.0185021
0.0168833
0.0150093
0.0127585
0.0101466
0.00756055
0.00536265
0.00374009
0.00268079
0.00205331
0.0017075
0.00152702
0.00143746
0.00139558
0.00137718
0.00136893
0.00136366
0.00135761
0.00134904
0.00133731
0.00132247
0.00130497
0.00128545
0.00126467
0.0012434
0.00122238
0.00120227
0.00118364
0.00116693
0.00115247
0.0011405
0.00113116
0.00112449
0.0011205
0.00111912
0.00112027
0.00112383
0.00112969
0.00113773
0.00114787
0.00116003
0.00117418
0.00119034
0.00120855
0.00122893
0.00125165
0.00127692
0.00130504
0.00133635
0.00137129
0.00141039
0.00145426
0.0015037
0.00155964
0.00162325
0.00169596
0.00177957
0.00187634
0.00198917
0.00212182
0.00227919
0.00246778
0.45194
0.531058
0.623992
0.731118
0.852
0.986008
1.13107
1.28387
1.43998
1.59469
1.74409
1.88636
2.02245
2.15582
2.29137
2.43397
2.58749
2.75454
2.93682
3.1356
3.3521
3.58753
3.84311
4.12014
4.41994
4.74393
5.09356
5.47034
5.87581
6.31153
6.77904
7.27988
7.81553
8.3874
8.9968
9.64492
10.3328
11.0614
11.8314
12.6435
13.4983
14.3964
15.3383
16.3249
17.357
18.4362
19.5642
20.7431
21.976
23.2659
24.6165
26.0319
27.516
29.0728
30.706
32.4186
34.2129
36.0903
38.0512
40.0948
42.219
44.4203
46.6939
49.0333
51.4305
53.8753
56.3559
58.8634
61.3939
63.9337
66.4634
68.9617
71.4058
73.7705
76.029
78.1529
80.1131
81.88
83.4249
84.7205
85.7422
86.4688
86.8838
86.9759
86.7397
86.1766
85.2943
84.1071
82.6351
80.9036
78.9409
76.7773
74.4423
71.9628
69.3603
66.6498
63.838
60.9234
57.898
54.7497
51.3756
47.6308
43.576
39.3179
34.9894
30.7203
26.6113
22.7209
19.0689
15.6525
12.4696
9.53986
6.91503
4.67194
2.88612
1.59495
0.770191
0.31938
0.120102
0.054187
0.0396322
0.0334234
0.0298507
0.0272453
0.0249318
0.0226301
0.0201998
0.0175459
0.0146325
0.0115006
0.00854643
0.0060962
0.00429729
0.00311125
0.00239497
0.00198826
0.00176416
0.00164028
0.00156869
0.00152315
0.0014898
0.0014616
0.00143513
0.00140884
0.00138215
0.001355
0.00132764
0.00130042
0.00127379
0.00124819
0.00122406
0.00120177
0.00118163
0.00116392
0.00114879
0.00113638
0.00112673
0.00111985
0.0011157
0.0011142
0.00111525
0.00111873
0.00112453
0.00113254
0.00114265
0.00115482
0.001169
0.00118521
0.00120349
0.00122397
0.0012468
0.00127221
0.00130049
0.00133198
0.00136713
0.00140646
0.00145062
0.00150038
0.00155668
0.00162067
0.0016938
0.00177783
0.00187503
0.00198828
0.00212129
0.00227893
0.00246771
0.446014
0.522641
0.612162
0.714917
0.830181
0.957093
1.09327
1.23507
1.37768
1.51604
1.64602
1.76583
1.87684
1.98328
2.09094
2.20542
2.33083
2.46954
2.62259
2.79045
2.97358
3.17268
3.3887
3.62274
3.87613
4.15032
4.44694
4.76774
5.11456
5.48938
5.89426
6.33136
6.80294
7.31131
7.8589
8.44817
9.08165
9.76193
10.4916
11.2734
12.11
13.0043
13.9589
14.977
16.0613
17.2148
18.4404
19.7408
21.1185
22.5754
24.1131
25.732
27.4322
29.2122
31.0702
33.0032
35.0077
37.0798
39.2157
41.412
43.6657
45.9748
48.3379
50.7543
53.2234
55.7441
58.3146
60.9309
63.5868
66.2764
68.9931
71.7313
74.4814
77.2266
79.9452
82.6116
85.1975
87.6728
90.0069
92.1692
94.1308
95.8654
97.3502
98.5668
99.502
100.148
100.501
100.565
100.343
99.8462
99.0825
98.0615
96.7903
95.2724
93.5071
91.4889
89.2081
86.6522
83.8082
80.666
77.1214
73.0259
68.4469
63.507
58.3683
53.2053
48.175
43.3919
38.9133
34.7364
30.806
27.0328
23.3201
19.597
15.8523
12.1619
8.6936
5.67403
3.31045
1.69484
0.754139
0.302072
0.120762
0.0561042
0.0316421
0.0204251
0.0142112
0.01025
0.00748298
0.005437
0.00402083
0.00310388
0.00253796
0.00220081
0.00200216
0.00188171
0.00180253
0.00174366
0.00169401
0.00164818
0.00160385
0.00156025
0.00151732
0.00147526
0.00143437
0.00139495
0.00135732
0.00132176
0.00128852
0.00125782
0.00122985
0.00120476
0.00118265
0.00116358
0.00114758
0.00113463
0.00112469
0.00111768
0.0011135
0.00111204
0.00111317
0.00111676
0.00112266
0.00113078
0.00114101
0.00115328
0.00116756
0.00118386
0.00120224
0.0012228
0.00124571
0.00127119
0.00129954
0.0013311
0.00136632
0.00140572
0.00144995
0.00149978
0.00155615
0.00162023
0.00169343
0.00177754
0.00187482
0.00198813
0.00212119
0.00227888
0.00246769
0.430677
0.502651
0.586108
0.681342
0.787428
0.903383
1.02674
1.1538
1.27979
1.39961
1.50912
1.60648
1.6931
1.77339
1.85351
1.93944
2.03559
2.14427
2.26666
2.40272
2.5517
2.71406
2.89049
3.08197
3.28975
3.51534
3.76044
4.027
4.31712
4.63309
4.97739
5.35269
5.76188
6.20803
6.69445
7.22465
7.80238
8.43159
9.11641
9.86114
10.6702
11.5482
12.4995
13.5285
14.6393
15.8358
17.1208
18.4966
19.9643
21.5236
23.1727
24.9079
26.7241
28.6141
30.5698
32.5815
34.6396
36.7342
38.8568
41.0004
43.1605
45.3358
47.5282
49.7431
51.9887
54.2758
56.6164
59.0224
61.5042
64.0698
66.7231
69.4552
72.252
75.1255
78.0812
81.1132
84.2065
87.3393
90.4858
93.6169
96.7022
99.7108
102.613
105.381
107.99
110.418
112.644
114.654
116.43
117.957
119.219
120.196
120.864
121.193
121.147
120.687
119.77
118.351
116.39
113.858
110.643
106.588
101.735
96.2024
90.1766
83.8954
77.6172
71.5877
66.0069
61.002
56.6085
52.7647
49.3183
46.045
42.6785
38.9495
34.6362
29.6257
23.982
18.0002
12.2071
7.25396
3.66635
1.55006
0.55154
0.169974
0.0475665
0.0134763
0.00497807
0.00269176
0.00206865
0.00187773
0.00180451
0.00176588
0.00173739
0.00171073
0.00168284
0.00165278
0.00162055
0.00158655
0.00155129
0.00151528
0.00147899
0.00144282
0.00140715
0.00137233
0.00133869
0.00130653
0.00127616
0.00124785
0.00122183
0.0011983
0.00117744
0.00115935
0.00114411
0.00113176
0.00112228
0.00111564
0.00111176
0.00111054
0.00111187
0.00111563
0.00112169
0.00112995
0.00114031
0.00115269
0.00116708
0.00118347
0.00120192
0.00122255
0.00124552
0.00127105
0.00129944
0.00133103
0.00136627
0.00140569
0.00144993
0.00149976
0.00155614
0.00162022
0.00169343
0.00177754
0.00187482
0.00198813
0.00212119
0.00227888
0.0024677
0.409056
0.475037
0.550853
0.636714
0.731595
0.834484
0.94301
1.05374
1.16222
1.26372
1.3543
1.43211
1.49823
1.5567
1.61339
1.6743
1.74403
1.82507
1.91909
2.0256
2.14403
2.27357
2.41497
2.56907
2.73703
2.9203
3.1206
3.33991
3.58045
3.84464
4.13517
4.45496
4.80718
5.19532
5.62313
6.09469
6.61438
7.18689
7.81717
8.51043
9.27202
10.1074
11.0218
12.0205
13.1079
14.2881
15.5638
16.9365
18.4059
19.9696
21.6233
23.36
25.1704
27.043
28.9646
30.9205
32.8954
34.8743
36.8432
38.7903
40.7071
42.5891
44.4368
46.2563
48.0595
49.8642
51.6936
53.5753
55.54
57.6192
59.8434
62.239
64.8257
67.5785
70.4687
73.5337
76.791
80.2459
83.8935
87.7197
91.7033
95.8179
100.033
104.316
108.632
112.948
117.231
121.446
125.562
129.543
133.352
136.946
140.276
143.279
145.885
148.01
149.562
150.438
150.539
149.768
148.006
145.077
140.916
135.549
129.107
121.824
114.031
106.118
98.4885
91.5043
85.4298
80.3945
76.3748
73.2001
70.5761
68.1184
65.3915
61.9509
57.3929
51.4196
43.9265
35.1118
25.5804
16.366
8.73972
3.6826
1.19394
0.310811
0.0716965
0.0143528
0.00374848
0.00203584
0.00173243
0.00166285
0.00163655
0.0016172
0.00159757
0.00157631
0.00155321
0.00152836
0.00150192
0.00147412
0.00144525
0.00141562
0.00138559
0.00135554
0.00132587
0.00129698
0.00126925
0.00124303
0.00121866
0.0011964
0.00117649
0.00115911
0.00114437
0.00113235
0.00112309
0.00111657
0.00111275
0.00111155
0.00111288
0.00111662
0.00112266
0.0011309
0.00114124
0.00115361
0.00116799
0.00118437
0.00120282
0.00122344
0.00124639
0.0012719
0.00130026
0.00133181
0.00136701
0.00140638
0.00145057
0.00150034
0.00155665
0.00162066
0.00169379
0.00177783
0.00187503
0.00198828
0.00212129
0.00227894
0.00246771
0.386124
0.445903
0.513907
0.590217
0.673775
0.763576
0.857448
0.952341
1.04436
1.12937
1.20385
1.26602
1.31659
1.35887
1.39802
1.43962
1.48827
1.54732
1.61764
1.69914
1.79166
1.89466
2.0078
2.13194
2.26807
2.41754
2.58198
2.76328
2.96362
3.18539
3.43123
3.70407
4.00708
4.34373
4.71784
5.13352
5.59525
6.10782
6.67634
7.30616
8.00285
8.772
9.61916
10.5496
11.5679
12.6779
13.8823
15.1819
16.5759
18.0608
19.6307
21.2769
22.9879
24.7498
26.5463
28.3596
30.1707
31.9605
33.7107
35.4047
37.0285
38.5723
40.0308
41.4044
42.6995
43.9295
45.1147
46.2825
47.4679
48.713
50.067
51.5848
53.3264
55.3535
57.7195
60.3779
63.3367
66.6285
70.2738
74.2832
78.6563
83.3823
88.4405
93.8014
99.4277
105.276
111.299
117.447
123.67
129.919
136.145
142.301
148.333
154.181
159.771
165.009
169.778
173.932
177.303
179.704
181.027
181.104
179.679
176.549
171.621
164.955
156.8
147.597
137.929
128.442
119.734
112.258
106.261
101.769
98.6069
96.4464
94.8523
93.3225
91.3098
88.2336
83.499
76.5549
67.0283
54.9529
41.0432
26.8457
14.5063
5.95931
1.71589
0.322937
0.0426618
0.00609815
0.00249226
0.00200082
0.00188677
0.00183286
0.00178872
0.00174587
0.001703
0.00166
0.00161698
0.00157415
0.00153177
0.00149013
0.00144955
0.00141034
0.00137281
0.00133724
0.00130391
0.00127303
0.00124479
0.00121933
0.00119676
0.00117717
0.00116057
0.00114699
0.00113638
0.0011287
0.00112386
0.00112177
0.00112231
0.00112537
0.0011308
0.0011385
0.00114837
0.00116033
0.00117434
0.0011904
0.00120856
0.00122891
0.00125162
0.00127689
0.001305
0.00133631
0.00137125
0.00141035
0.00145423
0.00150368
0.00155963
0.00162324
0.00169596
0.00177956
0.00187634
0.00198918
0.00212183
0.0022792
0.00246779
0.366957
0.421358
0.482625
0.550674
0.624442
0.70292
0.784129
0.86539
0.943374
1.01457
1.07602
1.12613
1.16536
1.19636
1.22343
1.25157
1.28528
1.32788
1.3802
1.44259
1.5151
1.59765
1.68961
1.79135
1.90375
2.02796
2.16546
2.31804
2.48771
2.67671
2.88754
3.12293
3.38586
3.67958
4.00764
4.37391
4.78256
5.23807
5.74524
6.30909
6.93486
7.62785
8.39332
9.23625
10.1611
11.1715
12.2699
13.4572
14.7322
16.0916
17.5291
19.0359
20.5999
22.2067
23.8394
25.479
27.1052
28.697
30.2334
31.6945
33.0629
34.3244
35.4691
36.4914
37.3915
38.176
38.8574
39.4545
39.9924
40.5031
41.0257
41.6079
42.3066
43.19
44.3404
45.8539
47.7628
50.0938
52.8988
56.2247
60.1123
64.5927
69.6838
75.3864
81.681
88.5247
95.8544
103.588
111.63
119.876
128.222
136.574
144.852
152.997
160.964
168.713
176.189
183.304
189.915
195.815
200.98
205.354
208.5
209.917
209.126
205.784
199.805
191.443
181.301
170.237
159.197
149.033
140.361
133.494
128.465
125.093
123.064
122.001
121.493
121.071
120.144
117.908
113.299
105.097
92.3092
74.8542
54.258
33.6815
16.6107
5.41674
0.907473
0.0712488
0.00676556
0.00277117
0.00228572
0.00214737
0.00205887
0.00198141
0.00190942
0.00184178
0.00177802
0.00171779
0.00166089
0.00160714
0.00155645
0.00150875
0.001464
0.00142219
0.00138333
0.00134744
0.00131456
0.00128474
0.00125801
0.00123441
0.00121399
0.00119675
0.00118269
0.00117178
0.00116395
0.00115911
0.00115717
0.00115799
0.00116143
0.00116737
0.00117568
0.00118627
0.00119908
0.00121407
0.00123128
0.00125077
0.00127269
0.00129721
0.0013246
0.00135517
0.00138935
0.00142761
0.00147058
0.00151899
0.00157375
0.00163599
0.00170713
0.00178897
0.00188379
0.00199459
0.00212525
0.00228091
0.00246831
0.355795
0.406358
0.462779
0.524807
0.591375
0.661431
0.73311
0.803996
0.871175
0.931657
0.982957
1.02378
1.05453
1.07744
1.0962
1.11528
1.13898
1.17024
1.21003
1.25907
1.31755
1.3854
1.4625
1.54857
1.64432
1.75075
1.8692
2.0013
2.14891
2.31411
2.49918
2.70663
2.93918
3.19977
3.49162
3.81818
4.18319
4.59065
5.04481
5.55018
6.1114
6.73322
7.42034
8.17726
9.00804
9.91603
10.9036
11.9716
13.1192
14.3434
15.6387
16.9968
18.4067
19.855
21.3256
22.8004
24.2595
25.681
27.043
28.323
29.5021
30.5666
31.5071
32.3094
32.9696
33.4937
33.8906
34.174
34.3616
34.4761
34.5449
34.6005
34.6815
34.8335
35.1113
35.5828
36.3327
37.4115
38.8819
40.8159
43.2976
46.4237
50.3035
55.0582
60.8035
67.5267
75.2565
83.9671
93.5677
103.896
114.721
125.755
136.713
147.344
157.471
167.017
176.008
184.535
192.688
200.473
208.111
215.82
223.178
229.495
233.904
235.547
233.803
228.493
219.995
209.189
197.261
185.418
174.642
165.546
158.366
153.047
149.38
147.126
146.099
146.175
147.217
148.887
150.379
150.102
145.531
133.673
112.651
84.0267
52.9686
25.3988
7.76942
1.08288
0.0517699
0.00543434
0.00311315
0.00278143
0.00262671
0.00250166
0.00239013
0.00228871
0.00219557
0.00210935
0.00202898
0.00195364
0.00188272
0.00181579
0.00175257
0.00169289
0.0016367
0.00158402
0.00153493
0.00148955
0.00144802
0.00141047
0.00137699
0.00134767
0.00132252
0.00130151
0.00128456
0.00127156
0.00126233
0.0012567
0.00125445
0.0012554
0.00125934
0.00126611
0.00127558
0.00128765
0.0013023
0.00131953
0.00133941
0.00136208
0.00138773
0.00141664
0.00144914
0.00148567
0.00152674
0.001573
0.00162523
0.0016844
0.00175174
0.00182882
0.00191777
0.00202149
0.00214411
0.00229155
0.00247205
0.356292
0.404968
0.458868
0.517596
0.580059
0.645117
0.710916
0.775138
0.835078
0.888039
0.931853
0.965474
0.989409
1.00581
1.01819
1.03081
1.04783
1.07177
1.10365
1.14432
1.19402
1.25263
1.32006
1.39611
1.48115
1.57606
1.68209
1.80075
1.93379
2.08316
2.25098
2.43955
2.65137
2.88912
3.15568
3.45417
3.78789
4.16037
4.57536
5.03678
5.54868
6.11518
6.74039
7.42821
8.18223
9.00541
9.89987
10.8666
11.9049
13.0124
14.1845
15.4143
16.6923
18.007
19.3447
20.6893
22.0208
23.3169
24.5582
25.714
26.7609
27.6913
28.4963
29.168
29.7029
30.1026
30.3732
30.5246
30.5701
30.5269
30.415
30.258
30.0825
29.9194
29.8043
29.7799
29.899
30.2254
30.8036
31.6921
32.9636
34.708
37.038
40.0924
44.0381
49.0682
55.4029
63.276
72.9067
84.4561
97.9083
112.611
128.016
143.363
157.792
170.593
181.377
190.213
197.605
204.263
211.081
218.878
227.632
236.685
244.9
250.936
253.586
252.115
246.488
237.406
226.111
214.042
202.468
192.245
183.755
176.998
171.765
167.835
165.125
163.771
164.111
166.558
171.325
177.914
184.262
185.683
174.871
145.899
101.884
54.9427
20.5173
4.16741
0.299028
0.0126986
0.00446513
0.00388057
0.00368042
0.00352562
0.00338955
0.00326575
0.00315042
0.00304082
0.00293496
0.0028315
0.00272965
0.00262905
0.00252968
0.00243183
0.00233601
0.00224284
0.00215305
0.00206738
0.00198654
0.00191115
0.00184173
0.00177866
0.00172217
0.00167236
0.00162919
0.00159249
0.00156202
0.00153745
0.00151841
0.00150452
0.0014954
0.00149068
0.00149005
0.00149322
0.0015
0.00151024
0.00152387
0.0015409
0.00156142
0.0015856
0.0016137
0.00164605
0.00168306
0.00172523
0.00177311
0.0018273
0.00188848
0.00195738
0.00203496
0.00212269
0.00222341
0.00234311
0.0024938
0.372792
0.421846
0.475837
0.534275
0.595998
0.659724
0.723494
0.784906
0.841233
0.889813
0.92857
0.956598
0.974587
0.984922
0.991404
0.998602
1.01089
1.0304
1.05802
1.09445
1.13979
1.1938
1.25626
1.32714
1.40658
1.49538
1.59474
1.70615
1.83133
1.97214
2.13063
2.309
2.50962
2.73499
2.9878
3.2709
3.58733
3.94026
4.33306
4.7692
5.25227
5.78585
6.37353
7.01867
7.72436
8.49315
9.32687
10.2263
11.1911
12.2191
13.3066
14.4478
15.6353
16.8604
18.1137
19.3809
20.6414
21.8627
23.0121
24.0781
25.045
25.9019
26.6399
27.2521
27.7351
28.0893
28.3188
28.4312
28.4373
28.3507
28.1873
27.9653
27.7047
27.4279
27.1598
26.9293
26.7707
26.7269
26.8338
27.131
27.6678
28.5075
29.7326
31.4529
33.8155
37.0181
41.3254
47.086
54.7419
64.8181
77.8622
94.3074
114.295
137.148
160.314
181.466
198.141
208.799
213.72
215.132
216.135
219.381
225.755
234.604
244.411
253.303
259.48
261.626
259.218
252.64
243.031
231.918
220.758
210.588
201.893
194.674
188.656
183.529
179.178
175.812
174.015
174.691
178.957
187.869
201.699
217.933
227.096
209.921
153.542
81.8154
29.59
5.86595
0.41454
0.0161624
0.00649457
0.00602906
0.00590175
0.00580589
0.00571684
0.00562486
0.0055244
0.00541205
0.0052861
0.00514615
0.00499282
0.00482753
0.0046523
0.00446954
0.0042819
0.00409211
0.00390287
0.00371672
0.00353599
0.00336271
0.00319856
0.00304489
0.00290264
0.00277243
0.00265455
0.00254897
0.00245544
0.00237347
0.00230246
0.00224166
0.00219029
0.00214755
0.00211264
0.00208482
0.00206345
0.00204795
0.00203789
0.00203296
0.002033
0.00203802
0.00204818
0.00206379
0.00208531
0.00211329
0.00214826
0.00219064
0.00224046
0.00229702
0.00235849
0.0024215
0.00248144
0.00253544
0.00259216
0.412972
0.465159
0.522335
0.58398
0.648793
0.715278
0.781219
0.843928
0.90039
0.947697
0.98362
1.00726
1.01953
1.02337
1.02336
1.02502
1.03348
1.05058
1.07686
1.11264
1.15763
1.21131
1.27333
1.34366
1.4224
1.51028
1.60858
1.71883
1.8428
1.9824
2.13972
2.31696
2.51649
2.74079
2.9925
3.27439
3.58939
3.94056
4.33106
4.76415
5.24313
5.77131
6.35186
6.9878
7.6818
8.43603
9.25197
10.1302
11.0701
12.0699
13.1259
14.2334
15.3869
16.5819
17.8172
19.079
20.3208
21.5064
22.6245
23.6626
24.6069
25.446
26.1705
26.7739
27.2525
27.6058
27.837
27.9522
27.9604
27.873
27.7035
27.467
27.1798
26.8599
26.5263
26.2005
25.9074
25.6776
25.5364
25.5097
25.6288
25.9329
26.4738
27.3217
28.5745
30.3719
32.9159
36.5012
41.5577
48.7053
58.815
73.0442
92.7706
119.245
152.687
189.118
220.89
240.646
244.289
234.896
222.431
216.165
217.529
224.641
234.982
245.941
255.079
260.586
261.525
257.92
250.658
241.261
231.303
221.956
213.786
206.793
200.621
194.857
189.298
184.138
180.037
178.1
179.855
187.276
202.78
228.338
260.195
270.432
198.628
93.3482
27.4132
3.84621
0.170863
0.0144557
0.0110198
0.0109607
0.0110604
0.0111969
0.0113259
0.0113945
0.0113968
0.011333
0.0112063
0.0110219
0.0107863
0.0105069
0.010191
0.00984634
0.00948015
0.00909934
0.0087103
0.00831883
0.00793006
0.00754851
0.00717801
0.00682172
0.00648215
0.00616118
0.00586013
0.00557974
0.00532026
0.00508148
0.00486279
0.00466327
0.00448172
0.00431673
0.00416681
0.00403039
0.00390593
0.00379202
0.00368739
0.00359106
0.00350238
0.00342107
0.00334736
0.00328195
0.00322608
0.00318144
0.00315003
0.00313382
0.003134
0.00314979
0.00317629
0.00320107
0.00319959
0.0031323
0.00295543
0.494388
0.553609
0.618274
0.68791
0.760951
0.835559
0.90904
0.978122
1.03915
1.08861
1.12381
1.14375
1.1497
1.14549
1.1372
1.1321
1.13685
1.1531
1.18083
1.21969
1.26871
1.32691
1.39368
1.46899
1.55287
1.64608
1.75005
1.86652
1.99744
2.14492
2.31123
2.49877
2.71005
2.94775
3.21465
3.51371
3.84797
4.22063
4.63497
5.09431
5.60198
6.16126
6.77526
7.44683
8.17843
8.97196
9.82858
10.7485
11.7307
12.7731
13.8718
15.0223
16.2201
17.4671
18.782
20.1285
21.4232
22.6626
23.8341
24.9241
25.9188
26.8059
27.5754
28.2203
28.7363
29.1224
29.3807
29.5167
29.538
29.4552
29.2803
29.027
28.71
28.3449
27.9482
27.5383
27.1369
26.7712
26.4583
26.2153
26.0617
26.0207
26.1217
26.4045
26.9247
27.7638
29.0445
30.9556
33.7908
38.0124
44.3515
53.9664
68.674
91.2088
125.22
173.874
231.16
275.304
288.066
263.685
225.598
206.572
203.004
208.889
220.073
233.106
245.087
253.864
258.143
257.648
253.08
245.822
237.42
229.205
221.816
215.271
209.166
203.01
196.533
189.901
183.8
179.412
178.4
183.055
196.797
225.023
274.03
326.469
224.63
80.4315
15.5752
1.1961
0.0526718
0.0212728
0.0212337
0.0220709
0.0228393
0.0234711
0.023985
0.0243823
0.0245843
0.0246107
0.024485
0.0242301
0.0238676
0.0234171
0.0228962
0.0223205
0.0217038
0.0210581
0.0203938
0.0197199
0.0190441
0.0183729
0.0177116
0.0170647
0.0164358
0.0158276
0.015242
0.0146802
0.0141427
0.0136292
0.0131388
0.0126701
0.0122208
0.0117885
0.01137
0.0109619
0.0105608
0.0101628
0.0097648
0.00936367
0.00895733
0.00854481
0.00812676
0.00770598
0.00728789
0.0068809
0.00649654
0.00614889
0.00585293
0.00562107
0.00545639
0.00534044
0.00521053
0.00492332
0.00420581
0.66755
0.740831
0.820752
0.906898
0.997182
1.08916
1.17921
1.26292
1.33537
1.39181
1.42866
1.44465
1.44172
1.42545
1.40454
1.38941
1.3897
1.40685
1.43994
1.4875
1.54745
1.61797
1.69798
1.78744
1.8862
1.99515
2.1161
2.2512
2.40285
2.57362
2.76625
2.98361
3.22871
3.50471
3.81493
4.16283
4.55204
4.98631
5.46949
6.00547
6.5981
7.25114
7.96808
8.75205
9.60565
10.5307
11.5282
12.5978
13.7379
14.9452
16.2151
17.5415
18.92
20.3623
21.9406
23.5186
25.0357
26.4924
27.8725
29.1591
30.3359
31.3878
32.303
33.0725
33.6908
34.1556
34.4685
34.6343
34.6606
34.5579
34.3384
34.016
33.6059
33.1237
32.5861
32.0117
31.4271
30.8679
30.3429
29.8634
29.4411
29.0893
28.8241
28.6668
28.6463
28.8053
29.2091
29.961
31.2284
33.2856
36.5872
41.8985
50.5399
64.8664
89.1569
130.988
200.775
286.047
333.045
305.884
223.082
191.426
184.949
190.882
203.44
218.639
233.336
245.161
252.575
255.059
253.118
248.016
241.29
234.235
227.58
221.413
215.319
208.778
201.49
193.613
185.849
179.415
176.025
178.079
189.413
217.364
277.278
383.273
213.268
48.1552
4.65803
0.248983
0.0424234
0.037978
0.0402555
0.042506
0.0443706
0.0457955
0.0467792
0.047423
0.0477254
0.0477495
0.0475571
0.0471965
0.0467073
0.0461215
0.0454646
0.0447574
0.0440165
0.0432554
0.0424849
0.0417139
0.0409494
0.0401968
0.0394606
0.0387442
0.03805
0.0373796
0.0367337
0.0361124
0.0355148
0.0349389
0.0343821
0.0338404
0.0333085
0.0327798
0.0322463
0.0316981
0.0311236
0.0305093
0.0298398
0.0290975
0.0282632
0.0273166
0.0262376
0.025009
0.0236207
0.0220761
0.0204001
0.0186482
0.0169103
0.0153051
0.0139542
0.0129306
0.0121634
0.0112656
0.00912522
1.1397
1.2462
1.36313
1.48918
1.6212
1.75528
1.88562
2.00514
2.10592
2.18037
2.22291
2.23182
2.21077
2.16937
2.12226
2.08681
2.07946
2.1015
2.15003
2.22131
2.31086
2.4149
2.53123
2.65988
2.80015
2.95336
3.12222
3.30996
3.52016
3.7566
4.02327
4.32431
4.66404
5.04702
5.47798
5.96195
6.50417
7.11009
7.78533
8.5356
9.36657
10.2837
11.2923
12.3967
13.6006
14.9066
16.3157
17.8271
19.4376
21.142
22.9322
24.7983
26.7322
28.7633
31.1105
33.4003
35.6334
37.7883
39.8358
41.7485
43.4998
45.0657
46.4262
47.5661
48.4751
49.148
49.5849
49.7907
49.7748
49.5504
49.1339
48.544
47.8011
46.9268
45.9434
44.8765
43.7856
42.7357
41.7225
40.7465
39.8123
38.9283
38.1056
37.3592
36.7091
36.1829
35.8209
35.6845
35.8694
36.5295
37.9161
40.4453
44.8262
52.3809
65.661
89.5077
135.016
234.351
347.609
371.211
216.235
174.212
166.784
173.648
187.717
204.873
221.901
236.334
246.468
251.584
252.003
248.859
243.64
237.633
231.599
225.662
219.453
212.472
204.424
195.477
186.353
178.274
172.963
172.85
182.015
209.273
278.637
454.845
151.82
16.6479
1.01915
0.100435
0.0646409
0.0675993
0.0715741
0.074718
0.0769954
0.078471
0.079249
0.0794407
0.079438
0.0793046
0.0791022
0.0788676
0.0786276
0.0784008
0.0782003
0.0780346
0.0779087
0.0778251
0.0777843
0.0777854
0.0778263
0.0779041
0.0780157
0.0781575
0.0783259
0.0785172
0.0787278
0.0789542
0.0791934
0.0794424
0.0796985
0.0799591
0.0802215
0.0804826
0.0807384
0.0809838
0.0812115
0.0814108
0.0815657
0.0816518
0.0816326
0.0814536
0.0810362
0.0802702
0.0790104
0.0770827
0.0743093
0.070574
0.0659227
0.0606796
0.0554698
0.0510173
0.0475961
0.0440459
0.03571
3.51045
3.78854
4.10125
4.43268
4.77685
5.12249
5.45425
5.75301
5.99755
6.16776
6.24932
6.23879
6.14773
6.00383
5.84801
5.72746
5.69014
5.74203
5.87091
6.06336
6.30409
6.5803
6.88423
7.21519
7.57204
7.95756
8.37899
8.84492
9.36473
9.94833
10.606
11.3483
12.1863
13.1316
14.1964
15.3937
16.737
18.2407
19.92
21.7902
23.867
26.1659
28.7017
31.4875
34.5345
37.8508
41.4401
45.3009
49.4255
53.7989
58.3982
63.1941
68.1605
73.4148
79.8672
86.3054
92.699
98.9279
104.886
110.48
115.62
120.218
124.201
127.509
130.1
131.945
133.035
133.376
132.99
131.913
130.193
127.887
125.058
121.776
118.112
114.138
110.013
106.089
102.26
98.5032
94.8333
91.2821
87.8925
84.7159
81.8143
79.2634
77.1597
75.6297
74.8445
75.0397
76.543
79.8
85.3734
94.2243
108.707
127.661
144.119
161.249
323.849
470.602
206.849
157.369
150.425
158.59
173.993
192.65
211.477
227.959
240.285
247.57
249.963
248.473
244.524
239.38
233.824
228.019
221.637
214.211
205.484
195.649
185.448
176.095
169.285
167.415
174.624
200.727
278.801
560.673
50.2041
1.97328
0.250787
0.127521
0.113734
0.105999
0.0997573
0.0949294
0.0915786
0.0897552
0.0894797
0.0907487
0.0924877
0.0946518
0.097214
0.100154
0.103452
0.107091
0.111052
0.115313
0.119852
0.124643
0.129657
0.13486
0.140215
0.145682
0.151216
0.156772
0.162301
0.167755
0.173085
0.178245
0.183193
0.187891
0.19231
0.196428
0.200232
0.203719
0.206894
0.209772
0.212375
0.21473
0.216869
0.218825
0.220634
0.22233
0.223957
0.225578
0.227305
0.22935
0.232102
0.236227
0.242752
0.253043
0.268489
0.289471
0.312336
0.320608
0.265784
1.56347
2.00426
2.14358
2.13955
2.08104
2.00889
1.9398
1.87962
1.82962
1.78932
1.75774
1.73391
1.71711
1.70632
1.70052
1.70014
1.70551
1.71691
1.73451
1.75836
1.7884
1.82455
1.8669
1.91588
1.97371
2.0743
2.69618
6.53689
19.4426
46.3771
87.5888
140.007
199.85
264.002
330.421
398.25
467.947
542.714
634.969
0.238276
0.30651
0.334574
0.348399
0.358277
0.368303
0.379567
0.391952
0.404942
0.417968
0.430533
0.44224
0.452731
0.461634
0.468523
0.47257
0.473216
0.470142
0.463329
0.453129
0.440312
0.426018
0.411627
0.398697
0.39228
0.448922
0.979193
3.04762
7.84348
16.1008
27.873
42.7078
59.9707
79.0736
99.5826
121.275
144.171
168.603
194.217
0.0741187
0.0954468
0.103999
0.107652
0.109802
0.111921
0.114525
0.11769
0.121304
0.125181
0.12911
0.132867
0.136199
0.138931
0.141192
0.142635
0.142979
0.142037
0.139765
0.136301
0.131987
0.127347
0.123074
0.121167
0.143767
0.408892
1.69844
4.83401
10.0638
17.3279
26.439
37.1327
49.1304
62.1967
76.1763
91.0128
106.749
123.469
140.983
0.038479
0.0476524
0.0519026
0.0536595
0.0542932
0.0545258
0.0547028
0.054967
0.0553552
0.0558488
0.0563977
0.0569316
0.0573544
0.0576525
0.0578482
0.0578534
0.0575914
0.0570163
0.0561372
0.0550434
0.0539257
0.0531002
0.0533919
0.0623084
0.17447
0.970835
3.50778
8.21922
14.8749
23.1161
32.6314
43.1637
54.509
66.5251
79.1358
92.3281
106.134
120.573
135.536
0.0275228
0.0316797
0.0339278
0.0349519
0.0352912
0.0352895
0.0351438
0.034958
0.0347809
0.034628
0.0344948
0.0343629
0.0341938
0.0340165
0.0338098
0.0335515
0.0332268
0.0328402
0.0324314
0.0320972
0.0320189
0.0325809
0.0360342
0.0712735
0.441789
2.24089
6.49387
13.1805
21.7661
31.7131
42.6094
54.1638
66.1836
78.5564
91.2339
104.213
117.511
131.119
144.936
0.0233305
0.0250231
0.0260721
0.0265759
0.0267184
0.0266497
0.0264706
0.0262425
0.0259998
0.0257591
0.0255251
0.025294
0.0250569
0.0248224
0.024583
0.024334
0.0240792
0.0238406
0.0236738
0.023691
0.024106
0.0256319
0.0349739
0.148884
1.10046
4.42796
10.8382
19.8939
30.8217
42.9307
55.7107
68.8226
82.0626
95.3264
108.576
121.813
135.044
148.248
161.332
0.0215655
0.0219357
0.0222134
0.0223124
0.0222619
0.0221122
0.0219058
0.0216726
0.0214311
0.0211918
0.0209587
0.0207294
0.0205074
0.0202923
0.0200825
0.0198803
0.0196974
0.0195645
0.0195484
0.0197781
0.0205403
0.023356
0.0475425
0.367282
2.35463
7.73696
16.7446
28.5506
42.1471
56.6924
71.5851
86.4424
101.05
115.309
129.194
142.713
155.877
168.671
181.015
0.0208064
0.0204545
0.0202317
0.0200226
0.0197955
0.0195509
0.0192976
0.0190446
0.0187982
0.018562
0.0183371
0.0181216
0.0179184
0.0177264
0.0175462
0.0173832
0.0172531
0.0171921
0.0172753
0.0176504
0.0187453
0.0238825
0.0862277
0.844774
4.38846
12.3289
24.345
39.2119
55.6709
72.7306
89.7142
106.214
122.022
137.061
151.329
164.858
177.679
189.797
201.155
0.0204861
0.0197518
0.0192161
0.0187848
0.018411
0.0180738
0.0177643
0.0174788
0.0172153
0.0169718
0.0167463
0.0165373
0.0163445
0.016167
0.0160063
0.0158693
0.0157737
0.0157592
0.0159072
0.0163895
0.0178806
0.0276101
0.180474
1.70717
7.3214
18.2588
33.5973
51.6888
71.0123
90.4386
109.241
127.02
143.601
158.955
173.13
186.201
198.238
209.278
219.247
0.0203558
0.0194305
0.0187115
0.0181319
0.0176477
0.0172321
0.0168686
0.0165467
0.0162594
0.0160014
0.015768
0.0155572
0.0153665
0.015195
0.0150443
0.0149218
0.014846
0.0148587
0.0150454
0.0156106
0.0176317
0.036408
0.37262
3.03779
11.1549
25.3913
44.1854
65.4499
87.4085
108.821
128.948
147.434
164.182
179.244
192.742
204.82
215.601
225.126
233.395
0.020305
0.0192907
0.0184726
0.0178023
0.0172431
0.0167688
0.0163607
0.0160059
0.0156947
0.0154197
0.0151753
0.0149578
0.014764
0.0145925
0.014445
0.0143284
0.0142616
0.0142863
0.0144913
0.0151219
0.0178933
0.0536522
0.698552
4.82889
15.715
33.3319
55.4655
79.6005
103.736
126.562
147.371
165.899
182.162
196.323
208.611
219.242
228.373
236.131
242.558
0.0202861
0.0192329
0.0183655
0.0176448
0.0170396
0.0165261
0.016086
0.0157056
0.0153744
0.0150841
0.0148287
0.0146032
0.0144042
0.0142298
0.0140812
0.0139652
0.0138996
0.0139253
0.0141323
0.0148128
0.0186354
0.0830765
1.15931
6.94455
20.6178
41.4123
66.4917
92.9604
118.647
142.222
163.055
181.009
196.251
209.071
219.788
228.708
236.082
242.066
246.713
0.0202793
0.0192102
0.0183202
0.0175741
0.0169436
0.0164069
0.0159465
0.015549
0.0152037
0.0149022
0.0146379
0.0144055
0.0142014
0.0140234
0.0138722
0.0137537
0.0136846
0.0137033
0.0138996
0.0146129
0.0197585
0.124595
1.69945
9.11414
25.2922
48.7591
76.1416
104.243
130.79
154.499
174.835
191.805
205.716
217.009
226.127
233.439
239.218
243.628
246.728
0.020277
0.019202
0.0183027
0.0175453
0.0169028
0.0163544
0.0158833
0.0154764
0.015123
0.0148148
0.014545
0.0143083
0.0141007
0.0139199
0.0137662
0.0136444
0.0135694
0.0135764
0.0137523
0.0144752
0.0209625
0.169819
2.20841
10.9734
29.0717
54.4371
83.3009
112.264
139.02
162.348
181.886
197.79
210.49
220.505
228.327
234.358
238.878
242.053
243.945
0.0202764
0.0191999
0.0182983
0.0175377
0.0168918
0.0163398
0.0158655
0.0154556
0.0150997
0.0147894
0.0145179
0.0142798
0.0140713
0.0138896
0.0137346
0.0136101
0.0135288
0.0135219
0.0136706
0.0143708
0.0217517
0.202867
2.55085
12.1477
31.3232
57.5899
86.9496
116.004
142.513
165.348
184.212
199.331
211.187
220.336
227.294
232.471
236.152
238.503
239.586
0.020277
0.019202
0.0183027
0.0175453
0.0169029
0.0163544
0.0158834
0.0154766
0.0151235
0.0148156
0.0145464
0.0143104
0.0141037
0.0139235
0.0137692
0.0136435
0.0135567
0.0135357
0.0136533
0.0142904
0.0216582
0.208261
2.61547
12.3516
31.6032
57.7613
86.8353
115.477
141.513
163.863
182.26
196.939
208.384
217.144
223.72
228.514
231.807
233.764
234.443
0.0202793
0.0192102
0.0183202
0.0175741
0.0169437
0.0164069
0.0159467
0.0155495
0.0152048
0.0149043
0.0146413
0.0144109
0.014209
0.0140329
0.0138815
0.0137564
0.0136656
0.0136313
0.0137159
0.0142515
0.020602
0.18201
2.37804
11.5852
30.0418
55.2499
83.3586
111.145
136.511
158.399
176.525
191.084
202.512
211.313
217.951
222.798
226.121
228.074
228.714
0.0202861
0.0192329
0.0183655
0.0176448
0.0170397
0.0165262
0.0160864
0.0157067
0.0153766
0.0150883
0.0148358
0.0146141
0.0144198
0.0142501
0.0141035
0.0139806
0.0138871
0.0138404
0.0138914
0.0143027
0.0190543
0.13759
1.93714
10.084
27.0296
50.5907
77.1704
103.72
128.221
149.619
167.577
182.215
193.89
203.031
210.049
215.275
218.949
221.213
222.118
0.020305
0.0192907
0.0184726
0.0178024
0.0172433
0.0167691
0.0163617
0.0160079
0.0156987
0.0154271
0.0151881
0.0149776
0.0147926
0.0146307
0.01449
0.0143702
0.0142746
0.0142157
0.0142329
0.0145186
0.0176808
0.0931116
1.41213
8.15299
23.073
44.469
69.0809
94.0665
117.494
138.298
156.071
170.839
182.86
192.48
200.042
205.832
210.059
212.85
214.244
0.0203558
0.0194305
0.0187115
0.018132
0.017648
0.0172329
0.0168703
0.0165503
0.0162663
0.0160138
0.0157895
0.0155907
0.0154153
0.0152612
0.0151264
0.0150093
0.0149109
0.0148389
0.0148228
0.0149951
0.0168934
0.0588647
0.915553
6.10565
18.6946
37.5885
59.9236
83.0838
105.228
125.277
142.753
157.577
169.907
180.001
188.136
194.55
199.422
202.86
204.894
0.0204861
0.0197518
0.0192161
0.018785
0.0184116
0.0180751
0.0177672
0.0174847
0.0172264
0.0169918
0.0167803
0.0165914
0.016424
0.0162765
0.0161466
0.0160311
0.0159282
0.0158409
0.0157931
0.015865
0.0168882
0.037708
0.52346
4.20392
14.3489
30.5701
50.446
71.5964
92.2758
111.401
128.422
143.167
155.695
166.181
174.835
181.854
187.389
191.531
194.3
0.0208065
0.0204545
0.0202318
0.0200229
0.0197964
0.019553
0.0193023
0.019054
0.0188159
0.0185935
0.0183903
0.0182079
0.0180467
0.0179053
0.0177805
0.0176669
0.0175586
0.0174527
0.0173677
0.0173506
0.0178118
0.0270916
0.263337
2.62578
10.3771
23.8929
41.2411
60.2855
79.383
97.4543
113.892
128.437
141.056
151.845
160.958
168.548
174.745
179.627
183.211
0.0215655
0.0219358
0.0222136
0.022313
0.0222634
0.0221157
0.0219133
0.0216876
0.0214595
0.0212424
0.0210444
0.0208698
0.0207198
0.0205923
0.0204818
0.0203786
0.0202698
0.0201437
0.0200161
0.0199118
0.0200138
0.0236041
0.120725
1.45739
6.99828
17.8803
32.728
49.6653
67.1601
84.1467
99.9674
114.28
126.963
138.039
147.603
155.775
162.665
168.347
172.837
0.0233305
0.0250232
0.0260725
0.0265769
0.0267208
0.0266554
0.026483
0.0262676
0.0260476
0.0258453
0.0256729
0.0255358
0.0254346
0.0253641
0.0253126
0.0252604
0.0251806
0.0250438
0.0248699
0.0246677
0.0245139
0.025532
0.059022
0.701165
4.3253
12.7209
25.1715
40.1028
56.107
72.1328
87.4661
101.675
114.546
126.023
136.147
145.007
152.7
159.3
164.837
0.0275228
0.0316799
0.0339284
0.0349535
0.0352955
0.0352996
0.035166
0.0350038
0.0348699
0.0347917
0.0347806
0.0348384
0.0349592
0.0351276
0.0353154
0.0354777
0.0355518
0.0354648
0.0352646
0.0349433
0.0345344
0.0343686
0.0434656
0.293626
2.38922
8.51032
18.7311
31.8761
46.6846
62.1029
77.3293
91.814
105.232
117.439
128.418
138.23
146.967
154.718
161.534
0.038479
0.0476528
0.0519037
0.0536628
0.0543016
0.0545459
0.0547481
0.0550628
0.0555458
0.0562061
0.0570327
0.058004
0.0590888
0.060239
0.0613794
0.0623968
0.0631346
0.0633996
0.0633416
0.0629173
0.0621258
0.0610991
0.0618804
0.136379
1.1596
5.29523
13.5236
25.2687
39.471
55.0271
70.9703
86.5649
101.327
114.995
127.481
138.815
149.097
158.451
166.99
0.0741188
0.0954475
0.104001
0.107658
0.10982
0.111964
0.114624
0.1179
0.121721
0.125962
0.130492
0.13519
0.139936
0.144593
0.148982
0.152853
0.155873
0.1576
0.15838
0.157966
0.15627
0.1535
0.150265
0.163231
0.565807
3.11647
9.72473
20.8333
35.7391
53.1727
71.8003
90.5223
108.569
125.483
141.055
155.259
168.2
180.09
191.293
0.238276
0.306512
0.334578
0.348408
0.358299
0.368351
0.379671
0.392157
0.405324
0.418639
0.431657
0.444041
0.45555
0.465993
0.475184
0.482899
0.488831
0.492575
0.493849
0.491849
0.486446
0.478272
0.468685
0.461867
0.581523
2.05501
7.96814
20.9995
41.2538
66.7593
95.0094
123.872
151.832
177.942
201.684
222.85
241.447
257.844
274.188
1.56347
2.00425
2.14356
2.13948
2.08086
2.00846
1.93889
1.8778
1.82621
1.78329
1.74757
1.71757
1.69195
1.66969
1.65017
1.63319
1.61899
1.60808
1.59945
1.59425
1.59345
1.59782
1.60835
1.62701
1.72518
3.69781
17.0542
55.4738
121.125
205.332
297.453
389.07
474.501
550.196
613.995
664.463
700.225
719.55
734.458
)
;

boundaryField
{
    frontandback
    {
        type            empty;
    }
    in1
    {
        type            turbulentMixingLengthDissipationRateInlet;
        mixingLength    0.014;
        phi             phi;
        k               k;
        value           uniform 0.00269526;
    }
    in2
    {
        type            turbulentMixingLengthDissipationRateInlet;
        mixingLength    0.014;
        phi             phi;
        k               k;
        value           uniform 0.0215621;
    }
    out
    {
        type            zeroGradient;
    }
    walls
    {
        type            epsilonWallFunction;
        blending        stepwise;
        value           nonuniform List<scalar> 
423
(
4.59254
5.09221
5.66394
6.33052
7.09252
7.95864
8.93142
10.0082
11.1771
12.4161
13.6929
14.9683
16.203
17.3656
18.4415
19.4366
20.3768
21.3008
22.251
23.2654
24.3721
25.5889
26.9245
28.3813
29.9589
31.6558
33.4706
35.4027
37.4527
39.6222
41.9134
44.3295
46.8744
49.5521
52.3674
55.3251
58.4305
61.6886
65.1045
68.6828
72.4278
76.3425
80.4292
84.6884
89.1193
93.7194
98.4842
103.407
108.48
113.694
119.037
124.497
130.062
135.72
141.457
147.263
153.129
159.047
165.014
171.029
177.099
183.235
189.46
195.807
202.329
209.1
215.969
222.91
229.914
236.974
244.082
251.224
258.383
265.537
272.655
279.701
286.629
293.385
299.903
306.104
311.897
317.176
321.821
325.697
328.651
330.518
331.119
330.263
327.756
323.402
317.013
308.42
297.483
284.11
268.271
250.017
229.502
207.004
182.958
157.997
132.554
104.535
79.9563
56.3276
34.6622
18.8805
8.41263
1.46118
0.706884
0.833527
0.912001
0.945483
0.94503
0.920059
0.877483
0.823777
0.764427
0.703644
0.64745
0.59989
0.560409
0.52832
0.502795
0.482888
0.467591
0.455901
0.446888
0.43976
0.433929
0.42835
0.422874
0.417414
0.411925
0.406384
0.400779
0.395103
0.389349
0.38351
0.377581
0.371559
0.36544
0.359221
0.352905
0.346497
0.340006
0.333442
0.32682
0.320158
0.313479
0.306808
0.300172
0.293603
0.287135
0.280804
0.274648
0.268704
0.263011
0.257605
0.252523
0.247799
0.243461
0.239533
0.236032
0.23297
0.230355
0.228186
0.226452
0.225138
0.224224
0.223683
0.223487
0.223602
0.223998
0.224638
0.225498
0.226576
0.227933
0.229732
0.232325
0.236352
0.24282
0.253078
0.268507
0.28948
0.31234
0.320609
0.265784
3.51045
3.78854
4.10125
4.43268
4.77685
5.12249
5.45425
5.75301
5.99755
6.16776
6.24932
6.23879
6.14773
6.00383
5.84801
5.72746
5.69014
5.74203
5.87091
6.06336
6.30409
6.5803
6.88423
7.21519
7.57204
7.95756
8.37899
8.84492
9.36473
9.94833
10.606
11.3483
12.1863
13.1316
14.1964
15.3937
16.737
18.2407
19.92
21.7902
23.867
26.1659
28.7017
31.4875
34.5345
37.8508
41.4401
45.3009
49.4255
53.7989
58.3982
63.1941
68.1605
73.4148
79.8672
86.3054
92.699
98.9279
104.886
110.48
115.62
120.218
124.201
127.509
130.1
131.945
133.035
133.376
132.99
131.913
130.193
127.887
125.058
121.776
118.112
114.138
110.013
106.089
102.26
98.5032
94.8333
91.2821
87.8925
84.7159
81.8143
79.2634
77.1597
75.6297
74.8445
75.0397
76.543
79.8
85.3734
94.2243
108.707
127.661
144.119
161.249
323.849
50.2041
1.97328
0.250787
0.127521
0.113734
0.105999
0.0997573
0.0949294
0.0915786
0.0897552
0.0894797
0.0907487
0.0924877
0.0946518
0.097214
0.100154
0.103452
0.107091
0.111052
0.115313
0.119852
0.124643
0.129657
0.13486
0.140215
0.145682
0.151216
0.156772
0.162301
0.167755
0.173085
0.178245
0.183193
0.187891
0.19231
0.196428
0.200232
0.203719
0.206894
0.209772
0.212375
0.21473
0.216869
0.218825
0.220634
0.22233
0.223957
0.225578
0.227305
0.22935
0.232102
0.236227
0.242752
0.253043
0.268489
0.289471
0.312336
0.320608
0.265784
1.56347
2.00426
2.14358
2.13955
2.08104
2.00889
1.9398
1.87962
1.82962
1.78932
1.75774
1.73391
1.71711
1.70632
1.70052
1.70014
1.70551
1.71691
1.73451
1.75836
1.7884
1.82455
1.8669
1.91588
1.97371
2.0743
2.69618
6.53689
19.4426
46.3771
87.5888
140.007
199.85
264.002
330.421
398.25
467.947
542.714
634.969
1.56347
2.00425
2.14356
2.13948
2.08086
2.00846
1.93889
1.8778
1.82621
1.78329
1.74757
1.71757
1.69195
1.66969
1.65017
1.63319
1.61899
1.60808
1.59945
1.59425
1.59345
1.59782
1.60835
1.62701
1.72518
3.69781
17.0542
55.4738
121.125
205.332
297.453
389.07
474.501
550.196
613.995
664.463
700.225
719.55
734.458
)
;
    }
}


// ************************************************************************* //
