/*--------------------------------*- C++ -*----------------------------------*\
| =========                 |                                                 |
| \\      /  F ield         | OpenFOAM: The Open Source CFD Toolbox           |
|  \\    /   O peration     | Version:  2406                                  |
|   \\  /    A nd           | Website:  www.openfoam.com                      |
|    \\/     M anipulation  |                                                 |
\*---------------------------------------------------------------------------*/
FoamFile
{
    version     2.0;
    format      ascii;
    arch        "LSB;label=32;scalar=64";
    class       volScalarField;
    location    "0.1";
    object      p;
}
// * * * * * * * * * * * * * * * * * * * * * * * * * * * * * * * * * * * * * //

dimensions      [0 2 -2 0 0 0 0];

internalField   nonuniform List<scalar> 
1000
(
102.849
102.834
102.819
102.803
102.788
102.773
102.758
102.742
102.727
102.712
102.696
102.681
102.666
102.65
102.635
102.62
102.604
102.589
102.574
102.558
102.543
102.528
102.512
102.497
102.482
102.467
102.451
102.436
102.421
102.405
102.39
102.375
102.359
102.344
102.329
102.313
102.298
102.283
102.267
102.252
102.237
102.222
102.206
102.191
102.176
102.16
102.145
102.13
102.114
102.099
102.084
102.068
102.053
102.038
102.022
102.007
101.992
101.977
101.961
101.946
101.931
101.915
101.9
101.885
101.869
101.854
101.839
101.823
101.808
101.793
101.777
101.762
101.747
101.732
101.716
101.701
101.686
101.67
101.655
101.64
101.624
101.609
101.594
101.578
101.563
101.548
101.532
101.517
101.502
101.487
101.471
101.456
101.441
101.425
101.41
101.395
101.379
101.364
101.349
101.333
102.849
102.834
102.818
102.803
102.788
102.773
102.757
102.742
102.727
102.712
102.696
102.681
102.666
102.65
102.635
102.62
102.604
102.589
102.574
102.558
102.543
102.528
102.512
102.497
102.482
102.467
102.451
102.436
102.421
102.405
102.39
102.375
102.359
102.344
102.329
102.313
102.298
102.283
102.267
102.252
102.237
102.222
102.206
102.191
102.176
102.16
102.145
102.13
102.114
102.099
102.084
102.068
102.053
102.038
102.022
102.007
101.992
101.977
101.961
101.946
101.931
101.915
101.9
101.885
101.869
101.854
101.839
101.823
101.808
101.793
101.777
101.762
101.747
101.732
101.716
101.701
101.686
101.67
101.655
101.64
101.624
101.609
101.594
101.578
101.563
101.548
101.532
101.517
101.502
101.487
101.471
101.456
101.441
101.425
101.41
101.395
101.379
101.364
101.348
101.333
102.849
102.833
102.818
102.803
102.788
102.773
102.757
102.742
102.727
102.712
102.696
102.681
102.666
102.65
102.635
102.62
102.604
102.589
102.574
102.558
102.543
102.528
102.512
102.497
102.482
102.467
102.451
102.436
102.421
102.405
102.39
102.375
102.359
102.344
102.329
102.313
102.298
102.283
102.267
102.252
102.237
102.222
102.206
102.191
102.176
102.16
102.145
102.13
102.114
102.099
102.084
102.068
102.053
102.038
102.022
102.007
101.992
101.977
101.961
101.946
101.931
101.915
101.9
101.885
101.869
101.854
101.839
101.823
101.808
101.793
101.777
101.762
101.747
101.732
101.716
101.701
101.686
101.67
101.655
101.64
101.624
101.609
101.594
101.578
101.563
101.548
101.532
101.517
101.502
101.487
101.471
101.456
101.441
101.425
101.41
101.395
101.379
101.364
101.348
101.333
102.848
102.833
102.818
102.803
102.788
102.773
102.757
102.742
102.727
102.712
102.696
102.681
102.666
102.65
102.635
102.62
102.604
102.589
102.574
102.558
102.543
102.528
102.512
102.497
102.482
102.467
102.451
102.436
102.421
102.405
102.39
102.375
102.359
102.344
102.329
102.313
102.298
102.283
102.267
102.252
102.237
102.222
102.206
102.191
102.176
102.16
102.145
102.13
102.114
102.099
102.084
102.068
102.053
102.038
102.022
102.007
101.992
101.977
101.961
101.946
101.931
101.915
101.9
101.885
101.869
101.854
101.839
101.823
101.808
101.793
101.777
101.762
101.747
101.732
101.716
101.701
101.686
101.67
101.655
101.64
101.624
101.609
101.594
101.578
101.563
101.548
101.532
101.517
101.502
101.486
101.471
101.456
101.441
101.425
101.41
101.394
101.379
101.364
101.348
101.333
102.848
102.833
102.818
102.803
102.788
102.773
102.757
102.742
102.727
102.712
102.696
102.681
102.666
102.65
102.635
102.62
102.604
102.589
102.574
102.558
102.543
102.528
102.512
102.497
102.482
102.467
102.451
102.436
102.421
102.405
102.39
102.375
102.359
102.344
102.329
102.313
102.298
102.283
102.267
102.252
102.237
102.222
102.206
102.191
102.176
102.16
102.145
102.13
102.114
102.099
102.084
102.068
102.053
102.038
102.022
102.007
101.992
101.977
101.961
101.946
101.931
101.915
101.9
101.885
101.869
101.854
101.839
101.823
101.808
101.793
101.777
101.762
101.747
101.732
101.716
101.701
101.686
101.67
101.655
101.64
101.624
101.609
101.594
101.578
101.563
101.548
101.532
101.517
101.502
101.486
101.471
101.456
101.441
101.425
101.41
101.394
101.379
101.364
101.348
101.333
102.848
102.833
102.818
102.803
102.788
102.773
102.757
102.742
102.727
102.712
102.696
102.681
102.666
102.65
102.635
102.62
102.604
102.589
102.574
102.558
102.543
102.528
102.512
102.497
102.482
102.467
102.451
102.436
102.421
102.405
102.39
102.375
102.359
102.344
102.329
102.313
102.298
102.283
102.267
102.252
102.237
102.222
102.206
102.191
102.176
102.16
102.145
102.13
102.114
102.099
102.084
102.068
102.053
102.038
102.022
102.007
101.992
101.977
101.961
101.946
101.931
101.915
101.9
101.885
101.869
101.854
101.839
101.823
101.808
101.793
101.777
101.762
101.747
101.732
101.716
101.701
101.686
101.67
101.655
101.64
101.624
101.609
101.594
101.578
101.563
101.548
101.532
101.517
101.502
101.486
101.471
101.456
101.441
101.425
101.41
101.394
101.379
101.364
101.348
101.333
102.848
102.833
102.818
102.803
102.788
102.773
102.757
102.742
102.727
102.712
102.696
102.681
102.666
102.65
102.635
102.62
102.604
102.589
102.574
102.558
102.543
102.528
102.512
102.497
102.482
102.467
102.451
102.436
102.421
102.405
102.39
102.375
102.359
102.344
102.329
102.313
102.298
102.283
102.267
102.252
102.237
102.222
102.206
102.191
102.176
102.16
102.145
102.13
102.114
102.099
102.084
102.068
102.053
102.038
102.022
102.007
101.992
101.977
101.961
101.946
101.931
101.915
101.9
101.885
101.869
101.854
101.839
101.823
101.808
101.793
101.777
101.762
101.747
101.732
101.716
101.701
101.686
101.67
101.655
101.64
101.624
101.609
101.594
101.578
101.563
101.548
101.532
101.517
101.502
101.486
101.471
101.456
101.441
101.425
101.41
101.394
101.379
101.364
101.348
101.333
102.848
102.833
102.818
102.803
102.788
102.773
102.757
102.742
102.727
102.712
102.696
102.681
102.666
102.65
102.635
102.62
102.604
102.589
102.574
102.558
102.543
102.528
102.512
102.497
102.482
102.467
102.451
102.436
102.421
102.405
102.39
102.375
102.359
102.344
102.329
102.313
102.298
102.283
102.267
102.252
102.237
102.222
102.206
102.191
102.176
102.16
102.145
102.13
102.114
102.099
102.084
102.068
102.053
102.038
102.022
102.007
101.992
101.977
101.961
101.946
101.931
101.915
101.9
101.885
101.869
101.854
101.839
101.823
101.808
101.793
101.777
101.762
101.747
101.732
101.716
101.701
101.686
101.67
101.655
101.64
101.624
101.609
101.594
101.578
101.563
101.548
101.532
101.517
101.502
101.487
101.471
101.456
101.441
101.425
101.41
101.395
101.379
101.364
101.348
101.333
102.849
102.834
102.818
102.803
102.788
102.773
102.757
102.742
102.727
102.712
102.696
102.681
102.666
102.65
102.635
102.62
102.604
102.589
102.574
102.558
102.543
102.528
102.512
102.497
102.482
102.467
102.451
102.436
102.421
102.405
102.39
102.375
102.359
102.344
102.329
102.313
102.298
102.283
102.267
102.252
102.237
102.222
102.206
102.191
102.176
102.16
102.145
102.13
102.114
102.099
102.084
102.068
102.053
102.038
102.022
102.007
101.992
101.977
101.961
101.946
101.931
101.915
101.9
101.885
101.869
101.854
101.839
101.823
101.808
101.793
101.777
101.762
101.747
101.732
101.716
101.701
101.686
101.67
101.655
101.64
101.624
101.609
101.594
101.578
101.563
101.548
101.532
101.517
101.502
101.487
101.471
101.456
101.441
101.425
101.41
101.395
101.379
101.364
101.348
101.333
102.849
102.834
102.819
102.803
102.788
102.773
102.758
102.742
102.727
102.712
102.696
102.681
102.666
102.65
102.635
102.62
102.604
102.589
102.574
102.558
102.543
102.528
102.512
102.497
102.482
102.467
102.451
102.436
102.421
102.405
102.39
102.375
102.359
102.344
102.329
102.313
102.298
102.283
102.267
102.252
102.237
102.222
102.206
102.191
102.176
102.16
102.145
102.13
102.114
102.099
102.084
102.068
102.053
102.038
102.022
102.007
101.992
101.977
101.961
101.946
101.931
101.915
101.9
101.885
101.869
101.854
101.839
101.823
101.808
101.793
101.777
101.762
101.747
101.732
101.716
101.701
101.686
101.67
101.655
101.64
101.624
101.609
101.594
101.578
101.563
101.548
101.532
101.517
101.502
101.487
101.471
101.456
101.441
101.425
101.41
101.395
101.379
101.364
101.349
101.333
)
;

boundaryField
{
    inlet
    {
        type            fixedValue;
        value           uniform 102.856;
    }
    outlet
    {
        type            fixedValue;
        value           uniform 101.325;
    }
    walls
    {
        type            zeroGradient;
    }
    frontAndBack
    {
        type            empty;
    }
}


// ************************************************************************* //
