/*--------------------------------*- C++ -*----------------------------------*\
| =========                 |                                                 |
| \\      /  F ield         | OpenFOAM: The Open Source CFD Toolbox           |
|  \\    /   O peration     | Version:  2406                                  |
|   \\  /    A nd           | Website:  www.openfoam.com                      |
|    \\/     M anipulation  |                                                 |
\*---------------------------------------------------------------------------*/
FoamFile
{
    version     2.0;
    format      ascii;
    arch        "LSB;label=32;scalar=64";
    class       volScalarField;
    location    "0.5";
    object      p;
}
// * * * * * * * * * * * * * * * * * * * * * * * * * * * * * * * * * * * * * //

dimensions      [0 2 -2 0 0 0 0];

internalField   nonuniform List<scalar> 
2250
(
139.871
139.613
139.355
139.098
138.84
138.582
138.324
138.066
137.809
137.551
137.293
137.035
136.777
136.519
136.262
136.004
135.746
135.488
135.23
134.972
134.715
134.457
134.199
133.941
133.683
133.426
133.168
132.91
132.652
132.394
132.136
131.879
131.621
131.363
131.105
130.847
130.589
130.332
130.074
129.816
129.558
129.3
129.043
128.785
128.527
128.269
128.011
127.753
127.496
127.238
126.98
126.722
126.464
126.206
125.949
125.691
125.433
125.175
124.917
124.659
124.402
124.144
123.886
123.628
123.37
123.112
122.855
122.597
122.339
122.081
121.823
121.565
121.307
121.05
120.792
120.534
120.276
120.018
119.76
119.503
119.245
118.987
118.729
118.471
118.213
117.955
117.698
117.44
117.182
116.924
116.666
116.408
116.151
115.893
115.635
115.377
115.119
114.861
114.603
114.346
114.088
113.83
113.572
113.314
113.056
112.798
112.541
112.283
112.025
111.767
111.509
111.251
110.994
110.736
110.478
110.22
109.962
109.704
109.447
109.189
108.931
108.673
108.415
108.157
107.9
107.642
107.384
107.126
106.868
106.61
106.353
106.095
105.837
105.579
105.321
105.063
104.806
104.548
104.29
104.032
103.774
103.517
103.259
103.001
102.743
102.485
102.227
101.97
101.712
101.454
139.871
139.613
139.355
139.098
138.84
138.582
138.324
138.066
137.809
137.551
137.293
137.035
136.777
136.519
136.262
136.004
135.746
135.488
135.23
134.972
134.715
134.457
134.199
133.941
133.683
133.426
133.168
132.91
132.652
132.394
132.136
131.879
131.621
131.363
131.105
130.847
130.589
130.332
130.074
129.816
129.558
129.3
129.043
128.785
128.527
128.269
128.011
127.753
127.496
127.238
126.98
126.722
126.464
126.206
125.949
125.691
125.433
125.175
124.917
124.659
124.402
124.144
123.886
123.628
123.37
123.112
122.855
122.597
122.339
122.081
121.823
121.565
121.307
121.05
120.792
120.534
120.276
120.018
119.76
119.503
119.245
118.987
118.729
118.471
118.213
117.955
117.698
117.44
117.182
116.924
116.666
116.408
116.151
115.893
115.635
115.377
115.119
114.861
114.603
114.346
114.088
113.83
113.572
113.314
113.056
112.798
112.541
112.283
112.025
111.767
111.509
111.251
110.994
110.736
110.478
110.22
109.962
109.704
109.447
109.189
108.931
108.673
108.415
108.157
107.9
107.642
107.384
107.126
106.868
106.61
106.353
106.095
105.837
105.579
105.321
105.063
104.806
104.548
104.29
104.032
103.774
103.516
103.259
103.001
102.743
102.485
102.227
101.97
101.712
101.454
139.871
139.613
139.355
139.098
138.84
138.582
138.324
138.066
137.809
137.551
137.293
137.035
136.777
136.519
136.262
136.004
135.746
135.488
135.23
134.972
134.715
134.457
134.199
133.941
133.683
133.426
133.168
132.91
132.652
132.394
132.136
131.879
131.621
131.363
131.105
130.847
130.589
130.332
130.074
129.816
129.558
129.3
129.043
128.785
128.527
128.269
128.011
127.753
127.496
127.238
126.98
126.722
126.464
126.206
125.949
125.691
125.433
125.175
124.917
124.659
124.402
124.144
123.886
123.628
123.37
123.112
122.855
122.597
122.339
122.081
121.823
121.565
121.307
121.05
120.792
120.534
120.276
120.018
119.76
119.503
119.245
118.987
118.729
118.471
118.213
117.955
117.698
117.44
117.182
116.924
116.666
116.408
116.151
115.893
115.635
115.377
115.119
114.861
114.603
114.346
114.088
113.83
113.572
113.314
113.056
112.798
112.541
112.283
112.025
111.767
111.509
111.251
110.994
110.736
110.478
110.22
109.962
109.704
109.447
109.189
108.931
108.673
108.415
108.157
107.9
107.642
107.384
107.126
106.868
106.61
106.353
106.095
105.837
105.579
105.321
105.063
104.806
104.548
104.29
104.032
103.774
103.516
103.259
103.001
102.743
102.485
102.227
101.97
101.712
101.454
139.871
139.613
139.355
139.098
138.84
138.582
138.324
138.066
137.809
137.551
137.293
137.035
136.777
136.519
136.262
136.004
135.746
135.488
135.23
134.972
134.715
134.457
134.199
133.941
133.683
133.426
133.168
132.91
132.652
132.394
132.136
131.879
131.621
131.363
131.105
130.847
130.589
130.332
130.074
129.816
129.558
129.3
129.043
128.785
128.527
128.269
128.011
127.753
127.496
127.238
126.98
126.722
126.464
126.206
125.949
125.691
125.433
125.175
124.917
124.659
124.402
124.144
123.886
123.628
123.37
123.112
122.855
122.597
122.339
122.081
121.823
121.565
121.307
121.05
120.792
120.534
120.276
120.018
119.76
119.503
119.245
118.987
118.729
118.471
118.213
117.955
117.698
117.44
117.182
116.924
116.666
116.408
116.151
115.893
115.635
115.377
115.119
114.861
114.603
114.346
114.088
113.83
113.572
113.314
113.056
112.798
112.541
112.283
112.025
111.767
111.509
111.251
110.994
110.736
110.478
110.22
109.962
109.704
109.447
109.189
108.931
108.673
108.415
108.157
107.9
107.642
107.384
107.126
106.868
106.61
106.353
106.095
105.837
105.579
105.321
105.063
104.806
104.548
104.29
104.032
103.774
103.516
103.259
103.001
102.743
102.485
102.227
101.97
101.712
101.454
139.871
139.613
139.355
139.098
138.84
138.582
138.324
138.066
137.809
137.551
137.293
137.035
136.777
136.519
136.262
136.004
135.746
135.488
135.23
134.972
134.715
134.457
134.199
133.941
133.683
133.426
133.168
132.91
132.652
132.394
132.136
131.879
131.621
131.363
131.105
130.847
130.589
130.332
130.074
129.816
129.558
129.3
129.043
128.785
128.527
128.269
128.011
127.753
127.496
127.238
126.98
126.722
126.464
126.206
125.949
125.691
125.433
125.175
124.917
124.659
124.402
124.144
123.886
123.628
123.37
123.112
122.855
122.597
122.339
122.081
121.823
121.565
121.307
121.05
120.792
120.534
120.276
120.018
119.76
119.503
119.245
118.987
118.729
118.471
118.213
117.955
117.698
117.44
117.182
116.924
116.666
116.408
116.151
115.893
115.635
115.377
115.119
114.861
114.603
114.346
114.088
113.83
113.572
113.314
113.056
112.798
112.541
112.283
112.025
111.767
111.509
111.251
110.994
110.736
110.478
110.22
109.962
109.704
109.447
109.189
108.931
108.673
108.415
108.157
107.9
107.642
107.384
107.126
106.868
106.61
106.353
106.095
105.837
105.579
105.321
105.063
104.806
104.548
104.29
104.032
103.774
103.516
103.259
103.001
102.743
102.485
102.227
101.97
101.712
101.454
139.871
139.613
139.355
139.098
138.84
138.582
138.324
138.066
137.809
137.551
137.293
137.035
136.777
136.519
136.262
136.004
135.746
135.488
135.23
134.973
134.715
134.457
134.199
133.941
133.683
133.426
133.168
132.91
132.652
132.394
132.136
131.879
131.621
131.363
131.105
130.847
130.589
130.332
130.074
129.816
129.558
129.3
129.043
128.785
128.527
128.269
128.011
127.753
127.496
127.238
126.98
126.722
126.464
126.206
125.949
125.691
125.433
125.175
124.917
124.659
124.402
124.144
123.886
123.628
123.37
123.112
122.855
122.597
122.339
122.081
121.823
121.565
121.307
121.05
120.792
120.534
120.276
120.018
119.76
119.503
119.245
118.987
118.729
118.471
118.213
117.955
117.698
117.44
117.182
116.924
116.666
116.408
116.151
115.893
115.635
115.377
115.119
114.861
114.603
114.346
114.088
113.83
113.572
113.314
113.056
112.798
112.541
112.283
112.025
111.767
111.509
111.251
110.994
110.736
110.478
110.22
109.962
109.704
109.447
109.189
108.931
108.673
108.415
108.157
107.9
107.642
107.384
107.126
106.868
106.61
106.353
106.095
105.837
105.579
105.321
105.063
104.806
104.548
104.29
104.032
103.774
103.516
103.259
103.001
102.743
102.485
102.227
101.97
101.712
101.454
139.871
139.613
139.355
139.098
138.84
138.582
138.324
138.066
137.809
137.551
137.293
137.035
136.777
136.519
136.262
136.004
135.746
135.488
135.23
134.973
134.715
134.457
134.199
133.941
133.683
133.426
133.168
132.91
132.652
132.394
132.136
131.879
131.621
131.363
131.105
130.847
130.589
130.332
130.074
129.816
129.558
129.3
129.043
128.785
128.527
128.269
128.011
127.753
127.496
127.238
126.98
126.722
126.464
126.206
125.949
125.691
125.433
125.175
124.917
124.659
124.402
124.144
123.886
123.628
123.37
123.112
122.855
122.597
122.339
122.081
121.823
121.565
121.307
121.05
120.792
120.534
120.276
120.018
119.76
119.503
119.245
118.987
118.729
118.471
118.213
117.955
117.698
117.44
117.182
116.924
116.666
116.408
116.151
115.893
115.635
115.377
115.119
114.861
114.603
114.346
114.088
113.83
113.572
113.314
113.056
112.798
112.541
112.283
112.025
111.767
111.509
111.251
110.994
110.736
110.478
110.22
109.962
109.704
109.447
109.189
108.931
108.673
108.415
108.157
107.9
107.642
107.384
107.126
106.868
106.61
106.353
106.095
105.837
105.579
105.321
105.063
104.806
104.548
104.29
104.032
103.774
103.516
103.259
103.001
102.743
102.485
102.227
101.97
101.712
101.454
139.871
139.613
139.355
139.098
138.84
138.582
138.324
138.066
137.809
137.551
137.293
137.035
136.777
136.519
136.262
136.004
135.746
135.488
135.23
134.973
134.715
134.457
134.199
133.941
133.683
133.426
133.168
132.91
132.652
132.394
132.136
131.879
131.621
131.363
131.105
130.847
130.589
130.332
130.074
129.816
129.558
129.3
129.043
128.785
128.527
128.269
128.011
127.753
127.496
127.238
126.98
126.722
126.464
126.206
125.949
125.691
125.433
125.175
124.917
124.659
124.402
124.144
123.886
123.628
123.37
123.112
122.855
122.597
122.339
122.081
121.823
121.565
121.307
121.05
120.792
120.534
120.276
120.018
119.76
119.503
119.245
118.987
118.729
118.471
118.213
117.955
117.698
117.44
117.182
116.924
116.666
116.408
116.151
115.893
115.635
115.377
115.119
114.861
114.603
114.346
114.088
113.83
113.572
113.314
113.056
112.798
112.541
112.283
112.025
111.767
111.509
111.251
110.994
110.736
110.478
110.22
109.962
109.704
109.447
109.189
108.931
108.673
108.415
108.157
107.9
107.642
107.384
107.126
106.868
106.61
106.353
106.095
105.837
105.579
105.321
105.063
104.806
104.548
104.29
104.032
103.774
103.516
103.259
103.001
102.743
102.485
102.227
101.97
101.712
101.454
139.871
139.613
139.355
139.098
138.84
138.582
138.324
138.066
137.809
137.551
137.293
137.035
136.777
136.519
136.262
136.004
135.746
135.488
135.23
134.973
134.715
134.457
134.199
133.941
133.683
133.426
133.168
132.91
132.652
132.394
132.136
131.879
131.621
131.363
131.105
130.847
130.589
130.332
130.074
129.816
129.558
129.3
129.043
128.785
128.527
128.269
128.011
127.753
127.496
127.238
126.98
126.722
126.464
126.206
125.949
125.691
125.433
125.175
124.917
124.659
124.402
124.144
123.886
123.628
123.37
123.112
122.855
122.597
122.339
122.081
121.823
121.565
121.307
121.05
120.792
120.534
120.276
120.018
119.76
119.503
119.245
118.987
118.729
118.471
118.213
117.955
117.698
117.44
117.182
116.924
116.666
116.408
116.151
115.893
115.635
115.377
115.119
114.861
114.603
114.346
114.088
113.83
113.572
113.314
113.056
112.798
112.541
112.283
112.025
111.767
111.509
111.251
110.994
110.736
110.478
110.22
109.962
109.704
109.447
109.189
108.931
108.673
108.415
108.157
107.9
107.642
107.384
107.126
106.868
106.61
106.353
106.095
105.837
105.579
105.321
105.063
104.806
104.548
104.29
104.032
103.774
103.516
103.259
103.001
102.743
102.485
102.227
101.97
101.712
101.454
139.871
139.613
139.355
139.098
138.84
138.582
138.324
138.066
137.809
137.551
137.293
137.035
136.777
136.519
136.262
136.004
135.746
135.488
135.23
134.973
134.715
134.457
134.199
133.941
133.683
133.426
133.168
132.91
132.652
132.394
132.136
131.879
131.621
131.363
131.105
130.847
130.589
130.332
130.074
129.816
129.558
129.3
129.043
128.785
128.527
128.269
128.011
127.753
127.496
127.238
126.98
126.722
126.464
126.206
125.949
125.691
125.433
125.175
124.917
124.659
124.402
124.144
123.886
123.628
123.37
123.112
122.855
122.597
122.339
122.081
121.823
121.565
121.307
121.05
120.792
120.534
120.276
120.018
119.76
119.503
119.245
118.987
118.729
118.471
118.213
117.955
117.698
117.44
117.182
116.924
116.666
116.408
116.151
115.893
115.635
115.377
115.119
114.861
114.603
114.346
114.088
113.83
113.572
113.314
113.056
112.798
112.541
112.283
112.025
111.767
111.509
111.251
110.994
110.736
110.478
110.22
109.962
109.704
109.447
109.189
108.931
108.673
108.415
108.157
107.9
107.642
107.384
107.126
106.868
106.61
106.353
106.095
105.837
105.579
105.321
105.063
104.806
104.548
104.29
104.032
103.774
103.516
103.259
103.001
102.743
102.485
102.227
101.97
101.712
101.454
139.871
139.613
139.355
139.098
138.84
138.582
138.324
138.066
137.809
137.551
137.293
137.035
136.777
136.519
136.262
136.004
135.746
135.488
135.23
134.973
134.715
134.457
134.199
133.941
133.683
133.426
133.168
132.91
132.652
132.394
132.136
131.879
131.621
131.363
131.105
130.847
130.589
130.332
130.074
129.816
129.558
129.3
129.043
128.785
128.527
128.269
128.011
127.753
127.496
127.238
126.98
126.722
126.464
126.206
125.949
125.691
125.433
125.175
124.917
124.659
124.402
124.144
123.886
123.628
123.37
123.112
122.855
122.597
122.339
122.081
121.823
121.565
121.307
121.05
120.792
120.534
120.276
120.018
119.76
119.503
119.245
118.987
118.729
118.471
118.213
117.955
117.698
117.44
117.182
116.924
116.666
116.408
116.151
115.893
115.635
115.377
115.119
114.861
114.603
114.346
114.088
113.83
113.572
113.314
113.056
112.798
112.541
112.283
112.025
111.767
111.509
111.251
110.994
110.736
110.478
110.22
109.962
109.704
109.447
109.189
108.931
108.673
108.415
108.157
107.9
107.642
107.384
107.126
106.868
106.61
106.353
106.095
105.837
105.579
105.321
105.063
104.806
104.548
104.29
104.032
103.774
103.516
103.259
103.001
102.743
102.485
102.227
101.97
101.712
101.454
139.871
139.613
139.355
139.098
138.84
138.582
138.324
138.066
137.809
137.551
137.293
137.035
136.777
136.519
136.262
136.004
135.746
135.488
135.23
134.973
134.715
134.457
134.199
133.941
133.683
133.426
133.168
132.91
132.652
132.394
132.136
131.879
131.621
131.363
131.105
130.847
130.589
130.332
130.074
129.816
129.558
129.3
129.043
128.785
128.527
128.269
128.011
127.753
127.496
127.238
126.98
126.722
126.464
126.206
125.949
125.691
125.433
125.175
124.917
124.659
124.402
124.144
123.886
123.628
123.37
123.112
122.855
122.597
122.339
122.081
121.823
121.565
121.307
121.05
120.792
120.534
120.276
120.018
119.76
119.503
119.245
118.987
118.729
118.471
118.213
117.955
117.698
117.44
117.182
116.924
116.666
116.408
116.151
115.893
115.635
115.377
115.119
114.861
114.603
114.346
114.088
113.83
113.572
113.314
113.056
112.798
112.541
112.283
112.025
111.767
111.509
111.251
110.994
110.736
110.478
110.22
109.962
109.704
109.447
109.189
108.931
108.673
108.415
108.157
107.9
107.642
107.384
107.126
106.868
106.61
106.353
106.095
105.837
105.579
105.321
105.063
104.806
104.548
104.29
104.032
103.774
103.516
103.259
103.001
102.743
102.485
102.227
101.97
101.712
101.454
139.871
139.613
139.355
139.098
138.84
138.582
138.324
138.066
137.809
137.551
137.293
137.035
136.777
136.519
136.262
136.004
135.746
135.488
135.23
134.973
134.715
134.457
134.199
133.941
133.683
133.426
133.168
132.91
132.652
132.394
132.136
131.879
131.621
131.363
131.105
130.847
130.589
130.332
130.074
129.816
129.558
129.3
129.043
128.785
128.527
128.269
128.011
127.753
127.496
127.238
126.98
126.722
126.464
126.206
125.949
125.691
125.433
125.175
124.917
124.659
124.402
124.144
123.886
123.628
123.37
123.112
122.855
122.597
122.339
122.081
121.823
121.565
121.307
121.05
120.792
120.534
120.276
120.018
119.76
119.503
119.245
118.987
118.729
118.471
118.213
117.955
117.698
117.44
117.182
116.924
116.666
116.408
116.151
115.893
115.635
115.377
115.119
114.861
114.603
114.346
114.088
113.83
113.572
113.314
113.056
112.798
112.541
112.283
112.025
111.767
111.509
111.251
110.994
110.736
110.478
110.22
109.962
109.704
109.447
109.189
108.931
108.673
108.415
108.157
107.9
107.642
107.384
107.126
106.868
106.61
106.353
106.095
105.837
105.579
105.321
105.063
104.806
104.548
104.29
104.032
103.774
103.516
103.259
103.001
102.743
102.485
102.227
101.97
101.712
101.454
139.871
139.613
139.355
139.098
138.84
138.582
138.324
138.066
137.809
137.551
137.293
137.035
136.777
136.519
136.262
136.004
135.746
135.488
135.23
134.972
134.715
134.457
134.199
133.941
133.683
133.426
133.168
132.91
132.652
132.394
132.136
131.879
131.621
131.363
131.105
130.847
130.589
130.332
130.074
129.816
129.558
129.3
129.043
128.785
128.527
128.269
128.011
127.753
127.496
127.238
126.98
126.722
126.464
126.206
125.949
125.691
125.433
125.175
124.917
124.659
124.402
124.144
123.886
123.628
123.37
123.112
122.855
122.597
122.339
122.081
121.823
121.565
121.307
121.05
120.792
120.534
120.276
120.018
119.76
119.503
119.245
118.987
118.729
118.471
118.213
117.955
117.698
117.44
117.182
116.924
116.666
116.408
116.151
115.893
115.635
115.377
115.119
114.861
114.603
114.346
114.088
113.83
113.572
113.314
113.056
112.798
112.541
112.283
112.025
111.767
111.509
111.251
110.994
110.736
110.478
110.22
109.962
109.704
109.447
109.189
108.931
108.673
108.415
108.157
107.9
107.642
107.384
107.126
106.868
106.61
106.353
106.095
105.837
105.579
105.321
105.063
104.806
104.548
104.29
104.032
103.774
103.516
103.259
103.001
102.743
102.485
102.227
101.97
101.712
101.454
139.871
139.613
139.355
139.098
138.84
138.582
138.324
138.066
137.809
137.551
137.293
137.035
136.777
136.519
136.262
136.004
135.746
135.488
135.23
134.972
134.715
134.457
134.199
133.941
133.683
133.426
133.168
132.91
132.652
132.394
132.136
131.879
131.621
131.363
131.105
130.847
130.589
130.332
130.074
129.816
129.558
129.3
129.043
128.785
128.527
128.269
128.011
127.753
127.496
127.238
126.98
126.722
126.464
126.206
125.949
125.691
125.433
125.175
124.917
124.659
124.402
124.144
123.886
123.628
123.37
123.112
122.855
122.597
122.339
122.081
121.823
121.565
121.307
121.05
120.792
120.534
120.276
120.018
119.76
119.503
119.245
118.987
118.729
118.471
118.213
117.955
117.698
117.44
117.182
116.924
116.666
116.408
116.151
115.893
115.635
115.377
115.119
114.861
114.603
114.346
114.088
113.83
113.572
113.314
113.056
112.798
112.541
112.283
112.025
111.767
111.509
111.251
110.994
110.736
110.478
110.22
109.962
109.704
109.447
109.189
108.931
108.673
108.415
108.157
107.9
107.642
107.384
107.126
106.868
106.61
106.353
106.095
105.837
105.579
105.321
105.063
104.806
104.548
104.29
104.032
103.774
103.516
103.259
103.001
102.743
102.485
102.227
101.97
101.712
101.454
)
;

boundaryField
{
    inlet
    {
        type            fixedValue;
        value           uniform 140;
    }
    outlet
    {
        type            fixedValue;
        value           uniform 101.325;
    }
    walls
    {
        type            zeroGradient;
    }
    frontAndBack
    {
        type            empty;
    }
}


// ************************************************************************* //
