/*--------------------------------*- C++ -*----------------------------------*\
| =========                 |                                                 |
| \\      /  F ield         | OpenFOAM: The Open Source CFD Toolbox           |
|  \\    /   O peration     | Version:  2406                                  |
|   \\  /    A nd           | Website:  www.openfoam.com                      |
|    \\/     M anipulation  |                                                 |
\*---------------------------------------------------------------------------*/
FoamFile
{
    version     2.0;
    format      ascii;
    arch        "LSB;label=32;scalar=64";
    class       volScalarField;
    location    "700";
    object      nut;
}
// * * * * * * * * * * * * * * * * * * * * * * * * * * * * * * * * * * * * * //

dimensions      [0 2 -1 0 0 0 0];

internalField   nonuniform List<scalar> 
5619
(
4.86795e-05
4.96967e-05
5.07363e-05
5.17802e-05
5.27817e-05
5.36897e-05
5.44309e-05
5.49084e-05
5.5001e-05
5.45768e-05
5.35389e-05
5.19306e-05
5.00939e-05
4.87256e-05
4.84719e-05
4.91992e-05
5.02689e-05
5.1455e-05
5.27713e-05
5.41593e-05
5.5542e-05
5.68757e-05
5.81436e-05
5.93418e-05
6.04722e-05
6.15389e-05
6.25458e-05
6.34951e-05
6.43852e-05
6.52099e-05
6.59583e-05
6.66141e-05
6.71566e-05
6.7561e-05
6.77999e-05
6.7844e-05
6.7664e-05
6.72319e-05
6.65226e-05
6.55166e-05
6.42169e-05
6.26242e-05
6.07623e-05
5.86826e-05
5.64744e-05
5.42735e-05
5.22608e-05
5.06336e-05
4.95369e-05
4.89791e-05
4.88108e-05
4.88142e-05
4.88225e-05
4.87584e-05
4.86024e-05
4.83568e-05
4.80924e-05
4.77746e-05
4.74032e-05
4.69803e-05
4.6509e-05
4.59925e-05
4.54461e-05
4.48868e-05
4.43179e-05
4.37451e-05
4.31732e-05
4.26063e-05
4.20476e-05
4.14997e-05
4.09648e-05
4.04444e-05
3.99397e-05
3.94513e-05
3.89798e-05
3.85254e-05
3.80879e-05
3.76672e-05
3.7263e-05
3.68746e-05
3.65015e-05
3.6143e-05
3.57984e-05
3.54668e-05
3.51475e-05
3.48396e-05
3.45424e-05
3.42549e-05
3.39764e-05
3.37062e-05
3.34433e-05
3.31873e-05
3.29372e-05
3.26926e-05
3.24527e-05
3.22169e-05
3.19849e-05
3.17559e-05
3.15296e-05
3.13054e-05
3.10831e-05
3.08399e-05
3.05753e-05
3.02891e-05
2.9982e-05
2.96549e-05
2.93097e-05
2.89485e-05
2.85743e-05
2.81906e-05
2.78014e-05
2.74108e-05
2.7023e-05
2.66424e-05
2.62727e-05
2.59173e-05
2.55792e-05
2.52604e-05
2.49625e-05
2.46863e-05
2.44321e-05
2.41996e-05
2.39882e-05
2.37968e-05
2.36243e-05
2.34695e-05
2.33309e-05
2.32072e-05
2.30972e-05
2.29891e-05
2.28825e-05
2.27766e-05
2.2671e-05
2.25652e-05
2.24588e-05
2.23514e-05
2.22425e-05
2.2132e-05
2.20193e-05
2.19043e-05
2.17868e-05
2.16665e-05
2.15432e-05
2.1417e-05
2.12876e-05
2.11552e-05
2.10199e-05
2.08818e-05
2.07411e-05
2.05982e-05
2.04536e-05
2.03077e-05
2.01613e-05
2.00151e-05
1.98699e-05
1.97267e-05
1.95866e-05
1.94506e-05
1.93199e-05
1.91957e-05
1.90792e-05
1.89713e-05
1.88733e-05
1.87857e-05
1.87094e-05
1.86448e-05
1.8592e-05
1.8551e-05
1.85214e-05
1.85027e-05
1.8494e-05
1.84945e-05
1.85033e-05
1.85193e-05
1.85417e-05
1.85704e-05
1.86068e-05
1.86552e-05
1.87249e-05
1.88323e-05
1.90024e-05
1.92663e-05
1.96501e-05
2.01489e-05
2.06659e-05
2.08467e-05
1.95834e-05
0.000227314
0.00024097
0.000256075
0.000271125
0.000285717
0.000299125
0.000310418
0.00031831
0.000321073
0.000316442
0.000301666
0.000274027
0.000232511
0.000181115
0.000131407
9.70232e-05
8.18926e-05
8.00993e-05
8.48036e-05
9.18385e-05
9.922e-05
0.000106159
0.000112398
0.000117889
0.000122671
0.000126833
0.000130496
0.000133805
0.000136915
0.000139982
0.000143154
0.00014656
0.000150305
0.000154462
0.000159065
0.000164099
0.000169486
0.000175063
0.00018056
0.000185454
0.000189804
0.000193112
0.000194536
0.000192996
0.000187241
0.000176071
0.00015876
0.000135683
0.000108888
8.20699e-05
5.93653e-05
4.33103e-05
3.37248e-05
2.86906e-05
2.62179e-05
2.50043e-05
2.44811e-05
2.43106e-05
2.4311e-05
2.44099e-05
2.45542e-05
2.46949e-05
2.48074e-05
2.49269e-05
2.50468e-05
2.51608e-05
2.5264e-05
2.53529e-05
2.54251e-05
2.54795e-05
2.55157e-05
2.55342e-05
2.55361e-05
2.55231e-05
2.54971e-05
2.54602e-05
2.54146e-05
2.53626e-05
2.53065e-05
2.52483e-05
2.51899e-05
2.5133e-05
2.50793e-05
2.50299e-05
2.4986e-05
2.49486e-05
2.49181e-05
2.48953e-05
2.48804e-05
2.48735e-05
2.48749e-05
2.48845e-05
2.49022e-05
2.49279e-05
2.49614e-05
2.50025e-05
2.5051e-05
2.51067e-05
2.51695e-05
2.52389e-05
2.53151e-05
2.54068e-05
2.55163e-05
2.56462e-05
2.57989e-05
2.59769e-05
2.61824e-05
2.64171e-05
2.6682e-05
2.69775e-05
2.73029e-05
2.76562e-05
2.80345e-05
2.84336e-05
2.88486e-05
2.92738e-05
2.97031e-05
3.01306e-05
3.05507e-05
3.09582e-05
3.1349e-05
3.17196e-05
3.20676e-05
3.23914e-05
3.26904e-05
3.29644e-05
3.32139e-05
3.34397e-05
3.3643e-05
3.38456e-05
3.40483e-05
3.42522e-05
3.44582e-05
3.46672e-05
3.48802e-05
3.5098e-05
3.53214e-05
3.55514e-05
3.57887e-05
3.60342e-05
3.62884e-05
3.65522e-05
3.68261e-05
3.71105e-05
3.74058e-05
3.77121e-05
3.80297e-05
3.83581e-05
3.8697e-05
3.90456e-05
3.94028e-05
3.97672e-05
4.01368e-05
4.05093e-05
4.08818e-05
4.12509e-05
4.16128e-05
4.1963e-05
4.22967e-05
4.26087e-05
4.28935e-05
4.31453e-05
4.33584e-05
4.3527e-05
4.36453e-05
4.37076e-05
4.37082e-05
4.36409e-05
4.3499e-05
4.3274e-05
4.2955e-05
4.25272e-05
4.20018e-05
4.1377e-05
4.06151e-05
3.9668e-05
3.84746e-05
3.69649e-05
3.50718e-05
3.27606e-05
3.00764e-05
2.72041e-05
2.45109e-05
2.25527e-05
2.21281e-05
2.48023e-05
3.63038e-05
0.000615279
0.000655873
0.000699723
0.000743178
0.000785282
0.0008244
0.000858432
0.00088448
0.000898594
0.000895457
0.000868186
0.000808815
0.000710851
0.000576027
0.00042435
0.000293447
0.000210448
0.000170077
0.000153901
0.00014941
0.000150698
0.000155101
0.000161318
0.000168644
0.000176689
0.000185257
0.000194286
0.000203801
0.000213887
0.000224661
0.000236253
0.000248792
0.000262394
0.000277149
0.000293104
0.000310239
0.000328436
0.000347438
0.000366795
0.000386029
0.000405561
0.000424787
0.000442849
0.000458576
0.000470434
0.000476504
0.000474531
0.000462121
0.000437226
0.00039909
0.00034958
0.000294126
0.000240858
0.000197462
0.000167696
0.000150554
0.000142555
0.000140172
0.00014123
0.000143639
0.000146434
0.000149349
0.000152128
0.000154644
0.000156788
0.00015849
0.000159707
0.00016042
0.000160624
0.000160331
0.000159559
0.000158341
0.000156711
0.00015471
0.000152384
0.000149778
0.000146937
0.000143907
0.00014073
0.000137448
0.000134098
0.000130715
0.00012733
0.000123969
0.000120656
0.000117412
0.000114251
0.000111186
0.000108227
0.000105379
0.000102648
0.000100034
9.75367e-05
9.51544e-05
9.28836e-05
9.072e-05
8.86586e-05
8.66942e-05
8.48214e-05
8.30325e-05
8.13219e-05
7.95211e-05
7.76381e-05
7.56915e-05
7.37024e-05
7.16963e-05
6.97015e-05
6.77481e-05
6.5866e-05
6.40834e-05
6.2425e-05
6.09099e-05
5.95511e-05
5.83548e-05
5.73206e-05
5.64427e-05
5.57106e-05
5.51108e-05
5.46279e-05
5.42458e-05
5.39491e-05
5.3723e-05
5.35544e-05
5.34317e-05
5.33451e-05
5.32865e-05
5.32493e-05
5.32275e-05
5.32173e-05
5.32154e-05
5.32208e-05
5.32335e-05
5.32532e-05
5.32798e-05
5.33135e-05
5.33543e-05
5.34024e-05
5.34583e-05
5.35222e-05
5.35946e-05
5.36759e-05
5.37666e-05
5.38672e-05
5.3978e-05
5.40994e-05
5.42316e-05
5.43748e-05
5.45289e-05
5.46933e-05
5.48675e-05
5.50503e-05
5.52399e-05
5.54342e-05
5.56302e-05
5.58241e-05
5.60112e-05
5.61862e-05
5.63424e-05
5.64725e-05
5.6568e-05
5.66199e-05
5.66183e-05
5.65528e-05
5.64129e-05
5.61881e-05
5.5868e-05
5.54429e-05
5.49037e-05
5.42423e-05
5.34522e-05
5.25284e-05
5.14752e-05
5.03463e-05
4.91421e-05
4.78719e-05
4.65592e-05
4.52498e-05
4.4022e-05
4.30006e-05
4.23719e-05
4.24008e-05
4.3452e-05
4.60461e-05
5.10418e-05
6.02111e-05
7.81215e-05
0.000121797
0.0012133
0.00128616
0.00136454
0.00144231
0.00151798
0.00158899
0.00165201
0.00170239
0.00173379
0.00173757
0.00170247
0.00161503
0.00146288
0.00124378
0.000981692
0.000734087
0.00055586
0.000451082
0.000392533
0.000358212
0.000337261
0.000325024
0.000319437
0.000319353
0.000323913
0.000332386
0.000344154
0.000358739
0.000375806
0.000395142
0.000416628
0.000440205
0.000465834
0.00049346
0.000522967
0.000554137
0.000586608
0.000619833
0.000653061
0.000686416
0.000720122
0.000753443
0.000785367
0.000814566
0.000839374
0.000857817
0.000867725
0.000866978
0.000853903
0.000827804
0.000789489
0.000741583
0.000688383
0.000635096
0.000586528
0.000546024
0.000515415
0.000495108
0.00048381
0.000479019
0.000478279
0.000479716
0.000482074
0.000484577
0.000486762
0.00048835
0.000489181
0.000489166
0.000488261
0.000486457
0.000483767
0.000480222
0.000475867
0.000470755
0.000464944
0.000458498
0.000451483
0.000443964
0.000436006
0.000427673
0.000419026
0.000410124
0.000401024
0.000391779
0.000382439
0.00037305
0.000363656
0.000354296
0.000345006
0.000335817
0.000326756
0.000317845
0.000309103
0.000300543
0.000292175
0.000284005
0.000276034
0.000268264
0.000260694
0.000253305
0.000246077
0.000238336
0.000230066
0.000221317
0.000212152
0.000202662
0.000192958
0.000183173
0.000173451
0.000163944
0.000154796
0.000146137
0.000138072
0.000130674
0.000123987
0.000118019
0.000112754
0.000108154
0.000104167
0.000100735
9.77939e-05
9.52834e-05
9.31458e-05
9.13284e-05
8.97844e-05
8.84728e-05
8.73587e-05
8.641e-05
8.56008e-05
8.48365e-05
8.41085e-05
8.34121e-05
8.27428e-05
8.20968e-05
8.1471e-05
8.08627e-05
8.02697e-05
7.96906e-05
7.91239e-05
7.85689e-05
7.80252e-05
7.74926e-05
7.69713e-05
7.64618e-05
7.59648e-05
7.54813e-05
7.50122e-05
7.45587e-05
7.4122e-05
7.37031e-05
7.33028e-05
7.29219e-05
7.25603e-05
7.2218e-05
7.18941e-05
7.1587e-05
7.12946e-05
7.10141e-05
7.07422e-05
7.04751e-05
7.02088e-05
6.99398e-05
6.96652e-05
6.93834e-05
6.90948e-05
6.88025e-05
6.85131e-05
6.82372e-05
6.79904e-05
6.7794e-05
6.76751e-05
6.77171e-05
6.80029e-05
6.85944e-05
6.95768e-05
7.10603e-05
7.31862e-05
7.61314e-05
8.01146e-05
8.54027e-05
9.23282e-05
0.000101343
0.000113168
0.00012918
0.000152363
0.000189886
0.000263035
0.00197951
0.00208703
0.00220299
0.00231861
0.00243176
0.00253875
0.00263473
0.00271281
0.00276351
0.00277393
0.00272721
0.00260333
0.00238377
0.00206499
0.00168231
0.00131964
0.0010541
0.000891564
0.000795662
0.000735135
0.000692909
0.000661191
0.000637056
0.000619805
0.000609459
0.000605991
0.000609074
0.000618115
0.00063239
0.000651163
0.000673751
0.000699535
0.000727939
0.000758394
0.000790301
0.000823003
0.000855775
0.000887828
0.000918337
0.000947668
0.000975844
0.00100228
0.00102627
0.00104701
0.00106358
0.00107499
0.0010802
0.00107825
0.00106839
0.00105025
0.00102407
0.000990818
0.000952403
0.00091169
0.000872192
0.000837184
0.000808559
0.000786446
0.000770076
0.00075874
0.000751811
0.000748442
0.000747615
0.000748376
0.000749971
0.000751855
0.000753649
0.000755092
0.000756006
0.000756268
0.000755799
0.000754552
0.000752502
0.000749648
0.000746002
0.000741588
0.00073644
0.000730598
0.000724106
0.000717013
0.000709365
0.00070121
0.000692595
0.000683565
0.000674164
0.000664433
0.000654413
0.000644142
0.000633657
0.000622993
0.000612183
0.000601259
0.000590248
0.000579178
0.000568072
0.00055695
0.000545829
0.000534723
0.000523653
0.000512596
0.000501495
0.0004894
0.000476189
0.000461859
0.000446435
0.000429985
0.000412625
0.00039452
0.000375891
0.000356997
0.000338132
0.000319599
0.000301694
0.000284676
0.000268757
0.000254086
0.000240748
0.000228767
0.000218118
0.000208735
0.000200526
0.000193385
0.000187202
0.000181864
0.000177266
0.000173313
0.000169918
0.000166999
0.000164483
0.000162093
0.000159801
0.000157591
0.000155452
0.000153372
0.000151341
0.000149352
0.000147398
0.000145473
0.000143574
0.000141697
0.000139841
0.000138006
0.000136191
0.000134398
0.00013263
0.000130891
0.000129185
0.000127518
0.000125896
0.000124325
0.000122814
0.00012137
0.000120003
0.00011872
0.000117532
0.000116447
0.000115474
0.000114624
0.000113907
0.000113333
0.000112912
0.000112658
0.000112583
0.000112701
0.000113031
0.000113589
0.000114399
0.000115482
0.000116866
0.000118581
0.000120662
0.000123236
0.000126467
0.000130385
0.000135068
0.00014061
0.000147122
0.00015474
0.000163632
0.00017403
0.000186277
0.000200923
0.000218901
0.000241842
0.000272641
0.000316374
0.000381118
0.00286336
0.00300764
0.00316379
0.0033203
0.00347413
0.00362015
0.00375141
0.00385802
0.00392623
0.00393744
0.00386776
0.00368987
0.00338135
0.00294548
0.0024412
0.00197902
0.0016417
0.00142822
0.0012968
0.00121129
0.00114975
0.00110038
0.00105766
0.00101979
0.000986942
0.000960037
0.000939888
0.000926803
0.00092051
0.000920278
0.000925104
0.000933877
0.000945493
0.000958925
0.00097326
0.000987717
0.00100166
0.00101459
0.00102616
0.00103648
0.00104608
0.00105487
0.00106278
0.00106964
0.00107522
0.00107919
0.00108114
0.00108061
0.0010771
0.00107012
0.00105926
0.00104423
0.001025
0.00100199
0.000976279
0.000949601
0.000924116
0.000901812
0.000883905
0.000870647
0.000861629
0.000856226
0.000853814
0.000853798
0.000855607
0.00085872
0.00086269
0.000867151
0.000871809
0.000876428
0.000880816
0.000884821
0.000888322
0.000891223
0.000893454
0.000894966
0.00089573
0.000895731
0.00089497
0.00089346
0.000891221
0.00088828
0.00088467
0.000880424
0.000875577
0.000870163
0.000864217
0.000857771
0.000850856
0.0008435
0.000835733
0.000827579
0.000819063
0.00081021
0.00080104
0.000791574
0.00078183
0.000771828
0.000761593
0.000751101
0.000740262
0.000728225
0.000714778
0.000699832
0.000683321
0.000665225
0.000645577
0.000624481
0.000602116
0.000578744
0.000554698
0.000530371
0.000506182
0.000482547
0.000459846
0.000438396
0.00041843
0.000400099
0.00038347
0.00036854
0.000355253
0.000343515
0.000333206
0.000324194
0.000316346
0.000309532
0.000303632
0.000298518
0.000294071
0.00028984
0.000285765
0.000281821
0.000277987
0.000274245
0.00027058
0.000266977
0.000263427
0.000259919
0.000256446
0.000253005
0.000249592
0.000246206
0.000242849
0.000239525
0.000236238
0.000232997
0.00022981
0.00022669
0.00022365
0.000220703
0.000217867
0.000215159
0.000212598
0.000210202
0.000207992
0.000205987
0.000204208
0.000202675
0.000201408
0.000200426
0.000199749
0.000199394
0.00019938
0.000199725
0.000200446
0.00020156
0.000203084
0.000205036
0.000207434
0.000210299
0.000213658
0.000217542
0.000222165
0.000227533
0.000233666
0.00024062
0.000248476
0.000257346
0.000267388
0.000278827
0.000291988
0.000307328
0.000325489
0.000347316
0.000373771
0.000405362
0.000440263
0.00380843
0.00399107
0.00418919
0.00438852
0.0045847
0.0047707
0.00493686
0.00506935
0.00514912
0.00515084
0.00504338
0.00479443
0.00438474
0.00383591
0.00323466
0.00270235
0.00230961
0.00204754
0.00187541
0.00175745
0.00166955
0.00159669
0.00153022
0.001466
0.00140295
0.00134186
0.00128434
0.00123196
0.00118582
0.00114632
0.00111323
0.00108591
0.00106348
0.00104506
0.00102983
0.00101715
0.00100654
0.000997677
0.000990366
0.00098448
0.000979727
0.00097613
0.000973529
0.000971793
0.000970761
0.000970213
0.000969875
0.000969428
0.000968512
0.000966731
0.000963656
0.000958831
0.000951805
0.000942207
0.000929863
0.000914925
0.000897968
0.00087997
0.000862158
0.000845752
0.000831706
0.000820562
0.000812465
0.000807271
0.000804685
0.000804353
0.000805924
0.000809073
0.000813516
0.000818998
0.000825295
0.000832202
0.000839532
0.00084711
0.000854777
0.000862387
0.000869809
0.000876925
0.00088364
0.000889872
0.000895558
0.000900653
0.000905126
0.000908958
0.000912142
0.000914679
0.000916575
0.000917841
0.000918487
0.000918528
0.000917976
0.000916842
0.000915137
0.000912871
0.000910053
0.000906689
0.000902785
0.000898348
0.000893394
0.000887889
0.000881748
0.000874534
0.000865978
0.000855877
0.000844023
0.000830235
0.00081437
0.000796354
0.000776207
0.000754071
0.000730215
0.00070504
0.000679048
0.000652805
0.000626882
0.000601802
0.000578001
0.000555795
0.000535383
0.000516856
0.000500214
0.000485393
0.000472284
0.000460754
0.000450655
0.000441842
0.000434176
0.000427503
0.000421662
0.000416109
0.000410754
0.000405565
0.000400512
0.000395576
0.000390735
0.000385973
0.000381277
0.000376636
0.00037204
0.000367485
0.000362967
0.000358485
0.000354042
0.000349643
0.000345294
0.000341008
0.000336796
0.000332675
0.000328661
0.000324775
0.000321038
0.000317473
0.000314103
0.000310953
0.000308048
0.00030541
0.000303062
0.000301026
0.000299321
0.000297965
0.000296973
0.00029636
0.000296138
0.000296315
0.000296901
0.000297903
0.000299328
0.000301184
0.000303478
0.00030622
0.000309423
0.000313103
0.000317283
0.000322129
0.000327601
0.000333732
0.000340574
0.000348197
0.00035669
0.000366166
0.000376751
0.000388577
0.000401736
0.000416199
0.000431635
0.000447095
0.000460657
0.00475332
0.00497431
0.00521416
0.00545578
0.00569306
0.00591672
0.00611378
0.00626596
0.00634858
0.0063302
0.00617508
0.00585216
0.00535493
0.00472857
0.00407589
0.00350738
0.00307415
0.00276469
0.00254537
0.0023853
0.00226127
0.00215684
0.00206087
0.00196654
0.00187051
0.00177211
0.00167255
0.00157408
0.00147927
0.00139044
0.00130928
0.00123677
0.00117317
0.00111825
0.00107144
0.00103202
0.000999187
0.000972187
0.000950303
0.00093288
0.00091921
0.000908243
0.000899247
0.000891782
0.000885587
0.000880435
0.0008761
0.000872342
0.000868906
0.000865515
0.000861868
0.000857636
0.000852466
0.000845996
0.000837894
0.000827909
0.000815936
0.000802068
0.000786624
0.000770139
0.000753295
0.000736818
0.000721372
0.000707469
0.00069543
0.000685397
0.000677374
0.000671278
0.000666987
0.000664366
0.000663291
0.000663645
0.000665328
0.000668244
0.0006723
0.000677403
0.000683453
0.000690347
0.000697975
0.000706219
0.000714963
0.000724087
0.000733476
0.000743021
0.000752621
0.000762185
0.000771633
0.000780896
0.000789915
0.000798638
0.000807024
0.000815035
0.000822638
0.000829806
0.000836511
0.000842727
0.00084843
0.000853597
0.000858214
0.000862223
0.000865591
0.000868674
0.000871227
0.000872963
0.000873522
0.000872491
0.000869424
0.000863871
0.000855433
0.000843819
0.000828911
0.000810824
0.000789926
0.000766821
0.000742284
0.000717162
0.000692262
0.00066827
0.000645694
0.000624862
0.000605932
0.000588939
0.000573827
0.000560481
0.000548759
0.000538504
0.000529569
0.000521776
0.000514932
0.000508437
0.000502179
0.000496115
0.000490213
0.000484448
0.000478798
0.000473245
0.000467775
0.000462375
0.000457036
0.000451754
0.000446524
0.000441348
0.000436229
0.000431174
0.000426191
0.000421295
0.0004165
0.000411824
0.000407289
0.000402917
0.000398731
0.000394757
0.00039102
0.000387545
0.000384356
0.000381475
0.00037892
0.000376709
0.000374854
0.000373365
0.000372247
0.000371504
0.000371134
0.000371135
0.000371501
0.000372228
0.000373309
0.000374737
0.000376509
0.000378622
0.000381074
0.000383866
0.000387005
0.000390496
0.00039443
0.000398773
0.000403532
0.000408717
0.000414333
0.000420379
0.000426833
0.000433639
0.000440688
0.000447783
0.00045462
0.00046078
0.000465842
0.00563311
0.00588979
0.00616797
0.00644792
0.00672147
0.00697694
0.00719803
0.00736235
0.00744082
0.00739873
0.00720116
0.00682574
0.00628349
0.00563607
0.00498286
0.00441068
0.00395399
0.00360422
0.00333795
0.00313212
0.0029675
0.00282873
0.00270403
0.00258489
0.00246574
0.00234357
0.00221752
0.00208832
0.00195787
0.00182875
0.00170376
0.00158554
0.00147628
0.0013775
0.00129001
0.00121396
0.00114896
0.00109426
0.00104886
0.0010117
0.000981638
0.000957853
0.000938848
0.000922728
0.000908769
0.000896586
0.000885929
0.000876605
0.000868428
0.000861191
0.000854655
0.000848544
0.000842545
0.000836315
0.000829495
0.000821734
0.000812718
0.000802201
0.000790036
0.000776202
0.000760813
0.000744112
0.000726443
0.000708212
0.000689832
0.000671679
0.000654062
0.000637208
0.00062127
0.000606338
0.000592466
0.000579683
0.000568016
0.00055749
0.000548137
0.000539993
0.000533098
0.000527488
0.000523196
0.00052024
0.000518628
0.000518348
0.00051937
0.000521647
0.000525115
0.000529695
0.0005353
0.000541835
0.000549204
0.000557311
0.000566064
0.000575378
0.000585174
0.000595378
0.000605926
0.000616759
0.000627822
0.000639065
0.000650449
0.000661902
0.000673434
0.000686208
0.000700234
0.000715429
0.000731575
0.000748309
0.000765088
0.000781169
0.000795621
0.000807381
0.000815362
0.000818617
0.000816522
0.000808935
0.000796267
0.000779427
0.000759655
0.000738283
0.000716526
0.000695344
0.000675392
0.000657049
0.000640477
0.000625693
0.000612619
0.000601131
0.000591088
0.00058231
0.000574581
0.000567258
0.000560209
0.000553382
0.000546739
0.000540253
0.000533903
0.000527668
0.000521534
0.00051549
0.000509525
0.000503636
0.000497821
0.000492081
0.000486421
0.00048085
0.00047538
0.000470025
0.000464803
0.000459735
0.000454843
0.000450152
0.000445687
0.000441473
0.000437536
0.000433898
0.000430582
0.000427604
0.000424979
0.000422716
0.00042082
0.000419288
0.000418116
0.000417292
0.000416804
0.000416633
0.000416762
0.000417171
0.000417841
0.000418755
0.000419898
0.000421255
0.000422815
0.00042457
0.000426513
0.000428637
0.000430942
0.000433451
0.00043614
0.000438994
0.000441997
0.000445123
0.000448341
0.000451609
0.000454871
0.000458068
0.00046114
0.000464056
0.000466849
0.00638184
0.00666836
0.00697802
0.0072889
0.00759085
0.00787017
0.00810799
0.00827935
0.00835353
0.0082969
0.00808071
0.00769485
0.00716407
0.00655269
0.00594304
0.00539768
0.00494057
0.00456818
0.00426713
0.00402288
0.00382197
0.00365247
0.00350409
0.00336843
0.00323892
0.00311082
0.00298099
0.00284771
0.00271036
0.00256921
0.00242525
0.00228001
0.00213539
0.00199358
0.00185686
0.00172743
0.00160725
0.00149784
0.00140021
0.00131479
0.00124144
0.00117954
0.00112881
0.00108905
0.00105505
0.00102566
0.00100005
0.000977879
0.000958856
0.000942782
0.000929446
0.000918588
0.000909878
0.000902922
0.00089727
0.000892438
0.000887926
0.000883253
0.000877973
0.000871702
0.000864135
0.000855059
0.000844354
0.000831995
0.000818039
0.000802605
0.000785856
0.000767976
0.000749153
0.000729567
0.000709384
0.000688757
0.000667831
0.000646747
0.000625651
0.000604691
0.000584026
0.000563819
0.000544236
0.000525444
0.000507601
0.000490854
0.000475334
0.00046115
0.000448387
0.000437104
0.000427333
0.000419081
0.000412335
0.000407058
0.000403202
0.000400708
0.000399511
0.000399545
0.000400749
0.000403061
0.000406432
0.000410819
0.000416191
0.000422506
0.000429768
0.000438896
0.000450243
0.000464206
0.000481173
0.000501491
0.000525395
0.000552908
0.000583721
0.000617059
0.000651577
0.000685344
0.000715999
0.000741106
0.000758663
0.000767603
0.000768051
0.000761229
0.000749035
0.000733527
0.000716511
0.00069933
0.000682858
0.000667582
0.000653719
0.000641321
0.000630347
0.00062067
0.000612095
0.000603956
0.00059611
0.000588496
0.000581078
0.000573828
0.000566724
0.000559749
0.000552889
0.000546133
0.000539475
0.00053291
0.00052644
0.000520067
0.0005138
0.00050765
0.00050163
0.000495758
0.000490054
0.000484542
0.000479246
0.000474191
0.000469405
0.000464912
0.000460736
0.0004569
0.00045342
0.000450311
0.000447581
0.00044523
0.000443257
0.000441649
0.000440391
0.000439462
0.000438836
0.000438487
0.000438386
0.000438505
0.000438816
0.000439295
0.000439921
0.000440676
0.000441547
0.000442521
0.00044359
0.000444748
0.000445989
0.000447312
0.00044872
0.000450206
0.000451762
0.000453385
0.000455071
0.000456819
0.000458633
0.000460523
0.000462515
0.000464652
0.000467002
0.00693716
0.00724494
0.00757639
0.00790836
0.00822924
0.00852425
0.00877345
0.00895163
0.00902955
0.00897828
0.00877754
0.0084275
0.00795811
0.00742566
0.00689229
0.0064018
0.00597209
0.00560393
0.0052915
0.00502733
0.0048037
0.00461299
0.00444786
0.00430154
0.00416805
0.00404226
0.00392001
0.003798
0.00367377
0.00354555
0.00341218
0.00327304
0.00312793
0.00297704
0.00282091
0.00266043
0.00249691
0.00233216
0.00216853
0.00200891
0.00185655
0.00171475
0.00158646
0.0014736
0.00138122
0.00130578
0.00123968
0.00118212
0.00113219
0.00108951
0.00105369
0.00102434
0.00100101
0.000983191
0.000970287
0.000961624
0.000956485
0.000954137
0.000953859
0.000954966
0.000956826
0.000958881
0.000960642
0.0009617
0.000961712
0.000960404
0.000957555
0.000952993
0.000946589
0.000938247
0.000927901
0.000915513
0.00090107
0.000884587
0.000866108
0.000845712
0.000823508
0.000799645
0.000774306
0.000747709
0.000720102
0.000691758
0.000662971
0.000634043
0.000605279
0.000576976
0.000549417
0.000522855
0.000497515
0.000473579
0.000451189
0.000430445
0.000411404
0.000394087
0.000378485
0.000364564
0.000352275
0.00034156
0.000332361
0.000324603
0.000318206
0.000312741
0.000308554
0.000306156
0.000306152
0.000309247
0.000316243
0.000328018
0.000345485
0.000369503
0.00040071
0.000439242
0.000484357
0.000534049
0.000584882
0.000632362
0.000671964
0.000700477
0.000716933
0.000722569
0.000719974
0.000712026
0.000701165
0.000689129
0.000677009
0.000665424
0.000654694
0.000644927
0.000636068
0.00062755
0.000619245
0.000611105
0.000603101
0.000595218
0.000587445
0.000579773
0.000572195
0.000564709
0.000557312
0.000550009
0.000542804
0.000535707
0.000528732
0.000521894
0.000515213
0.000508711
0.000502414
0.000496348
0.00049054
0.000485021
0.000479817
0.000474955
0.000470458
0.000466348
0.000462637
0.000459337
0.000456449
0.000453969
0.000451886
0.000450182
0.000448833
0.00044781
0.00044708
0.000446609
0.000446362
0.000446306
0.000446409
0.000446645
0.000446992
0.00044743
0.000447947
0.000448533
0.00044918
0.000449887
0.000450652
0.000451477
0.000452363
0.000453318
0.000454345
0.000455454
0.000456654
0.000457959
0.00045939
0.000460972
0.000462739
0.000464736
0.000467019
0.00724812
0.00756687
0.00790874
0.00825082
0.00858086
0.00888422
0.00914162
0.0093297
0.00942299
0.00939857
0.0092436
0.00896371
0.00858703
0.00815795
0.00772133
0.00730819
0.00693267
0.00659803
0.00630301
0.0060448
0.00581995
0.00562458
0.00545445
0.00530515
0.00517228
0.00505161
0.00493922
0.00483159
0.00472562
0.0046187
0.00450861
0.00439359
0.00427224
0.00414346
0.00400644
0.00386051
0.00370517
0.00353992
0.00336435
0.0031782
0.00298168
0.00277594
0.00256363
0.00234947
0.00213988
0.00194473
0.00177751
0.00163636
0.00151065
0.00140005
0.00130395
0.00122198
0.00115349
0.00109763
0.00105337
0.00101959
0.000995077
0.000978581
0.000968893
0.000964864
0.000965442
0.000969693
0.000976806
0.000986084
0.000996936
0.00100885
0.00102139
0.00103414
0.00104673
0.00105879
0.00106998
0.00107993
0.00108829
0.00109474
0.00109892
0.00110052
0.00109925
0.00109484
0.00108707
0.00107578
0.00106088
0.00104233
0.00102017
0.000994557
0.000965692
0.000933874
0.000899473
0.000862923
0.000824706
0.000785337
0.000745342
0.00070524
0.000665522
0.000626634
0.000588959
0.000552813
0.000518438
0.000486008
0.000455637
0.000427351
0.000401037
0.000374506
0.000348099
0.000322461
0.000298341
0.000276561
0.000257973
0.000243435
0.000233805
0.00022997
0.0002329
0.00024371
0.000263659
0.000293991
0.000335482
0.000387603
0.000447518
0.00050964
0.000566723
0.000612458
0.000643892
0.000661836
0.000669369
0.000669987
0.000666518
0.000660882
0.00065427
0.000647365
0.000640525
0.000633587
0.000626519
0.000619319
0.000612002
0.000604586
0.00059709
0.000589533
0.00058193
0.000574299
0.000566658
0.000559027
0.000551427
0.000543883
0.000536421
0.000529072
0.000521867
0.000514841
0.00050803
0.000501469
0.000495197
0.000489247
0.000483653
0.000478446
0.000473651
0.000469288
0.000465371
0.000461906
0.000458892
0.000456318
0.000454169
0.000452418
0.000451036
0.000449988
0.000449234
0.000448735
0.000448453
0.000448351
0.000448396
0.000448561
0.000448821
0.000449161
0.000449566
0.000450029
0.000450546
0.000451115
0.000451738
0.000452418
0.000453161
0.000453974
0.000454867
0.000455852
0.000456941
0.000458153
0.00045951
0.000461037
0.000462768
0.000464745
0.00046702
0.00728407
0.00760288
0.00794337
0.00828435
0.0086139
0.00891862
0.00918119
0.00938142
0.00949838
0.00951468
0.00942238
0.00922842
0.00895581
0.0086376
0.00830592
0.00798326
0.00768113
0.00740376
0.00715213
0.00692589
0.00672407
0.00654519
0.00638733
0.00624814
0.00612498
0.00601502
0.00591534
0.00582304
0.00573537
0.00564975
0.00556385
0.00547559
0.00538316
0.00528501
0.00517977
0.00506627
0.00494339
0.00481011
0.00466534
0.00450798
0.00433678
0.00415032
0.00394687
0.00372451
0.00348157
0.00321836
0.00293783
0.00265206
0.00238611
0.00214889
0.00193185
0.00173674
0.00156502
0.00141733
0.0012932
0.0011913
0.0011097
0.00104614
0.000998247
0.000963691
0.000940292
0.000926104
0.000919458
0.000918971
0.000923538
0.000932297
0.000944591
0.000959919
0.000977896
0.000998206
0.00102058
0.00104475
0.00107046
0.00109742
0.0011253
0.00115373
0.00118226
0.00121039
0.00123752
0.00126301
0.00128614
0.00130614
0.00132223
0.00133362
0.00133961
0.00133956
0.00133299
0.00131959
0.00129926
0.0012721
0.00123845
0.00119886
0.00115404
0.00110485
0.00105223
0.00099716
0.000940604
0.000883472
0.000826594
0.000770627
0.000715739
0.000657932
0.000597689
0.000536206
0.000475023
0.000415884
0.000360565
0.000310681
0.000267504
0.000231872
0.000204209
0.000184665
0.000173342
0.000170555
0.000177069
0.000194219
0.000223726
0.000266881
0.00032287
0.000386913
0.000450374
0.000504332
0.000544029
0.000569923
0.00058532
0.000593753
0.000597836
0.000599218
0.000598959
0.000597766
0.000595774
0.000593061
0.000589701
0.000585762
0.000581307
0.000576391
0.000571066
0.000565381
0.000559382
0.000553117
0.000546637
0.000539991
0.000533234
0.000526421
0.00051961
0.00051286
0.000506232
0.000499784
0.000493573
0.000487653
0.000482073
0.000476875
0.000472097
0.000467763
0.000463892
0.000460493
0.000457561
0.000455087
0.000453049
0.000451418
0.000450158
0.000449231
0.000448594
0.000448205
0.000448021
0.000448006
0.000448126
0.000448353
0.000448665
0.000449046
0.000449483
0.000449971
0.000450506
0.000451088
0.00045172
0.000452407
0.000453154
0.00045397
0.000454865
0.000455851
0.000456941
0.000458153
0.00045951
0.000461037
0.000462768
0.000464745
0.00046702
0.00704094
0.0073493
0.00767706
0.00800612
0.00832556
0.00862398
0.00888667
0.00909706
0.00923852
0.00929796
0.00927008
0.00916087
0.00898768
0.00877444
0.00854432
0.00831408
0.00809315
0.00788589
0.00769409
0.00751847
0.00735915
0.00721584
0.00708788
0.00697424
0.00687355
0.0067842
0.00670431
0.00663189
0.00656491
0.0065013
0.00643909
0.00637641
0.00631154
0.0062429
0.00616906
0.00608871
0.00600063
0.00590363
0.00579654
0.00567813
0.00554707
0.00540186
0.00524087
0.0050623
0.00486426
0.0046447
0.00440095
0.00413055
0.00383034
0.00350186
0.00316925
0.00284699
0.00253545
0.00224192
0.00197368
0.00173623
0.00153235
0.00136221
0.00122391
0.00111423
0.00102925
0.00096495
0.000917526
0.000883662
0.000860593
0.000846126
0.000838585
0.000836737
0.000839708
0.000846901
0.000857936
0.000872596
0.000890789
0.000912513
0.000937828
0.00096683
0.00099963
0.00103633
0.001077
0.00112164
0.0011701
0.0012221
0.00127713
0.0013344
0.00139279
0.00145086
0.00150682
0.00155862
0.00160402
0.00164079
0.00166692
0.00168076
0.00168125
0.00166803
0.00164139
0.00160228
0.00155212
0.00149262
0.00142562
0.00135286
0.00127505
0.00118724
0.0010897
0.000983925
0.000872462
0.000758762
0.000646928
0.000541215
0.000445395
0.000362172
0.000292855
0.000237414
0.000194844
0.000163683
0.000142505
0.000130314
0.000126833
0.000132718
0.000149595
0.000179552
0.000223369
0.000277633
0.000333717
0.000382135
0.000418455
0.000443821
0.000461433
0.00047397
0.000483236
0.000490999
0.000497525
0.000502925
0.000507278
0.000510649
0.000513094
0.000514663
0.000515402
0.000515355
0.000514565
0.000513081
0.000510954
0.000508242
0.000505009
0.000501329
0.000497279
0.000492946
0.00048842
0.000483792
0.000479155
0.000474597
0.000470199
0.000466037
0.000462173
0.000458658
0.000455528
0.000452805
0.0004505
0.000448607
0.00044711
0.000445984
0.000445194
0.000444703
0.000444468
0.000444449
0.000444605
0.0004449
0.000445305
0.000445793
0.000446347
0.000446951
0.000447598
0.000448284
0.000449007
0.00044977
0.000450576
0.000451429
0.000452336
0.000453303
0.000454337
0.00045545
0.000456652
0.000457958
0.00045939
0.000460972
0.000462739
0.000464736
0.000467019
0.00654209
0.00683058
0.00713553
0.00744275
0.00774273
0.00802629
0.00828155
0.00849535
0.00865479
0.00874987
0.00877659
0.00873926
0.00865027
0.00852673
0.00838549
0.00823931
0.00809597
0.00795952
0.00783195
0.00771426
0.00760691
0.00751004
0.00742347
0.00734678
0.00727929
0.00722009
0.00716808
0.00712198
0.00708038
0.0070418
0.00700474
0.0069677
0.00692924
0.00688796
0.00684258
0.00679185
0.00673464
0.00666983
0.00659635
0.00651315
0.00641914
0.00631309
0.00619363
0.00605917
0.005908
0.00573833
0.00554829
0.00533604
0.00509935
0.00483655
0.00454554
0.00422408
0.00388729
0.0035429
0.00319317
0.00284492
0.00250755
0.00219139
0.0019058
0.0016573
0.00144858
0.00127861
0.00114367
0.00103852
0.000957591
0.000895674
0.000848417
0.000812445
0.00078528
0.000765151
0.000750803
0.000741346
0.000736166
0.000734872
0.000737268
0.00074333
0.000753206
0.000767208
0.000785787
0.000809517
0.000839084
0.000875281
0.000918992
0.000971164
0.00103274
0.00110452
0.00118703
0.00128021
0.00138318
0.00149382
0.00160858
0.00172236
0.00182892
0.00192155
0.00199423
0.0020427
0.00206514
0.00206223
0.00203653
0.00199136
0.00192895
0.0018458
0.00174098
0.00161465
0.00146843
0.00130594
0.00113305
0.000957547
0.000788225
0.000633343
0.000499034
0.00038829
0.000300939
0.000234499
0.000185371
0.000149889
0.000124996
0.000108591
9.96752e-05
9.84222e-05
0.000106154
0.000124879
0.000155452
0.000194277
0.000232919
0.000264281
0.000287302
0.000304388
0.000317928
0.000330364
0.000342068
0.000353144
0.000363625
0.000373515
0.000382804
0.000391475
0.000399503
0.000406858
0.00041351
0.000419427
0.000424584
0.000428962
0.000432552
0.00043536
0.000437411
0.000438746
0.000439426
0.000439531
0.000439156
0.000438405
0.000437389
0.000436217
0.000434995
0.000433812
0.000432748
0.000431862
0.000431195
0.000430772
0.0004306
0.000430671
0.000430969
0.000431469
0.00043214
0.000432951
0.000433873
0.00043488
0.000435949
0.000437064
0.000438214
0.000439393
0.000440601
0.000441838
0.00044311
0.000444421
0.000445778
0.000447184
0.000448646
0.000450164
0.00045174
0.000453374
0.000455066
0.000456817
0.000458632
0.000460523
0.000462515
0.000464652
0.000467002
0.00583377
0.00609463
0.00636862
0.00664566
0.00691776
0.00717792
0.00741686
0.00762449
0.00779091
0.00790842
0.00797374
0.00798953
0.0079643
0.00791014
0.00783938
0.00776183
0.00768389
0.00760919
0.00753964
0.00747625
0.00741952
0.00736963
0.00732652
0.00728996
0.00725951
0.00723461
0.00721452
0.00719837
0.00718517
0.00717385
0.00716323
0.00715215
0.00713939
0.00712378
0.00710417
0.00707946
0.0070486
0.00701058
0.00696444
0.00690933
0.00684451
0.0067692
0.00668252
0.00658341
0.00647066
0.00634295
0.0061989
0.0060371
0.00585617
0.00565492
0.00543205
0.00518643
0.00491709
0.00462409
0.00431558
0.00399507
0.00366562
0.00333165
0.00299866
0.0026731
0.00236222
0.00207375
0.00181495
0.00159114
0.00140437
0.00125291
0.00113213
0.0010361
0.000959088
0.000896346
0.000844373
0.000800743
0.000763819
0.000732473
0.000705888
0.000683428
0.000664508
0.000648834
0.000636341
0.000627135
0.000621501
0.000619929
0.000623151
0.000632179
0.000648325
0.000673276
0.000709178
0.000758722
0.000825186
0.000912335
0.00102402
0.00116324
0.00133044
0.00152125
0.00172445
0.00192227
0.00209466
0.00222626
0.00231155
0.00235422
0.00236185
0.00233782
0.00228153
0.00219162
0.00206709
0.00190857
0.00171939
0.00150629
0.00127953
0.00105209
0.000837767
0.000648485
0.000491749
0.000369473
0.000278731
0.000213794
0.000168226
0.000136297
0.000113646
9.75148e-05
8.6822e-05
8.20673e-05
8.49499e-05
9.72817e-05
0.000118258
0.000141814
0.00016084
0.000173906
0.000183406
0.000192111
0.000200718
0.000209453
0.000218385
0.000227532
0.000236889
0.000246441
0.00025616
0.000266007
0.000275929
0.000285863
0.000295729
0.000305439
0.000314894
0.000323992
0.000332632
0.00034072
0.000348179
0.000354954
0.000361018
0.000366377
0.000371064
0.000375142
0.000378692
0.000381809
0.000384588
0.000387123
0.000389493
0.000391765
0.000393987
0.000396193
0.000398401
0.000400619
0.000402847
0.000405081
0.000407315
0.000409546
0.000411771
0.000413994
0.000416222
0.000418465
0.000420739
0.00042306
0.000425446
0.000427916
0.000430484
0.000433166
0.000435969
0.000438896
0.000441943
0.000445095
0.000448328
0.000451603
0.000454869
0.000458067
0.00046114
0.000464056
0.000466849
0.00497753
0.00520503
0.0054423
0.00568304
0.00592069
0.00615018
0.00636449
0.00655611
0.00671758
0.00684303
0.00692966
0.00697887
0.00699627
0.00699029
0.00696988
0.00694255
0.00691351
0.00688593
0.00686157
0.00684138
0.00682582
0.00681503
0.00680896
0.00680738
0.00680994
0.00681617
0.0068255
0.00683725
0.00685064
0.00686481
0.0068788
0.00689161
0.00690218
0.00690948
0.00691245
0.00691008
0.00690135
0.00688531
0.00686099
0.00682766
0.00678489
0.00673231
0.00666953
0.00659603
0.00651119
0.00641432
0.00630471
0.00618155
0.00604405
0.00589155
0.00572341
0.0055391
0.00533808
0.00512019
0.00488531
0.00463584
0.00437502
0.00410522
0.00382921
0.00355026
0.00327228
0.00299987
0.00273814
0.00249224
0.00226656
0.00206087
0.00187411
0.00170518
0.00155369
0.00141987
0.00130376
0.00120424
0.00111892
0.00104497
0.000980162
0.000923524
0.000870864
0.000820903
0.000773785
0.000729534
0.000687992
0.00064902
0.000612682
0.000579421
0.000549818
0.000524585
0.00050473
0.00049173
0.000487689
0.000495577
0.000519681
0.000566287
0.000644622
0.000767414
0.00094918
0.00119831
0.00150117
0.00181158
0.00207162
0.00225436
0.002372
0.00244271
0.00247119
0.00245792
0.00240145
0.00230078
0.0021568
0.00197312
0.00175633
0.0015159
0.00126409
0.00101544
0.000785409
0.000587583
0.000430114
0.00031379
0.000233193
0.00017989
0.000145365
0.000122511
0.000106076
9.29388e-05
8.25589e-05
7.69687e-05
7.93332e-05
9.04321e-05
0.000104564
0.000114111
0.00011863
0.00012143
0.00012404
0.000126978
0.000130376
0.000134268
0.000138667
0.000143586
0.000149038
0.000155037
0.000161593
0.000168708
0.000176378
0.000184583
0.00019329
0.000202445
0.000211977
0.000221791
0.000231776
0.000241805
0.000251748
0.000261472
0.000270861
0.000279817
0.00028827
0.000296181
0.000303543
0.000310371
0.000316701
0.00032258
0.000328059
0.000333188
0.000338015
0.000342581
0.000346922
0.00035107
0.000355056
0.000358909
0.000362661
0.000366345
0.000369998
0.000373658
0.000377369
0.000381173
0.000385118
0.000389249
0.000393613
0.000398255
0.000403215
0.00040853
0.000414228
0.000420322
0.000426804
0.000433626
0.000440682
0.000447781
0.000454619
0.00046078
0.000465842
0.00404206
0.00423264
0.00443003
0.00463085
0.00482993
0.00502373
0.00520715
0.00537477
0.00552114
0.00564186
0.0057346
0.0057999
0.00584132
0.00586454
0.00587594
0.00588114
0.00588427
0.005888
0.00589389
0.00590282
0.00591525
0.0059313
0.00595091
0.00597388
0.00599987
0.00602849
0.00605924
0.00609154
0.00612474
0.00615808
0.00619073
0.00622181
0.00625037
0.00627545
0.00629606
0.00631123
0.00631998
0.0063213
0.00631411
0.00629747
0.00627136
0.00623578
0.00619071
0.00613609
0.00607182
0.00599774
0.00591384
0.00581973
0.00571507
0.00559964
0.00547331
0.005336
0.00518767
0.0050284
0.00485843
0.00467839
0.00448895
0.00429145
0.00408783
0.00387993
0.00366962
0.00345897
0.00325015
0.00304488
0.00284241
0.00264717
0.00246346
0.00229526
0.0021457
0.0020166
0.00190793
0.00181734
0.00173997
0.00166868
0.00159529
0.00151246
0.00142532
0.00133978
0.00125853
0.00118114
0.001106
0.00103064
0.000952471
0.00087362
0.000796165
0.000720884
0.000648094
0.000578732
0.000514508
0.0004575
0.000409896
0.000373972
0.000353223
0.000353976
0.000388389
0.000480139
0.000670467
0.000999879
0.0014166
0.00176961
0.00201858
0.00219636
0.00231839
0.00238986
0.00241088
0.00238119
0.00230236
0.00217834
0.00201505
0.00181954
0.00159929
0.00136229
0.00111812
0.0008792
0.00066072
0.000477298
0.000337538
0.000240862
0.000179539
0.000143383
0.000123106
0.000111216
0.000101941
9.2042e-05
8.28104e-05
8.00499e-05
8.76648e-05
9.81869e-05
0.000101973
0.000101057
9.90701e-05
9.74356e-05
9.64323e-05
9.60331e-05
9.61754e-05
9.68154e-05
9.79301e-05
9.95121e-05
0.000101564
0.000104098
0.000107128
0.000110675
0.000114758
0.000119396
0.000124603
0.000130384
0.000136733
0.000143631
0.000151038
0.000158898
0.000167134
0.000175655
0.000184355
0.000193122
0.000201848
0.00021043
0.000218783
0.000226838
0.000234549
0.00024189
0.000248851
0.000255441
0.000261678
0.000267593
0.000273225
0.000278618
0.000283824
0.000288898
0.000293902
0.000298902
0.000303966
0.000309168
0.000314585
0.000320298
0.000326392
0.000332957
0.000340094
0.000347909
0.000356525
0.000366074
0.000376703
0.000388553
0.000401725
0.000416194
0.000431633
0.000447095
0.000460657
0.00309575
0.003248
0.00340469
0.00356445
0.00372334
0.00387905
0.00402802
0.00416647
0.00429061
0.00439725
0.00448455
0.00455255
0.00460336
0.00464067
0.00466882
0.00469182
0.00471281
0.00473391
0.00475646
0.00478124
0.00480869
0.00483896
0.00487205
0.00490777
0.00494587
0.00498601
0.00502778
0.0050707
0.00511421
0.00515768
0.00520039
0.00524159
0.00528042
0.00531602
0.0053475
0.00537398
0.00539453
0.00540811
0.00541337
0.00540872
0.0053948
0.00537203
0.0053406
0.00530081
0.005253
0.00519722
0.00513449
0.00506423
0.00498628
0.00490073
0.00480771
0.00470745
0.0046002
0.00448625
0.00436598
0.0042399
0.00410862
0.00397265
0.00383263
0.0036899
0.00354549
0.00340007
0.00325373
0.00310646
0.00295794
0.00280913
0.00266186
0.00251863
0.0023821
0.00225455
0.00213739
0.00203107
0.00193545
0.00185019
0.00177522
0.00171179
0.00166319
0.00163252
0.00161854
0.00161111
0.00159001
0.00153879
0.00146232
0.00138142
0.00129753
0.00120675
0.00110384
0.00098833
0.000864596
0.000739514
0.000620751
0.000511221
0.000413312
0.000330899
0.000269302
0.000235615
0.000245626
0.000351144
0.00066366
0.00111214
0.00148405
0.00176227
0.00197138
0.00212022
0.0022105
0.00224326
0.00222226
0.0021535
0.00204466
0.0019034
0.00173633
0.00154837
0.00134341
0.00112594
0.000903492
0.000688569
0.000497613
0.000345353
0.000237718
0.000170142
0.000132409
0.000114196
0.000107153
0.0001043
9.96549e-05
9.13556e-05
8.72378e-05
9.66026e-05
0.000105769
0.000104698
9.95561e-05
9.45108e-05
9.05409e-05
8.75456e-05
8.52837e-05
8.35775e-05
8.23137e-05
8.14225e-05
8.08616e-05
8.06076e-05
8.06506e-05
8.09903e-05
8.16336e-05
8.25928e-05
8.38835e-05
8.55238e-05
8.75323e-05
8.99271e-05
9.27233e-05
9.59317e-05
9.95563e-05
0.000103593
0.000108026
0.000112829
0.000117965
0.000123384
0.000129028
0.000134834
0.000140738
0.000146675
0.000152591
0.00015844
0.000164188
0.000169817
0.000175324
0.000180718
0.000186027
0.000191287
0.000196551
0.000201877
0.000207338
0.000213011
0.000218983
0.000225347
0.000232207
0.000239676
0.000247885
0.000256988
0.000267179
0.000278711
0.000291925
0.000307296
0.000325473
0.000347309
0.000373768
0.000405361
0.000440262
0.00220037
0.00231475
0.00243186
0.00255148
0.0026708
0.00278838
0.00290187
0.00300883
0.00310672
0.00319338
0.00326746
0.00332878
0.00337847
0.00341876
0.0034524
0.00348209
0.00351002
0.00353776
0.00356635
0.00359648
0.00362852
0.00366267
0.00369895
0.00373727
0.00377744
0.00381922
0.00386229
0.00390628
0.00395078
0.00399526
0.00403919
0.00408191
0.00412277
0.00416103
0.00419596
0.00422682
0.00425281
0.00427297
0.00428574
0.00428813
0.0042821
0.00426844
0.00424747
0.00421978
0.00418632
0.00414727
0.00410305
0.00405341
0.00399835
0.00393804
0.00387275
0.0038028
0.00372854
0.00365035
0.00356866
0.00348392
0.00339666
0.00330749
0.00321671
0.00312513
0.00303334
0.00294148
0.0028501
0.00275889
0.00266741
0.00257542
0.00248306
0.00239091
0.00229983
0.00221074
0.00212438
0.00204125
0.00196185
0.00188695
0.00181787
0.00175639
0.0017043
0.00166242
0.00162946
0.00160162
0.00157369
0.00154375
0.00151661
0.00149975
0.00148858
0.00147093
0.00143959
0.00138485
0.00129691
0.00116633
0.00102953
0.000879806
0.000716876
0.000550684
0.000399251
0.000275626
0.000185571
0.000146864
0.000217476
0.000523039
0.000945544
0.0012945
0.00157336
0.00178456
0.00193018
0.00201195
0.00203621
0.002011
0.00194575
0.00184912
0.001728
0.00158682
0.00142777
0.00125195
0.00106121
0.000860549
0.000660484
0.000477117
0.000327307
0.00022031
0.000153676
0.000117529
0.000101312
9.68332e-05
9.77727e-05
9.82572e-05
9.4083e-05
9.41362e-05
0.000109297
0.000113573
0.000107576
9.98678e-05
9.37592e-05
8.93049e-05
8.59596e-05
8.33252e-05
8.11636e-05
7.93312e-05
7.77412e-05
7.63459e-05
7.51234e-05
7.40648e-05
7.31673e-05
7.24319e-05
7.18621e-05
7.14631e-05
7.1241e-05
7.12024e-05
7.1354e-05
7.17016e-05
7.22502e-05
7.30031e-05
7.39613e-05
7.51234e-05
7.64847e-05
7.80374e-05
7.97705e-05
8.16698e-05
8.37188e-05
8.58994e-05
8.81933e-05
9.05831e-05
9.30544e-05
9.55969e-05
9.82067e-05
0.000100887
0.000103651
0.00010652
0.000109527
0.000112719
0.000116151
0.000119893
0.000124028
0.00012865
0.000133869
0.000139807
0.000146603
0.000154416
0.000163438
0.000173919
0.000186215
0.00020089
0.000218885
0.000241834
0.000272637
0.000316372
0.000381118
0.00140686
0.00148533
0.00156539
0.00164735
0.00172934
0.00181055
0.00188958
0.00196494
0.00203511
0.00209876
0.00215497
0.00220352
0.00224494
0.00228042
0.00231156
0.00233998
0.00236704
0.00239379
0.00242096
0.00244905
0.00247837
0.0025091
0.0025413
0.00257491
0.00260985
0.00264595
0.002683
0.00272076
0.00275893
0.00279716
0.00283505
0.00287216
0.00290798
0.002942
0.00297368
0.00300246
0.00302777
0.00304886
0.00306421
0.00306879
0.00306655
0.0030586
0.00304546
0.00302801
0.00300675
0.00298183
0.00295352
0.00292167
0.0028863
0.0028476
0.00280581
0.00276122
0.00271416
0.00266495
0.00261397
0.0025616
0.00250823
0.00245425
0.00240039
0.00234696
0.00229415
0.00224222
0.00219172
0.0021426
0.00209459
0.00204734
0.00200054
0.00195406
0.00190793
0.00186227
0.00181721
0.00177284
0.0017292
0.00168651
0.00164526
0.0016063
0.00157057
0.00153867
0.00151033
0.0014843
0.00145898
0.00143378
0.00141003
0.00138965
0.00137215
0.0013553
0.00133733
0.0013148
0.00128358
0.0012427
0.00119327
0.00112601
0.00102354
0.000860526
0.000666864
0.000472161
0.000281707
0.00014713
9.31149e-05
0.000189271
0.000523368
0.000889678
0.00121228
0.00146663
0.00165178
0.00176933
0.00182748
0.00183554
0.0018038
0.00174133
0.00165521
0.00154983
0.0014271
0.00128723
0.00113006
0.000956813
0.000772393
0.000587516
0.000418637
0.000282654
0.000188088
0.000131346
0.000101911
8.92301e-05
8.53907e-05
8.50956e-05
8.55233e-05
8.60371e-05
0.0001019
0.000111874
0.000110502
0.000102082
9.459e-05
8.93565e-05
8.56236e-05
8.2772e-05
8.04757e-05
7.8527e-05
7.67816e-05
7.51656e-05
7.36665e-05
7.22908e-05
7.10397e-05
6.99118e-05
6.89047e-05
6.8015e-05
6.72387e-05
6.65714e-05
6.60084e-05
6.55442e-05
6.5173e-05
6.48883e-05
6.46828e-05
6.45487e-05
6.44777e-05
6.44609e-05
6.44889e-05
6.45524e-05
6.46419e-05
6.47485e-05
6.48639e-05
6.4981e-05
6.50944e-05
6.52003e-05
6.5298e-05
6.53896e-05
6.54812e-05
6.55837e-05
6.57134e-05
6.58936e-05
6.61563e-05
6.65436e-05
6.71111e-05
6.79302e-05
6.90933e-05
7.07171e-05
7.29496e-05
7.59736e-05
8.00132e-05
8.53402e-05
9.22914e-05
0.000101322
0.000113157
0.000129175
0.000152361
0.000189884
0.000263034
0.000755472
0.000801111
0.000847624
0.000895415
0.000943443
0.000991303
0.00103826
0.00108354
0.00112637
0.00116603
0.00120202
0.00123415
0.00126263
0.00128801
0.00131104
0.00133256
0.00135327
0.00137376
0.00139444
0.00141561
0.00143745
0.0014601
0.00148358
0.00150789
0.00153299
0.00155877
0.00158512
0.00161191
0.00163896
0.00166606
0.00169298
0.00171945
0.00174519
0.00176987
0.00179316
0.00181474
0.00183426
0.00185128
0.00186468
0.00186766
0.00186608
0.00186124
0.00185365
0.00184385
0.00183203
0.00181827
0.00180274
0.00178532
0.00176605
0.00174505
0.00172246
0.00169849
0.00167333
0.0016472
0.00162034
0.001593
0.0015654
0.00153767
0.00151075
0.00148461
0.00145904
0.00143464
0.0014116
0.00139004
0.00136991
0.00135103
0.00133317
0.00131614
0.0012998
0.00128409
0.00126892
0.0012542
0.00123975
0.00122534
0.00121087
0.00119641
0.00118228
0.00116888
0.00115638
0.00114455
0.00113274
0.00112045
0.00110776
0.0010953
0.00108345
0.00107199
0.00106049
0.00104829
0.00103459
0.00101869
0.000996568
0.000965122
0.000920474
0.000859782
0.00078271
0.00067451
0.000443941
0.000224806
7.86745e-05
7.80372e-05
0.000265782
0.00058931
0.000923971
0.00120235
0.00141199
0.0015543
0.00163732
0.00167069
0.00166456
0.00162789
0.00156769
0.00148839
0.00139198
0.00127857
0.00114747
0.00099846
0.000833587
0.000659356
0.000488447
0.000338271
0.000223876
0.000149502
0.000108057
8.81315e-05
7.94457e-05
7.40123e-05
6.75229e-05
6.24612e-05
8.48529e-05
8.49554e-05
9.24902e-05
9.15859e-05
8.70306e-05
8.2171e-05
7.80383e-05
7.46744e-05
7.21268e-05
7.01938e-05
6.85836e-05
6.70948e-05
6.56956e-05
6.44324e-05
6.33107e-05
6.2326e-05
6.14701e-05
6.07334e-05
6.01064e-05
5.95792e-05
5.91419e-05
5.87846e-05
5.84972e-05
5.82692e-05
5.80902e-05
5.79495e-05
5.78364e-05
5.77402e-05
5.76505e-05
5.75568e-05
5.74494e-05
5.73187e-05
5.7156e-05
5.69529e-05
5.67016e-05
5.6395e-05
5.60263e-05
5.55891e-05
5.50775e-05
5.44857e-05
5.38082e-05
5.30401e-05
5.21771e-05
5.12163e-05
5.01578e-05
4.90063e-05
4.77751e-05
4.64908e-05
4.52019e-05
4.39887e-05
4.29778e-05
4.23567e-05
4.23909e-05
4.34459e-05
4.60425e-05
5.10398e-05
6.021e-05
7.81209e-05
0.000121797
0.00028446
0.000301907
0.000319722
0.000338213
0.000356966
0.000375838
0.000394552
0.000412834
0.000430393
0.000446969
0.000462371
0.000476519
0.000489468
0.000501395
0.000512565
0.000523263
0.000533747
0.000544219
0.000554824
0.00056566
0.00057679
0.000588242
0.000600025
0.000612123
0.000624511
0.00063715
0.00064999
0.000662974
0.000676036
0.000689095
0.000702061
0.000714827
0.000727278
0.000739287
0.000750722
0.000761449
0.000771333
0.000780222
0.000787688
0.000787765
0.000785724
0.000782694
0.000778861
0.000774379
0.000769297
0.000763642
0.000757467
0.000750725
0.00074343
0.000735619
0.000727349
0.000718687
0.000709703
0.00070047
0.000691075
0.000681612
0.000672073
0.000662603
0.000653717
0.000645252
0.000637056
0.000629373
0.000622348
0.000616061
0.00061053
0.000605724
0.000601584
0.000598049
0.00059507
0.000592611
0.000590636
0.000589078
0.000587817
0.000586672
0.000585444
0.000583988
0.000582286
0.000580443
0.000578581
0.000576695
0.000574589
0.000571978
0.000568737
0.000565022
0.000561096
0.000557094
0.00055305
0.000549031
0.000545206
0.000542167
0.000541924
0.000541512
0.000540437
0.000537316
0.000529053
0.000506552
0.000447869
0.000302923
8.2819e-05
5.07629e-05
0.000144794
0.000395042
0.000712307
0.000998484
0.0012208
0.00137956
0.00148061
0.00153304
0.00154623
0.00152878
0.00148752
0.00142694
0.0013492
0.00125456
0.00114222
0.00101146
0.000863006
0.000700952
0.000534822
0.000380132
0.0002541
0.000166665
0.000115288
8.95045e-05
7.78898e-05
7.0389e-05
5.89349e-05
4.08865e-05
6.20317e-05
6.21681e-05
6.7635e-05
6.75394e-05
6.51821e-05
6.38951e-05
6.04681e-05
5.63554e-05
5.31151e-05
5.09065e-05
4.94854e-05
4.84111e-05
4.73668e-05
4.64679e-05
4.57106e-05
4.50838e-05
4.45729e-05
4.41646e-05
4.38469e-05
4.36091e-05
4.34411e-05
4.33339e-05
4.32784e-05
4.32664e-05
4.32897e-05
4.33404e-05
4.3411e-05
4.34944e-05
4.35838e-05
4.36727e-05
4.37555e-05
4.38269e-05
4.38823e-05
4.39173e-05
4.39284e-05
4.39121e-05
4.38655e-05
4.37854e-05
4.36687e-05
4.35115e-05
4.33093e-05
4.30559e-05
4.27426e-05
4.23575e-05
4.18834e-05
4.1296e-05
4.05613e-05
3.96333e-05
3.84531e-05
3.69519e-05
3.50643e-05
3.27564e-05
3.00741e-05
2.72029e-05
2.45103e-05
2.25524e-05
2.2128e-05
2.48022e-05
3.63038e-05
4.32186e-05
4.41357e-05
4.51197e-05
4.61338e-05
4.71671e-05
4.82025e-05
4.92204e-05
5.01995e-05
5.1118e-05
5.19572e-05
5.2704e-05
5.33541e-05
5.39122e-05
5.43909e-05
5.48066e-05
5.51754e-05
5.55103e-05
5.58211e-05
5.61151e-05
5.6398e-05
5.66741e-05
5.69467e-05
5.72185e-05
5.7491e-05
5.77656e-05
5.80428e-05
5.83224e-05
5.86033e-05
5.88834e-05
5.91597e-05
5.9428e-05
5.96832e-05
5.99193e-05
6.01301e-05
6.03087e-05
6.04491e-05
6.05457e-05
6.05965e-05
6.06281e-05
6.10983e-05
6.14016e-05
6.16171e-05
6.17501e-05
6.18086e-05
6.17948e-05
6.17098e-05
6.15593e-05
6.13407e-05
6.1056e-05
6.07089e-05
6.03049e-05
5.98509e-05
5.93554e-05
5.88274e-05
5.82771e-05
5.77161e-05
5.71437e-05
5.65916e-05
5.60671e-05
5.55919e-05
5.51899e-05
5.48351e-05
5.45583e-05
5.43671e-05
5.42653e-05
5.42525e-05
5.43246e-05
5.44759e-05
5.47e-05
5.49908e-05
5.53426e-05
5.57491e-05
5.62012e-05
5.6686e-05
5.71874e-05
5.76896e-05
5.81803e-05
5.86531e-05
5.91071e-05
5.95405e-05
5.99462e-05
6.03115e-05
6.06239e-05
6.08788e-05
6.10778e-05
6.12231e-05
6.13164e-05
6.13608e-05
6.13639e-05
6.13448e-05
6.13566e-05
6.15733e-05
6.19933e-05
6.27174e-05
6.39116e-05
6.57928e-05
6.80085e-05
6.89413e-05
5.68031e-05
4.35154e-05
9.68115e-05
0.000280899
0.000565757
0.00084785
0.00107556
0.00124484
0.00135866
0.00142507
0.00145248
0.00144907
0.00142148
0.00137426
0.00130972
0.0012283
0.00112926
0.00101167
0.000875638
0.000723919
0.000563943
0.000409232
0.00027713
0.000180867
0.000121845
9.12869e-05
7.74877e-05
6.94757e-05
5.68237e-05
2.97324e-05
1.5849e-05
1.50989e-05
1.35342e-05
1.24445e-05
1.18256e-05
1.1305e-05
1.08303e-05
1.04206e-05
9.97409e-06
9.52948e-06
9.55404e-06
9.84754e-06
1.02004e-05
1.05869e-05
1.09945e-05
1.14137e-05
1.18375e-05
1.22608e-05
1.26799e-05
1.30918e-05
1.34941e-05
1.3885e-05
1.42628e-05
1.46262e-05
1.49741e-05
1.53054e-05
1.56194e-05
1.59153e-05
1.61928e-05
1.64515e-05
1.66914e-05
1.69124e-05
1.71148e-05
1.72991e-05
1.74658e-05
1.76156e-05
1.77496e-05
1.78687e-05
1.79743e-05
1.80676e-05
1.815e-05
1.8223e-05
1.8288e-05
1.83463e-05
1.83993e-05
1.84482e-05
1.84944e-05
1.85398e-05
1.85877e-05
1.86437e-05
1.87182e-05
1.88286e-05
1.90004e-05
1.92653e-05
1.96496e-05
2.01487e-05
2.06658e-05
2.08467e-05
1.95834e-05
3.53515e-05
3.84028e-05
3.92729e-05
3.92483e-05
3.88875e-05
3.84333e-05
3.79885e-05
3.75933e-05
3.72601e-05
3.69893e-05
3.67775e-05
3.66198e-05
3.65124e-05
3.64458e-05
3.64156e-05
3.64219e-05
3.64633e-05
3.65375e-05
3.66416e-05
3.67722e-05
3.69256e-05
3.7098e-05
3.72857e-05
3.74849e-05
3.76922e-05
3.79045e-05
3.81187e-05
3.83325e-05
3.85436e-05
3.875e-05
3.89496e-05
3.91406e-05
3.93203e-05
3.94856e-05
3.96318e-05
3.97507e-05
3.98353e-05
3.98604e-05
3.98857e-05
9.30435e-05
6.09049e-05
4.93956e-05
4.45568e-05
4.27233e-05
4.24623e-05
4.30882e-05
4.4221e-05
4.56298e-05
4.71689e-05
4.87471e-05
5.03102e-05
5.18362e-05
5.32314e-05
5.44195e-05
5.53944e-05
5.61598e-05
5.67274e-05
5.71144e-05
5.73422e-05
5.74345e-05
5.7416e-05
5.73114e-05
5.71443e-05
5.69374e-05
5.67117e-05
5.64876e-05
5.62847e-05
5.61237e-05
5.60276e-05
5.60245e-05
5.61525e-05
5.64671e-05
5.70561e-05
5.80655e-05
5.97692e-05
6.26703e-05
6.79898e-05
7.83263e-05
0.000261578
0.000171013
0.000132947
0.00011227
9.96739e-05
9.14772e-05
8.59428e-05
8.21459e-05
7.95483e-05
7.78162e-05
7.67325e-05
7.61524e-05
7.59888e-05
7.60955e-05
7.63218e-05
7.66382e-05
7.70238e-05
7.74659e-05
7.79597e-05
7.85075e-05
7.91182e-05
7.98061e-05
8.05904e-05
8.1495e-05
8.2549e-05
8.37878e-05
8.52549e-05
8.70057e-05
8.91128e-05
9.16745e-05
9.48284e-05
9.87729e-05
0.000103804
0.000110378
0.000119219
0.000131523
0.000149303
0.00017599
0.000217962
0.000487032
0.00034779
0.000280819
0.000241386
0.000215411
0.000196971
0.00018319
0.000172531
0.000164113
0.000157407
0.000152086
0.000147942
0.000144949
0.000142632
0.000140913
0.000139749
0.000139112
0.000138979
0.000139337
0.00014018
0.00014151
0.000143343
0.000145703
0.00014863
0.000152183
0.000156441
0.000161513
0.000167544
0.000174733
0.000183345
0.000193745
0.000206439
0.000222128
0.000241802
0.000266852
0.000299221
0.000341558
0.000397167
0.00047049
0.000680125
0.0005362
0.000452772
0.000399373
0.000362513
0.000335561
0.000314981
0.000298767
0.00028572
0.00027511
0.000266483
0.000259576
0.000254259
0.000250057
0.000246887
0.000244698
0.000243457
0.00024315
0.00024377
0.000245328
0.000247845
0.000251358
0.000255927
0.000261634
0.00026859
0.000276942
0.000286883
0.000298657
0.000312582
0.000329062
0.000348614
0.000371901
0.000399766
0.000433277
0.000473761
0.000522818
0.000582317
0.000654318
0.000741595
0.000805439
0.000691871
0.00061124
0.00055386
0.000511764
0.000479844
0.000454936
0.000435055
0.00041893
0.000405741
0.000394959
0.000386376
0.000379472
0.000374047
0.000369994
0.000367248
0.000365778
0.000365575
0.00036665
0.000369036
0.000372783
0.000377967
0.000384687
0.000393073
0.000403286
0.000415527
0.00043004
0.000447119
0.000467118
0.000490459
0.000517647
0.000549282
0.000586071
0.000628836
0.000678514
0.000736132
0.00080282
0.00087991
0.000969571
0.000874614
0.000799742
0.000735387
0.000683943
0.000643313
0.000610983
0.000584934
0.000563691
0.00054621
0.000531765
0.000519872
0.000510266
0.000502466
0.000496315
0.000491717
0.000488618
0.000486997
0.000486867
0.000488264
0.000491252
0.000495918
0.000502376
0.000510766
0.000521255
0.000534038
0.000549337
0.000567405
0.000588523
0.000613005
0.000641203
0.000673507
0.000710354
0.000752229
0.000799664
0.000853234
0.000913555
0.000981335
0.00105759
0.00114428
0.000908946
0.000865177
0.000820747
0.000780907
0.000746832
0.000718154
0.0006941
0.000673902
0.000656918
0.000642653
0.000630808
0.000620984
0.00061294
0.000606546
0.000601732
0.000598466
0.000596758
0.000596649
0.000598212
0.000601547
0.000606781
0.000614067
0.000623576
0.000635499
0.000650041
0.000667414
0.00068784
0.000711544
0.000738753
0.000769704
0.000804639
0.000843814
0.000887504
0.000935999
0.000989615
0.00104871
0.00111377
0.00118569
0.00126628
0.000924705
0.000900876
0.00087328
0.000845819
0.000820411
0.000797726
0.000777828
0.000760538
0.000745606
0.0007328
0.000721964
0.000712802
0.0007052
0.000699087
0.000694436
0.000691258
0.000689599
0.000689541
0.000691197
0.00069471
0.000700245
0.000707987
0.000718132
0.000730877
0.000746416
0.00076493
0.000786585
0.000811527
0.000839883
0.000871767
0.000907285
0.00094654
0.000989645
0.00103672
0.00108793
0.00114346
0.0012037
0.00126943
0.00134231
0.000931504
0.000918736
0.000902664
0.000885279
0.00086802
0.000851709
0.000836737
0.000823245
0.000811246
0.000800724
0.000791579
0.000783712
0.000777084
0.000771686
0.000767539
0.000764696
0.000763247
0.000763316
0.000765058
0.000768655
0.000774306
0.000782223
0.00079261
0.000805662
0.000821547
0.000840401
0.000862326
0.000887384
0.00091561
0.000947011
0.000981585
0.00101932
0.00106023
0.00110431
0.00115164
0.00120232
0.00125666
0.00131534
0.00137984
0.00093429
0.000927051
0.000917802
0.000907286
0.000896271
0.000885342
0.000874883
0.000865118
0.000856173
0.000848128
0.000840954
0.000834664
0.000829277
0.000824831
0.000821388
0.000819039
0.000817912
0.000818167
0.000819996
0.000823613
0.000829245
0.000837116
0.000847436
0.000860382
0.00087609
0.000894648
0.000916094
0.000940419
0.000967579
0.000997503
0.00103011
0.00106531
0.00110305
0.00114327
0.00118597
0.00123121
0.00127922
0.00133059
0.00138657
0.000935383
0.000930697
0.000925067
0.000918651
0.000911751
0.000904675
0.000897675
0.000890936
0.000884597
0.000878731
0.000873381
0.000868595
0.000864425
0.000860934
0.000858211
0.000856374
0.000855576
0.000856004
0.000857877
0.000861431
0.000866909
0.00087454
0.000884526
0.000897022
0.00091213
0.00092989
0.000950286
0.000973251
0.00099868
0.00102645
0.00105642
0.00108846
0.00112247
0.00115836
0.00119608
0.00123566
0.00127725
0.00132132
0.00136889
0.000935795
0.000932211
0.000928333
0.000924105
0.000919589
0.000914906
0.000910181
0.000905531
0.000901051
0.000896803
0.000892845
0.00088923
0.000886018
0.000883282
0.000881121
0.000879665
0.000879081
0.000879572
0.000881369
0.000884718
0.000889867
0.000897039
0.000906422
0.000918144
0.000932273
0.000948807
0.000967687
0.000988799
0.001012
0.00103712
0.00106399
0.00109247
0.0011224
0.00115368
0.00118624
0.00122005
0.00125521
0.00129206
0.00133137
0.000935941
0.000932791
0.000929667
0.000926454
0.000923117
0.000919679
0.000916192
0.000912715
0.000909305
0.000906012
0.000902883
0.000899963
0.000897307
0.000894986
0.000893097
0.000891771
0.000891175
0.000891515
0.000893022
0.000895942
0.000900514
0.00090695
0.000915414
0.000926009
0.000938768
0.000953657
0.000970577
0.000989387
0.00100991
0.00103196
0.00105535
0.0010799
0.00110546
0.00113189
0.0011591
0.00118703
0.00121569
0.00124531
0.00127641
0.000935977
0.000932939
0.000930021
0.000927098
0.00092411
0.00092105
0.000917943
0.000914829
0.000911747
0.000908738
0.000905836
0.000903077
0.000900505
0.000898179
0.000896187
0.000894649
0.000893725
0.000893609
0.000894525
0.000896705
0.000900372
0.000905717
0.00091288
0.000921936
0.000932888
0.000945673
0.000960169
0.000976209
0.000993602
0.00101214
0.00103164
0.00105189
0.00107274
0.00109404
0.00111566
0.0011375
0.00115951
0.00118177
0.00120459
0.000935941
0.000932791
0.000929666
0.000926452
0.000923113
0.000919667
0.000916162
0.00091265
0.000909178
0.000905784
0.000902497
0.000899341
0.000896345
0.000893553
0.000891034
0.000888889
0.000887261
0.000886324
0.000886282
0.000887345
0.000889712
0.00089355
0.00089897
0.000906021
0.000914681
0.000924865
0.000936434
0.000949207
0.000962983
0.000977553
0.000992711
0.00100826
0.00102403
0.00103985
0.00105556
0.00107103
0.00108614
0.00110084
0.00111522
0.000935795
0.000932211
0.000928332
0.000924101
0.00091958
0.00091488
0.000910119
0.000905394
0.000900777
0.000896309
0.000892012
0.000887895
0.000883964
0.000880238
0.000876759
0.000873602
0.000870879
0.000868737
0.000867349
0.000866898
0.000867551
0.000869445
0.000872665
0.000877234
0.00088311
0.000890194
0.000898333
0.000907344
0.000917022
0.000927157
0.000937542
0.000947979
0.00095828
0.000968266
0.000977756
0.000986571
0.00099453
0.00100148
0.00100731
0.000935383
0.000930697
0.000925066
0.000918645
0.000911734
0.00090463
0.000897569
0.00089071
0.000884143
0.000877905
0.000871995
0.00086639
0.00086106
0.000855986
0.000851169
0.000846646
0.000842489
0.000838809
0.00083574
0.000833425
0.000832001
0.000831568
0.000832186
0.000833854
0.000836516
0.00084006
0.000844333
0.000849151
0.000854315
0.000859618
0.000864858
0.000869837
0.000874362
0.000878243
0.000881284
0.000883272
0.000883979
0.000883169
0.000880581
0.00093429
0.000927051
0.000917799
0.000907276
0.000896242
0.00088527
0.000874718
0.000864775
0.000855507
0.000846902
0.000838902
0.000831423
0.000824375
0.000817681
0.00081129
0.000805186
0.000799393
0.000793973
0.000789015
0.000784621
0.000780884
0.000777875
0.000775622
0.000774106
0.000773258
0.000772964
0.000773074
0.000773412
0.000773792
0.000774019
0.000773904
0.000773259
0.000771898
0.000769633
0.000766265
0.000761576
0.000755322
0.000747234
0.000736991
0.000931504
0.000918735
0.000902659
0.000885263
0.000867976
0.000851602
0.000836501
0.000822764
0.000810331
0.000799065
0.000788794
0.000779334
0.000770512
0.000762174
0.000754202
0.00074652
0.000739095
0.000731935
0.000725078
0.00071858
0.000712492
0.000706848
0.000701652
0.000696868
0.00069242
0.000688199
0.000684069
0.000679874
0.000675453
0.000670641
0.000665277
0.000659205
0.000652267
0.000644306
0.000635152
0.000624622
0.00061251
0.000598591
0.000582592
0.000924705
0.000900874
0.000873272
0.000845796
0.00082035
0.000797581
0.000777515
0.000759913
0.000744437
0.000730735
0.000718465
0.000707315
0.000697007
0.000687307
0.000678024
0.000669019
0.000660202
0.000651526
0.00064298
0.000634571
0.000626311
0.000618202
0.000610227
0.000602342
0.000594479
0.000586547
0.000578442
0.00057005
0.00056126
0.000551965
0.000542063
0.000531457
0.000520056
0.000507768
0.000494495
0.000480133
0.000464568
0.000447684
0.000429344
0.000908945
0.000865174
0.000820736
0.000780875
0.000746752
0.000717971
0.000693716
0.000673149
0.000655531
0.000640234
0.000626732
0.00061458
0.000603408
0.000592906
0.000582825
0.000572973
0.00056321
0.000553444
0.00054362
0.000533707
0.000523687
0.000513544
0.000503257
0.000492795
0.000482122
0.000471194
0.000459971
0.000448416
0.0004365
0.000424202
0.000411507
0.000398406
0.000384888
0.000370942
0.000356552
0.000341697
0.000326353
0.000310502
0.000294122
0.000874613
0.000799738
0.000735372
0.000683904
0.000643219
0.000610773
0.000584501
0.000562855
0.000544685
0.000529129
0.000515519
0.000503325
0.000492119
0.000481551
0.000471342
0.000461268
0.000451165
0.000440914
0.000430437
0.000419688
0.000408648
0.000397311
0.000385689
0.000373799
0.000361674
0.000349352
0.000336882
0.00032432
0.000311723
0.000299147
0.000286643
0.000274254
0.000262009
0.000249926
0.000238012
0.000226266
0.00021468
0.000203252
0.00019198
0.000805438
0.000691865
0.000611223
0.000553817
0.000511663
0.000479626
0.000454493
0.000434206
0.000417392
0.000403096
0.000390617
0.000379422
0.000369092
0.000359289
0.000349742
0.000340241
0.000330627
0.000320795
0.000310683
0.000300273
0.000289582
0.000278658
0.000267573
0.000256418
0.000245293
0.000234301
0.00022354
0.000213098
0.000203044
0.000193431
0.00018429
0.000175635
0.000167461
0.000159755
0.000152491
0.00014564
0.000139171
0.000133058
0.000127278
0.000680123
0.000536194
0.000452756
0.000399332
0.00036242
0.000335362
0.000314581
0.000298006
0.00028435
0.000272763
0.000262648
0.000253562
0.000245163
0.000237181
0.000229408
0.000221686
0.000213912
0.00020603
0.000198032
0.000189945
0.000181833
0.000173776
0.00016587
0.000158206
0.00015087
0.00014393
0.000137435
0.000131416
0.000125884
0.000120835
0.000116253
0.000112113
0.000108386
0.000105039
0.00010204
9.93578e-05
9.69642e-05
9.48336e-05
9.29378e-05
0.00048703
0.000347784
0.000280806
0.000241356
0.000215343
0.000196826
0.000182903
0.000171991
0.000163155
0.000155793
0.000149491
0.000143949
0.000138939
0.000134287
0.000129865
0.000125585
0.000121395
0.000117276
0.000113234
0.000109295
0.000105496
0.000101876
9.84745e-05
9.53209e-05
9.24366e-05
8.9833e-05
8.75124e-05
8.54694e-05
8.36931e-05
8.21691e-05
8.08811e-05
7.98125e-05
7.89479e-05
7.82734e-05
7.77772e-05
7.74492e-05
7.72783e-05
7.72502e-05
7.73263e-05
0.000261576
0.00017101
0.00013294
0.000112255
9.96416e-05
9.14112e-05
8.58158e-05
8.1915e-05
7.91508e-05
7.71656e-05
7.57153e-05
7.46265e-05
7.37731e-05
7.30637e-05
7.24336e-05
7.18399e-05
7.12574e-05
7.06751e-05
7.00924e-05
6.9516e-05
6.89568e-05
6.84272e-05
6.79392e-05
6.75032e-05
6.71274e-05
6.68173e-05
6.65765e-05
6.64063e-05
6.63068e-05
6.62774e-05
6.63171e-05
6.64252e-05
6.66019e-05
6.68486e-05
6.7168e-05
6.75632e-05
6.80325e-05
6.85605e-05
6.90609e-05
9.30431e-05
6.09042e-05
4.93943e-05
4.4554e-05
4.27172e-05
4.24495e-05
4.30623e-05
4.4171e-05
4.55379e-05
4.70083e-05
4.8479e-05
4.98822e-05
5.11743e-05
5.23294e-05
5.33342e-05
5.41847e-05
5.48841e-05
5.54411e-05
5.58682e-05
5.61807e-05
5.63951e-05
5.65288e-05
5.65982e-05
5.66191e-05
5.66052e-05
5.65685e-05
5.65193e-05
5.64656e-05
5.64141e-05
5.63698e-05
5.63367e-05
5.63182e-05
5.63169e-05
5.63358e-05
5.63776e-05
5.64453e-05
5.65343e-05
5.66353e-05
5.66324e-05
3.53515e-05
3.84028e-05
3.92726e-05
3.92476e-05
3.88856e-05
3.84288e-05
3.79788e-05
3.75738e-05
3.72231e-05
3.69232e-05
3.66655e-05
3.64393e-05
3.62339e-05
3.60392e-05
3.58461e-05
3.56471e-05
3.5436e-05
3.5208e-05
3.49598e-05
3.46892e-05
3.43952e-05
3.40778e-05
3.37376e-05
3.33757e-05
3.29936e-05
3.25929e-05
3.21751e-05
3.17416e-05
3.12934e-05
3.08309e-05
3.03542e-05
2.98626e-05
2.93544e-05
2.88272e-05
2.8277e-05
2.76985e-05
2.70839e-05
2.64209e-05
2.57292e-05
)
;

boundaryField
{
    frontandback
    {
        type            empty;
    }
    in1
    {
        type            calculated;
        value           uniform 0.000469574;
    }
    in2
    {
        type            calculated;
        value           uniform 0.000939149;
    }
    out
    {
        type            zeroGradient;
    }
    walls
    {
        type            nutkWallFunction;
        blending        stepwise;
        value           nonuniform List<scalar> 
423
(
5.89751e-06
6.02404e-06
6.15518e-06
6.28973e-06
6.4234e-06
6.55188e-06
6.66868e-06
6.76499e-06
6.82908e-06
6.84653e-06
6.80229e-06
6.68714e-06
6.51101e-06
6.31753e-06
6.17567e-06
6.12979e-06
6.16811e-06
6.25993e-06
6.38574e-06
6.53265e-06
6.68958e-06
6.84813e-06
7.00302e-06
7.15149e-06
7.29242e-06
7.42563e-06
7.55134e-06
7.66978e-06
7.78094e-06
7.88435e-06
7.97902e-06
8.06337e-06
8.13529e-06
8.19214e-06
8.23095e-06
8.24844e-06
8.24124e-06
8.20601e-06
8.13962e-06
8.0393e-06
7.90419e-06
7.7336e-06
7.52851e-06
7.29241e-06
7.03244e-06
6.76066e-06
6.49502e-06
6.25814e-06
6.07217e-06
5.94981e-06
5.88684e-06
5.86416e-06
5.85887e-06
5.85422e-06
5.84182e-06
5.81902e-06
5.79014e-06
5.7555e-06
5.7147e-06
5.66775e-06
5.61489e-06
5.55647e-06
5.49327e-06
5.42741e-06
5.35979e-06
5.29117e-06
5.2222e-06
5.15343e-06
5.08531e-06
5.01819e-06
4.95239e-06
4.88812e-06
4.82557e-06
4.76485e-06
4.70604e-06
4.64921e-06
4.59435e-06
4.54148e-06
4.49056e-06
4.44154e-06
4.39437e-06
4.34898e-06
4.30528e-06
4.26318e-06
4.22259e-06
4.18342e-06
4.14557e-06
4.10894e-06
4.07343e-06
4.03895e-06
4.0054e-06
3.97269e-06
3.94074e-06
3.90946e-06
3.87877e-06
3.84861e-06
3.81888e-06
3.78954e-06
3.76052e-06
3.73175e-06
3.7032e-06
3.67194e-06
3.63789e-06
3.60104e-06
3.56143e-06
3.5192e-06
3.47455e-06
3.42776e-06
3.37922e-06
3.32936e-06
3.27869e-06
3.22773e-06
3.17706e-06
3.12722e-06
3.07872e-06
3.03202e-06
2.9875e-06
2.94546e-06
2.90612e-06
2.86958e-06
2.83591e-06
2.80507e-06
2.777e-06
2.75156e-06
2.72861e-06
2.70799e-06
2.68952e-06
2.67303e-06
2.65835e-06
2.64393e-06
2.62967e-06
2.61552e-06
2.6014e-06
2.58725e-06
2.573e-06
2.55861e-06
2.54403e-06
2.5292e-06
2.51409e-06
2.49865e-06
2.48286e-06
2.46669e-06
2.45011e-06
2.43311e-06
2.41569e-06
2.39784e-06
2.37958e-06
2.36093e-06
2.34193e-06
2.3226e-06
2.30303e-06
2.28327e-06
2.26342e-06
2.24357e-06
2.22385e-06
2.20439e-06
2.18531e-06
2.16679e-06
2.14898e-06
2.13204e-06
2.11613e-06
2.1014e-06
2.08799e-06
2.07602e-06
2.06558e-06
2.05673e-06
2.04951e-06
2.04389e-06
2.03983e-06
2.03727e-06
2.03608e-06
2.03615e-06
2.03735e-06
2.03955e-06
2.04262e-06
2.04655e-06
2.05154e-06
2.05818e-06
2.06773e-06
2.08244e-06
2.10572e-06
2.14176e-06
2.19407e-06
2.26186e-06
2.33189e-06
2.35632e-06
2.18499e-06
5.21925e-06
5.33281e-06
5.45525e-06
5.58245e-06
5.71347e-06
5.84674e-06
5.98043e-06
6.11235e-06
6.24016e-06
6.36155e-06
6.47447e-06
6.57747e-06
6.66991e-06
6.75198e-06
6.82456e-06
6.88893e-06
6.94643e-06
6.99829e-06
7.04556e-06
7.08914e-06
7.12981e-06
7.16825e-06
7.20503e-06
7.24062e-06
7.27541e-06
7.30966e-06
7.34356e-06
7.37714e-06
7.41032e-06
7.44289e-06
7.47446e-06
7.50456e-06
7.53256e-06
7.55778e-06
7.57949e-06
7.59695e-06
7.60948e-06
7.61664e-06
7.61985e-06
7.66778e-06
7.70695e-06
7.73554e-06
7.75398e-06
7.76341e-06
7.76389e-06
7.75542e-06
7.73858e-06
7.7131e-06
7.67908e-06
7.63688e-06
7.5871e-06
7.53053e-06
7.46806e-06
7.40066e-06
7.32946e-06
7.25573e-06
7.18071e-06
7.10738e-06
7.0361e-06
6.9681e-06
6.90569e-06
6.84982e-06
6.80229e-06
6.76455e-06
6.73763e-06
6.72201e-06
6.71765e-06
6.72412e-06
6.74084e-06
6.76709e-06
6.80209e-06
6.84495e-06
6.89446e-06
6.94896e-06
7.00644e-06
7.06487e-06
7.1226e-06
7.17879e-06
7.23316e-06
7.28543e-06
7.33467e-06
7.37918e-06
7.41733e-06
7.44838e-06
7.47257e-06
7.49017e-06
7.50125e-06
7.50604e-06
7.50531e-06
7.50105e-06
7.49908e-06
7.51725e-06
7.56067e-06
7.64092e-06
7.7773e-06
7.99459e-06
8.24988e-06
8.35019e-06
6.90077e-06
1.66411e-06
1.5573e-06
1.33567e-06
1.17901e-06
1.08915e-06
1.01198e-06
9.42445e-07
8.81846e-07
8.1588e-07
7.51487e-07
7.5948e-07
8.04011e-07
8.56824e-07
9.14255e-07
9.74444e-07
1.03597e-06
1.09784e-06
1.15932e-06
1.21988e-06
1.27914e-06
1.33678e-06
1.39256e-06
1.44627e-06
1.49776e-06
1.54688e-06
1.59352e-06
1.6376e-06
1.67905e-06
1.71781e-06
1.75388e-06
1.78725e-06
1.81794e-06
1.84601e-06
1.87151e-06
1.89455e-06
1.91524e-06
1.93372e-06
1.95014e-06
1.96467e-06
1.97751e-06
1.98884e-06
1.99887e-06
2.0078e-06
2.01581e-06
2.02308e-06
2.02979e-06
2.03614e-06
2.04237e-06
2.04893e-06
2.0566e-06
2.06681e-06
2.08193e-06
2.10544e-06
2.14162e-06
2.194e-06
2.26183e-06
2.33188e-06
2.35632e-06
2.18498e-06
4.24556e-06
4.62917e-06
4.73786e-06
4.7348e-06
4.68976e-06
4.63298e-06
4.57731e-06
4.52778e-06
4.48596e-06
4.45195e-06
4.42532e-06
4.40551e-06
4.39199e-06
4.38363e-06
4.37984e-06
4.38065e-06
4.38588e-06
4.39525e-06
4.40838e-06
4.42483e-06
4.44416e-06
4.46587e-06
4.48948e-06
4.51452e-06
4.54056e-06
4.5672e-06
4.59408e-06
4.62087e-06
4.64731e-06
4.67314e-06
4.69811e-06
4.72197e-06
4.74442e-06
4.76505e-06
4.78328e-06
4.79812e-06
4.80868e-06
4.81185e-06
4.81519e-06
4.24556e-06
4.62916e-06
4.73783e-06
4.73471e-06
4.68952e-06
4.63242e-06
4.5761e-06
4.52533e-06
4.48131e-06
4.44364e-06
4.41122e-06
4.38275e-06
4.35687e-06
4.33231e-06
4.30794e-06
4.2828e-06
4.25612e-06
4.22727e-06
4.19582e-06
4.16151e-06
4.1242e-06
4.08386e-06
4.04058e-06
3.99447e-06
3.94573e-06
3.89453e-06
3.84107e-06
3.7855e-06
3.72795e-06
3.66847e-06
3.60704e-06
3.54355e-06
3.47779e-06
3.40941e-06
3.3379e-06
3.26251e-06
3.1822e-06
3.09531e-06
3.00434e-06
)
;
    }
}


// ************************************************************************* //
