/*--------------------------------*- C++ -*----------------------------------*\
| =========                 |                                                 |
| \\      /  F ield         | OpenFOAM: The Open Source CFD Toolbox           |
|  \\    /   O peration     | Version:  2406                                  |
|   \\  /    A nd           | Website:  www.openfoam.com                      |
|    \\/     M anipulation  |                                                 |
\*---------------------------------------------------------------------------*/
FoamFile
{
    version     2.0;
    format      ascii;
    arch        "LSB;label=32;scalar=64";
    class       volScalarField;
    location    "0.3";
    object      p_rgh;
}
// * * * * * * * * * * * * * * * * * * * * * * * * * * * * * * * * * * * * * //

dimensions      [1 -1 -2 0 0 0 0];

internalField   nonuniform List<scalar> 
6250
(
2643.43
1091.74
2101.4
2837.12
2808.99
2577.95
2491.42
2517.2
2542.65
2535.09
2515.09
2500.14
2490.76
2482
2471.82
2460.94
2450.21
2439.74
2429.33
2418.86
2408.36
2397.85
2387.36
2376.87
2366.37
2355.87
2345.37
2334.88
2324.39
2313.89
2303.4
2292.91
2282.42
2271.92
2261.42
2250.93
2240.44
2229.94
2219.45
2208.96
2198.47
2187.97
2177.48
2166.98
2156.49
2145.99
2135.49
2125
2114.51
2104.02
2093.53
2083.03
2072.54
2062.04
2051.54
2041.05
2030.57
2020.08
2009.58
1999.08
1988.58
1978.09
1967.6
1957.11
1946.61
1936.12
1925.63
1915.13
1904.63
1894.14
1883.65
1873.16
1862.66
1852.17
1841.67
1831.18
1820.69
1810.19
1799.7
1789.2
1778.71
1768.21
1757.72
1747.23
1736.74
1726.24
1715.75
1705.25
1694.76
1684.26
1673.77
1663.28
1652.78
1642.29
1631.79
1621.3
1610.81
1600.31
1589.82
1579.32
1568.83
1558.34
1547.84
1537.35
1526.86
1516.36
1505.87
1495.38
1484.88
1474.39
1463.89
1453.4
1442.91
1432.42
1421.92
1411.43
1400.93
1390.43
1379.94
1369.45
1358.96
1348.46
1337.97
1327.47
1316.98
1306.48
1295.99
1285.5
1275
1264.51
1254.02
1243.52
1233.03
1222.53
1212.04
1201.54
1191.05
1180.56
1170.06
1159.57
1149.08
1138.58
1128.09
1117.59
1107.09
1096.6
1086.11
1075.62
1065.13
1054.64
1044.14
1033.64
1023.14
1012.65
1002.15
991.66
981.17
970.682
960.192
949.697
939.198
928.698
918.199
907.705
897.214
886.726
876.237
865.749
855.258
844.763
834.265
823.765
813.267
802.773
792.283
781.795
771.307
760.817
750.325
739.83
729.334
718.837
708.339
697.842
687.346
676.854
666.363
655.873
645.381
634.887
624.391
613.893
603.395
592.898
582.401
571.905
561.41
550.917
540.424
529.93
519.437
508.942
498.447
487.952
477.458
466.963
456.469
445.977
435.485
424.994
414.502
404.009
393.516
383.023
372.531
362.039
351.547
341.056
330.567
320.079
309.59
299.101
288.61
278.116
267.621
257.122
246.619
236.114
225.607
215.101
204.596
194.091
183.588
173.088
162.591
152.098
141.609
131.12
120.633
110.145
99.6584
89.1714
78.6835
68.1942
57.7033
47.2114
36.7193
26.2275
15.7362
5.24526
2643.42
1091.71
2101.37
2837.12
2809
2577.94
2491.42
2517.2
2542.64
2535.07
2515.09
2500.14
2490.76
2482.01
2471.83
2460.95
2450.21
2439.75
2429.34
2418.86
2408.34
2397.83
2387.34
2376.85
2366.36
2355.87
2345.38
2334.89
2324.4
2313.9
2303.4
2292.9
2282.41
2271.92
2261.43
2250.94
2240.45
2229.95
2219.46
2208.96
2198.46
2187.97
2177.48
2166.99
2156.5
2146
2135.51
2125.01
2114.51
2104.02
2093.53
2083.03
2072.54
2062.05
2051.55
2041.06
2030.56
2020.07
2009.58
1999.08
1988.59
1978.09
1967.6
1957.11
1946.61
1936.11
1925.62
1915.13
1904.64
1894.14
1883.65
1873.15
1862.66
1852.17
1841.67
1831.18
1820.68
1810.19
1799.7
1789.21
1778.71
1768.21
1757.72
1747.23
1736.74
1726.24
1715.74
1705.25
1694.76
1684.27
1673.77
1663.28
1652.78
1642.29
1631.79
1621.3
1610.81
1600.31
1589.82
1579.32
1568.83
1558.34
1547.84
1537.35
1526.86
1516.36
1505.87
1495.38
1484.88
1474.39
1463.89
1453.4
1442.91
1432.42
1421.92
1411.43
1400.93
1390.43
1379.94
1369.45
1358.96
1348.47
1337.97
1327.47
1316.98
1306.48
1295.99
1285.5
1275
1264.51
1254.02
1243.52
1233.03
1222.53
1212.04
1201.54
1191.05
1180.56
1170.06
1159.57
1149.08
1138.58
1128.08
1117.59
1107.09
1096.6
1086.11
1075.62
1065.13
1054.64
1044.14
1033.64
1023.14
1012.64
1002.15
991.662
981.175
970.685
960.192
949.696
939.196
928.696
918.197
907.703
897.215
886.729
876.241
865.751
855.258
844.761
834.263
823.764
813.266
802.772
792.283
781.796
771.31
760.82
750.327
739.831
729.332
718.834
708.336
697.841
687.348
676.856
666.364
655.874
645.382
634.888
624.392
613.893
603.394
592.896
582.399
571.904
561.41
550.917
540.425
529.932
519.438
508.942
498.447
487.951
477.457
466.963
456.47
445.977
435.484
424.993
414.502
404.01
393.517
383.023
372.53
362.038
351.547
341.057
330.567
320.079
309.591
299.102
288.611
278.117
267.621
257.122
246.62
236.115
225.607
215.099
204.592
194.088
183.587
173.088
162.591
152.097
141.607
131.12
120.634
110.148
99.6608
89.1727
78.6839
68.1943
57.7036
47.2119
36.7197
26.2275
15.7364
5.24465
2643.41
1091.71
2101.38
2837.13
2809
2577.95
2491.41
2517.19
2542.64
2535.08
2515.1
2500.15
2490.77
2482.01
2471.83
2460.94
2450.21
2439.74
2429.34
2418.87
2408.36
2397.85
2387.35
2376.86
2366.36
2355.87
2345.37
2334.88
2324.39
2313.9
2303.4
2292.91
2282.42
2271.93
2261.43
2250.93
2240.44
2229.95
2219.45
2208.96
2198.46
2187.97
2177.48
2166.98
2156.49
2146
2135.5
2125.01
2114.51
2104.02
2093.53
2083.03
2072.53
2062.04
2051.55
2041.06
2030.56
2020.07
2009.57
1999.08
1988.59
1978.09
1967.6
1957.11
1946.61
1936.12
1925.62
1915.13
1904.64
1894.14
1883.65
1873.15
1862.66
1852.17
1841.67
1831.18
1820.68
1810.19
1799.7
1789.2
1778.71
1768.21
1757.72
1747.23
1736.74
1726.24
1715.74
1705.25
1694.76
1684.27
1673.77
1663.28
1652.78
1642.29
1631.79
1621.3
1610.81
1600.31
1589.82
1579.33
1568.83
1558.34
1547.84
1537.35
1526.86
1516.36
1505.87
1495.38
1484.88
1474.39
1463.89
1453.4
1442.91
1432.41
1421.92
1411.42
1400.93
1390.44
1379.94
1369.45
1358.96
1348.46
1337.97
1327.47
1316.98
1306.48
1295.99
1285.5
1275
1264.51
1254.02
1243.52
1233.03
1222.53
1212.04
1201.54
1191.05
1180.56
1170.06
1159.57
1149.08
1138.58
1128.08
1117.59
1107.09
1096.6
1086.11
1075.62
1065.13
1054.64
1044.14
1033.64
1023.14
1012.64
1002.15
991.664
981.176
970.686
960.192
949.694
939.195
928.695
918.198
907.704
897.216
886.73
876.243
865.752
855.257
844.759
834.26
823.762
813.267
802.774
792.284
781.796
771.309
760.82
750.327
739.831
729.332
718.832
708.335
697.84
687.348
676.857
666.366
655.874
645.381
634.887
624.391
613.893
603.394
592.896
582.399
571.904
561.411
550.917
540.424
529.931
519.437
508.942
498.446
487.95
477.456
466.963
456.47
445.978
435.486
424.994
414.502
404.01
393.517
383.024
372.53
362.037
351.546
341.057
330.567
320.079
309.591
299.102
288.612
278.119
267.622
257.121
246.619
236.114
225.608
215.1
204.593
194.087
183.586
173.088
162.593
152.1
141.609
131.12
120.634
110.148
99.6611
89.1733
78.6841
68.1939
57.7029
47.2112
36.7192
26.2271
15.736
5.24461
2643.4
1091.7
2101.38
2837.13
2809.01
2577.95
2491.41
2517.19
2542.64
2535.08
2515.09
2500.13
2490.75
2482
2471.83
2460.95
2450.21
2439.74
2429.33
2418.86
2408.35
2397.84
2387.35
2376.86
2366.36
2355.87
2345.38
2334.88
2324.39
2313.9
2303.4
2292.91
2282.41
2271.92
2261.43
2250.93
2240.44
2229.95
2219.45
2208.96
2198.47
2187.97
2177.48
2166.98
2156.49
2146
2135.5
2125.01
2114.51
2104.02
2093.53
2083.04
2072.54
2062.04
2051.55
2041.06
2030.56
2020.07
2009.57
1999.08
1988.59
1978.1
1967.6
1957.1
1946.61
1936.12
1925.62
1915.13
1904.64
1894.14
1883.65
1873.16
1862.66
1852.17
1841.67
1831.18
1820.69
1810.19
1799.7
1789.2
1778.71
1768.21
1757.72
1747.23
1736.74
1726.24
1715.75
1705.25
1694.76
1684.26
1673.77
1663.28
1652.78
1642.29
1631.79
1621.3
1610.8
1600.31
1589.82
1579.32
1568.83
1558.34
1547.84
1537.35
1526.85
1516.36
1505.87
1495.38
1484.88
1474.38
1463.89
1453.4
1442.91
1432.41
1421.92
1411.42
1400.93
1390.44
1379.94
1369.45
1358.96
1348.46
1337.97
1327.47
1316.98
1306.49
1295.99
1285.5
1275
1264.51
1254.02
1243.52
1233.03
1222.53
1212.04
1201.54
1191.05
1180.56
1170.07
1159.57
1149.08
1138.58
1128.08
1117.59
1107.09
1096.6
1086.11
1075.62
1065.13
1054.63
1044.14
1033.64
1023.14
1012.64
1002.15
991.664
981.177
970.687
960.192
949.693
939.193
928.694
918.199
907.706
897.217
886.73
876.243
865.752
855.257
844.758
834.258
823.76
813.266
802.775
792.287
781.799
771.31
760.819
750.325
739.829
729.331
718.832
708.334
697.839
687.347
676.857
666.367
655.876
645.382
634.887
624.39
613.892
603.393
592.895
582.399
571.904
561.411
550.918
540.425
529.931
519.437
508.942
498.447
487.951
477.456
466.962
456.47
445.978
435.487
424.995
414.502
404.01
393.517
383.023
372.53
362.037
351.546
341.056
330.567
320.079
309.591
299.102
288.612
278.119
267.623
257.122
246.619
236.113
225.607
215.1
204.594
194.088
183.586
173.087
162.592
152.1
141.61
131.121
120.634
110.148
99.6612
89.1737
78.6849
68.1945
57.7032
47.2113
36.7192
26.2272
15.7361
5.24473
2643.41
1091.7
2101.37
2837.12
2809
2577.95
2491.42
2517.19
2542.64
2535.08
2515.09
2500.14
2490.76
2482
2471.83
2460.95
2450.22
2439.75
2429.33
2418.87
2408.36
2397.84
2387.35
2376.86
2366.36
2355.87
2345.38
2334.88
2324.39
2313.89
2303.4
2292.91
2282.41
2271.92
2261.43
2250.93
2240.44
2229.95
2219.45
2208.96
2198.47
2187.97
2177.48
2166.99
2156.49
2146
2135.5
2125
2114.51
2104.02
2093.52
2083.03
2072.54
2062.04
2051.55
2041.05
2030.56
2020.07
2009.57
1999.08
1988.59
1978.09
1967.6
1957.1
1946.61
1936.12
1925.63
1915.13
1904.63
1894.14
1883.65
1873.16
1862.66
1852.17
1841.67
1831.18
1820.69
1810.19
1799.7
1789.2
1778.71
1768.21
1757.72
1747.23
1736.73
1726.24
1715.75
1705.25
1694.76
1684.26
1673.77
1663.28
1652.78
1642.29
1631.79
1621.3
1610.81
1600.31
1589.82
1579.33
1568.83
1558.34
1547.84
1537.35
1526.86
1516.36
1505.87
1495.38
1484.88
1474.39
1463.89
1453.4
1442.91
1432.41
1421.92
1411.42
1400.93
1390.44
1379.94
1369.45
1358.95
1348.46
1337.97
1327.47
1316.98
1306.49
1295.99
1285.5
1275
1264.51
1254.02
1243.52
1233.03
1222.53
1212.04
1201.54
1191.05
1180.56
1170.07
1159.57
1149.08
1138.58
1128.09
1117.59
1107.09
1096.6
1086.11
1075.62
1065.13
1054.63
1044.14
1033.64
1023.14
1012.65
1002.15
991.666
981.177
970.686
960.191
949.692
939.192
928.694
918.199
907.709
897.22
886.732
876.243
865.751
855.255
844.757
834.258
823.76
813.266
802.775
792.287
781.8
771.311
760.819
750.324
739.826
729.328
718.83
708.334
697.839
687.347
676.857
666.367
655.876
645.382
634.887
624.389
613.891
603.392
592.895
582.399
571.904
561.411
550.919
540.426
529.931
519.436
508.941
498.446
487.951
477.457
466.963
456.47
445.979
435.487
424.996
414.504
404.01
393.517
383.023
372.53
362.037
351.546
341.055
330.567
320.079
309.592
299.103
288.612
278.119
267.623
257.123
246.62
236.114
225.607
215.1
204.594
194.089
183.587
173.088
162.592
152.1
141.611
131.123
120.636
110.149
99.6618
89.174
78.685
68.1947
57.7032
47.211
36.7188
26.2269
15.7358
5.2446
2643.41
1091.7
2101.37
2837.11
2808.99
2577.94
2491.42
2517.19
2542.64
2535.08
2515.1
2500.14
2490.76
2482
2471.83
2460.95
2450.21
2439.74
2429.33
2418.86
2408.35
2397.84
2387.35
2376.86
2366.36
2355.87
2345.38
2334.88
2324.39
2313.89
2303.4
2292.91
2282.42
2271.92
2261.43
2250.93
2240.44
2229.95
2219.45
2208.96
2198.47
2187.97
2177.47
2166.98
2156.49
2146
2135.5
2125.01
2114.52
2104.02
2093.53
2083.03
2072.54
2062.04
2051.55
2041.05
2030.56
2020.07
2009.58
1999.08
1988.59
1978.09
1967.6
1957.11
1946.61
1936.12
1925.63
1915.13
1904.63
1894.14
1883.65
1873.16
1862.66
1852.17
1841.67
1831.18
1820.69
1810.19
1799.7
1789.2
1778.71
1768.22
1757.72
1747.23
1736.73
1726.24
1715.75
1705.25
1694.76
1684.26
1673.77
1663.28
1652.78
1642.29
1631.79
1621.3
1610.8
1600.31
1589.82
1579.33
1568.83
1558.34
1547.84
1537.35
1526.86
1516.36
1505.87
1495.38
1484.88
1474.39
1463.89
1453.4
1442.9
1432.41
1421.92
1411.43
1400.93
1390.44
1379.94
1369.45
1358.95
1348.46
1337.97
1327.47
1316.98
1306.49
1295.99
1285.5
1275
1264.51
1254.02
1243.52
1233.03
1222.53
1212.04
1201.54
1191.05
1180.56
1170.07
1159.57
1149.08
1138.58
1128.09
1117.59
1107.09
1096.6
1086.11
1075.62
1065.13
1054.63
1044.13
1033.64
1023.14
1012.65
1002.16
991.668
981.178
970.685
960.19
949.691
939.192
928.694
918.2
907.71
897.222
886.734
876.243
865.75
855.253
844.755
834.257
823.76
813.267
802.776
792.288
781.8
771.311
760.818
750.322
739.824
729.326
718.828
708.333
697.84
687.348
676.858
666.368
655.876
645.382
634.886
624.388
613.89
603.391
592.894
582.399
571.905
561.412
550.919
540.426
529.932
519.437
508.942
498.446
487.951
477.457
466.964
456.471
445.979
435.488
424.997
414.504
404.011
393.517
383.023
372.529
362.037
351.545
341.055
330.566
320.079
309.592
299.103
288.613
278.119
267.623
257.123
246.62
236.115
225.607
215.1
204.593
194.089
183.588
173.089
162.593
152.101
141.611
131.123
120.637
110.15
99.6626
89.1744
78.6852
68.1947
57.7032
47.211
36.7187
26.2267
15.7357
5.24461
2643.39
1091.7
2101.38
2837.13
2808.99
2577.94
2491.42
2517.2
2542.64
2535.08
2515.09
2500.14
2490.76
2482
2471.83
2460.94
2450.21
2439.75
2429.34
2418.86
2408.36
2397.85
2387.35
2376.86
2366.36
2355.87
2345.38
2334.88
2324.39
2313.89
2303.4
2292.91
2282.42
2271.92
2261.43
2250.93
2240.44
2229.95
2219.46
2208.96
2198.47
2187.97
2177.48
2166.98
2156.49
2146
2135.5
2125.01
2114.51
2104.02
2093.53
2083.03
2072.54
2062.05
2051.55
2041.06
2030.56
2020.07
2009.58
1999.08
1988.59
1978.09
1967.6
1957.11
1946.61
1936.12
1925.62
1915.13
1904.64
1894.14
1883.65
1873.16
1862.66
1852.17
1841.67
1831.18
1820.68
1810.19
1799.7
1789.2
1778.71
1768.21
1757.72
1747.23
1736.74
1726.24
1715.75
1705.25
1694.76
1684.26
1673.77
1663.28
1652.78
1642.29
1631.79
1621.3
1610.8
1600.31
1589.82
1579.33
1568.83
1558.34
1547.84
1537.35
1526.86
1516.36
1505.87
1495.38
1484.88
1474.39
1463.89
1453.4
1442.9
1432.41
1421.92
1411.43
1400.93
1390.44
1379.94
1369.45
1358.95
1348.46
1337.97
1327.47
1316.98
1306.49
1295.99
1285.49
1275
1264.51
1254.02
1243.53
1233.03
1222.53
1212.04
1201.54
1191.05
1180.56
1170.07
1159.57
1149.08
1138.58
1128.09
1117.59
1107.1
1096.6
1086.11
1075.62
1065.13
1054.63
1044.13
1033.64
1023.14
1012.65
1002.16
991.669
981.179
970.685
960.188
949.69
939.192
928.695
918.202
907.712
897.224
886.735
876.244
865.749
855.251
844.753
834.255
823.76
813.268
802.778
792.29
781.801
771.31
760.817
750.32
739.822
729.323
718.826
708.332
697.839
687.349
676.859
666.368
655.876
645.382
634.885
624.387
613.888
603.39
592.894
582.399
571.905
561.412
550.919
540.426
529.932
519.437
508.942
498.446
487.951
477.457
466.964
456.472
445.981
435.489
424.997
414.505
404.012
393.517
383.023
372.529
362.036
351.545
341.055
330.566
320.079
309.591
299.103
288.613
278.12
267.623
257.123
246.62
236.115
225.608
215.101
204.594
194.09
183.588
173.09
162.595
152.102
141.612
131.124
120.638
110.151
99.6635
89.1751
78.6855
68.1948
57.7032
47.2109
36.7185
26.2264
15.7354
5.2445
2643.4
1091.69
2101.37
2837.13
2809
2577.94
2491.41
2517.19
2542.63
2535.07
2515.09
2500.14
2490.76
2482.01
2471.84
2460.95
2450.21
2439.75
2429.33
2418.86
2408.35
2397.85
2387.35
2376.85
2366.36
2355.87
2345.38
2334.88
2324.39
2313.89
2303.4
2292.91
2282.41
2271.92
2261.43
2250.93
2240.44
2229.95
2219.45
2208.96
2198.47
2187.97
2177.48
2166.99
2156.49
2146
2135.5
2125.01
2114.51
2104.02
2093.53
2083.03
2072.54
2062.05
2051.55
2041.06
2030.56
2020.07
2009.58
1999.08
1988.59
1978.09
1967.6
1957.11
1946.61
1936.12
1925.62
1915.13
1904.64
1894.14
1883.65
1873.16
1862.66
1852.17
1841.67
1831.18
1820.69
1810.19
1799.7
1789.21
1778.71
1768.21
1757.72
1747.23
1736.74
1726.24
1715.75
1705.25
1694.76
1684.26
1673.77
1663.28
1652.78
1642.29
1631.79
1621.3
1610.8
1600.31
1589.82
1579.33
1568.83
1558.34
1547.84
1537.35
1526.85
1516.36
1505.87
1495.38
1484.88
1474.39
1463.89
1453.4
1442.9
1432.41
1421.92
1411.43
1400.93
1390.44
1379.94
1369.45
1358.95
1348.46
1337.97
1327.48
1316.98
1306.49
1295.99
1285.49
1275
1264.51
1254.02
1243.53
1233.03
1222.53
1212.04
1201.54
1191.05
1180.56
1170.07
1159.57
1149.08
1138.58
1128.09
1117.59
1107.1
1096.6
1086.11
1075.62
1065.13
1054.63
1044.13
1033.64
1023.14
1012.65
1002.16
991.67
981.178
970.684
960.187
949.688
939.191
928.697
918.205
907.715
897.225
886.735
876.243
865.747
855.25
844.751
834.254
823.76
813.269
802.78
792.291
781.802
771.31
760.815
750.318
739.819
729.321
718.825
708.331
697.839
687.35
676.86
666.369
655.876
645.381
634.884
624.386
613.887
603.389
592.893
582.399
571.906
561.413
550.92
540.427
529.932
519.437
508.942
498.447
487.952
477.458
466.965
456.473
445.982
435.49
424.998
414.505
404.012
393.518
383.023
372.528
362.035
351.544
341.054
330.566
320.078
309.591
299.103
288.613
278.12
267.624
257.124
246.62
236.115
225.609
215.102
204.595
194.091
183.589
173.091
162.596
152.104
141.614
131.126
120.639
110.152
99.6642
89.1757
78.6859
68.1949
57.7031
47.2107
36.7182
26.2261
15.7352
5.24446
2643.39
1091.69
2101.37
2837.12
2809
2577.94
2491.41
2517.2
2542.65
2535.09
2515.09
2500.14
2490.76
2482
2471.83
2460.94
2450.21
2439.75
2429.33
2418.86
2408.35
2397.85
2387.35
2376.86
2366.36
2355.87
2345.38
2334.88
2324.39
2313.9
2303.4
2292.91
2282.42
2271.92
2261.43
2250.93
2240.44
2229.95
2219.46
2208.96
2198.47
2187.97
2177.48
2166.98
2156.49
2146
2135.5
2125.01
2114.51
2104.02
2093.53
2083.03
2072.54
2062.04
2051.55
2041.06
2030.56
2020.07
2009.58
1999.08
1988.59
1978.09
1967.6
1957.11
1946.61
1936.12
1925.62
1915.13
1904.64
1894.14
1883.65
1873.16
1862.66
1852.17
1841.67
1831.18
1820.69
1810.19
1799.7
1789.2
1778.71
1768.21
1757.72
1747.23
1736.74
1726.24
1715.75
1705.25
1694.76
1684.26
1673.77
1663.28
1652.78
1642.29
1631.79
1621.3
1610.81
1600.31
1589.82
1579.33
1568.83
1558.34
1547.84
1537.35
1526.85
1516.36
1505.87
1495.38
1484.88
1474.39
1463.89
1453.39
1442.9
1432.41
1421.92
1411.43
1400.93
1390.44
1379.94
1369.44
1358.95
1348.46
1337.97
1327.48
1316.98
1306.48
1295.99
1285.49
1275
1264.51
1254.02
1243.53
1233.03
1222.53
1212.04
1201.54
1191.05
1180.56
1170.07
1159.57
1149.08
1138.58
1128.09
1117.59
1107.1
1096.61
1086.11
1075.62
1065.13
1054.63
1044.13
1033.64
1023.14
1012.65
1002.16
991.67
981.178
970.683
960.186
949.688
939.192
928.698
918.207
907.718
897.228
886.736
876.242
865.745
855.248
844.75
834.254
823.76
813.27
802.781
792.292
781.802
771.309
760.813
750.315
739.816
729.319
718.824
708.331
697.84
687.35
676.86
666.369
655.876
645.38
634.883
624.384
613.886
603.389
592.893
582.399
571.906
561.414
550.921
540.427
529.933
519.437
508.942
498.447
487.952
477.458
466.965
456.474
445.983
435.491
424.999
414.506
404.012
393.518
383.023
372.528
362.035
351.543
341.053
330.565
320.078
309.591
299.103
288.613
278.12
267.624
257.124
246.621
236.116
225.609
215.102
204.596
194.092
183.591
173.092
162.597
152.105
141.616
131.127
120.64
110.153
99.665
89.1762
78.6863
68.1951
57.703
47.2105
36.7179
26.2258
15.7349
5.24437
2643.39
1091.69
2101.37
2837.13
2809.01
2577.94
2491.41
2517.19
2542.63
2535.07
2515.09
2500.14
2490.76
2482
2471.83
2460.95
2450.21
2439.75
2429.33
2418.86
2408.35
2397.84
2387.35
2376.86
2366.36
2355.87
2345.37
2334.88
2324.39
2313.9
2303.4
2292.91
2282.42
2271.92
2261.43
2250.93
2240.44
2229.95
2219.45
2208.96
2198.47
2187.97
2177.48
2166.98
2156.49
2145.99
2135.5
2125.01
2114.51
2104.02
2093.53
2083.04
2072.54
2062.04
2051.55
2041.06
2030.56
2020.07
2009.58
1999.08
1988.59
1978.09
1967.6
1957.1
1946.61
1936.12
1925.62
1915.13
1904.64
1894.14
1883.65
1873.16
1862.66
1852.17
1841.67
1831.18
1820.69
1810.19
1799.7
1789.2
1778.71
1768.21
1757.72
1747.23
1736.74
1726.24
1715.75
1705.25
1694.76
1684.26
1673.77
1663.28
1652.78
1642.29
1631.8
1621.3
1610.8
1600.31
1589.82
1579.33
1568.83
1558.34
1547.84
1537.35
1526.85
1516.36
1505.87
1495.38
1484.88
1474.39
1463.89
1453.39
1442.9
1432.41
1421.92
1411.43
1400.93
1390.43
1379.94
1369.44
1358.95
1348.46
1337.97
1327.48
1316.98
1306.48
1295.99
1285.49
1275
1264.51
1254.02
1243.53
1233.03
1222.53
1212.04
1201.54
1191.05
1180.56
1170.07
1159.57
1149.08
1138.58
1128.09
1117.59
1107.1
1096.61
1086.11
1075.62
1065.13
1054.63
1044.13
1033.64
1023.15
1012.65
1002.16
991.671
981.177
970.681
960.184
949.688
939.192
928.7
918.209
907.72
897.229
886.736
876.241
865.743
855.245
844.748
834.254
823.761
813.272
802.783
792.293
781.802
771.308
760.811
750.312
739.814
729.317
718.822
708.33
697.84
687.351
676.861
666.369
655.876
645.379
634.881
624.383
613.884
603.388
592.893
582.399
571.907
561.414
550.922
540.428
529.934
519.438
508.942
498.446
487.952
477.459
466.966
456.475
445.984
435.492
425
414.507
404.013
393.518
383.022
372.528
362.034
351.542
341.052
330.564
320.078
309.591
299.103
288.613
278.12
267.624
257.124
246.622
236.116
225.61
215.103
204.597
194.094
183.592
173.094
162.599
152.107
141.617
131.129
120.641
110.154
99.6658
89.1767
78.6866
68.1952
57.7029
47.2102
36.7176
26.2255
15.7346
5.24432
2643.38
1091.68
2101.36
2837.12
2809
2577.94
2491.41
2517.19
2542.64
2535.08
2515.1
2500.14
2490.76
2482
2471.83
2460.95
2450.21
2439.74
2429.34
2418.87
2408.36
2397.85
2387.35
2376.86
2366.36
2355.87
2345.37
2334.88
2324.39
2313.89
2303.4
2292.91
2282.41
2271.92
2261.43
2250.94
2240.44
2229.95
2219.45
2208.96
2198.47
2187.97
2177.48
2166.98
2156.49
2146
2135.5
2125.01
2114.51
2104.02
2093.53
2083.03
2072.54
2062.04
2051.55
2041.06
2030.56
2020.07
2009.58
1999.08
1988.59
1978.09
1967.6
1957.11
1946.61
1936.12
1925.63
1915.13
1904.63
1894.14
1883.65
1873.16
1862.66
1852.17
1841.67
1831.18
1820.69
1810.19
1799.7
1789.2
1778.71
1768.22
1757.72
1747.23
1736.73
1726.24
1715.75
1705.25
1694.76
1684.26
1673.77
1663.28
1652.78
1642.29
1631.8
1621.3
1610.8
1600.31
1589.82
1579.33
1568.83
1558.34
1547.84
1537.35
1526.85
1516.36
1505.87
1495.38
1484.88
1474.39
1463.89
1453.39
1442.9
1432.41
1421.92
1411.43
1400.93
1390.43
1379.94
1369.44
1358.95
1348.46
1337.97
1327.47
1316.98
1306.48
1295.99
1285.49
1275
1264.51
1254.02
1243.52
1233.03
1222.53
1212.04
1201.54
1191.05
1180.56
1170.07
1159.57
1149.08
1138.58
1128.09
1117.59
1107.1
1096.61
1086.11
1075.62
1065.12
1054.63
1044.13
1033.64
1023.15
1012.66
1002.16
991.671
981.176
970.68
960.183
949.688
939.194
928.702
918.212
907.722
897.23
886.736
876.239
865.741
855.243
844.747
834.253
823.762
813.273
802.784
792.294
781.801
771.306
760.808
750.31
739.811
729.315
718.821
708.33
697.841
687.351
676.861
666.369
655.875
645.378
634.88
624.381
613.883
603.387
592.892
582.399
571.907
561.415
550.923
540.429
529.934
519.438
508.942
498.447
487.952
477.459
466.967
456.476
445.985
435.494
425.002
414.508
404.014
393.518
383.022
372.527
362.033
351.542
341.052
330.564
320.077
309.59
299.103
288.613
278.12
267.624
257.125
246.622
236.117
225.611
215.104
204.598
194.095
183.594
173.096
162.601
152.109
141.619
131.13
120.643
110.155
99.6667
89.1773
78.6869
68.1953
57.7028
47.2099
36.7172
26.2251
15.7343
5.24424
2643.39
1091.69
2101.37
2837.12
2809
2577.94
2491.42
2517.19
2542.64
2535.08
2515.09
2500.13
2490.76
2482
2471.83
2460.95
2450.21
2439.74
2429.33
2418.86
2408.35
2397.84
2387.35
2376.86
2366.36
2355.87
2345.38
2334.88
2324.39
2313.9
2303.4
2292.91
2282.41
2271.92
2261.43
2250.94
2240.44
2229.95
2219.45
2208.96
2198.47
2187.97
2177.47
2166.98
2156.49
2146
2135.5
2125.01
2114.51
2104.02
2093.53
2083.03
2072.54
2062.04
2051.55
2041.06
2030.56
2020.07
2009.58
1999.08
1988.59
1978.09
1967.6
1957.11
1946.61
1936.12
1925.62
1915.13
1904.63
1894.14
1883.65
1873.16
1862.66
1852.17
1841.67
1831.18
1820.69
1810.19
1799.7
1789.2
1778.71
1768.22
1757.72
1747.23
1736.73
1726.24
1715.75
1705.25
1694.76
1684.26
1673.77
1663.28
1652.78
1642.29
1631.8
1621.3
1610.8
1600.31
1589.82
1579.33
1568.83
1558.34
1547.84
1537.34
1526.85
1516.36
1505.87
1495.38
1484.88
1474.39
1463.89
1453.39
1442.9
1432.41
1421.92
1411.42
1400.93
1390.43
1379.94
1369.44
1358.95
1348.46
1337.97
1327.47
1316.98
1306.48
1295.99
1285.49
1275
1264.51
1254.02
1243.52
1233.03
1222.53
1212.04
1201.54
1191.05
1180.56
1170.07
1159.57
1149.08
1138.58
1128.09
1117.59
1107.1
1096.61
1086.11
1075.62
1065.12
1054.63
1044.13
1033.64
1023.15
1012.66
1002.17
991.671
981.175
970.678
960.182
949.688
939.195
928.705
918.214
907.723
897.231
886.735
876.238
865.739
855.242
844.746
834.254
823.764
813.275
802.785
792.294
781.801
771.304
760.806
750.307
739.809
729.313
718.82
708.33
697.841
687.352
676.861
666.369
655.874
645.376
634.878
624.38
613.882
603.386
592.892
582.4
571.908
561.416
550.923
540.429
529.934
519.438
508.942
498.447
487.952
477.46
466.968
456.477
445.987
435.495
425.003
414.509
404.014
393.518
383.022
372.526
362.033
351.541
341.051
330.563
320.077
309.59
299.102
288.613
278.12
267.624
257.125
246.622
236.118
225.612
215.105
204.6
194.096
183.596
173.098
162.603
152.111
141.621
131.132
120.644
110.156
99.6675
89.1779
78.6872
68.1953
57.7027
47.2096
36.7168
26.2247
15.7339
5.24417
2643.39
1091.69
2101.37
2837.12
2809
2577.94
2491.41
2517.19
2542.64
2535.09
2515.1
2500.14
2490.76
2482
2471.83
2460.94
2450.21
2439.74
2429.33
2418.86
2408.36
2397.85
2387.35
2376.86
2366.37
2355.87
2345.37
2334.88
2324.39
2313.89
2303.4
2292.91
2282.42
2271.92
2261.43
2250.93
2240.44
2229.95
2219.45
2208.96
2198.47
2187.97
2177.48
2166.98
2156.49
2146
2135.5
2125.01
2114.51
2104.02
2093.53
2083.03
2072.54
2062.05
2051.55
2041.06
2030.56
2020.07
2009.58
1999.08
1988.59
1978.09
1967.6
1957.11
1946.62
1936.12
1925.62
1915.13
1904.63
1894.14
1883.65
1873.16
1862.66
1852.17
1841.67
1831.18
1820.68
1810.19
1799.7
1789.21
1778.71
1768.22
1757.72
1747.22
1736.73
1726.24
1715.75
1705.25
1694.76
1684.26
1673.77
1663.28
1652.79
1642.29
1631.8
1621.3
1610.8
1600.31
1589.82
1579.33
1568.83
1558.34
1547.84
1537.34
1526.85
1516.36
1505.87
1495.38
1484.88
1474.38
1463.89
1453.39
1442.9
1432.41
1421.92
1411.42
1400.93
1390.43
1379.94
1369.45
1358.95
1348.46
1337.97
1327.47
1316.98
1306.48
1295.99
1285.5
1275
1264.51
1254.02
1243.52
1233.03
1222.53
1212.04
1201.55
1191.05
1180.56
1170.07
1159.57
1149.08
1138.58
1128.09
1117.6
1107.1
1096.61
1086.11
1075.62
1065.12
1054.63
1044.14
1033.64
1023.15
1012.66
1002.17
991.671
981.174
970.677
960.182
949.688
939.197
928.707
918.217
907.725
897.231
886.734
876.236
865.738
855.24
844.746
834.254
823.765
813.276
802.786
792.295
781.8
771.302
760.803
750.304
739.807
729.312
718.82
708.33
697.841
687.352
676.861
666.368
655.872
645.375
634.876
624.378
613.881
603.386
592.893
582.401
571.909
561.417
550.924
540.43
529.934
519.438
508.942
498.447
487.953
477.46
466.969
456.479
445.988
435.497
425.004
414.51
404.014
393.518
383.022
372.526
362.032
351.54
341.05
330.563
320.076
309.59
299.102
288.613
278.12
267.624
257.125
246.623
236.118
225.612
215.106
204.601
194.098
183.597
173.1
162.605
152.113
141.623
131.134
120.645
110.157
99.6684
89.1785
78.6875
68.1954
57.7025
47.2093
36.7164
26.2243
15.7336
5.24412
2643.39
1091.68
2101.36
2837.12
2809
2577.94
2491.41
2517.2
2542.64
2535.07
2515.09
2500.14
2490.76
2482
2471.83
2460.95
2450.22
2439.75
2429.33
2418.86
2408.35
2397.84
2387.34
2376.86
2366.37
2355.87
2345.37
2334.88
2324.39
2313.9
2303.4
2292.9
2282.41
2271.92
2261.43
2250.93
2240.44
2229.95
2219.45
2208.96
2198.47
2187.97
2177.48
2166.98
2156.49
2146
2135.5
2125.01
2114.51
2104.02
2093.53
2083.04
2072.54
2062.05
2051.55
2041.06
2030.56
2020.07
2009.58
1999.08
1988.59
1978.09
1967.6
1957.11
1946.61
1936.12
1925.62
1915.13
1904.63
1894.14
1883.65
1873.16
1862.66
1852.17
1841.67
1831.18
1820.68
1810.19
1799.7
1789.21
1778.71
1768.22
1757.72
1747.22
1736.73
1726.24
1715.75
1705.25
1694.76
1684.26
1673.77
1663.28
1652.79
1642.29
1631.79
1621.3
1610.8
1600.31
1589.82
1579.33
1568.83
1558.34
1547.84
1537.34
1526.85
1516.36
1505.87
1495.38
1484.88
1474.38
1463.89
1453.4
1442.9
1432.41
1421.92
1411.42
1400.93
1390.43
1379.94
1369.45
1358.95
1348.46
1337.97
1327.47
1316.98
1306.48
1295.99
1285.5
1275
1264.51
1254.02
1243.52
1233.03
1222.53
1212.04
1201.55
1191.05
1180.56
1170.06
1159.57
1149.08
1138.58
1128.09
1117.6
1107.1
1096.61
1086.11
1075.62
1065.12
1054.63
1044.14
1033.65
1023.15
1012.66
1002.17
991.67
981.173
970.676
960.182
949.689
939.199
928.709
918.219
907.726
897.231
886.733
876.234
865.736
855.239
844.746
834.255
823.766
813.277
802.787
792.294
781.798
771.3
760.801
750.302
739.805
729.31
718.819
708.33
697.842
687.352
676.861
666.367
655.871
645.373
634.875
624.377
613.88
603.386
592.893
582.401
571.91
561.418
550.925
540.43
529.935
519.438
508.942
498.447
487.953
477.461
466.97
456.48
445.99
435.498
425.005
414.511
404.015
393.518
383.021
372.525
362.031
351.539
341.05
330.562
320.076
309.589
299.102
288.612
278.12
267.624
257.125
246.623
236.119
225.613
215.108
204.603
194.1
183.599
173.102
162.607
152.115
141.624
131.135
120.647
110.158
99.6693
89.1791
78.6878
68.1954
57.7023
47.2089
36.7159
26.2239
15.7332
5.24406
2643.4
1091.69
2101.36
2837.12
2809
2577.95
2491.41
2517.19
2542.64
2535.08
2515.09
2500.14
2490.76
2482
2471.83
2460.94
2450.21
2439.75
2429.33
2418.86
2408.35
2397.85
2387.35
2376.86
2366.36
2355.87
2345.37
2334.88
2324.39
2313.9
2303.41
2292.91
2282.41
2271.92
2261.43
2250.94
2240.44
2229.95
2219.45
2208.96
2198.47
2187.97
2177.48
2166.98
2156.49
2146
2135.51
2125.01
2114.51
2104.02
2093.53
2083.04
2072.54
2062.04
2051.55
2041.06
2030.56
2020.07
2009.58
1999.08
1988.59
1978.1
1967.6
1957.1
1946.61
1936.12
1925.63
1915.13
1904.63
1894.14
1883.65
1873.16
1862.67
1852.17
1841.67
1831.17
1820.68
1810.19
1799.7
1789.21
1778.71
1768.21
1757.72
1747.22
1736.74
1726.25
1715.75
1705.25
1694.75
1684.26
1673.77
1663.28
1652.79
1642.29
1631.79
1621.3
1610.8
1600.31
1589.82
1579.33
1568.83
1558.33
1547.84
1537.34
1526.85
1516.36
1505.87
1495.37
1484.88
1474.38
1463.89
1453.4
1442.9
1432.41
1421.92
1411.42
1400.93
1390.43
1379.94
1369.45
1358.95
1348.46
1337.96
1327.47
1316.98
1306.48
1295.99
1285.5
1275
1264.51
1254.01
1243.52
1233.03
1222.54
1212.04
1201.55
1191.05
1180.56
1170.06
1159.57
1149.08
1138.58
1128.09
1117.6
1107.1
1096.61
1086.11
1075.62
1065.12
1054.63
1044.14
1033.65
1023.16
1012.66
1002.17
991.669
981.172
970.676
960.182
949.69
939.201
928.711
918.22
907.727
897.231
886.732
876.233
865.734
855.238
844.746
834.256
823.767
813.279
802.788
792.294
781.797
771.298
760.798
750.299
739.803
729.31
718.819
708.33
697.842
687.352
676.861
666.366
655.87
645.372
634.873
624.376
613.88
603.386
592.893
582.402
571.911
561.419
550.925
540.431
529.935
519.438
508.942
498.447
487.954
477.462
466.972
456.481
445.991
435.499
425.006
414.511
404.015
393.518
383.021
372.525
362.031
351.539
341.049
330.561
320.075
309.589
299.101
288.612
278.12
267.624
257.125
246.624
236.12
225.614
215.109
204.604
194.101
183.601
173.104
162.609
152.117
141.626
131.137
120.648
110.16
99.6701
89.1797
78.6881
68.1954
57.702
47.2085
36.7155
26.2235
15.7328
5.24402
2643.4
1091.69
2101.36
2837.12
2808.99
2577.94
2491.42
2517.2
2542.64
2535.07
2515.09
2500.14
2490.76
2482
2471.83
2460.95
2450.21
2439.75
2429.33
2418.86
2408.35
2397.85
2387.35
2376.86
2366.37
2355.87
2345.38
2334.88
2324.39
2313.9
2303.4
2292.91
2282.41
2271.92
2261.43
2250.93
2240.44
2229.95
2219.46
2208.96
2198.47
2187.97
2177.48
2166.98
2156.49
2146
2135.5
2125.01
2114.51
2104.02
2093.53
2083.03
2072.54
2062.05
2051.55
2041.06
2030.56
2020.07
2009.58
1999.08
1988.59
1978.09
1967.6
1957.1
1946.61
1936.12
1925.63
1915.13
1904.63
1894.14
1883.65
1873.16
1862.67
1852.17
1841.67
1831.17
1820.68
1810.19
1799.7
1789.21
1778.71
1768.21
1757.72
1747.23
1736.74
1726.25
1715.75
1705.25
1694.75
1684.26
1673.77
1663.28
1652.79
1642.29
1631.79
1621.3
1610.8
1600.31
1589.82
1579.33
1568.83
1558.34
1547.84
1537.35
1526.85
1516.36
1505.87
1495.37
1484.88
1474.38
1463.89
1453.4
1442.9
1432.41
1421.91
1411.42
1400.93
1390.43
1379.94
1369.45
1358.95
1348.46
1337.96
1327.47
1316.98
1306.48
1295.99
1285.5
1275
1264.51
1254.01
1243.52
1233.03
1222.54
1212.04
1201.55
1191.05
1180.56
1170.06
1159.57
1149.08
1138.58
1128.09
1117.6
1107.11
1096.61
1086.11
1075.62
1065.12
1054.63
1044.14
1033.65
1023.16
1012.66
1002.17
991.669
981.171
970.675
960.182
949.691
939.202
928.713
918.221
907.727
897.23
886.731
876.231
865.733
855.238
844.746
834.257
823.768
813.279
802.788
792.293
781.795
771.296
760.796
750.298
739.802
729.309
718.819
708.33
697.842
687.352
676.86
666.365
655.868
645.37
634.872
624.375
613.879
603.386
592.894
582.403
571.912
561.419
550.926
540.431
529.935
519.438
508.942
498.448
487.955
477.463
466.973
456.483
445.992
435.501
425.007
414.512
404.015
393.518
383.02
372.524
362.03
351.538
341.049
330.561
320.075
309.588
299.101
288.612
278.12
267.624
257.125
246.624
236.12
225.615
215.11
204.606
194.103
183.603
173.106
162.611
152.119
141.628
131.139
120.65
110.161
99.6711
89.1804
78.6884
68.1952
57.7016
47.2081
36.715
26.223
15.7324
5.24394
2643.4
1091.69
2101.36
2837.12
2809
2577.94
2491.41
2517.19
2542.64
2535.08
2515.1
2500.14
2490.75
2482
2471.84
2460.95
2450.21
2439.74
2429.33
2418.86
2408.35
2397.84
2387.35
2376.86
2366.36
2355.87
2345.38
2334.89
2324.39
2313.89
2303.4
2292.91
2282.42
2271.92
2261.43
2250.93
2240.44
2229.95
2219.46
2208.96
2198.47
2187.97
2177.48
2166.99
2156.49
2146
2135.5
2125.01
2114.52
2104.02
2093.52
2083.03
2072.54
2062.05
2051.55
2041.06
2030.56
2020.07
2009.58
1999.09
1988.59
1978.09
1967.59
1957.1
1946.62
1936.13
1925.63
1915.13
1904.63
1894.14
1883.65
1873.16
1862.67
1852.17
1841.67
1831.17
1820.68
1810.2
1799.7
1789.21
1778.71
1768.21
1757.72
1747.23
1736.74
1726.24
1715.75
1705.25
1694.76
1684.26
1673.77
1663.28
1652.78
1642.29
1631.79
1621.3
1610.8
1600.31
1589.82
1579.32
1568.83
1558.33
1547.84
1537.35
1526.85
1516.36
1505.86
1495.37
1484.88
1474.38
1463.89
1453.4
1442.9
1432.41
1421.91
1411.42
1400.93
1390.44
1379.94
1369.45
1358.95
1348.46
1337.96
1327.47
1316.98
1306.49
1295.99
1285.5
1275
1264.5
1254.01
1243.52
1233.03
1222.54
1212.05
1201.55
1191.05
1180.56
1170.06
1159.57
1149.08
1138.59
1128.1
1117.6
1107.11
1096.61
1086.11
1075.62
1065.12
1054.63
1044.14
1033.65
1023.16
1012.66
1002.17
991.668
981.17
970.675
960.183
949.693
939.204
928.714
918.222
907.727
897.229
886.729
876.23
865.732
855.238
844.747
834.258
823.769
813.28
802.788
792.292
781.794
771.294
760.794
750.296
739.801
729.309
718.819
708.331
697.842
687.352
676.859
666.364
655.866
645.368
634.87
624.374
613.879
603.386
592.895
582.404
571.912
561.42
550.926
540.431
529.935
519.438
508.942
498.448
487.955
477.464
466.974
456.484
445.994
435.502
425.008
414.512
404.015
393.518
383.02
372.524
362.03
351.538
341.048
330.561
320.074
309.588
299.101
288.611
278.119
267.624
257.125
246.624
236.12
225.616
215.111
204.607
194.105
183.605
173.108
162.613
152.12
141.63
131.14
120.651
110.162
99.6719
89.181
78.6887
68.1954
57.7015
47.2077
36.7146
26.2226
15.7321
5.24399
2643.39
1091.68
2101.37
2837.13
2809
2577.94
2491.41
2517.2
2542.64
2535.08
2515.09
2500.14
2490.76
2482
2471.83
2460.95
2450.22
2439.75
2429.33
2418.86
2408.35
2397.85
2387.35
2376.86
2366.36
2355.87
2345.37
2334.88
2324.39
2313.89
2303.4
2292.91
2282.42
2271.92
2261.43
2250.94
2240.44
2229.95
2219.45
2208.96
2198.47
2187.98
2177.48
2166.98
2156.49
2146
2135.51
2125.01
2114.52
2104.02
2093.52
2083.03
2072.54
2062.05
2051.55
2041.05
2030.56
2020.07
2009.58
1999.09
1988.59
1978.09
1967.59
1957.11
1946.62
1936.12
1925.63
1915.13
1904.63
1894.14
1883.65
1873.16
1862.66
1852.17
1841.67
1831.18
1820.69
1810.2
1799.7
1789.2
1778.71
1768.21
1757.72
1747.23
1736.74
1726.24
1715.75
1705.25
1694.76
1684.26
1673.77
1663.28
1652.78
1642.29
1631.79
1621.3
1610.81
1600.31
1589.82
1579.32
1568.83
1558.34
1547.84
1537.35
1526.85
1516.36
1505.86
1495.37
1484.88
1474.39
1463.89
1453.4
1442.9
1432.41
1421.91
1411.42
1400.93
1390.44
1379.94
1369.45
1358.95
1348.45
1337.96
1327.47
1316.98
1306.49
1295.99
1285.49
1275
1264.5
1254.01
1243.52
1233.03
1222.54
1212.05
1201.55
1191.05
1180.55
1170.06
1159.57
1149.08
1138.59
1128.1
1117.6
1107.11
1096.61
1086.11
1075.62
1065.12
1054.63
1044.14
1033.65
1023.16
1012.66
1002.17
991.667
981.17
970.675
960.183
949.694
939.205
928.716
918.223
907.727
897.228
886.728
876.229
865.731
855.238
844.747
834.259
823.77
813.28
802.787
792.291
781.792
771.292
760.793
750.295
739.8
729.309
718.819
708.331
697.842
687.351
676.858
666.362
655.865
645.367
634.869
624.373
613.879
603.386
592.895
582.404
571.913
561.42
550.926
540.431
529.934
519.438
508.943
498.449
487.956
477.465
466.975
456.485
445.995
435.503
425.009
414.513
404.015
393.517
383.02
372.524
362.029
351.537
341.048
330.56
320.074
309.588
299.1
288.611
278.119
267.624
257.125
246.624
236.121
225.616
215.112
204.608
194.106
183.607
173.11
162.615
152.122
141.631
131.142
120.652
110.163
99.6724
89.1813
78.689
68.1956
57.7015
47.2076
36.7142
26.2221
15.7315
5.24393
2643.4
1091.7
2101.37
2837.12
2809
2577.94
2491.42
2517.19
2542.63
2535.07
2515.09
2500.15
2490.76
2481.99
2471.83
2460.95
2450.22
2439.74
2429.33
2418.86
2408.36
2397.85
2387.35
2376.86
2366.37
2355.88
2345.38
2334.88
2324.39
2313.9
2303.41
2292.91
2282.41
2271.92
2261.43
2250.94
2240.44
2229.94
2219.45
2208.96
2198.47
2187.98
2177.48
2166.98
2156.49
2146
2135.51
2125.01
2114.51
2104.01
2093.52
2083.04
2072.55
2062.05
2051.55
2041.05
2030.56
2020.07
2009.58
1999.09
1988.59
1978.09
1967.6
1957.11
1946.62
1936.12
1925.62
1915.13
1904.63
1894.14
1883.65
1873.16
1862.66
1852.17
1841.67
1831.18
1820.69
1810.19
1799.7
1789.2
1778.71
1768.22
1757.72
1747.23
1736.73
1726.24
1715.75
1705.25
1694.76
1684.26
1673.77
1663.27
1652.78
1642.29
1631.79
1621.3
1610.81
1600.31
1589.81
1579.32
1568.83
1558.34
1547.84
1537.35
1526.85
1516.36
1505.86
1495.37
1484.88
1474.39
1463.89
1453.4
1442.9
1432.4
1421.91
1411.42
1400.93
1390.44
1379.94
1369.44
1358.95
1348.45
1337.96
1327.47
1316.98
1306.49
1295.99
1285.49
1275
1264.5
1254.01
1243.52
1233.03
1222.54
1212.05
1201.55
1191.05
1180.55
1170.06
1159.57
1149.08
1138.59
1128.1
1117.6
1107.11
1096.61
1086.11
1075.62
1065.12
1054.63
1044.15
1033.66
1023.16
1012.66
1002.17
991.667
981.17
970.675
960.184
949.695
939.207
928.716
918.223
907.726
897.227
886.727
876.228
865.731
855.238
844.748
834.26
823.771
813.28
802.787
792.29
781.791
771.291
760.791
750.294
739.8
729.309
718.82
708.331
697.842
687.35
676.857
666.361
655.863
645.366
634.868
624.373
613.879
603.387
592.896
582.405
571.914
561.421
550.926
540.431
529.934
519.438
508.943
498.449
487.957
477.466
466.976
456.486
445.996
435.503
425.009
414.513
404.015
393.517
383.02
372.523
362.029
351.537
341.048
330.56
320.074
309.587
299.1
288.61
278.118
267.623
257.125
246.624
236.121
225.617
215.113
204.609
194.108
183.608
173.111
162.617
152.124
141.633
131.143
120.653
110.163
99.6729
89.1815
78.6892
68.1957
57.7016
47.2076
36.7142
26.2221
15.7314
5.24396
2643.4
1091.69
2101.36
2837.12
2809.01
2577.95
2491.41
2517.19
2542.65
2535.08
2515.09
2500.13
2490.76
2482
2471.83
2460.95
2450.21
2439.74
2429.34
2418.86
2408.35
2397.84
2387.35
2376.86
2366.37
2355.87
2345.37
2334.88
2324.39
2313.9
2303.4
2292.9
2282.41
2271.92
2261.43
2250.94
2240.44
2229.94
2219.45
2208.96
2198.47
2187.97
2177.47
2166.98
2156.49
2146
2135.51
2125.01
2114.51
2104.02
2093.53
2083.04
2072.54
2062.04
2051.55
2041.06
2030.57
2020.07
2009.58
1999.08
1988.59
1978.09
1967.6
1957.11
1946.61
1936.12
1925.62
1915.13
1904.64
1894.14
1883.65
1873.15
1862.66
1852.17
1841.68
1831.18
1820.68
1810.19
1799.7
1789.2
1778.71
1768.22
1757.72
1747.23
1736.73
1726.24
1715.75
1705.25
1694.76
1684.26
1673.77
1663.27
1652.78
1642.29
1631.8
1621.3
1610.81
1600.31
1589.81
1579.32
1568.83
1558.34
1547.85
1537.35
1526.85
1516.35
1505.86
1495.37
1484.88
1474.39
1463.89
1453.4
1442.9
1432.4
1421.91
1411.42
1400.93
1390.44
1379.94
1369.44
1358.95
1348.45
1337.96
1327.47
1316.98
1306.49
1295.99
1285.49
1275
1264.5
1254.01
1243.52
1233.03
1222.54
1212.04
1201.55
1191.05
1180.55
1170.06
1159.57
1149.08
1138.59
1128.1
1117.6
1107.1
1096.61
1086.11
1075.62
1065.12
1054.64
1044.15
1033.66
1023.16
1012.66
1002.17
991.666
981.17
970.676
960.186
949.697
939.208
928.717
918.223
907.725
897.226
886.726
876.227
865.731
855.239
844.749
834.26
823.771
813.28
802.786
792.289
781.789
771.289
760.791
750.294
739.8
729.309
718.82
708.331
697.841
687.35
676.856
666.359
655.862
645.364
634.868
624.372
613.879
603.387
592.896
582.406
571.914
561.421
550.926
540.431
529.934
519.438
508.943
498.45
487.958
477.467
466.977
456.487
445.996
435.504
425.009
414.513
404.015
393.517
383.019
372.523
362.029
351.537
341.048
330.56
320.073
309.587
299.099
288.61
278.118
267.623
257.125
246.624
236.121
225.617
215.113
204.611
194.109
183.61
173.113
162.618
152.126
141.634
131.144
120.654
110.164
99.6732
89.1816
78.6891
68.1956
57.7014
47.2073
36.714
26.222
15.7312
5.24397
2643.4
1091.7
2101.38
2837.13
2809
2577.94
2491.41
2517.19
2542.64
2535.08
2515.09
2500.14
2490.77
2482.01
2471.83
2460.94
2450.21
2439.75
2429.34
2418.86
2408.35
2397.85
2387.36
2376.86
2366.36
2355.87
2345.38
2334.89
2324.39
2313.9
2303.4
2292.9
2282.42
2271.93
2261.43
2250.93
2240.44
2229.94
2219.46
2208.96
2198.47
2187.97
2177.47
2166.98
2156.49
2146
2135.5
2125.01
2114.51
2104.02
2093.53
2083.03
2072.54
2062.04
2051.55
2041.06
2030.57
2020.07
2009.57
1999.08
1988.59
1978.1
1967.6
1957.1
1946.61
1936.12
1925.63
1915.13
1904.64
1894.14
1883.64
1873.15
1862.66
1852.17
1841.68
1831.18
1820.68
1810.19
1799.7
1789.21
1778.72
1768.22
1757.72
1747.22
1736.73
1726.24
1715.75
1705.26
1694.76
1684.26
1673.76
1663.27
1652.78
1642.29
1631.8
1621.3
1610.8
1600.31
1589.81
1579.32
1568.83
1558.34
1547.85
1537.35
1526.85
1516.35
1505.86
1495.37
1484.88
1474.39
1463.89
1453.39
1442.9
1432.4
1421.91
1411.42
1400.93
1390.44
1379.94
1369.44
1358.94
1348.45
1337.96
1327.47
1316.98
1306.49
1295.99
1285.49
1274.99
1264.5
1254.01
1243.52
1233.03
1222.54
1212.04
1201.54
1191.05
1180.55
1170.06
1159.57
1149.08
1138.59
1128.1
1117.6
1107.1
1096.61
1086.11
1075.62
1065.13
1054.64
1044.15
1033.66
1023.16
1012.66
1002.16
991.666
981.17
970.677
960.187
949.698
939.209
928.717
918.222
907.724
897.225
886.725
876.227
865.731
855.239
844.75
834.261
823.772
813.28
802.785
792.287
781.788
771.288
760.79
750.294
739.8
729.31
718.82
708.331
697.841
687.349
676.854
666.358
655.861
645.364
634.867
624.373
613.88
603.388
592.897
582.406
571.914
561.421
550.926
540.43
529.934
519.438
508.944
498.45
487.959
477.468
466.978
456.488
445.997
435.504
425.009
414.513
404.015
393.517
383.019
372.523
362.029
351.537
341.048
330.56
320.073
309.587
299.099
288.609
278.117
267.622
257.124
246.623
236.121
225.618
215.114
204.612
194.11
183.611
173.115
162.62
152.127
141.636
131.145
120.655
110.164
99.6735
89.1819
78.6893
68.1957
57.7014
47.2074
36.714
26.222
15.7313
5.24405
2643.41
1091.7
2101.36
2837.11
2809
2577.95
2491.43
2517.2
2542.63
2535.08
2515.1
2500.14
2490.75
2481.99
2471.83
2460.95
2450.22
2439.75
2429.33
2418.86
2408.35
2397.85
2387.35
2376.86
2366.36
2355.87
2345.38
2334.89
2324.39
2313.89
2303.4
2292.91
2282.42
2271.92
2261.43
2250.93
2240.44
2229.95
2219.45
2208.96
2198.46
2187.97
2177.48
2166.99
2156.49
2145.99
2135.5
2125.01
2114.52
2104.02
2093.53
2083.03
2072.54
2062.05
2051.56
2041.06
2030.56
2020.07
2009.57
1999.09
1988.59
1978.1
1967.6
1957.1
1946.61
1936.12
1925.63
1915.14
1904.64
1894.14
1883.64
1873.15
1862.67
1852.17
1841.68
1831.18
1820.68
1810.19
1799.7
1789.21
1778.72
1768.22
1757.72
1747.22
1736.73
1726.24
1715.75
1705.26
1694.76
1684.26
1673.76
1663.27
1652.78
1642.29
1631.8
1621.3
1610.8
1600.31
1589.81
1579.32
1568.83
1558.34
1547.84
1537.35
1526.85
1516.35
1505.86
1495.37
1484.88
1474.39
1463.89
1453.39
1442.9
1432.4
1421.92
1411.43
1400.93
1390.44
1379.94
1369.44
1358.94
1348.45
1337.97
1327.48
1316.98
1306.49
1295.99
1285.49
1274.99
1264.5
1254.01
1243.52
1233.03
1222.54
1212.04
1201.54
1191.05
1180.55
1170.06
1159.57
1149.08
1138.59
1128.1
1117.6
1107.1
1096.6
1086.11
1075.62
1065.13
1054.64
1044.15
1033.66
1023.16
1012.66
1002.16
991.666
981.17
970.678
960.188
949.699
939.209
928.717
918.221
907.723
897.224
886.724
876.227
865.732
855.24
844.751
834.262
823.772
813.279
802.784
792.286
781.787
771.288
760.79
750.294
739.801
729.31
718.821
708.331
697.84
687.348
676.853
666.357
655.86
645.363
634.867
624.373
613.88
603.388
592.898
582.406
571.914
561.421
550.926
540.43
529.934
519.438
508.944
498.451
487.959
477.469
466.979
456.489
445.997
435.504
425.009
414.512
404.015
393.517
383.019
372.523
362.029
351.538
341.048
330.56
320.073
309.587
299.099
288.609
278.116
267.621
257.123
246.623
236.121
225.618
215.115
204.612
194.112
183.613
173.116
162.622
152.129
141.637
131.146
120.656
110.165
99.6736
89.1817
78.6889
68.1951
57.701
47.2071
36.7139
26.222
15.7314
5.24417
2643.4
1091.71
2101.38
2837.13
2809.01
2577.94
2491.41
2517.19
2542.64
2535.08
2515.1
2500.14
2490.76
2482
2471.84
2460.95
2450.21
2439.74
2429.33
2418.87
2408.36
2397.84
2387.35
2376.86
2366.37
2355.87
2345.38
2334.88
2324.39
2313.9
2303.41
2292.91
2282.41
2271.92
2261.43
2250.94
2240.45
2229.95
2219.45
2208.95
2198.47
2187.98
2177.48
2166.98
2156.48
2145.99
2135.5
2125.02
2114.52
2104.02
2093.52
2083.03
2072.54
2062.05
2051.56
2041.06
2030.56
2020.06
2009.58
1999.09
1988.6
1978.1
1967.59
1957.1
1946.61
1936.12
1925.63
1915.14
1904.63
1894.13
1883.64
1873.16
1862.67
1852.18
1841.68
1831.17
1820.68
1810.19
1799.7
1789.21
1778.72
1768.22
1757.72
1747.22
1736.73
1726.24
1715.75
1705.26
1694.76
1684.26
1673.76
1663.27
1652.78
1642.29
1631.8
1621.3
1610.8
1600.3
1589.81
1579.32
1568.83
1558.34
1547.84
1537.34
1526.85
1516.36
1505.87
1495.38
1484.88
1474.39
1463.89
1453.39
1442.9
1432.41
1421.92
1411.43
1400.93
1390.44
1379.94
1369.44
1358.94
1348.45
1337.97
1327.48
1316.98
1306.49
1295.99
1285.49
1274.99
1264.5
1254.01
1243.52
1233.03
1222.54
1212.04
1201.54
1191.05
1180.55
1170.06
1159.57
1149.08
1138.59
1128.1
1117.6
1107.1
1096.6
1086.11
1075.62
1065.13
1054.64
1044.15
1033.66
1023.16
1012.66
1002.16
991.666
981.171
970.679
960.189
949.7
939.209
928.716
918.221
907.722
897.223
886.724
876.227
865.733
855.241
844.752
834.262
823.772
813.278
802.783
792.285
781.786
771.287
760.79
750.294
739.802
729.311
718.821
708.331
697.84
687.347
676.852
666.356
655.859
645.362
634.867
624.373
613.88
603.389
592.898
582.407
571.914
561.421
550.926
540.43
529.934
519.439
508.944
498.451
487.96
477.47
466.979
456.489
445.997
435.504
425.009
414.512
404.014
393.516
383.019
372.523
362.029
351.538
341.048
330.56
320.073
309.586
299.098
288.608
278.116
267.62
257.123
246.622
236.12
225.618
215.115
204.613
194.113
183.614
173.117
162.623
152.13
141.638
131.147
120.656
110.165
99.674
89.182
78.6891
68.1951
57.7009
47.2069
36.7138
26.2219
15.7313
5.24415
2643.4
1091.69
2101.37
2837.13
2809
2577.94
2491.42
2517.21
2542.65
2535.08
2515.09
2500.13
2490.75
2482
2471.84
2460.95
2450.21
2439.74
2429.34
2418.86
2408.35
2397.84
2387.35
2376.86
2366.37
2355.87
2345.37
2334.88
2324.39
2313.9
2303.41
2292.91
2282.41
2271.92
2261.43
2250.94
2240.44
2229.94
2219.45
2208.96
2198.47
2187.98
2177.48
2166.98
2156.48
2145.99
2135.51
2125.02
2114.52
2104.02
2093.52
2083.03
2072.55
2062.06
2051.56
2041.05
2030.56
2020.07
2009.58
1999.09
1988.59
1978.09
1967.59
1957.1
1946.61
1936.13
1925.63
1915.13
1904.63
1894.13
1883.64
1873.16
1862.67
1852.17
1841.67
1831.17
1820.68
1810.19
1799.7
1789.21
1778.71
1768.21
1757.72
1747.22
1736.73
1726.25
1715.75
1705.26
1694.76
1684.26
1673.76
1663.27
1652.79
1642.29
1631.8
1621.3
1610.8
1600.31
1589.81
1579.32
1568.83
1558.34
1547.84
1537.34
1526.85
1516.36
1505.87
1495.38
1484.88
1474.39
1463.89
1453.39
1442.9
1432.41
1421.92
1411.43
1400.93
1390.43
1379.94
1369.44
1358.95
1348.46
1337.97
1327.48
1316.98
1306.49
1295.99
1285.49
1275
1264.5
1254.01
1243.52
1233.03
1222.54
1212.04
1201.54
1191.05
1180.55
1170.06
1159.57
1149.08
1138.59
1128.1
1117.6
1107.1
1096.6
1086.11
1075.62
1065.13
1054.64
1044.15
1033.66
1023.16
1012.66
1002.16
991.667
981.172
970.68
960.19
949.7
939.209
928.716
918.219
907.721
897.222
886.724
876.228
865.734
855.242
844.752
834.262
823.771
813.278
802.782
792.284
781.785
771.287
760.79
750.295
739.802
729.311
718.821
708.331
697.839
687.346
676.851
666.355
655.858
645.362
634.867
624.373
613.881
603.389
592.898
582.407
571.914
561.42
550.925
540.43
529.934
519.439
508.945
498.452
487.96
477.47
466.98
456.489
445.997
435.503
425.008
414.512
404.014
393.517
383.02
372.524
362.03
351.539
341.049
330.561
320.074
309.586
299.098
288.607
278.115
267.619
257.121
246.622
236.12
225.618
215.115
204.614
194.114
183.615
173.119
162.624
152.131
141.639
131.148
120.656
110.165
99.6737
89.1815
78.6885
68.1948
57.7009
47.2072
36.7142
26.2224
15.7318
5.24426
2643.43
1091.75
2101.4
2837.12
2808.99
2577.94
2491.41
2517.19
2542.64
2535.08
2515.1
2500.15
2490.76
2481.99
2471.83
2460.95
2450.22
2439.75
2429.33
2418.86
2408.35
2397.84
2387.35
2376.86
2366.37
2355.87
2345.37
2334.89
2324.4
2313.9
2303.4
2292.9
2282.41
2271.93
2261.44
2250.94
2240.43
2229.94
2219.45
2208.96
2198.47
2187.97
2177.47
2166.97
2156.49
2146
2135.51
2125.01
2114.51
2104.01
2093.52
2083.04
2072.55
2062.05
2051.55
2041.05
2030.56
2020.07
2009.58
1999.09
1988.59
1978.09
1967.59
1957.1
1946.62
1936.13
1925.63
1915.13
1904.63
1894.14
1883.65
1873.16
1862.67
1852.17
1841.67
1831.17
1820.68
1810.19
1799.7
1789.21
1778.71
1768.21
1757.72
1747.23
1736.74
1726.25
1715.75
1705.25
1694.75
1684.26
1673.77
1663.28
1652.79
1642.29
1631.79
1621.3
1610.8
1600.31
1589.82
1579.33
1568.83
1558.34
1547.84
1537.34
1526.85
1516.36
1505.87
1495.38
1484.88
1474.38
1463.89
1453.39
1442.9
1432.41
1421.92
1411.43
1400.93
1390.43
1379.93
1369.44
1358.95
1348.46
1337.97
1327.48
1316.98
1306.48
1295.99
1285.49
1275
1264.51
1254.02
1243.52
1233.03
1222.53
1212.04
1201.54
1191.05
1180.55
1170.06
1159.58
1149.08
1138.59
1128.1
1117.6
1107.1
1096.61
1086.11
1075.62
1065.13
1054.64
1044.15
1033.66
1023.16
1012.66
1002.16
991.667
981.173
970.681
960.191
949.7
939.209
928.714
918.218
907.72
897.222
886.724
876.228
865.735
855.243
844.753
834.262
823.77
813.276
802.781
792.283
781.785
771.287
760.791
750.296
739.804
729.313
718.822
708.331
697.838
687.345
676.85
666.354
655.859
645.363
634.868
624.375
613.882
603.39
592.898
582.406
571.913
561.419
550.924
540.429
529.934
519.439
508.946
498.453
487.962
477.471
466.98
456.489
445.996
435.502
425.007
414.51
404.013
393.516
383.02
372.525
362.031
351.54
341.05
330.562
320.074
309.586
299.097
288.606
278.113
267.618
257.12
246.62
236.119
225.617
215.115
204.614
194.114
183.616
173.12
162.625
152.131
141.639
131.148
120.657
110.165
99.6735
89.181
78.6877
68.1939
57.7002
47.2069
36.7143
26.2228
15.7327
5.24405
)
;

boundaryField
{
    inlet
    {
        type            fixedValue;
        value           uniform 5000;
    }
    outlet
    {
        type            fixedValue;
        value           uniform 0;
    }
    walls
    {
        type            zeroGradient;
    }
    frontAndBack
    {
        type            empty;
    }
}


// ************************************************************************* //
