/*--------------------------------*- C++ -*----------------------------------*\
| =========                 |                                                 |
| \\      /  F ield         | OpenFOAM: The Open Source CFD Toolbox           |
|  \\    /   O peration     | Version:  2406                                  |
|   \\  /    A nd           | Website:  www.openfoam.com                      |
|    \\/     M anipulation  |                                                 |
\*---------------------------------------------------------------------------*/
FoamFile
{
    version     2.0;
    format      ascii;
    arch        "LSB;label=32;scalar=64";
    class       volVectorField;
    location    "0.3";
    object      U;
}
// * * * * * * * * * * * * * * * * * * * * * * * * * * * * * * * * * * * * * //

dimensions      [0 1 -1 0 0 0 0];

internalField   nonuniform List<vector> 
2250
(
(0.455951 1.50177e-07 0)
(0.45595 4.79975e-08 0)
(0.45595 -4.89456e-08 0)
(0.45595 -1.28972e-07 0)
(0.45595 -1.25396e-07 0)
(0.45595 -1.99632e-07 0)
(0.45595 -3.31379e-07 0)
(0.455951 -3.14313e-07 0)
(0.455951 -1.69984e-07 0)
(0.455952 -1.36275e-07 0)
(0.455952 -1.54441e-07 0)
(0.455952 -1.5566e-07 0)
(0.455952 -1.40058e-07 0)
(0.455952 -1.09794e-07 0)
(0.455953 -5.81681e-08 0)
(0.455953 -1.84757e-08 0)
(0.455953 3.01146e-08 0)
(0.455953 8.95271e-08 0)
(0.455953 1.22479e-07 0)
(0.455953 1.1806e-07 0)
(0.455953 8.57693e-08 0)
(0.455953 4.12994e-08 0)
(0.455953 4.36559e-09 0)
(0.455952 -3.42937e-08 0)
(0.455952 -7.97069e-08 0)
(0.455952 -8.72349e-08 0)
(0.455952 -3.07618e-08 0)
(0.455952 3.71371e-08 0)
(0.455952 4.82145e-08 0)
(0.455953 1.22871e-08 0)
(0.455953 -1.92295e-08 0)
(0.455953 -3.12844e-08 0)
(0.455953 -4.00443e-08 0)
(0.455953 -5.44045e-08 0)
(0.455953 -7.94692e-08 0)
(0.455953 -1.12166e-07 0)
(0.455953 -1.28281e-07 0)
(0.455953 -1.07392e-07 0)
(0.455954 -5.53275e-08 0)
(0.455954 -4.95463e-09 0)
(0.455954 3.34184e-09 0)
(0.455954 -3.37289e-08 0)
(0.455954 -6.21504e-08 0)
(0.455954 -2.73973e-08 0)
(0.455954 5.41609e-08 0)
(0.455954 1.21243e-07 0)
(0.455954 1.33766e-07 0)
(0.455953 1.01288e-07 0)
(0.455953 5.50704e-08 0)
(0.455953 2.28196e-08 0)
(0.455953 1.49603e-08 0)
(0.455954 1.9574e-08 0)
(0.455954 1.29358e-08 0)
(0.455954 -1.33282e-08 0)
(0.455954 -4.19149e-08 0)
(0.455954 -5.12461e-08 0)
(0.455954 -5.14322e-08 0)
(0.455954 -7.29078e-08 0)
(0.455955 -1.17792e-07 0)
(0.455955 -1.47417e-07 0)
(0.455955 -1.23814e-07 0)
(0.455955 -5.34103e-08 0)
(0.455955 1.91483e-08 0)
(0.455955 5.38087e-08 0)
(0.455955 4.63601e-08 0)
(0.455955 2.51029e-08 0)
(0.455955 1.74546e-08 0)
(0.455955 2.96118e-08 0)
(0.455955 4.06161e-08 0)
(0.455955 2.84769e-08 0)
(0.455955 -2.52435e-09 0)
(0.455955 -2.31628e-08 0)
(0.455955 -1.16456e-08 0)
(0.455955 1.73426e-08 0)
(0.455955 2.92633e-08 0)
(0.455955 9.76212e-09 0)
(0.455955 -1.89829e-08 0)
(0.455955 -2.45693e-08 0)
(0.455955 -2.5844e-10 0)
(0.455954 2.81148e-08 0)
(0.455954 2.86878e-08 0)
(0.455954 -3.09468e-09 0)
(0.455954 -3.91957e-08 0)
(0.455954 -4.75501e-08 0)
(0.455954 -2.54665e-08 0)
(0.455954 -2.54106e-10 0)
(0.455954 -4.74914e-10 0)
(0.455954 -2.33699e-08 0)
(0.455954 -3.77991e-08 0)
(0.455954 -2.02262e-08 0)
(0.455954 1.60602e-08 0)
(0.455954 3.85616e-08 0)
(0.455954 3.12052e-08 0)
(0.455954 1.18137e-08 0)
(0.455954 1.17907e-08 0)
(0.455954 4.09573e-08 0)
(0.455954 7.72737e-08 0)
(0.455954 8.93346e-08 0)
(0.455954 6.87767e-08 0)
(0.455954 3.86106e-08 0)
(0.455953 3.28717e-08 0)
(0.455953 5.25389e-08 0)
(0.455953 6.75127e-08 0)
(0.455953 5.2369e-08 0)
(0.455953 1.47014e-08 0)
(0.455953 -1.40728e-08 0)
(0.455953 -9.57315e-09 0)
(0.455953 2.16547e-08 0)
(0.455953 4.99234e-08 0)
(0.455953 5.48283e-08 0)
(0.455953 4.14647e-08 0)
(0.455953 3.38674e-08 0)
(0.455953 4.39681e-08 0)
(0.455953 5.65905e-08 0)
(0.455952 5.01213e-08 0)
(0.455952 2.63175e-08 0)
(0.455952 1.04491e-08 0)
(0.455952 2.08339e-08 0)
(0.455952 4.97406e-08 0)
(0.455952 7.04533e-08 0)
(0.455952 6.55211e-08 0)
(0.455952 3.76199e-08 0)
(0.455952 -1.73067e-09 0)
(0.455952 -3.4889e-08 0)
(0.455952 -4.49514e-08 0)
(0.455952 -3.24344e-08 0)
(0.455952 -2.42863e-08 0)
(0.455952 -3.76679e-08 0)
(0.455952 -4.96572e-08 0)
(0.455952 -4.0279e-08 0)
(0.455952 -2.54392e-08 0)
(0.455952 -2.67743e-08 0)
(0.455952 -4.67632e-08 0)
(0.455952 -6.25373e-08 0)
(0.455952 -5.50271e-08 0)
(0.455952 -3.3251e-08 0)
(0.455952 -7.29764e-09 0)
(0.455952 1.50823e-08 0)
(0.455952 2.03731e-08 0)
(0.455952 2.24459e-09 0)
(0.455952 -1.92551e-08 0)
(0.455952 -1.94957e-08 0)
(0.455952 -5.95922e-09 0)
(0.455952 -1.68948e-08 0)
(0.455952 -4.81392e-08 0)
(0.455952 -5.43743e-08 0)
(0.455952 -3.4875e-08 0)
(0.455952 -1.32143e-08 0)
(0.455952 2.34877e-10 0)
(0.455952 9.66407e-09 0)
(1.24138 4.865e-07 0)
(1.24138 3.5621e-07 0)
(1.24138 1.45014e-07 0)
(1.24138 -9.31549e-08 0)
(1.24138 -2.63058e-07 0)
(1.24138 -3.68944e-07 0)
(1.24138 -5.3934e-07 0)
(1.24138 -6.57929e-07 0)
(1.24138 -6.26417e-07 0)
(1.24138 -5.63788e-07 0)
(1.24138 -4.94527e-07 0)
(1.24138 -3.75594e-07 0)
(1.24138 -2.70065e-07 0)
(1.24138 -1.73176e-07 0)
(1.24138 -3.5016e-08 0)
(1.24138 7.33146e-08 0)
(1.24138 1.39409e-07 0)
(1.24138 2.15899e-07 0)
(1.24138 2.8051e-07 0)
(1.24138 2.77551e-07 0)
(1.24138 2.20157e-07 0)
(1.24138 1.42162e-07 0)
(1.24138 8.31816e-08 0)
(1.24138 3.19464e-08 0)
(1.24138 -5.3609e-08 0)
(1.24138 -1.19144e-07 0)
(1.24138 -8.34062e-08 0)
(1.24138 1.15662e-08 0)
(1.24138 5.60734e-08 0)
(1.24138 3.60553e-08 0)
(1.24138 1.48876e-08 0)
(1.24138 -2.40343e-09 0)
(1.24138 -5.13784e-08 0)
(1.24138 -1.1255e-07 0)
(1.24138 -1.54176e-07 0)
(1.24138 -1.81962e-07 0)
(1.24138 -1.98676e-07 0)
(1.24138 -2.00737e-07 0)
(1.24138 -1.90565e-07 0)
(1.24138 -1.65927e-07 0)
(1.24138 -1.37772e-07 0)
(1.24138 -1.32464e-07 0)
(1.24138 -1.32915e-07 0)
(1.24138 -7.68206e-08 0)
(1.24138 5.05073e-08 0)
(1.24138 1.84744e-07 0)
(1.24138 2.53616e-07 0)
(1.24138 2.4496e-07 0)
(1.24138 1.93694e-07 0)
(1.24138 1.34258e-07 0)
(1.24138 8.7009e-08 0)
(1.24138 5.53534e-08 0)
(1.24138 2.2609e-08 0)
(1.24138 -3.3449e-08 0)
(1.24138 -1.10742e-07 0)
(1.24138 -1.73586e-07 0)
(1.24138 -1.98474e-07 0)
(1.24138 -2.07832e-07 0)
(1.24138 -2.28349e-07 0)
(1.24138 -2.45814e-07 0)
(1.24138 -2.13194e-07 0)
(1.24138 -1.1092e-07 0)
(1.24138 2.1664e-08 0)
(1.24138 1.20043e-07 0)
(1.24138 1.50628e-07 0)
(1.24138 1.26836e-07 0)
(1.24138 8.65228e-08 0)
(1.24138 6.4228e-08 0)
(1.24138 5.92608e-08 0)
(1.24138 4.5135e-08 0)
(1.24138 8.03693e-10 0)
(1.24138 -5.52373e-08 0)
(1.24138 -7.84077e-08 0)
(1.24138 -5.21293e-08 0)
(1.24138 -1.1083e-08 0)
(1.24138 -4.65373e-09 0)
(1.24138 -4.10356e-08 0)
(1.24138 -8.07109e-08 0)
(1.24138 -8.13139e-08 0)
(1.24138 -4.04187e-08 0)
(1.24138 2.94471e-09 0)
(1.24138 8.01591e-09 0)
(1.24138 -2.46471e-08 0)
(1.24138 -5.60204e-08 0)
(1.24138 -5.13291e-08 0)
(1.24138 -1.63967e-08 0)
(1.24138 9.63349e-09 0)
(1.24138 -8.13828e-10 0)
(1.24138 -2.88567e-08 0)
(1.24138 -2.97718e-08 0)
(1.24138 1.51159e-08 0)
(1.24138 8.03779e-08 0)
(1.24138 1.22777e-07 0)
(1.24138 1.29801e-07 0)
(1.24138 1.28013e-07 0)
(1.24138 1.49028e-07 0)
(1.24138 1.92346e-07 0)
(1.24138 2.23856e-07 0)
(1.24138 2.09479e-07 0)
(1.24138 1.52534e-07 0)
(1.24138 9.82711e-08 0)
(1.24138 8.1248e-08 0)
(1.24138 9.06793e-08 0)
(1.24138 8.9239e-08 0)
(1.24138 5.66729e-08 0)
(1.24138 1.07577e-08 0)
(1.24138 -1.04316e-08 0)
(1.24138 1.1698e-08 0)
(1.24138 5.93529e-08 0)
(1.24138 9.75881e-08 0)
(1.24138 1.04345e-07 0)
(1.24138 9.18064e-08 0)
(1.24138 8.65616e-08 0)
(1.24138 9.59038e-08 0)
(1.24138 1.04154e-07 0)
(1.24138 9.55725e-08 0)
(1.24138 7.12145e-08 0)
(1.24138 5.1246e-08 0)
(1.24138 5.47383e-08 0)
(1.24138 7.2499e-08 0)
(1.24138 7.82086e-08 0)
(1.24138 5.50611e-08 0)
(1.24138 3.96684e-09 0)
(1.24138 -5.7835e-08 0)
(1.24138 -9.9752e-08 0)
(1.24138 -9.61985e-08 0)
(1.24138 -7.34643e-08 0)
(1.24138 -8.81358e-08 0)
(1.24138 -1.35056e-07 0)
(1.24138 -1.60707e-07 0)
(1.24138 -1.51565e-07 0)
(1.24138 -1.36249e-07 0)
(1.24138 -1.44926e-07 0)
(1.24138 -1.621e-07 0)
(1.24138 -1.43489e-07 0)
(1.24138 -9.00821e-08 0)
(1.24138 -3.33746e-08 0)
(1.24138 1.00187e-08 0)
(1.24138 3.70105e-08 0)
(1.24138 4.54322e-08 0)
(1.24138 2.78086e-08 0)
(1.24138 3.70256e-09 0)
(1.24138 5.25877e-10 0)
(1.24138 -1.69325e-08 0)
(1.24138 -7.08663e-08 0)
(1.24138 -1.1451e-07 0)
(1.24138 -1.14989e-07 0)
(1.24138 -1.02562e-07 0)
(1.24138 -1.0573e-07 0)
(1.24138 -1.00394e-07 0)
(1.90222 9.9019e-07 0)
(1.90222 8.92476e-07 0)
(1.90222 7.90225e-07 0)
(1.90221 6.51328e-07 0)
(1.90221 4.26822e-07 0)
(1.90221 1.2196e-07 0)
(1.90221 6.36293e-08 0)
(1.90221 -1.59764e-07 0)
(1.90221 -4.09215e-07 0)
(1.90221 -4.41919e-07 0)
(1.90221 -2.75745e-07 0)
(1.90221 -1.03585e-07 0)
(1.90221 -1.96903e-09 0)
(1.90221 7.73015e-08 0)
(1.90221 2.29577e-07 0)
(1.90221 3.75391e-07 0)
(1.90221 4.11875e-07 0)
(1.90221 4.11236e-07 0)
(1.9022 4.63136e-07 0)
(1.9022 5.08868e-07 0)
(1.9022 5.03195e-07 0)
(1.9022 4.28374e-07 0)
(1.9022 2.97185e-07 0)
(1.9022 1.69281e-07 0)
(1.9022 7.66364e-08 0)
(1.9022 1.76822e-08 0)
(1.9022 3.47853e-09 0)
(1.9022 4.28047e-08 0)
(1.9022 1.03517e-07 0)
(1.9022 1.37752e-07 0)
(1.9022 1.45004e-07 0)
(1.9022 1.35254e-07 0)
(1.9022 8.91133e-08 0)
(1.9022 1.88214e-08 0)
(1.9022 -3.08826e-08 0)
(1.9022 -5.57233e-08 0)
(1.9022 -8.95931e-08 0)
(1.9022 -1.60652e-07 0)
(1.9022 -2.71049e-07 0)
(1.9022 -3.69158e-07 0)
(1.9022 -3.80883e-07 0)
(1.9022 -2.96828e-07 0)
(1.9022 -1.77896e-07 0)
(1.9022 -7.00783e-08 0)
(1.9022 3.42956e-08 0)
(1.9022 1.42123e-07 0)
(1.9022 2.296e-07 0)
(1.9022 2.72323e-07 0)
(1.9022 2.71781e-07 0)
(1.9022 2.38084e-07 0)
(1.9022 1.7973e-07 0)
(1.9022 1.17002e-07 0)
(1.9022 7.05663e-08 0)
(1.9022 3.1813e-08 0)
(1.9022 -3.39233e-08 0)
(1.9022 -1.36334e-07 0)
(1.9022 -2.32753e-07 0)
(1.9022 -2.71917e-07 0)
(1.9022 -2.48758e-07 0)
(1.9022 -1.98338e-07 0)
(1.90221 -1.44295e-07 0)
(1.90221 -8.22191e-08 0)
(1.90221 -2.81954e-09 0)
(1.90221 8.08163e-08 0)
(1.90221 1.42098e-07 0)
(1.90221 1.58431e-07 0)
(1.90221 1.28667e-07 0)
(1.90221 7.96941e-08 0)
(1.90221 4.5978e-08 0)
(1.9022 4.04392e-08 0)
(1.9022 3.77335e-08 0)
(1.9022 6.20233e-09 0)
(1.9022 -5.07588e-08 0)
(1.9022 -9.29101e-08 0)
(1.9022 -9.12198e-08 0)
(1.9022 -6.29958e-08 0)
(1.9022 -4.98354e-08 0)
(1.9022 -7.0722e-08 0)
(1.9022 -1.02314e-07 0)
(1.9022 -1.03397e-07 0)
(1.9022 -6.00868e-08 0)
(1.9022 -3.18543e-09 0)
(1.9022 2.0794e-08 0)
(1.9022 -5.5111e-09 0)
(1.9022 -5.2777e-08 0)
(1.9022 -7.67878e-08 0)
(1.9022 -6.09301e-08 0)
(1.9022 -2.97263e-08 0)
(1.9022 -1.51997e-08 0)
(1.9022 -1.84574e-08 0)
(1.9022 -6.09303e-09 0)
(1.9022 5.12216e-08 0)
(1.9022 1.42768e-07 0)
(1.9022 2.26557e-07 0)
(1.9022 2.687e-07 0)
(1.9022 2.69942e-07 0)
(1.9022 2.57749e-07 0)
(1.9022 2.53507e-07 0)
(1.9022 2.46672e-07 0)
(1.9022 2.09138e-07 0)
(1.9022 1.30483e-07 0)
(1.9022 4.03933e-08 0)
(1.9022 -1.91905e-08 0)
(1.9022 -3.31979e-08 0)
(1.9022 -2.23882e-08 0)
(1.9022 -1.69416e-08 0)
(1.9022 -2.52168e-08 0)
(1.9022 -2.71437e-08 0)
(1.9022 5.00501e-09 0)
(1.9022 7.42513e-08 0)
(1.9022 1.46074e-07 0)
(1.9022 1.79673e-07 0)
(1.9022 1.68888e-07 0)
(1.9022 1.45382e-07 0)
(1.9022 1.38376e-07 0)
(1.9022 1.4509e-07 0)
(1.9022 1.33497e-07 0)
(1.9022 8.65276e-08 0)
(1.9022 2.75572e-08 0)
(1.9022 -6.83438e-09 0)
(1.9022 -8.14686e-09 0)
(1.9022 4.73214e-10 0)
(1.9022 -3.03017e-09 0)
(1.9022 -2.51931e-08 0)
(1.9022 -6.19477e-08 0)
(1.9022 -8.83222e-08 0)
(1.9022 -8.98399e-08 0)
(1.9022 -1.05446e-07 0)
(1.9022 -1.69214e-07 0)
(1.9022 -2.44047e-07 0)
(1.9022 -2.81129e-07 0)
(1.9022 -2.75716e-07 0)
(1.9022 -2.51576e-07 0)
(1.9022 -2.26551e-07 0)
(1.9022 -1.88108e-07 0)
(1.9022 -1.32771e-07 0)
(1.9022 -8.28968e-08 0)
(1.9022 -4.87007e-08 0)
(1.9022 -2.46911e-08 0)
(1.9022 9.99442e-09 0)
(1.9022 4.45416e-08 0)
(1.9022 3.41073e-08 0)
(1.9022 -2.65665e-09 0)
(1.9022 -8.13234e-09 0)
(1.9022 -7.7781e-09 0)
(1.9022 -6.20156e-08 0)
(1.9022 -1.53361e-07 0)
(1.9022 -2.39839e-07 0)
(1.9022 -3.27026e-07 0)
(1.9022 -3.47534e-07 0)
(2.44021 1.48539e-06 0)
(2.4402 1.54265e-06 0)
(2.4402 1.6595e-06 0)
(2.4402 1.73764e-06 0)
(2.4402 1.72976e-06 0)
(2.4402 1.42526e-06 0)
(2.4402 1.28732e-06 0)
(2.4402 1.16288e-06 0)
(2.4402 9.72282e-07 0)
(2.44019 8.35303e-07 0)
(2.44019 7.82806e-07 0)
(2.44019 7.15904e-07 0)
(2.44019 6.95918e-07 0)
(2.44019 7.4175e-07 0)
(2.44019 8.40786e-07 0)
(2.44019 9.26924e-07 0)
(2.44019 9.30931e-07 0)
(2.44019 8.92281e-07 0)
(2.44019 8.99303e-07 0)
(2.44019 9.26528e-07 0)
(2.44019 8.93721e-07 0)
(2.44019 7.48544e-07 0)
(2.44018 5.14297e-07 0)
(2.44018 2.91829e-07 0)
(2.44018 1.62576e-07 0)
(2.44018 1.25857e-07 0)
(2.44018 1.34599e-07 0)
(2.44018 1.62083e-07 0)
(2.44018 1.99273e-07 0)
(2.44018 2.13866e-07 0)
(2.44018 1.95497e-07 0)
(2.44018 1.82313e-07 0)
(2.44018 1.84611e-07 0)
(2.44018 1.69234e-07 0)
(2.44018 1.22651e-07 0)
(2.44018 5.35273e-08 0)
(2.44018 -3.31088e-08 0)
(2.44018 -1.35967e-07 0)
(2.44018 -2.60173e-07 0)
(2.44018 -3.90871e-07 0)
(2.44018 -4.65753e-07 0)
(2.44018 -4.27745e-07 0)
(2.44018 -2.97162e-07 0)
(2.44018 -1.45849e-07 0)
(2.44018 -1.81352e-08 0)
(2.44018 8.48751e-08 0)
(2.44018 1.67764e-07 0)
(2.44018 2.24619e-07 0)
(2.44018 2.5191e-07 0)
(2.44018 2.49748e-07 0)
(2.44018 2.06282e-07 0)
(2.44018 1.26903e-07 0)
(2.44019 5.29732e-08 0)
(2.44019 2.22102e-08 0)
(2.44019 1.54579e-08 0)
(2.44019 -2.92654e-08 0)
(2.44019 -1.35288e-07 0)
(2.44019 -2.48184e-07 0)
(2.44019 -2.94144e-07 0)
(2.44019 -2.53017e-07 0)
(2.44019 -1.62647e-07 0)
(2.44019 -7.40448e-08 0)
(2.44019 -1.06883e-08 0)
(2.44019 3.57131e-08 0)
(2.44019 8.38576e-08 0)
(2.44019 1.3681e-07 0)
(2.44019 1.71001e-07 0)
(2.44019 1.57872e-07 0)
(2.44019 1.01249e-07 0)
(2.44019 4.09323e-08 0)
(2.44019 1.6402e-08 0)
(2.44019 2.12426e-08 0)
(2.44019 1.30399e-08 0)
(2.44019 -3.31911e-08 0)
(2.44019 -9.75593e-08 0)
(2.44019 -1.37685e-07 0)
(2.44019 -1.33323e-07 0)
(2.44019 -1.0295e-07 0)
(2.44019 -7.92297e-08 0)
(2.44019 -7.54757e-08 0)
(2.44019 -7.45162e-08 0)
(2.44019 -5.14766e-08 0)
(2.44019 -8.25041e-09 0)
(2.44019 2.16687e-08 0)
(2.44019 7.06118e-09 0)
(2.44019 -4.30614e-08 0)
(2.44019 -8.32523e-08 0)
(2.44019 -7.45057e-08 0)
(2.44019 -2.24684e-08 0)
(2.44018 3.38852e-08 0)
(2.44018 6.87445e-08 0)
(2.44018 9.42855e-08 0)
(2.44018 1.43354e-07 0)
(2.44018 2.2549e-07 0)
(2.44018 3.10246e-07 0)
(2.44018 3.49718e-07 0)
(2.44018 3.22654e-07 0)
(2.44018 2.54587e-07 0)
(2.44018 1.9064e-07 0)
(2.44018 1.49545e-07 0)
(2.44018 1.09077e-07 0)
(2.44018 4.24683e-08 0)
(2.44018 -4.13934e-08 0)
(2.44018 -1.02789e-07 0)
(2.44018 -1.10825e-07 0)
(2.44018 -7.32267e-08 0)
(2.44018 -2.46402e-08 0)
(2.44018 8.10339e-09 0)
(2.44018 3.29338e-08 0)
(2.44018 8.00679e-08 0)
(2.44018 1.58935e-07 0)
(2.44018 2.36829e-07 0)
(2.44018 2.69649e-07 0)
(2.44018 2.44856e-07 0)
(2.44018 1.91497e-07 0)
(2.44018 1.45657e-07 0)
(2.44018 1.13324e-07 0)
(2.44018 7.58358e-08 0)
(2.44018 2.5939e-08 0)
(2.44018 -2.09484e-08 0)
(2.44018 -5.08341e-08 0)
(2.44018 -6.48568e-08 0)
(2.44018 -6.11684e-08 0)
(2.44018 -3.79619e-08 0)
(2.44018 -2.02415e-08 0)
(2.44018 -3.80138e-08 0)
(2.44018 -7.71328e-08 0)
(2.44018 -1.14871e-07 0)
(2.44018 -1.59497e-07 0)
(2.44018 -2.15908e-07 0)
(2.44018 -2.68671e-07 0)
(2.44018 -2.94699e-07 0)
(2.44018 -2.80359e-07 0)
(2.44018 -2.42462e-07 0)
(2.44018 -1.94625e-07 0)
(2.44018 -1.43885e-07 0)
(2.44018 -1.06328e-07 0)
(2.44018 -8.87196e-08 0)
(2.44018 -8.9092e-08 0)
(2.44018 -6.75178e-08 0)
(2.44018 -3.4205e-09 0)
(2.44018 1.52885e-08 0)
(2.44018 -3.53211e-08 0)
(2.44018 -5.65051e-08 0)
(2.44018 -4.21393e-08 0)
(2.44018 -5.2496e-08 0)
(2.44018 -1.51896e-07 0)
(2.44018 -3.14967e-07 0)
(2.44018 -4.76892e-07 0)
(2.44018 -5.17863e-07 0)
(2.8569 1.85154e-06 0)
(2.85689 2.21723e-06 0)
(2.85689 2.44296e-06 0)
(2.85689 2.69513e-06 0)
(2.85689 2.76261e-06 0)
(2.85689 2.86026e-06 0)
(2.85689 2.87349e-06 0)
(2.85689 2.7815e-06 0)
(2.85689 2.59465e-06 0)
(2.85689 2.35764e-06 0)
(2.85689 2.12991e-06 0)
(2.85688 1.92846e-06 0)
(2.85688 1.87208e-06 0)
(2.85688 1.89583e-06 0)
(2.85688 1.87505e-06 0)
(2.85688 1.81098e-06 0)
(2.85688 1.767e-06 0)
(2.85688 1.70369e-06 0)
(2.85688 1.55773e-06 0)
(2.85687 1.35904e-06 0)
(2.85687 1.18164e-06 0)
(2.85687 1.02828e-06 0)
(2.85687 8.54798e-07 0)
(2.85687 6.65006e-07 0)
(2.85687 5.04124e-07 0)
(2.85687 4.08777e-07 0)
(2.85687 3.73671e-07 0)
(2.85687 3.7583e-07 0)
(2.85687 4.07681e-07 0)
(2.85687 4.31572e-07 0)
(2.85687 3.87745e-07 0)
(2.85687 2.9415e-07 0)
(2.85687 2.30721e-07 0)
(2.85687 2.23481e-07 0)
(2.85687 2.23494e-07 0)
(2.85687 1.66016e-07 0)
(2.85687 3.63958e-08 0)
(2.85687 -1.12269e-07 0)
(2.85687 -2.22181e-07 0)
(2.85687 -2.91508e-07 0)
(2.85687 -3.37482e-07 0)
(2.85687 -3.5204e-07 0)
(2.85687 -3.17089e-07 0)
(2.85687 -2.36772e-07 0)
(2.85687 -1.3675e-07 0)
(2.85687 -3.5079e-08 0)
(2.85687 5.69415e-08 0)
(2.85687 1.21189e-07 0)
(2.85687 1.53758e-07 0)
(2.85687 1.72354e-07 0)
(2.85687 1.83468e-07 0)
(2.85687 1.63941e-07 0)
(2.85687 1.01345e-07 0)
(2.85687 2.96501e-08 0)
(2.85687 -5.34782e-09 0)
(2.85687 -1.21199e-08 0)
(2.85687 -4.25147e-08 0)
(2.85687 -1.20753e-07 0)
(2.85687 -2.08602e-07 0)
(2.85687 -2.47044e-07 0)
(2.85687 -2.11219e-07 0)
(2.85687 -1.20341e-07 0)
(2.85687 -1.80619e-08 0)
(2.85687 5.85355e-08 0)
(2.85687 1.01333e-07 0)
(2.85687 1.28379e-07 0)
(2.85687 1.56124e-07 0)
(2.85687 1.7027e-07 0)
(2.85687 1.39874e-07 0)
(2.85687 6.11579e-08 0)
(2.85687 -2.35646e-08 0)
(2.85687 -6.49037e-08 0)
(2.85687 -5.52677e-08 0)
(2.85687 -3.71146e-08 0)
(2.85687 -5.67573e-08 0)
(2.85687 -1.14319e-07 0)
(2.85687 -1.67531e-07 0)
(2.85687 -1.72766e-07 0)
(2.85687 -1.26437e-07 0)
(2.85687 -6.65142e-08 0)
(2.85687 -3.09478e-08 0)
(2.85687 -2.15679e-08 0)
(2.85687 -9.82773e-09 0)
(2.85687 2.53105e-08 0)
(2.85687 6.68589e-08 0)
(2.85687 7.75014e-08 0)
(2.85687 4.59764e-08 0)
(2.85687 4.13001e-09 0)
(2.85687 -1.87853e-09 0)
(2.85687 4.36499e-08 0)
(2.85687 1.13291e-07 0)
(2.85687 1.69074e-07 0)
(2.85687 2.00417e-07 0)
(2.85687 2.2496e-07 0)
(2.85687 2.62483e-07 0)
(2.85687 3.05591e-07 0)
(2.85687 3.17172e-07 0)
(2.85687 2.69173e-07 0)
(2.85687 1.77525e-07 0)
(2.85687 8.88683e-08 0)
(2.85687 3.8453e-08 0)
(2.85687 1.96902e-08 0)
(2.85687 2.27781e-09 0)
(2.85687 -2.82173e-08 0)
(2.85687 -5.69227e-08 0)
(2.85687 -5.78678e-08 0)
(2.85687 -2.22993e-08 0)
(2.85687 3.37132e-08 0)
(2.85687 8.51045e-08 0)
(2.85687 1.20712e-07 0)
(2.85687 1.51722e-07 0)
(2.85687 1.89848e-07 0)
(2.85687 2.28104e-07 0)
(2.85687 2.41613e-07 0)
(2.85687 2.12577e-07 0)
(2.85687 1.4742e-07 0)
(2.85687 7.05235e-08 0)
(2.85687 5.32664e-09 0)
(2.85687 -3.40351e-08 0)
(2.85687 -4.94815e-08 0)
(2.85687 -5.75387e-08 0)
(2.85687 -7.27423e-08 0)
(2.85687 -8.80064e-08 0)
(2.85687 -7.76844e-08 0)
(2.85687 -4.07404e-08 0)
(2.85687 -2.67868e-08 0)
(2.85687 -6.60547e-08 0)
(2.85687 -1.26887e-07 0)
(2.85687 -1.70553e-07 0)
(2.85687 -1.93862e-07 0)
(2.85687 -2.16562e-07 0)
(2.85687 -2.34555e-07 0)
(2.85687 -2.19243e-07 0)
(2.85687 -1.86234e-07 0)
(2.85687 -1.70398e-07 0)
(2.85687 -1.63574e-07 0)
(2.85687 -1.44153e-07 0)
(2.85687 -1.13719e-07 0)
(2.85687 -9.93643e-08 0)
(2.85687 -9.11456e-08 0)
(2.85687 -4.65478e-08 0)
(2.85687 -4.47377e-09 0)
(2.85687 -1.82232e-08 0)
(2.85687 -5.57232e-08 0)
(2.85687 -7.46736e-08 0)
(2.85687 -8.02379e-08 0)
(2.85687 -1.61375e-07 0)
(2.85687 -3.23142e-07 0)
(2.85687 -5.15142e-07 0)
(2.85687 -5.76892e-07 0)
(3.15357 2.10244e-06 0)
(3.15357 2.50681e-06 0)
(3.15357 2.82525e-06 0)
(3.15357 3.16149e-06 0)
(3.15357 3.45797e-06 0)
(3.15357 3.91705e-06 0)
(3.15357 4.13968e-06 0)
(3.15357 4.16372e-06 0)
(3.15356 4.12397e-06 0)
(3.15356 3.94604e-06 0)
(3.15356 3.70046e-06 0)
(3.15356 3.49507e-06 0)
(3.15356 3.38413e-06 0)
(3.15356 3.29262e-06 0)
(3.15356 3.11481e-06 0)
(3.15355 2.88862e-06 0)
(3.15355 2.73743e-06 0)
(3.15355 2.61396e-06 0)
(3.15355 2.37725e-06 0)
(3.15355 2.03363e-06 0)
(3.15355 1.7187e-06 0)
(3.15355 1.49389e-06 0)
(3.15355 1.3189e-06 0)
(3.15355 1.16772e-06 0)
(3.15355 1.03643e-06 0)
(3.15355 9.18974e-07 0)
(3.15355 8.18852e-07 0)
(3.15355 7.46016e-07 0)
(3.15355 7.14522e-07 0)
(3.15355 7.06792e-07 0)
(3.15355 6.52595e-07 0)
(3.15355 5.22431e-07 0)
(3.15355 3.83939e-07 0)
(3.15355 3.07028e-07 0)
(3.15355 2.78157e-07 0)
(3.15355 2.2553e-07 0)
(3.15355 1.03497e-07 0)
(3.15355 -4.48587e-08 0)
(3.15355 -1.38246e-07 0)
(3.15355 -1.55831e-07 0)
(3.15355 -1.51467e-07 0)
(3.15355 -1.7531e-07 0)
(3.15355 -2.14738e-07 0)
(3.15355 -2.22192e-07 0)
(3.15355 -1.74334e-07 0)
(3.15355 -8.2679e-08 0)
(3.15355 2.26484e-08 0)
(3.15355 1.02013e-07 0)
(3.15355 1.31658e-07 0)
(3.15355 1.33712e-07 0)
(3.15355 1.56273e-07 0)
(3.15355 2.04891e-07 0)
(3.15355 2.28708e-07 0)
(3.15355 1.83826e-07 0)
(3.15355 9.15645e-08 0)
(3.15355 1.1298e-08 0)
(3.15355 -2.95869e-08 0)
(3.15355 -5.17591e-08 0)
(3.15355 -8.35011e-08 0)
(3.15355 -1.22701e-07 0)
(3.15355 -1.4498e-07 0)
(3.15355 -1.22997e-07 0)
(3.15355 -4.93284e-08 0)
(3.15355 4.64954e-08 0)
(3.15355 1.14271e-07 0)
(3.15355 1.28809e-07 0)
(3.15355 1.13169e-07 0)
(3.15355 1.07836e-07 0)
(3.15355 1.21516e-07 0)
(3.15355 1.23715e-07 0)
(3.15355 8.32716e-08 0)
(3.15355 1.0597e-08 0)
(3.15355 -5.05789e-08 0)
(3.15355 -7.1848e-08 0)
(3.15355 -6.71304e-08 0)
(3.15355 -7.34759e-08 0)
(3.15355 -1.07076e-07 0)
(3.15355 -1.43841e-07 0)
(3.15355 -1.44036e-07 0)
(3.15355 -9.31897e-08 0)
(3.15355 -2.21968e-08 0)
(3.15355 2.21871e-08 0)
(3.15355 2.34296e-08 0)
(3.15355 9.54551e-09 0)
(3.15355 1.82257e-08 0)
(3.15355 5.33795e-08 0)
(3.15355 8.17407e-08 0)
(3.15355 7.35776e-08 0)
(3.15355 4.15167e-08 0)
(3.15355 3.03757e-08 0)
(3.15355 6.98032e-08 0)
(3.15355 1.44641e-07 0)
(3.15355 2.10116e-07 0)
(3.15355 2.32039e-07 0)
(3.15355 2.14114e-07 0)
(3.15355 1.88038e-07 0)
(3.15355 1.72502e-07 0)
(3.15355 1.51975e-07 0)
(3.15355 9.76288e-08 0)
(3.15355 7.62159e-09 0)
(3.15355 -8.08128e-08 0)
(3.15355 -1.23567e-07 0)
(3.15355 -1.11758e-07 0)
(3.15355 -7.44801e-08 0)
(3.15355 -4.72006e-08 0)
(3.15355 -3.79678e-08 0)
(3.15355 -2.45668e-08 0)
(3.15355 2.13636e-08 0)
(3.15355 9.90064e-08 0)
(3.15355 1.72682e-07 0)
(3.15355 2.06022e-07 0)
(3.15355 1.98559e-07 0)
(3.15355 1.80846e-07 0)
(3.15355 1.73291e-07 0)
(3.15355 1.61154e-07 0)
(3.15355 1.18877e-07 0)
(3.15355 4.37961e-08 0)
(3.15355 -3.73967e-08 0)
(3.15355 -9.16646e-08 0)
(3.15355 -1.0505e-07 0)
(3.15355 -8.99764e-08 0)
(3.15355 -7.14017e-08 0)
(3.15355 -7.15842e-08 0)
(3.15355 -8.18839e-08 0)
(3.15355 -7.1455e-08 0)
(3.15355 -4.81254e-08 0)
(3.15355 -5.30275e-08 0)
(3.15355 -9.15063e-08 0)
(3.15355 -1.2991e-07 0)
(3.15355 -1.47773e-07 0)
(3.15355 -1.61423e-07 0)
(3.15355 -1.78116e-07 0)
(3.15355 -1.65578e-07 0)
(3.15355 -1.34099e-07 0)
(3.15355 -1.35269e-07 0)
(3.15355 -1.51313e-07 0)
(3.15355 -1.38395e-07 0)
(3.15355 -9.59731e-08 0)
(3.15355 -5.25676e-08 0)
(3.15355 -4.50837e-08 0)
(3.15355 -5.9742e-08 0)
(3.15355 -4.90279e-08 0)
(3.15355 -3.36411e-08 0)
(3.15355 -4.63694e-08 0)
(3.15355 -7.97334e-08 0)
(3.15355 -1.11542e-07 0)
(3.15355 -1.84105e-07 0)
(3.15355 -3.0407e-07 0)
(3.15355 -4.88307e-07 0)
(3.15355 -5.81172e-07 0)
(3.33118 1.97803e-06 0)
(3.33118 2.1949e-06 0)
(3.33118 2.53868e-06 0)
(3.33118 2.88909e-06 0)
(3.33118 3.5829e-06 0)
(3.33118 4.28782e-06 0)
(3.33118 4.62466e-06 0)
(3.33118 4.86381e-06 0)
(3.33118 5.13372e-06 0)
(3.33118 5.22294e-06 0)
(3.33118 5.12614e-06 0)
(3.33117 4.95824e-06 0)
(3.33117 4.75374e-06 0)
(3.33117 4.5137e-06 0)
(3.33117 4.23295e-06 0)
(3.33117 3.91136e-06 0)
(3.33117 3.58705e-06 0)
(3.33117 3.2986e-06 0)
(3.33117 3.0275e-06 0)
(3.33117 2.73211e-06 0)
(3.33117 2.42512e-06 0)
(3.33116 2.1331e-06 0)
(3.33116 1.86493e-06 0)
(3.33116 1.65612e-06 0)
(3.33116 1.51652e-06 0)
(3.33116 1.40248e-06 0)
(3.33116 1.28698e-06 0)
(3.33116 1.16293e-06 0)
(3.33116 1.01895e-06 0)
(3.33116 8.67734e-07 0)
(3.33116 7.28728e-07 0)
(3.33116 5.97385e-07 0)
(3.33116 4.65755e-07 0)
(3.33116 3.40222e-07 0)
(3.33116 2.34205e-07 0)
(3.33116 1.52992e-07 0)
(3.33116 8.38061e-08 0)
(3.33116 2.1626e-08 0)
(3.33116 -2.03177e-08 0)
(3.33116 -3.84801e-08 0)
(3.33116 -5.58348e-08 0)
(3.33116 -8.98695e-08 0)
(3.33116 -1.2404e-07 0)
(3.33116 -1.26465e-07 0)
(3.33116 -8.91219e-08 0)
(3.33116 -3.30911e-08 0)
(3.33116 2.6561e-08 0)
(3.33116 8.56434e-08 0)
(3.33116 1.26036e-07 0)
(3.33116 1.2986e-07 0)
(3.33116 1.14136e-07 0)
(3.33116 1.17751e-07 0)
(3.33116 1.47595e-07 0)
(3.33116 1.60324e-07 0)
(3.33116 1.15727e-07 0)
(3.33116 3.04001e-08 0)
(3.33116 -4.43628e-08 0)
(3.33116 -7.21989e-08 0)
(3.33116 -5.72406e-08 0)
(3.33116 -2.76423e-08 0)
(3.33116 -7.21253e-09 0)
(3.33116 -9.61461e-10 0)
(3.33116 1.07973e-08 0)
(3.33116 5.01606e-08 0)
(3.33116 1.05981e-07 0)
(3.33116 1.36894e-07 0)
(3.33117 1.17957e-07 0)
(3.33117 7.00317e-08 0)
(3.33116 3.65834e-08 0)
(3.33116 3.5765e-08 0)
(3.33116 4.26353e-08 0)
(3.33116 1.85869e-08 0)
(3.33116 -4.45343e-08 0)
(3.33116 -1.13129e-07 0)
(3.33116 -1.44163e-07 0)
(3.33116 -1.27734e-07 0)
(3.33116 -9.01789e-08 0)
(3.33116 -6.67518e-08 0)
(3.33116 -6.60671e-08 0)
(3.33116 -6.26635e-08 0)
(3.33116 -3.20147e-08 0)
(3.33116 1.99676e-08 0)
(3.33116 6.05557e-08 0)
(3.33116 6.67553e-08 0)
(3.33116 5.16685e-08 0)
(3.33116 4.94584e-08 0)
(3.33116 7.57381e-08 0)
(3.33116 1.14208e-07 0)
(3.33116 1.34425e-07 0)
(3.33116 1.28003e-07 0)
(3.33116 1.1652e-07 0)
(3.33116 1.27245e-07 0)
(3.33116 1.62409e-07 0)
(3.33116 1.93389e-07 0)
(3.33116 1.85905e-07 0)
(3.33116 1.3196e-07 0)
(3.33116 5.79737e-08 0)
(3.33116 -1.72504e-09 0)
(3.33116 -3.9161e-08 0)
(3.33116 -7.22797e-08 0)
(3.33116 -1.15012e-07 0)
(3.33116 -1.53973e-07 0)
(3.33116 -1.60863e-07 0)
(3.33116 -1.23143e-07 0)
(3.33116 -5.7183e-08 0)
(3.33116 4.68281e-09 0)
(3.33116 4.30882e-08 0)
(3.33116 6.82133e-08 0)
(3.33116 1.03844e-07 0)
(3.33116 1.53863e-07 0)
(3.33116 1.91601e-07 0)
(3.33116 1.89491e-07 0)
(3.33116 1.53352e-07 0)
(3.33116 1.0794e-07 0)
(3.33116 6.55251e-08 0)
(3.33116 2.49614e-08 0)
(3.33116 -1.31178e-08 0)
(3.33116 -4.87824e-08 0)
(3.33116 -8.28443e-08 0)
(3.33116 -1.08709e-07 0)
(3.33116 -1.13093e-07 0)
(3.33116 -9.20839e-08 0)
(3.33116 -6.69835e-08 0)
(3.33116 -6.24337e-08 0)
(3.33116 -6.81659e-08 0)
(3.33116 -6.27334e-08 0)
(3.33116 -5.30237e-08 0)
(3.33116 -5.93185e-08 0)
(3.33116 -8.49647e-08 0)
(3.33116 -1.10423e-07 0)
(3.33116 -1.25138e-07 0)
(3.33116 -1.42196e-07 0)
(3.33116 -1.44574e-07 0)
(3.33116 -1.09542e-07 0)
(3.33116 -6.57868e-08 0)
(3.33116 -3.49026e-08 0)
(3.33116 -2.14084e-08 0)
(3.33116 -2.06213e-08 0)
(3.33116 -1.43799e-08 0)
(3.33116 -3.00463e-08 0)
(3.33116 -7.67536e-08 0)
(3.33116 -8.76712e-08 0)
(3.33116 -6.79684e-08 0)
(3.33116 -5.52107e-08 0)
(3.33116 -8.71106e-08 0)
(3.33116 -1.73085e-07 0)
(3.33116 -2.44897e-07 0)
(3.33116 -3.18429e-07 0)
(3.33116 -4.28077e-07 0)
(3.33116 -5.27372e-07 0)
(3.39032 1.5445e-06 0)
(3.39032 1.76913e-06 0)
(3.39032 2.05964e-06 0)
(3.39032 2.57924e-06 0)
(3.39032 3.42065e-06 0)
(3.39032 4.15339e-06 0)
(3.39032 4.66221e-06 0)
(3.39032 5.1718e-06 0)
(3.39032 5.62207e-06 0)
(3.39032 5.85633e-06 0)
(3.39032 5.91136e-06 0)
(3.39032 5.85685e-06 0)
(3.39032 5.66725e-06 0)
(3.39032 5.35607e-06 0)
(3.39031 5.02854e-06 0)
(3.39031 4.70233e-06 0)
(3.39031 4.30234e-06 0)
(3.39031 3.87129e-06 0)
(3.39031 3.52214e-06 0)
(3.39031 3.23887e-06 0)
(3.39031 2.94865e-06 0)
(3.39031 2.6455e-06 0)
(3.39031 2.35342e-06 0)
(3.39031 2.09968e-06 0)
(3.39031 1.88948e-06 0)
(3.39031 1.69484e-06 0)
(3.39031 1.51197e-06 0)
(3.39031 1.34492e-06 0)
(3.39031 1.15326e-06 0)
(3.39031 9.20562e-07 0)
(3.39031 7.05574e-07 0)
(3.39031 5.6031e-07 0)
(3.39031 4.58369e-07 0)
(3.39031 3.41927e-07 0)
(3.39031 2.06593e-07 0)
(3.39031 1.04392e-07 0)
(3.39031 7.14676e-08 0)
(3.39031 8.31884e-08 0)
(3.39031 8.87489e-08 0)
(3.39031 5.87117e-08 0)
(3.39031 -6.75955e-10 0)
(3.39031 -5.69727e-08 0)
(3.39031 -7.98672e-08 0)
(3.39031 -6.37205e-08 0)
(3.39031 -3.42935e-08 0)
(3.39031 -2.70079e-08 0)
(3.39031 -4.52255e-08 0)
(3.39031 -5.17872e-08 0)
(3.39031 -2.11324e-08 0)
(3.39031 1.95253e-08 0)
(3.39031 2.95155e-08 0)
(3.39031 1.08733e-08 0)
(3.39031 1.0702e-09 0)
(3.39031 1.91206e-08 0)
(3.39031 4.39948e-08 0)
(3.39031 4.85308e-08 0)
(3.39031 3.62312e-08 0)
(3.39031 3.14337e-08 0)
(3.39031 5.03529e-08 0)
(3.39031 8.99517e-08 0)
(3.39031 1.29993e-07 0)
(3.39031 1.43009e-07 0)
(3.39031 1.16871e-07 0)
(3.39031 7.0049e-08 0)
(3.39031 3.40381e-08 0)
(3.39031 1.77235e-08 0)
(3.39031 5.67829e-10 0)
(3.39031 -3.95728e-08 0)
(3.39031 -9.36087e-08 0)
(3.39031 -1.35154e-07 0)
(3.39031 -1.47415e-07 0)
(3.39031 -1.41222e-07 0)
(3.39031 -1.42411e-07 0)
(3.39031 -1.6103e-07 0)
(3.39031 -1.80512e-07 0)
(3.39031 -1.72036e-07 0)
(3.39031 -1.23656e-07 0)
(3.39031 -5.57973e-08 0)
(3.39031 -1.3811e-09 0)
(3.39031 2.38226e-08 0)
(3.39031 3.69499e-08 0)
(3.39031 6.43591e-08 0)
(3.39031 1.0924e-07 0)
(3.39031 1.46922e-07 0)
(3.39031 1.54343e-07 0)
(3.39031 1.34547e-07 0)
(3.39031 1.14672e-07 0)
(3.39031 1.18811e-07 0)
(3.39031 1.42126e-07 0)
(3.39031 1.56487e-07 0)
(3.39031 1.43251e-07 0)
(3.39031 1.12244e-07 0)
(3.39031 8.8239e-08 0)
(3.39031 8.59338e-08 0)
(3.39031 9.15232e-08 0)
(3.39031 7.64441e-08 0)
(3.39031 3.11947e-08 0)
(3.39031 -2.46237e-08 0)
(3.39031 -5.78578e-08 0)
(3.39031 -5.53004e-08 0)
(3.39031 -3.53873e-08 0)
(3.39031 -2.14898e-08 0)
(3.39031 -1.79367e-08 0)
(3.39031 -1.35707e-08 0)
(3.39031 4.7848e-09 0)
(3.39031 3.78882e-08 0)
(3.39031 6.72885e-08 0)
(3.39031 7.38066e-08 0)
(3.39031 5.84309e-08 0)
(3.39031 4.19343e-08 0)
(3.39031 3.945e-08 0)
(3.39031 4.22169e-08 0)
(3.39031 3.74557e-08 0)
(3.39031 2.38751e-08 0)
(3.39031 1.17592e-09 0)
(3.39031 -2.46563e-08 0)
(3.39031 -3.59219e-08 0)
(3.39031 -2.68581e-08 0)
(3.39031 -1.71943e-08 0)
(3.39031 -2.72705e-08 0)
(3.39031 -5.10124e-08 0)
(3.39031 -6.19396e-08 0)
(3.39031 -4.85669e-08 0)
(3.39031 -3.42661e-08 0)
(3.39031 -4.29603e-08 0)
(3.39031 -6.40675e-08 0)
(3.39031 -7.42575e-08 0)
(3.39031 -7.53177e-08 0)
(3.39031 -9.17978e-08 0)
(3.39031 -1.14756e-07 0)
(3.39031 -1.07999e-07 0)
(3.39031 -8.67279e-08 0)
(3.39031 -8.30833e-08 0)
(3.39031 -6.72347e-08 0)
(3.39031 -8.23314e-09 0)
(3.39031 6.03931e-08 0)
(3.39031 8.63168e-08 0)
(3.39031 6.7745e-08 0)
(3.39031 3.93853e-08 0)
(3.39031 -4.23215e-09 0)
(3.39031 -6.54222e-08 0)
(3.39031 -9.58339e-08 0)
(3.39031 -9.13403e-08 0)
(3.39031 -8.68782e-08 0)
(3.39031 -9.60328e-08 0)
(3.39031 -2.02896e-07 0)
(3.39031 -2.98695e-07 0)
(3.39031 -3.63826e-07 0)
(3.39031 -4.07964e-07 0)
(3.39031 -4.72083e-07 0)
(3.33119 1.12651e-06 0)
(3.33119 1.26058e-06 0)
(3.33119 1.6926e-06 0)
(3.33119 2.49228e-06 0)
(3.33119 3.25012e-06 0)
(3.33119 3.91542e-06 0)
(3.33119 4.63808e-06 0)
(3.33119 5.37374e-06 0)
(3.33119 5.87976e-06 0)
(3.33119 6.11258e-06 0)
(3.33119 6.21455e-06 0)
(3.33119 6.252e-06 0)
(3.33119 6.14178e-06 0)
(3.33119 5.84257e-06 0)
(3.33119 5.47211e-06 0)
(3.33119 5.11995e-06 0)
(3.33119 4.72178e-06 0)
(3.33119 4.26578e-06 0)
(3.33119 3.86164e-06 0)
(3.33119 3.52186e-06 0)
(3.33119 3.17931e-06 0)
(3.33119 2.85351e-06 0)
(3.33119 2.58073e-06 0)
(3.33119 2.33401e-06 0)
(3.33119 2.07935e-06 0)
(3.33119 1.80151e-06 0)
(3.33119 1.51478e-06 0)
(3.33119 1.25355e-06 0)
(3.33119 1.01909e-06 0)
(3.33119 7.89779e-07 0)
(3.33119 5.84203e-07 0)
(3.33119 4.43521e-07 0)
(3.33119 3.62023e-07 0)
(3.33119 2.87784e-07 0)
(3.33119 1.97575e-07 0)
(3.33119 1.30984e-07 0)
(3.33119 1.26915e-07 0)
(3.33119 1.59827e-07 0)
(3.33119 1.6792e-07 0)
(3.33119 1.20248e-07 0)
(3.33119 4.25787e-08 0)
(3.33119 -1.80953e-08 0)
(3.33119 -4.23572e-08 0)
(3.33119 -4.45451e-08 0)
(3.33119 -4.54448e-08 0)
(3.33119 -5.80122e-08 0)
(3.33119 -8.4991e-08 0)
(3.33119 -1.10331e-07 0)
(3.33119 -1.09811e-07 0)
(3.33119 -8.46833e-08 0)
(3.33119 -6.54436e-08 0)
(3.33119 -6.8611e-08 0)
(3.33119 -7.54239e-08 0)
(3.33119 -5.72685e-08 0)
(3.33119 -8.13247e-09 0)
(3.33119 5.2351e-08 0)
(3.33119 1.05824e-07 0)
(3.33119 1.46065e-07 0)
(3.33119 1.71833e-07 0)
(3.33119 1.8197e-07 0)
(3.33119 1.76736e-07 0)
(3.33119 1.5603e-07 0)
(3.33119 1.12633e-07 0)
(3.33119 4.24324e-08 0)
(3.33119 -4.0913e-08 0)
(3.33119 -1.11012e-07 0)
(3.33119 -1.5775e-07 0)
(3.33119 -1.90467e-07 0)
(3.33119 -2.20335e-07 0)
(3.33119 -2.49133e-07 0)
(3.33119 -2.66533e-07 0)
(3.33119 -2.62795e-07 0)
(3.33119 -2.39628e-07 0)
(3.33119 -2.07782e-07 0)
(3.33119 -1.76589e-07 0)
(3.33119 -1.44661e-07 0)
(3.33119 -1.0356e-07 0)
(3.33119 -4.73691e-08 0)
(3.33119 1.77592e-08 0)
(3.33119 7.34875e-08 0)
(3.33119 1.09098e-07 0)
(3.33119 1.28918e-07 0)
(3.33119 1.44106e-07 0)
(3.33119 1.56501e-07 0)
(3.33119 1.58542e-07 0)
(3.33119 1.43433e-07 0)
(3.33119 1.15381e-07 0)
(3.33119 8.68199e-08 0)
(3.33119 6.72711e-08 0)
(3.33119 5.26321e-08 0)
(3.33119 3.04705e-08 0)
(3.33119 -4.88983e-09 0)
(3.33119 -4.52747e-08 0)
(3.33119 -7.50886e-08 0)
(3.33119 -8.60365e-08 0)
(3.33119 -8.22478e-08 0)
(3.33119 -7.19287e-08 0)
(3.33119 -5.84863e-08 0)
(3.33119 -3.54318e-08 0)
(3.33119 3.68532e-09 0)
(3.33119 5.30006e-08 0)
(3.33119 9.69406e-08 0)
(3.33119 1.23724e-07 0)
(3.33119 1.2836e-07 0)
(3.33119 1.12202e-07 0)
(3.33119 8.52895e-08 0)
(3.33119 5.66762e-08 0)
(3.33119 2.10246e-08 0)
(3.33119 -2.72874e-08 0)
(3.33119 -7.7341e-08 0)
(3.33119 -1.07107e-07 0)
(3.33119 -1.06992e-07 0)
(3.33119 -8.64016e-08 0)
(3.33119 -5.31714e-08 0)
(3.33119 -1.50174e-08 0)
(3.33119 1.54967e-08 0)
(3.33119 3.62072e-08 0)
(3.33119 5.30169e-08 0)
(3.33119 6.11403e-08 0)
(3.33119 5.15528e-08 0)
(3.33119 2.35647e-08 0)
(3.33119 -8.60785e-09 0)
(3.33119 -2.51549e-08 0)
(3.33119 -2.81217e-08 0)
(3.33119 -4.24222e-08 0)
(3.33119 -7.83091e-08 0)
(3.33119 -1.10784e-07 0)
(3.33119 -1.15282e-07 0)
(3.33119 -1.13846e-07 0)
(3.33119 -1.24811e-07 0)
(3.33119 -1.00444e-07 0)
(3.33119 -2.51469e-08 0)
(3.33119 2.88907e-08 0)
(3.33119 4.29117e-08 0)
(3.33119 7.45599e-08 0)
(3.33119 1.27662e-07 0)
(3.33119 1.52874e-07 0)
(3.33119 1.31108e-07 0)
(3.33119 8.44919e-08 0)
(3.33119 3.16248e-08 0)
(3.33119 -2.86462e-08 0)
(3.33119 -8.83807e-08 0)
(3.33119 -1.26492e-07 0)
(3.33119 -1.61447e-07 0)
(3.33119 -1.71978e-07 0)
(3.33119 -2.14162e-07 0)
(3.33119 -2.67281e-07 0)
(3.33119 -3.24373e-07 0)
(3.33119 -3.86002e-07 0)
(3.33119 -4.49317e-07 0)
(3.15358 8.57122e-07 0)
(3.15358 8.76915e-07 0)
(3.15359 1.58596e-06 0)
(3.15359 2.48953e-06 0)
(3.15359 3.14287e-06 0)
(3.15359 3.87746e-06 0)
(3.15359 4.6979e-06 0)
(3.15359 5.37799e-06 0)
(3.15359 5.80013e-06 0)
(3.15359 6.0586e-06 0)
(3.15359 6.22511e-06 0)
(3.15359 6.28286e-06 0)
(3.15359 6.17884e-06 0)
(3.15359 5.89496e-06 0)
(3.15359 5.48723e-06 0)
(3.15359 5.06254e-06 0)
(3.15359 4.64078e-06 0)
(3.15359 4.18283e-06 0)
(3.15359 3.73801e-06 0)
(3.15359 3.34854e-06 0)
(3.15359 2.98242e-06 0)
(3.15359 2.65413e-06 0)
(3.15359 2.38986e-06 0)
(3.15359 2.14405e-06 0)
(3.15359 1.88924e-06 0)
(3.15359 1.64131e-06 0)
(3.15359 1.39132e-06 0)
(3.15359 1.12666e-06 0)
(3.15359 8.71164e-07 0)
(3.15359 6.53353e-07 0)
(3.15359 4.81038e-07 0)
(3.15359 3.53359e-07 0)
(3.15359 2.64883e-07 0)
(3.15359 1.95661e-07 0)
(3.15359 1.30367e-07 0)
(3.15359 8.73848e-08 0)
(3.15359 9.12985e-08 0)
(3.15359 1.28022e-07 0)
(3.15359 1.5365e-07 0)
(3.15359 1.46113e-07 0)
(3.15359 1.22168e-07 0)
(3.15359 1.07348e-07 0)
(3.15359 9.7868e-08 0)
(3.15359 6.51896e-08 0)
(3.15359 2.31909e-09 0)
(3.15359 -6.59384e-08 0)
(3.15359 -1.1661e-07 0)
(3.15359 -1.46848e-07 0)
(3.15359 -1.59806e-07 0)
(3.15359 -1.53189e-07 0)
(3.15359 -1.33213e-07 0)
(3.15359 -1.12495e-07 0)
(3.15359 -9.18739e-08 0)
(3.15359 -5.54666e-08 0)
(3.15359 6.79509e-09 0)
(3.15359 8.30855e-08 0)
(3.15359 1.50711e-07 0)
(3.15359 1.95868e-07 0)
(3.15359 2.16555e-07 0)
(3.15359 2.09645e-07 0)
(3.15359 1.77906e-07 0)
(3.15359 1.2857e-07 0)
(3.15359 6.53668e-08 0)
(3.15359 -1.08507e-08 0)
(3.1536 -9.23543e-08 0)
(3.1536 -1.6113e-07 0)
(3.1536 -2.05141e-07 0)
(3.1536 -2.27727e-07 0)
(3.15359 -2.44586e-07 0)
(3.15359 -2.6036e-07 0)
(3.15359 -2.67302e-07 0)
(3.15359 -2.54348e-07 0)
(3.15359 -2.21941e-07 0)
(3.15359 -1.82517e-07 0)
(3.15359 -1.46818e-07 0)
(3.15359 -1.1559e-07 0)
(3.15359 -8.19773e-08 0)
(3.15359 -3.76557e-08 0)
(3.15359 1.51875e-08 0)
(3.15359 6.2963e-08 0)
(3.15359 9.23652e-08 0)
(3.15359 1.02697e-07 0)
(3.15359 1.03682e-07 0)
(3.15359 1.02359e-07 0)
(3.15359 9.73483e-08 0)
(3.15359 8.36019e-08 0)
(3.15359 6.131e-08 0)
(3.15359 3.48539e-08 0)
(3.15359 1.08159e-08 0)
(3.15359 -1.11237e-08 0)
(3.15359 -3.98884e-08 0)
(3.15359 -8.09303e-08 0)
(3.15359 -1.27541e-07 0)
(3.15359 -1.6751e-07 0)
(3.15359 -1.88229e-07 0)
(3.15359 -1.83361e-07 0)
(3.15359 -1.55121e-07 0)
(3.15359 -1.09646e-07 0)
(3.15359 -5.32406e-08 0)
(3.15359 9.06687e-09 0)
(3.15359 7.03642e-08 0)
(3.15359 1.16333e-07 0)
(3.15359 1.37365e-07 0)
(3.15359 1.34223e-07 0)
(3.15359 1.0939e-07 0)
(3.15359 6.67952e-08 0)
(3.15359 1.60501e-08 0)
(3.15359 -3.65379e-08 0)
(3.15359 -9.39812e-08 0)
(3.15359 -1.51567e-07 0)
(3.15359 -1.86412e-07 0)
(3.15359 -1.79567e-07 0)
(3.15359 -1.41932e-07 0)
(3.15359 -9.33316e-08 0)
(3.15359 -3.86645e-08 0)
(3.15359 1.70408e-08 0)
(3.15359 6.42004e-08 0)
(3.15359 9.27792e-08 0)
(3.15359 9.97139e-08 0)
(3.15359 9.09062e-08 0)
(3.15359 7.07439e-08 0)
(3.15359 3.75745e-08 0)
(3.15359 3.44805e-10 0)
(3.15359 -2.82663e-08 0)
(3.15359 -5.39239e-08 0)
(3.15359 -9.02091e-08 0)
(3.15359 -1.28074e-07 0)
(3.15359 -1.32477e-07 0)
(3.15359 -1.00496e-07 0)
(3.15359 -6.68208e-08 0)
(3.15359 -2.4143e-08 0)
(3.15359 4.45531e-08 0)
(3.15359 9.90726e-08 0)
(3.15359 1.20734e-07 0)
(3.15359 1.41592e-07 0)
(3.15359 1.72858e-07 0)
(3.15359 1.94147e-07 0)
(3.15359 1.71922e-07 0)
(3.15359 1.05018e-07 0)
(3.15359 3.12617e-08 0)
(3.15359 -4.01371e-08 0)
(3.15359 -1.10562e-07 0)
(3.15359 -1.63702e-07 0)
(3.15359 -2.31291e-07 0)
(3.15359 -2.88427e-07 0)
(3.15359 -2.95515e-07 0)
(3.15359 -2.90082e-07 0)
(3.15359 -2.66568e-07 0)
(3.15359 -2.6806e-07 0)
(3.15359 -3.28891e-07 0)
(2.85692 6.95263e-07 0)
(2.85692 9.86256e-07 0)
(2.85692 1.69638e-06 0)
(2.85692 2.4583e-06 0)
(2.85692 3.07281e-06 0)
(2.85692 3.85163e-06 0)
(2.85692 4.56957e-06 0)
(2.85692 5.08797e-06 0)
(2.85692 5.43338e-06 0)
(2.85692 5.70611e-06 0)
(2.85692 5.86702e-06 0)
(2.85692 5.83625e-06 0)
(2.85692 5.6408e-06 0)
(2.85692 5.34327e-06 0)
(2.85693 4.95312e-06 0)
(2.85693 4.52968e-06 0)
(2.85693 4.13953e-06 0)
(2.85693 3.7305e-06 0)
(2.85693 3.27166e-06 0)
(2.85693 2.82994e-06 0)
(2.85693 2.44119e-06 0)
(2.85693 2.10925e-06 0)
(2.85693 1.84339e-06 0)
(2.85693 1.60983e-06 0)
(2.85693 1.38002e-06 0)
(2.85693 1.18044e-06 0)
(2.85693 1.01556e-06 0)
(2.85693 8.51927e-07 0)
(2.85693 6.90836e-07 0)
(2.85693 5.61746e-07 0)
(2.85693 4.61886e-07 0)
(2.85693 3.6471e-07 0)
(2.85693 2.70045e-07 0)
(2.85693 2.02201e-07 0)
(2.85693 1.67967e-07 0)
(2.85693 1.53891e-07 0)
(2.85693 1.5209e-07 0)
(2.85693 1.55781e-07 0)
(2.85693 1.61039e-07 0)
(2.85693 1.71643e-07 0)
(2.85693 1.85917e-07 0)
(2.85693 1.88626e-07 0)
(2.85693 1.61405e-07 0)
(2.85693 9.43616e-08 0)
(2.85693 -2.64246e-09 0)
(2.85693 -9.95709e-08 0)
(2.85693 -1.72292e-07 0)
(2.85693 -2.21994e-07 0)
(2.85694 -2.53073e-07 0)
(2.85694 -2.50546e-07 0)
(2.85694 -1.9894e-07 0)
(2.85694 -1.13328e-07 0)
(2.85694 -2.92033e-08 0)
(2.85694 3.81199e-08 0)
(2.85694 1.01267e-07 0)
(2.85694 1.74485e-07 0)
(2.85694 2.4949e-07 0)
(2.85694 2.98655e-07 0)
(2.85694 3.01191e-07 0)
(2.85694 2.58338e-07 0)
(2.85694 1.86488e-07 0)
(2.85694 1.07409e-07 0)
(2.85694 3.19954e-08 0)
(2.85694 -4.48995e-08 0)
(2.85694 -1.26605e-07 0)
(2.85694 -1.97219e-07 0)
(2.85694 -2.30854e-07 0)
(2.85694 -2.21673e-07 0)
(2.85694 -1.94588e-07 0)
(2.85694 -1.80172e-07 0)
(2.85694 -1.86913e-07 0)
(2.85694 -1.95859e-07 0)
(2.85694 -1.85765e-07 0)
(2.85694 -1.54911e-07 0)
(2.85694 -1.18672e-07 0)
(2.85694 -9.10738e-08 0)
(2.85694 -7.19916e-08 0)
(2.85694 -4.75716e-08 0)
(2.85694 -9.28319e-09 0)
(2.85694 3.36738e-08 0)
(2.85694 5.84974e-08 0)
(2.85694 5.20594e-08 0)
(2.85694 2.69933e-08 0)
(2.85694 8.4562e-09 0)
(2.85694 7.87187e-09 0)
(2.85694 1.48468e-08 0)
(2.85694 9.61174e-09 0)
(2.85694 -1.67983e-08 0)
(2.85694 -5.71363e-08 0)
(2.85694 -9.35729e-08 0)
(2.85694 -1.16428e-07 0)
(2.85694 -1.35388e-07 0)
(2.85694 -1.63627e-07 0)
(2.85694 -1.985e-07 0)
(2.85694 -2.20689e-07 0)
(2.85694 -2.06484e-07 0)
(2.85694 -1.51905e-07 0)
(2.85694 -7.88006e-08 0)
(2.85694 -1.63922e-08 0)
(2.85694 2.5008e-08 0)
(2.85694 5.44984e-08 0)
(2.85694 8.12547e-08 0)
(2.85694 9.96308e-08 0)
(2.85694 9.61755e-08 0)
(2.85694 6.34987e-08 0)
(2.85694 6.45798e-09 0)
(2.85694 -5.64963e-08 0)
(2.85694 -1.04291e-07 0)
(2.85694 -1.3906e-07 0)
(2.85694 -1.78188e-07 0)
(2.85694 -2.17947e-07 0)
(2.85694 -2.30985e-07 0)
(2.85694 -2.04401e-07 0)
(2.85694 -1.49167e-07 0)
(2.85694 -7.67422e-08 0)
(2.85694 6.60397e-10 0)
(2.85694 6.13663e-08 0)
(2.85694 9.79243e-08 0)
(2.85694 1.16543e-07 0)
(2.85694 1.20031e-07 0)
(2.85693 1.05347e-07 0)
(2.85693 6.6787e-08 0)
(2.85693 8.11595e-09 0)
(2.85693 -5.22905e-08 0)
(2.85693 -9.19397e-08 0)
(2.85693 -1.0375e-07 0)
(2.85693 -1.06775e-07 0)
(2.85693 -1.03261e-07 0)
(2.85693 -6.9608e-08 0)
(2.85693 -1.50919e-08 0)
(2.85693 3.05842e-08 0)
(2.85693 6.88637e-08 0)
(2.85693 1.15436e-07 0)
(2.85693 1.6061e-07 0)
(2.85693 1.84178e-07 0)
(2.85693 1.91786e-07 0)
(2.85693 2.08088e-07 0)
(2.85693 2.06033e-07 0)
(2.85693 1.55473e-07 0)
(2.85693 7.92092e-08 0)
(2.85693 -1.47936e-08 0)
(2.85693 -1.04939e-07 0)
(2.85693 -1.62437e-07 0)
(2.85693 -2.27568e-07 0)
(2.85693 -3.0137e-07 0)
(2.85693 -3.1792e-07 0)
(2.85693 -3.15358e-07 0)
(2.85693 -2.71281e-07 0)
(2.85693 -1.89853e-07 0)
(2.85693 -1.94265e-07 0)
(2.44023 5.56951e-07 0)
(2.44023 9.52021e-07 0)
(2.44023 1.51474e-06 0)
(2.44023 2.14115e-06 0)
(2.44023 2.80165e-06 0)
(2.44023 3.47091e-06 0)
(2.44023 3.98191e-06 0)
(2.44023 4.36331e-06 0)
(2.44023 4.6467e-06 0)
(2.44024 4.83121e-06 0)
(2.44024 4.85846e-06 0)
(2.44024 4.72175e-06 0)
(2.44024 4.49578e-06 0)
(2.44024 4.24489e-06 0)
(2.44024 3.94087e-06 0)
(2.44024 3.57542e-06 0)
(2.44024 3.2234e-06 0)
(2.44024 2.8791e-06 0)
(2.44025 2.48055e-06 0)
(2.44025 2.07217e-06 0)
(2.44025 1.7191e-06 0)
(2.44025 1.41382e-06 0)
(2.44025 1.15802e-06 0)
(2.44025 9.68749e-07 0)
(2.44025 8.2316e-07 0)
(2.44025 6.95794e-07 0)
(2.44025 5.79042e-07 0)
(2.44025 4.66194e-07 0)
(2.44025 3.68315e-07 0)
(2.44025 3.08646e-07 0)
(2.44025 2.80361e-07 0)
(2.44025 2.46012e-07 0)
(2.44025 1.94489e-07 0)
(2.44025 1.62687e-07 0)
(2.44025 1.76075e-07 0)
(2.44025 2.10845e-07 0)
(2.44025 2.2726e-07 0)
(2.44025 2.09591e-07 0)
(2.44025 1.76737e-07 0)
(2.44025 1.58181e-07 0)
(2.44025 1.58643e-07 0)
(2.44025 1.45497e-07 0)
(2.44025 8.81802e-08 0)
(2.44025 -1.04376e-08 0)
(2.44025 -1.22593e-07 0)
(2.44025 -2.11755e-07 0)
(2.44025 -2.54929e-07 0)
(2.44025 -2.5892e-07 0)
(2.44025 -2.44638e-07 0)
(2.44025 -2.16284e-07 0)
(2.44025 -1.58544e-07 0)
(2.44025 -6.79315e-08 0)
(2.44025 2.8098e-08 0)
(2.44025 9.71036e-08 0)
(2.44025 1.35741e-07 0)
(2.44025 1.6522e-07 0)
(2.44025 1.99072e-07 0)
(2.44025 2.25541e-07 0)
(2.44025 2.21135e-07 0)
(2.44025 1.72392e-07 0)
(2.44025 8.57344e-08 0)
(2.44025 -1.16735e-08 0)
(2.44025 -9.21743e-08 0)
(2.44025 -1.43839e-07 0)
(2.44025 -1.75255e-07 0)
(2.44025 -1.97314e-07 0)
(2.44025 -2.05222e-07 0)
(2.44025 -1.87341e-07 0)
(2.44025 -1.41547e-07 0)
(2.44025 -8.87617e-08 0)
(2.44025 -5.66885e-08 0)
(2.44025 -5.5103e-08 0)
(2.44025 -6.64848e-08 0)
(2.44025 -6.63562e-08 0)
(2.44025 -4.64301e-08 0)
(2.44025 -1.90195e-08 0)
(2.44025 -2.65851e-09 0)
(2.44025 -4.65285e-09 0)
(2.44025 -1.59992e-08 0)
(2.44025 -1.95091e-08 0)
(2.44025 -1.35438e-08 0)
(2.44025 -1.34166e-08 0)
(2.44025 -3.09539e-08 0)
(2.44025 -5.82051e-08 0)
(2.44025 -7.66911e-08 0)
(2.44025 -7.63991e-08 0)
(2.44025 -6.95509e-08 0)
(2.44025 -7.95971e-08 0)
(2.44025 -1.19368e-07 0)
(2.44025 -1.74588e-07 0)
(2.44025 -2.16777e-07 0)
(2.44025 -2.32594e-07 0)
(2.44025 -2.33649e-07 0)
(2.44025 -2.36294e-07 0)
(2.44025 -2.40595e-07 0)
(2.44025 -2.27759e-07 0)
(2.44025 -1.80276e-07 0)
(2.44025 -1.04488e-07 0)
(2.44025 -3.06107e-08 0)
(2.44025 1.38528e-08 0)
(2.44025 2.83138e-08 0)
(2.44025 3.27331e-08 0)
(2.44025 3.93174e-08 0)
(2.44025 4.1489e-08 0)
(2.44025 2.53043e-08 0)
(2.44025 -1.66207e-08 0)
(2.44025 -7.53101e-08 0)
(2.44025 -1.28911e-07 0)
(2.44025 -1.61111e-07 0)
(2.44025 -1.80046e-07 0)
(2.44025 -1.98686e-07 0)
(2.44025 -2.1032e-07 0)
(2.44025 -1.98044e-07 0)
(2.44025 -1.53548e-07 0)
(2.44025 -7.74359e-08 0)
(2.44025 1.29846e-08 0)
(2.44025 8.28436e-08 0)
(2.44025 1.19585e-07 0)
(2.44025 1.34004e-07 0)
(2.44025 1.30819e-07 0)
(2.44025 1.08092e-07 0)
(2.44025 6.81949e-08 0)
(2.44025 1.25033e-08 0)
(2.44025 -5.03774e-08 0)
(2.44025 -9.25579e-08 0)
(2.44025 -8.94302e-08 0)
(2.44025 -5.95334e-08 0)
(2.44025 -3.48143e-08 0)
(2.44025 -5.57686e-09 0)
(2.44025 3.07607e-08 0)
(2.44025 4.80153e-08 0)
(2.44025 6.49363e-08 0)
(2.44025 1.21041e-07 0)
(2.44025 1.90743e-07 0)
(2.44025 2.18497e-07 0)
(2.44025 1.97664e-07 0)
(2.44025 1.78151e-07 0)
(2.44025 1.83352e-07 0)
(2.44025 1.76772e-07 0)
(2.44025 1.43555e-07 0)
(2.44025 7.62945e-08 0)
(2.44025 -1.8759e-08 0)
(2.44025 -1.11926e-07 0)
(2.44025 -1.86337e-07 0)
(2.44025 -2.65536e-07 0)
(2.44025 -3.12051e-07 0)
(2.44025 -2.7344e-07 0)
(2.44025 -2.30258e-07 0)
(2.44025 -2.05045e-07 0)
(2.44025 -1.94236e-07 0)
(1.90224 4.01028e-07 0)
(1.90224 6.37352e-07 0)
(1.90224 1.06889e-06 0)
(1.90224 1.5894e-06 0)
(1.90224 2.12833e-06 0)
(1.90224 2.55146e-06 0)
(1.90224 2.86992e-06 0)
(1.90224 3.14841e-06 0)
(1.90225 3.34805e-06 0)
(1.90225 3.41593e-06 0)
(1.90225 3.34046e-06 0)
(1.90225 3.18971e-06 0)
(1.90225 3.02278e-06 0)
(1.90225 2.85467e-06 0)
(1.90225 2.65502e-06 0)
(1.90226 2.37947e-06 0)
(1.90226 2.06154e-06 0)
(1.90226 1.75062e-06 0)
(1.90226 1.43398e-06 0)
(1.90226 1.12628e-06 0)
(1.90226 8.70622e-07 0)
(1.90226 6.52063e-07 0)
(1.90226 4.59116e-07 0)
(1.90226 3.35628e-07 0)
(1.90226 2.92187e-07 0)
(1.90226 2.80486e-07 0)
(1.90226 2.58244e-07 0)
(1.90226 2.16293e-07 0)
(1.90226 1.66391e-07 0)
(1.90227 1.30941e-07 0)
(1.90227 1.22165e-07 0)
(1.90227 1.25211e-07 0)
(1.90227 1.2183e-07 0)
(1.90227 1.24162e-07 0)
(1.90227 1.51553e-07 0)
(1.90227 1.90664e-07 0)
(1.90227 2.11138e-07 0)
(1.90227 2.03246e-07 0)
(1.90227 1.79223e-07 0)
(1.90227 1.56699e-07 0)
(1.90227 1.38002e-07 0)
(1.90227 1.00306e-07 0)
(1.90227 1.91517e-08 0)
(1.90227 -9.84221e-08 0)
(1.90227 -2.15926e-07 0)
(1.90227 -2.93512e-07 0)
(1.90227 -3.10145e-07 0)
(1.90227 -2.6893e-07 0)
(1.90227 -1.98494e-07 0)
(1.90227 -1.30915e-07 0)
(1.90227 -7.42662e-08 0)
(1.90227 -1.70727e-08 0)
(1.90227 4.65952e-08 0)
(1.90227 1.04272e-07 0)
(1.90227 1.36556e-07 0)
(1.90227 1.40501e-07 0)
(1.90227 1.28829e-07 0)
(1.90227 1.13631e-07 0)
(1.90227 9.57706e-08 0)
(1.90227 6.39312e-08 0)
(1.90227 7.44828e-09 0)
(1.90227 -6.98603e-08 0)
(1.90227 -1.4264e-07 0)
(1.90227 -1.78986e-07 0)
(1.90227 -1.68374e-07 0)
(1.90227 -1.3221e-07 0)
(1.90227 -9.95453e-08 0)
(1.90227 -7.95161e-08 0)
(1.90227 -5.79273e-08 0)
(1.90227 -2.03761e-08 0)
(1.90227 2.47059e-08 0)
(1.90227 5.17502e-08 0)
(1.90227 4.80308e-08 0)
(1.90227 2.7068e-08 0)
(1.90227 1.40064e-08 0)
(1.90227 1.99638e-08 0)
(1.90227 3.33409e-08 0)
(1.90227 2.91818e-08 0)
(1.90227 -2.3434e-10 0)
(1.90227 -3.76986e-08 0)
(1.90227 -5.72869e-08 0)
(1.90227 -5.32271e-08 0)
(1.90227 -4.51818e-08 0)
(1.90227 -5.38224e-08 0)
(1.90227 -8.06756e-08 0)
(1.90227 -1.09224e-07 0)
(1.90227 -1.2481e-07 0)
(1.90227 -1.31409e-07 0)
(1.90227 -1.45615e-07 0)
(1.90227 -1.78493e-07 0)
(1.90227 -2.19324e-07 0)
(1.90227 -2.45054e-07 0)
(1.90227 -2.43584e-07 0)
(1.90227 -2.22997e-07 0)
(1.90227 -1.99106e-07 0)
(1.90227 -1.79139e-07 0)
(1.90227 -1.55651e-07 0)
(1.90227 -1.17628e-07 0)
(1.90227 -6.71406e-08 0)
(1.90227 -2.29708e-08 0)
(1.90227 -2.02116e-09 0)
(1.90227 -5.45461e-09 0)
(1.90227 -2.04973e-08 0)
(1.90227 -3.50891e-08 0)
(1.90227 -4.53184e-08 0)
(1.90227 -5.65381e-08 0)
(1.90227 -7.86024e-08 0)
(1.90227 -1.14438e-07 0)
(1.90227 -1.51234e-07 0)
(1.90227 -1.721e-07 0)
(1.90227 -1.75872e-07 0)
(1.90227 -1.68914e-07 0)
(1.90227 -1.50421e-07 0)
(1.90227 -1.16914e-07 0)
(1.90227 -6.61505e-08 0)
(1.90227 -2.16463e-09 0)
(1.90227 5.89053e-08 0)
(1.90227 9.77758e-08 0)
(1.90227 1.09948e-07 0)
(1.90227 9.9244e-08 0)
(1.90227 7.2935e-08 0)
(1.90227 4.23227e-08 0)
(1.90227 1.49474e-08 0)
(1.90227 -8.10917e-09 0)
(1.90227 -2.47448e-08 0)
(1.90227 -2.24588e-08 0)
(1.90227 1.37789e-09 0)
(1.90227 2.26377e-08 0)
(1.90227 3.64333e-08 0)
(1.90227 5.44813e-08 0)
(1.90227 6.52982e-08 0)
(1.90227 7.29973e-08 0)
(1.90227 1.01798e-07 0)
(1.90227 1.47241e-07 0)
(1.90227 1.77323e-07 0)
(1.90227 1.73127e-07 0)
(1.90227 1.54995e-07 0)
(1.90227 1.61925e-07 0)
(1.90227 1.72906e-07 0)
(1.90227 1.63825e-07 0)
(1.90227 1.19866e-07 0)
(1.90226 2.69387e-08 0)
(1.90226 -8.68948e-08 0)
(1.90226 -1.78237e-07 0)
(1.90226 -2.59201e-07 0)
(1.90226 -3.19719e-07 0)
(1.90226 -2.21987e-07 0)
(1.90226 -1.56647e-07 0)
(1.90226 -2.18993e-07 0)
(1.90226 -2.10785e-07 0)
(1.2414 2.38739e-07 0)
(1.2414 2.99014e-07 0)
(1.2414 4.94175e-07 0)
(1.2414 8.34833e-07 0)
(1.2414 1.09375e-06 0)
(1.2414 1.27636e-06 0)
(1.2414 1.4427e-06 0)
(1.2414 1.62319e-06 0)
(1.2414 1.74043e-06 0)
(1.24141 1.74519e-06 0)
(1.24141 1.65246e-06 0)
(1.24141 1.51284e-06 0)
(1.24141 1.36261e-06 0)
(1.24141 1.23581e-06 0)
(1.24141 1.15569e-06 0)
(1.24141 1.06443e-06 0)
(1.24142 9.01012e-07 0)
(1.24142 6.95351e-07 0)
(1.24142 4.99e-07 0)
(1.24142 3.40358e-07 0)
(1.24142 2.42543e-07 0)
(1.24142 1.87548e-07 0)
(1.24142 1.26415e-07 0)
(1.24142 5.38724e-08 0)
(1.24142 -7.56368e-11 0)
(1.24142 -2.42476e-08 0)
(1.24142 -2.06064e-08 0)
(1.24142 7.47645e-09 0)
(1.24142 4.11789e-08 0)
(1.24142 6.31201e-08 0)
(1.24142 8.02661e-08 0)
(1.24142 1.08445e-07 0)
(1.24142 1.46246e-07 0)
(1.24142 1.82343e-07 0)
(1.24142 2.10248e-07 0)
(1.24142 2.21034e-07 0)
(1.24142 2.10818e-07 0)
(1.24142 1.86314e-07 0)
(1.24142 1.539e-07 0)
(1.24142 1.09298e-07 0)
(1.24142 4.89812e-08 0)
(1.24142 -2.12474e-08 0)
(1.24142 -9.17317e-08 0)
(1.24142 -1.52839e-07 0)
(1.24142 -1.95583e-07 0)
(1.24142 -2.18023e-07 0)
(1.24142 -2.19867e-07 0)
(1.24142 -1.92822e-07 0)
(1.24142 -1.32547e-07 0)
(1.24142 -5.70593e-08 0)
(1.24142 4.52567e-09 0)
(1.24142 4.09263e-08 0)
(1.24142 6.58865e-08 0)
(1.24142 9.85403e-08 0)
(1.24142 1.38965e-07 0)
(1.24142 1.68627e-07 0)
(1.24142 1.68025e-07 0)
(1.24142 1.36602e-07 0)
(1.24142 9.12765e-08 0)
(1.24142 5.32258e-08 0)
(1.24142 2.89727e-08 0)
(1.24142 6.10867e-09 0)
(1.24142 -2.60255e-08 0)
(1.24142 -6.16561e-08 0)
(1.24142 -8.02008e-08 0)
(1.24142 -7.03009e-08 0)
(1.24142 -4.31795e-08 0)
(1.24142 -2.41801e-08 0)
(1.24142 -2.71208e-08 0)
(1.24142 -4.01452e-08 0)
(1.24142 -4.08873e-08 0)
(1.24142 -2.08071e-08 0)
(1.24142 5.96413e-09 0)
(1.24142 2.07844e-08 0)
(1.24142 1.87936e-08 0)
(1.24142 1.21623e-08 0)
(1.24142 1.59388e-08 0)
(1.24142 2.93947e-08 0)
(1.24142 3.85141e-08 0)
(1.24142 3.00715e-08 0)
(1.24142 8.1943e-09 0)
(1.24142 -9.32754e-09 0)
(1.24142 -1.12208e-08 0)
(1.24142 -4.45301e-09 0)
(1.24142 -7.44968e-09 0)
(1.24142 -3.2673e-08 0)
(1.24142 -7.26867e-08 0)
(1.24142 -1.06347e-07 0)
(1.24142 -1.20348e-07 0)
(1.24142 -1.21084e-07 0)
(1.24142 -1.26688e-07 0)
(1.24142 -1.44355e-07 0)
(1.24142 -1.61616e-07 0)
(1.24142 -1.60485e-07 0)
(1.24142 -1.34102e-07 0)
(1.24142 -9.50847e-08 0)
(1.24142 -6.39775e-08 0)
(1.24142 -4.77988e-08 0)
(1.24142 -3.56972e-08 0)
(1.24142 -1.4676e-08 0)
(1.24142 1.05501e-08 0)
(1.24142 2.16879e-08 0)
(1.24142 5.73154e-09 0)
(1.24142 -3.30731e-08 0)
(1.24142 -7.39196e-08 0)
(1.24142 -9.70129e-08 0)
(1.24142 -1.01888e-07 0)
(1.24142 -1.06619e-07 0)
(1.24142 -1.2416e-07 0)
(1.24142 -1.43758e-07 0)
(1.24142 -1.49942e-07 0)
(1.24142 -1.35954e-07 0)
(1.24142 -1.03468e-07 0)
(1.24142 -6.59505e-08 0)
(1.24142 -4.24156e-08 0)
(1.24142 -3.10796e-08 0)
(1.24142 -1.30326e-08 0)
(1.24142 1.32019e-08 0)
(1.24142 3.41408e-08 0)
(1.24142 4.02448e-08 0)
(1.24142 3.07687e-08 0)
(1.24142 1.16562e-08 0)
(1.24142 -4.06864e-09 0)
(1.24142 -5.81019e-09 0)
(1.24142 2.10758e-09 0)
(1.24142 7.67655e-09 0)
(1.24142 8.75316e-09 0)
(1.24142 6.81833e-09 0)
(1.24142 9.88543e-09 0)
(1.24142 3.1011e-08 0)
(1.24142 5.91261e-08 0)
(1.24142 7.46346e-08 0)
(1.24142 7.62774e-08 0)
(1.24142 6.69003e-08 0)
(1.24142 5.87949e-08 0)
(1.24142 5.88788e-08 0)
(1.24142 6.4703e-08 0)
(1.24142 9.88713e-08 0)
(1.24142 1.22604e-07 0)
(1.24142 9.37322e-08 0)
(1.24142 3.98164e-08 0)
(1.24142 -1.38156e-08 0)
(1.24142 -7.13691e-08 0)
(1.24142 -1.05708e-07 0)
(1.24142 -1.00599e-07 0)
(1.24142 -1.45233e-07 0)
(1.24142 -1.43686e-07 0)
(1.24142 -1.43901e-07 0)
(1.24142 -1.60113e-07 0)
(1.24142 -1.71577e-07 0)
(0.455958 5.5112e-08 0)
(0.455957 5.18114e-08 0)
(0.455958 1.08084e-07 0)
(0.455958 1.96346e-07 0)
(0.455958 2.55679e-07 0)
(0.455959 3.05721e-07 0)
(0.455959 3.61069e-07 0)
(0.45596 4.1432e-07 0)
(0.455961 4.38834e-07 0)
(0.455962 4.25918e-07 0)
(0.455962 3.86856e-07 0)
(0.455963 3.32474e-07 0)
(0.455964 2.69431e-07 0)
(0.455965 2.17683e-07 0)
(0.455965 1.99278e-07 0)
(0.455966 1.93132e-07 0)
(0.455966 1.60496e-07 0)
(0.455967 1.03821e-07 0)
(0.455967 4.98731e-08 0)
(0.455967 1.41338e-08 0)
(0.455967 3.75503e-09 0)
(0.455967 1.45869e-08 0)
(0.455967 2.42559e-08 0)
(0.455968 1.44267e-08 0)
(0.455968 -1.15163e-08 0)
(0.455968 -3.89287e-08 0)
(0.455968 -5.16728e-08 0)
(0.455968 -4.05102e-08 0)
(0.455968 -1.35675e-08 0)
(0.455969 1.1639e-08 0)
(0.455969 2.94354e-08 0)
(0.455969 4.82254e-08 0)
(0.455969 7.34028e-08 0)
(0.455969 9.81265e-08 0)
(0.455969 1.11436e-07 0)
(0.45597 1.07145e-07 0)
(0.45597 8.75782e-08 0)
(0.45597 6.19523e-08 0)
(0.45597 3.69017e-08 0)
(0.45597 9.80621e-09 0)
(0.45597 -2.36205e-08 0)
(0.45597 -5.86027e-08 0)
(0.45597 -8.36419e-08 0)
(0.45597 -9.18117e-08 0)
(0.45597 -8.41017e-08 0)
(0.45597 -7.04011e-08 0)
(0.45597 -5.98048e-08 0)
(0.45597 -5.06164e-08 0)
(0.45597 -3.22638e-08 0)
(0.45597 -2.5466e-09 0)
(0.45597 2.61576e-08 0)
(0.45597 4.16548e-08 0)
(0.45597 4.36378e-08 0)
(0.45597 4.2902e-08 0)
(0.45597 4.90155e-08 0)
(0.45597 5.88028e-08 0)
(0.45597 6.11405e-08 0)
(0.45597 4.92804e-08 0)
(0.45597 2.75946e-08 0)
(0.45597 9.61403e-09 0)
(0.45597 5.58146e-09 0)
(0.455971 1.22751e-08 0)
(0.455971 1.68677e-08 0)
(0.455971 9.37875e-09 0)
(0.455971 -6.78122e-09 0)
(0.455971 -1.87747e-08 0)
(0.455971 -1.86121e-08 0)
(0.455971 -1.23991e-08 0)
(0.455971 -9.98904e-09 0)
(0.455971 -1.48606e-08 0)
(0.455971 -1.94191e-08 0)
(0.455971 -1.27312e-08 0)
(0.455971 5.23442e-09 0)
(0.455971 2.40331e-08 0)
(0.455971 3.11535e-08 0)
(0.455971 2.55593e-08 0)
(0.455971 1.75943e-08 0)
(0.455971 1.7594e-08 0)
(0.455971 2.47287e-08 0)
(0.455971 3.0492e-08 0)
(0.455971 2.58703e-08 0)
(0.455971 1.31135e-08 0)
(0.455971 2.66223e-09 0)
(0.455971 9.43124e-10 0)
(0.455971 4.03438e-09 0)
(0.45597 1.14017e-09 0)
(0.45597 -1.28413e-08 0)
(0.45597 -3.11836e-08 0)
(0.45597 -4.14277e-08 0)
(0.45597 -3.87124e-08 0)
(0.45597 -3.14323e-08 0)
(0.45597 -3.12943e-08 0)
(0.45597 -4.04369e-08 0)
(0.45597 -4.93781e-08 0)
(0.45597 -4.65347e-08 0)
(0.45597 -3.2279e-08 0)
(0.45597 -1.68379e-08 0)
(0.45597 -9.82289e-09 0)
(0.45597 -1.06818e-08 0)
(0.455969 -9.82081e-09 0)
(0.455969 -2.98887e-09 0)
(0.455969 3.73565e-09 0)
(0.455969 1.64486e-11 0)
(0.455969 -1.74157e-08 0)
(0.455969 -4.07052e-08 0)
(0.455969 -5.72125e-08 0)
(0.455969 -6.0535e-08 0)
(0.455969 -5.59457e-08 0)
(0.455969 -5.32783e-08 0)
(0.455969 -5.4661e-08 0)
(0.455969 -5.48868e-08 0)
(0.455969 -4.70628e-08 0)
(0.455968 -3.05252e-08 0)
(0.455968 -1.35081e-08 0)
(0.455968 -7.07338e-09 0)
(0.455968 -1.17983e-08 0)
(0.455968 -1.58149e-08 0)
(0.455968 -1.0136e-08 0)
(0.455968 2.51034e-09 0)
(0.455968 1.32803e-08 0)
(0.455968 1.53814e-08 0)
(0.455968 8.70298e-09 0)
(0.455968 -9.16882e-10 0)
(0.455968 -7.06393e-09 0)
(0.455968 -7.39982e-09 0)
(0.455968 -7.77213e-09 0)
(0.455968 -1.1889e-08 0)
(0.455968 -1.28107e-08 0)
(0.455968 -4.8204e-09 0)
(0.455968 9.78206e-09 0)
(0.455968 2.63812e-08 0)
(0.455968 3.89836e-08 0)
(0.455968 3.95424e-08 0)
(0.455968 2.48134e-08 0)
(0.455968 9.89785e-09 0)
(0.455968 5.61824e-09 0)
(0.455968 7.25141e-09 0)
(0.455968 2.58044e-08 0)
(0.455968 3.95233e-08 0)
(0.455968 1.94477e-08 0)
(0.455968 -1.03804e-08 0)
(0.455968 -2.77911e-08 0)
(0.455968 -3.57366e-08 0)
(0.455968 -2.87675e-08 0)
(0.455968 -4.15622e-09 0)
(0.455968 -2.39458e-08 0)
(0.455968 -6.0522e-08 0)
(0.455968 -7.13247e-08 0)
(0.455968 -6.77034e-08 0)
(0.455968 -8.01472e-08 0)
)
;

boundaryField
{
    inlet
    {
        type            zeroGradient;
    }
    outlet
    {
        type            zeroGradient;
    }
    walls
    {
        type            noSlip;
    }
    frontAndBack
    {
        type            empty;
    }
}


// ************************************************************************* //
