1	3.106466e-09
2	2.9895056e-07
3	8.8446156e-07
4	4.7806626e-07
5	3.9983743e-07
6	6.6530024e-08
7	5.9388455e-08
8	3.1238268e-07
9	4.5503747e-08
10	1.3839584e-07
11	4.338999e-08
12	1.5092741e-08
13	2.8140717e-08
14	3.5632894e-08
15	6.0761993e-08
16	3.1478193e-08
17	1.1209658e-08
18	9.2566974e-09
19	1.0539449e-08
20	8.0790942e-09
21	1.7684083e-08
22	6.736721e-09
23	3.4825164e-09
24	4.1329036e-09
25	1.2241113e-08
26	1.1218838e-08
27	3.8981375e-09
28	4.3086106e-09
29	1.6038841e-09
30	5.4610547e-09
31	7.3998564e-09
32	5.9653227e-09
33	5.7956345e-09
34	5.0471772e-09
35	6.3755854e-09
36	4.3419811e-09
37	2.2448279e-09
38	3.8817128e-09
39	5.0069239e-09
40	5.5689497e-09
41	1.565156e-09
42	4.5661174e-09
43	4.0007918e-09
44	2.484072e-09
45	5.3497237e-09
46	3.5072135e-09
47	2.4667299e-09
48	3.3005563e-09
49	3.0567547e-09
50	6.2889195e-09
51	5.866087e-09
52	2.0215129e-09
53	5.6993461e-09
54	2.8481683e-09
55	4.2654828e-09
56	4.7891346e-09
57	3.6365247e-09
58	4.6524711e-09
59	2.2709761e-09
60	3.1893577e-09
61	2.6747666e-09
62	3.4141803e-09
63	3.125326e-09
64	2.3200571e-09
65	3.740855e-09
66	4.5362477e-09
67	1.616455e-09
68	1.6863501e-09
69	6.7701506e-09
70	5.0457402e-09
71	6.622735e-09
72	3.3136177e-09
73	5.4830781e-09
74	5.289297e-09
75	3.3046106e-09
76	4.7535161e-09
77	3.579185e-09
78	2.9267916e-09
79	2.8441916e-09
80	2.748221e-09
81	2.8879015e-09
82	3.2718144e-09
83	3.4654388e-09
84	3.3642039e-09
85	3.1347465e-09
86	2.7615494e-09
87	6.632788e-09
88	5.7150157e-09
89	5.1236638e-09
90	4.7855886e-09
91	4.5808027e-09
92	4.4394596e-09
93	4.3050777e-09
94	4.1315695e-09
95	3.9009174e-09
96	3.6320713e-09
97	3.3622428e-09
98	3.1251542e-09
99	2.9265586e-09
100	2.7630038e-09
101	2.6227726e-09
102	2.4977763e-09
103	2.3834965e-09
104	2.2767145e-09
105	2.177529e-09
106	2.0869637e-09
107	2.0051517e-09
108	1.9295707e-09
109	1.8577621e-09
110	1.7880616e-09
111	1.7197966e-09
112	1.6525842e-09
113	1.5868918e-09
114	1.5228293e-09
115	1.4608926e-09
116	1.4008867e-09
117	1.3424672e-09
118	1.2858709e-09
119	6.8537692e-09
120	6.545226e-09
121	6.2534577e-09
122	5.9781693e-09
123	5.7184702e-09
124	5.4732492e-09
125	5.2411697e-09
126	5.0209673e-09
127	4.8116047e-09
128	4.6125923e-09
129	4.4234972e-09
130	4.2438878e-09
131	4.0734491e-09
132	3.9116108e-09
133	3.7581298e-09
134	3.6127891e-09
135	3.4754717e-09
136	3.3465321e-09
137	3.2249556e-09
138	3.1096848e-09
139	3.0012375e-09
140	2.8993647e-09
141	2.8033719e-09
142	2.7130427e-09
143	2.6301741e-09
144	2.5536109e-09
145	2.4816548e-09
146	2.4144702e-09
147	2.3516935e-09
148	2.2938315e-09
149	2.2403121e-09
150	2.1892726e-09
151	2.1400348e-09
152	2.0925812e-09
153	6.7424897e-09
154	6.680326e-09
155	6.6157966e-09
156	6.5244726e-09
157	6.3995708e-09
158	6.2482909e-09
159	6.085805e-09
160	5.9255522e-09
161	5.7786827e-09
162	5.6505147e-09
163	5.5399421e-09
164	5.4416648e-09
165	5.3505815e-09
166	5.2625405e-09
167	5.175633e-09
168	5.0899162e-09
169	5.0070315e-09
170	4.9299813e-09
171	4.8603622e-09
172	4.7986201e-09
173	4.7452055e-09
174	4.6996698e-09
175	4.6614903e-09
176	4.6303928e-09
177	4.6056245e-09
178	4.5864492e-09
179	4.5721413e-09
180	4.5622094e-09
181	4.5566045e-09
182	4.5551096e-09
183	4.5571359e-09
184	4.558519e-09
185	4.5562625e-09
186	4.5495542e-09
187	4.5376138e-09
188	4.5202074e-09
189	4.4973131e-09
190	4.4689549e-09
191	4.4354578e-09
192	4.397333e-09
193	4.3551124e-09
194	4.309329e-09
195	4.260562e-09
196	4.2094178e-09
197	4.1563288e-09
198	4.1017336e-09
199	4.0459433e-09
200	3.989492e-09
201	3.9324415e-09
202	3.8754508e-09
203	3.8198212e-09
204	3.7646498e-09
205	3.7095399e-09
206	3.6544517e-09
207	3.5995239e-09
208	3.5451076e-09
209	3.4912324e-09
210	3.4381228e-09
211	3.3856799e-09
212	3.3337544e-09
213	3.2822727e-09
214	3.2314522e-09
215	3.1813926e-09
216	3.1322591e-09
217	3.0839901e-09
218	3.0367675e-09
219	2.9908334e-09
220	2.946468e-09
221	2.9036232e-09
222	2.8621649e-09
223	2.821812e-09
224	2.7826533e-09
225	2.7446458e-09
226	2.7075901e-09
227	2.6714186e-09
228	2.6360848e-09
229	2.6014989e-09
230	2.5676188e-09
231	2.5343931e-09
232	2.5016163e-09
233	2.4693316e-09
234	6.7859459e-09
235	6.7863916e-09
236	6.7809755e-09
237	6.7534351e-09
238	6.6998312e-09
239	6.6253841e-09
240	6.5415239e-09
241	6.4593068e-09
242	6.385325e-09
243	6.3227875e-09
244	6.2709914e-09
245	6.227054e-09
246	6.187328e-09
247	6.1488247e-09
248	6.1094968e-09
249	6.068584e-09
250	6.0265975e-09
251	5.9845409e-09
252	5.9434052e-09
253	5.9039492e-09
254	5.8665023e-09
255	5.831112e-09
256	5.7974857e-09
257	5.7649776e-09
258	5.7332268e-09
259	5.7020075e-09
260	5.671182e-09
261	5.6408774e-09
262	5.6110308e-09
263	5.5816931e-09
264	5.552994e-09
265	5.5248528e-09
266	5.497285e-09
267	5.4701551e-09
268	5.4435003e-09
269	5.4171935e-09
270	5.3912482e-09
271	5.3655267e-09
272	5.3400612e-09
273	5.3149248e-09
274	5.2900905e-09
275	5.2654229e-09
276	5.241028e-09
277	5.2169036e-09
278	5.1929591e-09
279	5.1692352e-09
280	5.1457113e-09
281	5.1223545e-09
282	5.0991765e-09
283	5.0761823e-09
284	5.0533703e-09
285	5.0306943e-09
286	5.0081438e-09
287	4.9857837e-09
288	4.9635421e-09
289	4.9414667e-09
290	4.9195215e-09
291	4.8976869e-09
292	4.875947e-09
293	4.8543632e-09
294	4.8328697e-09
295	4.8114902e-09
296	4.7901985e-09
297	4.7690605e-09
298	4.7480271e-09
299	4.7271038e-09
300	4.7062785e-09
301	4.6855444e-09
302	4.6649353e-09
303	4.6444049e-09
304	4.6239848e-09
305	4.6036418e-09
306	4.583387e-09
307	4.563252e-09
308	4.5431997e-09
309	4.5232487e-09
310	4.5034041e-09
311	4.4836545e-09
312	4.4639499e-09
313	4.444368e-09
314	4.4248596e-09
315	4.4054639e-09
316	4.3861663e-09
317	4.3669009e-09
318	4.3477298e-09
319	4.3286871e-09
320	4.3096903e-09
321	4.2907909e-09
322	4.2719652e-09
323	4.2532111e-09
324	4.2345788e-09
325	4.2160035e-09
326	4.1975014e-09
327	4.1790881e-09
328	4.1607432e-09
329	4.1424948e-09
330	4.1243101e-09
331	4.1062384e-09
332	4.0882561e-09
333	4.0702788e-09
334	4.0524286e-09
335	4.034634e-09
336	4.0169682e-09
337	3.9993108e-09
338	3.9817909e-09
339	3.9643378e-09
340	3.946942e-09
341	3.9296167e-09
342	3.912372e-09
343	3.8951956e-09
344	3.8781321e-09
345	3.8611135e-09
346	3.8441463e-09
347	3.8272979e-09
348	3.8104905e-09
349	3.7937779e-09
350	3.7771557e-09
351	3.7605645e-09
352	3.7440854e-09
353	3.7276386e-09
354	3.7112811e-09
355	3.6950143e-09
356	3.6788252e-09
357	3.6626603e-09
358	3.6466018e-09
359	3.6306044e-09
360	3.6147015e-09
361	3.5988532e-09
362	3.5830804e-09
363	3.5673516e-09
364	3.5517014e-09
365	3.5361539e-09
366	3.5206256e-09
367	3.5051905e-09
368	3.4898164e-09
369	3.4745317e-09
370	3.4593092e-09
371	3.4441346e-09
372	3.4290328e-09
373	3.4140115e-09
374	3.3990426e-09
375	3.3841608e-09
376	3.369333e-09
377	3.3545667e-09
378	3.3398538e-09
379	3.3252267e-09
380	3.3106545e-09
381	3.2961632e-09
382	3.2817247e-09
383	3.2673268e-09
384	3.2530219e-09
385	3.2387834e-09
386	3.2246042e-09
387	3.2105007e-09
388	3.1964216e-09
389	3.182438e-09
390	3.1685111e-09
391	3.1546447e-09
392	3.1408168e-09
393	3.1270763e-09
394	3.1134034e-09
395	3.0997778e-09
396	3.0862296e-09
397	3.0727256e-09
398	3.0592602e-09
399	3.0459132e-09
400	3.0325723e-09
401	3.0193039e-09
402	3.0061085e-09
403	2.9929571e-09
404	2.9798726e-09
405	2.9668243e-09
406	2.9539017e-09
407	2.94097e-09
408	2.9281293e-09
409	2.9153246e-09
410	2.9025504e-09
411	2.8899252e-09
412	2.8772798e-09
413	2.8647106e-09
414	2.8522322e-09
415	2.8397778e-09
416	2.8273459e-09
417	2.8149913e-09
418	2.8027285e-09
419	2.790466e-09
420	2.7782875e-09
421	2.7661795e-09
422	2.7541132e-09
423	2.74208e-09
424	2.7301252e-09
425	2.7182075e-09
426	2.7063515e-09
427	2.694546e-09
428	2.6828084e-09
429	2.6711095e-09
430	2.6594695e-09
431	2.647889e-09
432	2.6363034e-09
433	2.6248327e-09
434	2.6133938e-09
435	2.6020213e-09
436	2.590653e-09
437	2.579377e-09
438	2.5681409e-09
439	2.5569419e-09
440	2.5458298e-09
441	2.5347466e-09
442	2.5236878e-09
443	2.5127075e-09
444	2.5017829e-09
445	2.4908651e-09
446	2.4800079e-09
447	2.4692496e-09
448	2.4585083e-09
449	2.4477911e-09
450	2.4371432e-09
451	2.4265352e-09
452	2.415997e-09
453	2.405478e-09
454	2.3949956e-09
455	2.3846114e-09
456	2.3742377e-09
457	2.3639095e-09
458	2.3536355e-09
459	2.3433931e-09
460	2.3332176e-09
461	2.3230759e-09
462	2.3129723e-09
463	2.3029219e-09
464	2.2929345e-09
465	2.2829779e-09
466	2.2730368e-09
467	2.263192e-09
468	2.2533593e-09
469	2.2435738e-09
470	2.2338054e-09
471	2.2241307e-09
472	2.2144661e-09
473	2.2048653e-09
474	2.1952976e-09
475	2.1857427e-09
476	2.1762665e-09
477	2.1668265e-09
478	2.1574609e-09
479	2.1480691e-09
480	2.1387793e-09
481	2.1294831e-09
482	2.1202441e-09
483	2.111055e-09
484	2.1019047e-09
485	2.0927892e-09
486	2.0837301e-09
487	2.0746983e-09
488	2.0656814e-09
489	2.0567494e-09
490	2.0478328e-09
491	2.0389661e-09
492	2.0301244e-09
493	2.0213305e-09
494	2.0125779e-09
495	6.7610216e-09
496	2.0352392e-09
497	2.0239896e-09
498	2.0033646e-09
499	6.6979799e-09
500	1.9952548e-09
501	6.7227201e-09
502	1.9884133e-09
503	6.7063844e-09
504	6.7591141e-09
505	1.9756395e-09
506	6.6566517e-09
507	6.6621823e-09
508	6.6730893e-09
509	6.6720924e-09
510	6.6539433e-09
511	6.6218801e-09
512	6.5821558e-09
513	6.5413422e-09
514	6.5043385e-09
515	6.4733496e-09
516	6.4477839e-09
517	6.4251989e-09
518	6.402694e-09
519	6.3782741e-09
520	6.3512674e-09
521	6.3221941e-09
522	6.2923111e-09
523	6.2627524e-09
524	6.2343231e-09
525	6.2072382e-09
526	6.181255e-09
527	6.1558403e-09
528	6.1304493e-09
529	6.104666e-09
530	6.0784013e-09
