1	1
2	0.99762952
3	0.88751019
4	0.68314461
5	0.23528786
6	0.2064802
7	0.23232291
8	0.29908991
9	0.56972361
10	0.32567568
11	0.14264495
12	0.12928254
13	0.18074655
14	0.34614903
15	0.43373872
16	0.11808575
17	0.065003761
18	0.098933075
19	0.17456776
20	0.31088143
21	0.16191882
22	0.062476598
23	0.062032419
24	0.11965433
25	0.15154302
26	0.10803945
27	0.058273298
28	0.036236367
29	0.055433525
30	0.060004536
31	0.047571325
32	0.029129789
33	0.015030804
34	0.016244833
35	0.020905558
36	0.018946488
37	0.013309463
38	0.0079265304
39	0.0059368289
40	0.0079266512
41	0.0081470134
42	0.0064887967
43	0.0041757792
44	0.002542546
45	0.0027337161
46	0.0031214913
47	0.0028441196
48	0.0022001328
49	0.0016371011
50	0.0014641799
51	0.0016328988
52	0.0015901789
53	0.0013396725
54	0.0010440269
55	0.00085800847
56	0.00086010424
57	0.00086461824
58	0.00080634277
59	0.00071552887
60	0.00063696384
61	0.00060839523
62	0.00060480324
63	0.00057468179
64	0.00052551539
65	0.00047517317
66	0.00043860325
67	0.00042420331
68	0.00040809906
69	0.00038582624
70	0.00036157327
71	0.00034060283
72	0.00032658351
73	0.00031347955
74	0.00029824061
75	0.00028136465
76	0.00026501343
77	0.00025140755
78	0.0002403685
79	0.00022940372
80	0.00021835764
81	0.00020769282
82	0.0001980774
83	0.00018926476
84	0.00018064623
85	0.00017213618
86	0.00016384343
87	0.00015596813
88	0.00014864723
89	0.00014184219
90	0.000135354
91	0.00012915717
92	0.00012330063
93	0.00011773976
94	0.00011242462
95	0.00010732451
96	0.00010243255
97	9.7756679e-05
98	9.3317645e-05
99	8.9110627e-05
100	8.5115613e-05
101	8.1315569e-05
102	7.769622e-05
103	7.4245281e-05
104	7.0952809e-05
105	6.7808976e-05
106	6.480601e-05
107	6.19383e-05
108	5.920117e-05
109	5.6590153e-05
110	5.410013e-05
111	5.172548e-05
112	4.9460795e-05
113	4.7300127e-05
114	4.5237984e-05
115	4.3269378e-05
116	4.1389744e-05
117	3.9595206e-05
118	3.7881727e-05
119	3.6245749e-05
120	3.4683662e-05
121	3.3192322e-05
122	3.1768323e-05
123	3.0421976e-05
124	2.9136794e-05
125	2.7909482e-05
126	2.6737083e-05
127	2.5616928e-05
128	2.4546661e-05
129	2.3524117e-05
130	2.2547128e-05
131	2.1615536e-05
132	2.0736474e-05
133	1.9907831e-05
134	1.9116647e-05
135	1.8360541e-05
136	1.7639997e-05
137	1.6960924e-05
138	1.6312572e-05
139	1.5692485e-05
140	1.5098675e-05
141	1.4530854e-05
142	1.3988266e-05
143	1.3469609e-05
144	1.2974179e-05
145	1.2500704e-05
146	1.2050492e-05
147	1.1624295e-05
148	1.1216991e-05
149	1.082732e-05
150	1.0460401e-05
151	1.0114697e-05
152	9.783671e-06
153	9.466991e-06
154	9.1672776e-06
155	8.8820363e-06
156	8.6118498e-06
157	8.3608176e-06
158	8.1201283e-06
159	7.888629e-06
160	7.6665796e-06
161	7.4554187e-06
162	7.2541362e-06
163	7.0614704e-06
164	6.877926e-06
165	6.7020976e-06
166	6.5338755e-06
167	6.3758034e-06
168	6.2313396e-06
169	6.0953147e-06
170	5.969866e-06
171	5.8536205e-06
172	5.7418431e-06
173	5.6345668e-06
174	5.5318095e-06
175	5.4327141e-06
176	5.3464561e-06
177	5.2752459e-06
178	5.2064799e-06
179	5.1427144e-06
180	5.0922605e-06
181	5.047764e-06
182	5.0087764e-06
183	4.9705743e-06
184	4.9331093e-06
185	4.8962868e-06
186	4.8601663e-06
187	4.8248088e-06
188	4.7901926e-06
189	4.7562063e-06
190	4.7228391e-06
191	4.6900651e-06
192	4.6578574e-06
193	4.6262012e-06
194	4.5955702e-06
195	4.5654178e-06
196	4.5357117e-06
197	4.5065945e-06
198	4.4779417e-06
199	4.4497282e-06
200	4.4219735e-06
201	4.3951652e-06
202	4.3687254e-06
203	4.3426825e-06
204	4.3169993e-06
205	4.2916167e-06
206	4.2665934e-06
207	4.2419381e-06
208	4.2176056e-06
209	4.1939612e-06
210	4.1706302e-06
211	4.1475628e-06
212	4.1247526e-06
213	4.1021779e-06
214	4.0798105e-06
215	4.057694e-06
216	4.0358527e-06
217	4.0143042e-06
218	3.9929776e-06
219	3.9718669e-06
220	3.9510278e-06
221	3.9305997e-06
222	3.9103642e-06
223	3.890286e-06
224	3.8703874e-06
225	3.8506841e-06
226	3.83118e-06
227	3.8118489e-06
228	3.7926788e-06
229	3.7736749e-06
230	3.7548335e-06
231	3.736147e-06
232	3.7176289e-06
233	3.6994209e-06
234	3.6813623e-06
235	3.6628669e-06
236	3.647264e-06
237	3.631355e-06
238	3.6143882e-06
239	3.5965248e-06
240	3.5782403e-06
241	3.5600608e-06
242	3.5423258e-06
243	3.525126e-06
244	3.5083989e-06
245	3.4920831e-06
246	3.4759939e-06
247	3.4599832e-06
248	3.4439648e-06
249	3.4279069e-06
250	3.4118365e-06
251	3.3958054e-06
252	3.379865e-06
253	3.3640589e-06
254	3.348396e-06
255	3.3328754e-06
256	3.3175295e-06
257	3.3023099e-06
258	3.2871707e-06
259	3.2720965e-06
260	3.2570893e-06
261	3.2421532e-06
262	3.2272943e-06
263	3.2125191e-06
264	3.1978309e-06
265	3.1832298e-06
266	3.1687197e-06
267	3.154294e-06
268	3.1399796e-06
269	3.1257488e-06
270	3.1115895e-06
271	3.0975013e-06
272	3.0834829e-06
273	3.0695337e-06
274	3.0556567e-06
275	3.0418536e-06
276	3.0281258e-06
277	3.0144722e-06
278	3.0008899e-06
279	2.9873767e-06
280	2.9739523e-06
281	2.9605994e-06
282	2.947312e-06
283	2.9340894e-06
284	2.9209318e-06
285	2.9078392e-06
286	2.8948129e-06
287	2.8818512e-06
288	2.8689533e-06
289	2.8561173e-06
290	2.8433449e-06
291	2.8306349e-06
292	2.8179971e-06
293	2.8054258e-06
294	2.7929152e-06
295	2.7804655e-06
296	2.7680749e-06
297	2.7557436e-06
298	2.7434718e-06
299	2.7312588e-06
300	2.7191034e-06
301	2.7070054e-06
302	2.6949654e-06
303	2.6829829e-06
304	2.6710591e-06
305	2.6591982e-06
306	2.6473947e-06
307	2.6356466e-06
308	2.6239541e-06
309	2.6123154e-06
310	2.6007314e-06
311	2.5892021e-06
312	2.5777267e-06
313	2.5663053e-06
314	2.5549372e-06
315	2.5436219e-06
316	2.5323592e-06
317	2.5211495e-06
318	2.5099954e-06
319	2.4988947e-06
320	2.4878455e-06
321	2.4768472e-06
322	2.4658998e-06
323	2.455003e-06
324	2.4441565e-06
325	2.4333602e-06
326	2.4226141e-06
327	2.4119175e-06
328	2.4012703e-06
329	2.3906724e-06
330	2.3801235e-06
331	2.3696237e-06
332	2.3591732e-06
333	2.3487718e-06
334	2.3384184e-06
335	2.3281124e-06
336	2.3178535e-06
337	2.3076417e-06
338	2.2974768e-06
339	2.2873584e-06
340	2.2772864e-06
341	2.2672605e-06
342	2.2572805e-06
343	2.2473464e-06
344	2.2374577e-06
345	2.2276142e-06
346	2.2178156e-06
347	2.2080619e-06
348	2.1983533e-06
349	2.1886899e-06
350	2.1790706e-06
351	2.1694951e-06
352	2.1599632e-06
353	2.1504746e-06
354	2.1410293e-06
355	2.1316269e-06
356	2.1222674e-06
357	2.1129507e-06
358	2.1036762e-06
359	2.0944438e-06
360	2.0852534e-06
361	2.0761047e-06
362	2.0669975e-06
363	2.0579317e-06
364	2.048907e-06
365	2.0399231e-06
366	2.0309802e-06
367	2.022078e-06
368	2.0132162e-06
369	2.0043944e-06
370	1.9956128e-06
371	1.9868711e-06
372	1.9781689e-06
373	1.969506e-06
374	1.9608823e-06
375	1.9522976e-06
376	1.9437517e-06
377	1.9352443e-06
378	1.9267755e-06
379	1.9183449e-06
380	1.9099523e-06
381	1.9015976e-06
382	1.8932807e-06
383	1.8850012e-06
384	1.8767591e-06
385	1.8685541e-06
386	1.8603863e-06
387	1.8522553e-06
388	1.8441611e-06
389	1.8361031e-06
390	1.8280815e-06
391	1.8200961e-06
392	1.8121465e-06
393	1.8042327e-06
394	1.7963546e-06
395	1.788512e-06
396	1.7807048e-06
397	1.7729326e-06
398	1.7651954e-06
399	1.7574929e-06
400	1.7498251e-06
401	1.7421916e-06
402	1.7345924e-06
403	1.7270274e-06
404	1.7194963e-06
405	1.7119989e-06
406	1.7045352e-06
407	1.697105e-06
408	1.6897081e-06
409	1.6823444e-06
410	1.6750137e-06
411	1.6677157e-06
412	1.6604505e-06
413	1.6532178e-06
414	1.6460175e-06
415	1.6388495e-06
416	1.6317135e-06
417	1.6246095e-06
418	1.6175372e-06
419	1.6104965e-06
420	1.6034874e-06
421	1.5965095e-06
422	1.5895628e-06
423	1.5826472e-06
424	1.5757625e-06
425	1.5689086e-06
426	1.5620853e-06
427	1.5552924e-06
428	1.5485298e-06
429	1.5417974e-06
430	1.5350951e-06
431	1.5284226e-06
432	1.52178e-06
433	1.5151669e-06
434	1.5085833e-06
435	1.5020291e-06
436	1.4955041e-06
437	1.4890081e-06
438	1.4825411e-06
439	1.4761028e-06
440	1.4696932e-06
441	1.4633122e-06
442	1.4569596e-06
443	1.4506351e-06
444	1.4443389e-06
445	1.4380707e-06
446	1.4318303e-06
447	1.4256176e-06
448	1.4194326e-06
449	1.4132751e-06
450	1.4071449e-06
451	1.401042e-06
452	1.3949661e-06
453	1.3889173e-06
454	1.3828953e-06
455	1.3769e-06
456	1.3709313e-06
457	1.3649892e-06
458	1.3590734e-06
459	1.3531838e-06
460	1.3473203e-06
461	1.3414828e-06
462	1.3356712e-06
463	1.3298854e-06
464	1.3241252e-06
465	1.3183905e-06
466	1.3126813e-06
467	1.3069972e-06
468	1.3013384e-06
469	1.2957046e-06
470	1.2900958e-06
471	1.2845117e-06
472	1.2789524e-06
473	1.2734176e-06
474	1.2679074e-06
475	1.2624215e-06
476	1.2569599e-06
477	1.2515224e-06
478	1.2461089e-06
479	1.2407194e-06
480	1.2353536e-06
481	1.2300117e-06
482	1.2246932e-06
483	1.2193983e-06
484	1.2141266e-06
485	1.2088783e-06
486	1.2036532e-06
487	1.1984511e-06
488	1.193272e-06
489	1.1881157e-06
490	1.1829822e-06
491	1.1778712e-06
492	1.1727828e-06
493	1.1677169e-06
494	1.1626733e-06
495	1.1576519e-06
496	1.1543695e-06
497	1.1489806e-06
498	1.1429598e-06
499	1.1376183e-06
500	1.1339979e-06
501	1.1282347e-06
502	1.1256441e-06
503	1.1192226e-06
504	1.1162585e-06
505	1.1133796e-06
506	1.1057635e-06
507	1.1018424e-06
508	1.098243e-06
509	1.0945293e-06
510	1.0904397e-06
511	1.0859001e-06
512	1.0810131e-06
513	1.0759555e-06
514	1.070905e-06
515	1.0659891e-06
516	1.0612558e-06
517	1.056692e-06
518	1.0522469e-06
519	1.0478582e-06
520	1.0434718e-06
521	1.0390549e-06
522	1.034599e-06
523	1.0301158e-06
524	1.0256274e-06
525	1.0211559e-06
526	1.0167177e-06
527	1.0123198e-06
528	1.0079609e-06
529	1.0036343e-06
530	9.993312e-07
