1	7.5601478e-06
2	3.8134892e-06
3	4.5236184e-06
4	3.1776881e-06
5	8.1330028e-07
6	9.2142061e-07
7	1.013212e-06
8	1.1542693e-06
9	2.6463715e-06
10	1.5309479e-06
11	5.8535658e-07
12	1.0518615e-06
13	5.3698254e-07
14	1.0702259e-06
15	1.023887e-06
16	1.0134973e-06
17	4.1038948e-07
18	2.9428318e-07
19	7.8288876e-07
20	1.2448333e-06
21	4.4017705e-07
22	3.4547774e-07
23	3.6680945e-07
24	4.178324e-07
25	4.9272089e-07
26	4.429043e-07
27	2.4086707e-07
28	1.7660299e-07
29	3.0771706e-07
30	2.2963996e-07
31	1.4360534e-07
32	8.113767e-08
33	1.0350349e-07
34	7.6796269e-08
35	1.0385949e-07
36	7.687307e-08
37	4.0140934e-08
38	6.5307001e-08
39	1.8852524e-08
40	2.1967945e-08
41	2.8004148e-08
42	1.8230288e-08
43	1.4830036e-08
44	1.8440074e-08
45	7.6975568e-09
46	1.3897264e-08
47	1.0759355e-08
48	4.7518977e-09
49	1.1712612e-08
50	9.0613324e-09
51	8.4547114e-09
52	2.9140716e-09
53	8.218349e-09
54	4.1081107e-09
55	6.1539933e-09
56	6.911139e-09
57	5.248818e-09
58	6.716479e-09
59	3.2791366e-09
60	4.6062257e-09
61	3.8638756e-09
62	4.9329467e-09
63	4.5164127e-09
64	3.3533263e-09
65	5.407819e-09
66	6.5587193e-09
67	2.3375244e-09
68	2.4389575e-09
69	9.7930915e-09
70	7.2998209e-09
71	9.5827424e-09
72	4.7953651e-09
73	7.9360486e-09
74	7.6566523e-09
75	4.7843135e-09
76	6.8829788e-09
77	5.1832662e-09
78	4.2390519e-09
79	4.1199623e-09
80	3.9814352e-09
81	4.184297e-09
82	4.7411606e-09
83	5.0223485e-09
84	4.8762712e-09
85	4.5442025e-09
86	4.0036807e-09
87	9.6172716e-09
88	8.287489e-09
89	7.4307957e-09
90	6.9412304e-09
91	6.64491e-09
92	6.4405347e-09
93	6.246222e-09
94	5.995113e-09
95	5.66101e-09
96	5.2713852e-09
97	4.8802228e-09
98	4.536576e-09
99	4.2487259e-09
100	4.0116465e-09
101	3.8084303e-09
102	3.6272735e-09
103	3.4616649e-09
104	3.3068667e-09
105	3.1631117e-09
106	3.0318101e-09
107	2.9132137e-09
108	2.8036852e-09
109	2.6995939e-09
110	2.5985433e-09
111	2.4995614e-09
112	2.4020748e-09
113	2.3067878e-09
114	2.213849e-09
115	2.1240242e-09
116	2.0369276e-09
117	1.9521452e-09
118	1.8699925e-09
119	9.9681375e-09
120	9.5201698e-09
121	9.0965259e-09
122	8.6967978e-09
123	8.3197044e-09
124	7.9635643e-09
125	7.6265161e-09
126	7.3066621e-09
127	7.0025888e-09
128	6.7134852e-09
129	6.4387573e-09
130	6.1778109e-09
131	5.9301693e-09
132	5.6950334e-09
133	5.4719992e-09
134	5.2607817e-09
135	5.0612397e-09
136	4.8738113e-09
137	4.6971327e-09
138	4.5296088e-09
139	4.3719387e-09
140	4.2238709e-09
141	4.0843595e-09
142	3.9530557e-09
143	3.8325748e-09
144	3.7212659e-09
145	3.6166606e-09
146	3.5190332e-09
147	3.4277773e-09
148	3.3436618e-09
149	3.2658719e-09
150	3.1917391e-09
151	3.1201437e-09
152	3.0511633e-09
153	9.831965e-09
154	9.7420008e-09
155	9.6485531e-09
156	9.5160374e-09
157	9.3344982e-09
158	9.1144698e-09
159	8.8780636e-09
160	8.6448821e-09
161	8.4311784e-09
162	8.2447661e-09
163	8.0839851e-09
164	7.9410856e-09
165	7.8087089e-09
166	7.680739e-09
167	7.5543963e-09
168	7.4297571e-09
169	7.309271e-09
170	7.1972495e-09
171	7.0960765e-09
172	7.0063597e-09
173	6.9288609e-09
174	6.8628064e-09
175	6.807464e-09
176	6.7624864e-09
177	6.7267664e-09
178	6.6991828e-09
179	6.6786799e-09
180	6.6646132e-09
181	6.6567988e-09
182	6.6550449e-09
183	6.6584112e-09
184	6.6608382e-09
185	6.6579544e-09
186	6.6485742e-09
187	6.6315117e-09
188	6.6064663e-09
189	6.5734043e-09
190	6.532347e-09
191	6.483752e-09
192	6.4283908e-09
193	6.3670477e-09
194	6.3005195e-09
195	6.2295428e-09
196	6.1551362e-09
197	6.0778819e-09
198	5.9983973e-09
199	5.917151e-09
200	5.8349101e-09
201	5.7518002e-09
202	5.668743e-09
203	5.5876861e-09
204	5.5073122e-09
205	5.4269953e-09
206	5.3467064e-09
207	5.2666075e-09
208	5.187316e-09
209	5.1087363e-09
210	5.031286e-09
211	4.9548311e-09
212	4.8791084e-09
213	4.8039978e-09
214	4.7298568e-09
215	4.6568455e-09
216	4.5851714e-09
217	4.514762e-09
218	4.4458654e-09
219	4.3788438e-09
220	4.3141054e-09
221	4.2515907e-09
222	4.1911165e-09
223	4.1322549e-09
224	4.0751213e-09
225	4.0196777e-09
226	3.9655577e-09
227	3.9128147e-09
228	3.8612508e-09
229	3.8107668e-09
230	3.7613343e-09
231	3.7128473e-09
232	3.6650389e-09
233	3.617891e-09
234	9.9427819e-09
235	9.9439418e-09
236	9.9364761e-09
237	9.8965965e-09
238	9.8184847e-09
239	9.7099046e-09
240	9.5874624e-09
241	9.4673965e-09
242	9.3594306e-09
243	9.2681812e-09
244	9.1926733e-09
245	9.128731e-09
246	9.0708915e-09
247	9.0148367e-09
248	8.9575988e-09
249	8.8980511e-09
250	8.8368645e-09
251	8.7756394e-09
252	8.715663e-09
253	8.6582266e-09
254	8.603688e-09
255	8.5521733e-09
256	8.5032499e-09
257	8.4559314e-09
258	8.4097325e-09
259	8.3642754e-09
260	8.3194696e-09
261	8.2753469e-09
262	8.2319311e-09
263	8.1892451e-09
264	8.1474692e-09
265	8.1065683e-09
266	8.0664438e-09
267	8.0269931e-09
268	7.988219e-09
269	7.9499594e-09
270	7.9121993e-09
271	7.8747622e-09
272	7.8377388e-09
273	7.801138e-09
274	7.7649799e-09
275	7.7291285e-09
276	7.6936091e-09
277	7.6585293e-09
278	7.6237128e-09
279	7.5891654e-09
280	7.554946e-09
281	7.520938e-09
282	7.4872211e-09
283	7.4537448e-09
284	7.4205347e-09
285	7.3875299e-09
286	7.3547129e-09
287	7.3221769e-09
288	7.2897795e-09
289	7.2576235e-09
290	7.2256763e-09
291	7.1938723e-09
292	7.1622443e-09
293	7.130771e-09
294	7.0994815e-09
295	7.0683441e-09
296	7.0373408e-09
297	7.0065304e-09
298	6.9758947e-09
299	6.9454089e-09
300	6.9150512e-09
301	6.8848689e-09
302	6.8548397e-09
303	6.8249076e-09
304	6.7951327e-09
305	6.7654933e-09
306	6.7359842e-09
307	6.7066428e-09
308	6.6773891e-09
309	6.6483119e-09
310	6.6193364e-09
311	6.5905255e-09
312	6.5618154e-09
313	6.533271e-09
314	6.5048315e-09
315	6.4765279e-09
316	6.4483717e-09
317	6.4202704e-09
318	6.3923209e-09
319	6.3645267e-09
320	6.3368013e-09
321	6.3092146e-09
322	6.2817701e-09
323	6.2544218e-09
324	6.2271866e-09
325	6.2000852e-09
326	6.1730808e-09
327	6.1461989e-09
328	6.1194265e-09
329	6.0927511e-09
330	6.0662634e-09
331	6.0398387e-09
332	6.0135747e-09
333	5.9873554e-09
334	5.9612884e-09
335	5.9352937e-09
336	5.9094656e-09
337	5.8837065e-09
338	5.8580904e-09
339	5.8326011e-09
340	5.807199e-09
341	5.7818729e-09
342	5.756696e-09
343	5.7316031e-09
344	5.7066272e-09
345	5.6817806e-09
346	5.6569689e-09
347	5.6323523e-09
348	5.6078001e-09
349	5.5833722e-09
350	5.5590445e-09
351	5.534794e-09
352	5.5107092e-09
353	5.4866778e-09
354	5.4627801e-09
355	5.4389581e-09
356	5.4152772e-09
357	5.3916728e-09
358	5.368148e-09
359	5.3447586e-09
360	5.3214931e-09
361	5.2983092e-09
362	5.2752442e-09
363	5.2522411e-09
364	5.2293635e-09
365	5.2065804e-09
366	5.1839042e-09
367	5.1612883e-09
368	5.1387824e-09
369	5.1164296e-09
370	5.0941421e-09
371	5.0719366e-09
372	5.049828e-09
373	5.0278513e-09
374	5.005943e-09
375	4.9841651e-09
376	4.9624542e-09
377	4.9408321e-09
378	4.9192982e-09
379	4.8978773e-09
380	4.8765698e-09
381	4.8552972e-09
382	4.8341776e-09
383	4.8130893e-09
384	4.7921551e-09
385	4.7712994e-09
386	4.7505072e-09
387	4.7298405e-09
388	4.7092781e-09
389	4.6887431e-09
390	4.668337e-09
391	4.6480179e-09
392	4.6277873e-09
393	4.6076425e-09
394	4.5875907e-09
395	4.5676527e-09
396	4.5477949e-09
397	4.5280004e-09
398	4.5082633e-09
399	4.4886993e-09
400	4.4691571e-09
401	4.449707e-09
402	4.4303729e-09
403	4.4110725e-09
404	4.3919047e-09
405	4.3727912e-09
406	4.3538127e-09
407	4.3348631e-09
408	4.3160518e-09
409	4.2972691e-09
410	4.2785713e-09
411	4.2600256e-09
412	4.2414806e-09
413	4.2230336e-09
414	4.2047255e-09
415	4.186455e-09
416	4.1682356e-09
417	4.1501278e-09
418	4.1321316e-09
419	4.1141795e-09
420	4.0963084e-09
421	4.0785271e-09
422	4.0607994e-09
423	4.0431541e-09
424	4.0256305e-09
425	4.0081713e-09
426	3.9907418e-09
427	3.9734572e-09
428	3.9561773e-09
429	3.9390134e-09
430	3.9219357e-09
431	3.9049277e-09
432	3.8879554e-09
433	3.8710901e-09
434	3.8543067e-09
435	3.8375891e-09
436	3.8209353e-09
437	3.8043764e-09
438	3.7878593e-09
439	3.7714387e-09
440	3.7551123e-09
441	3.7388489e-09
442	3.7226133e-09
443	3.7064616e-09
444	3.6904537e-09
445	3.6744235e-09
446	3.6584553e-09
447	3.6426522e-09
448	3.6269007e-09
449	3.6111832e-09
450	3.5955174e-09
451	3.5799436e-09
452	3.5644635e-09
453	3.5490126e-09
454	3.533633e-09
455	3.5183234e-09
456	3.503126e-09
457	3.4879319e-09
458	3.4728502e-09
459	3.4577957e-09
460	3.4428539e-09
461	3.4279402e-09
462	3.4131023e-09
463	3.398357e-09
464	3.3836344e-09
465	3.3690076e-09
466	3.3544227e-09
467	3.3399325e-09
468	3.3254789e-09
469	3.311111e-09
470	3.2967609e-09
471	3.2825114e-09
472	3.2683397e-09
473	3.2542152e-09
474	3.2401302e-09
475	3.226131e-09
476	3.2121652e-09
477	3.198267e-09
478	3.1844887e-09
479	3.1707161e-09
480	3.1570161e-09
481	3.1433828e-09
482	3.1298177e-09
483	3.1162898e-09
484	3.1028179e-09
485	3.0894438e-09
486	3.0760896e-09
487	3.0628161e-09
488	3.0495727e-09
489	3.0364313e-09
490	3.023316e-09
491	3.0102798e-09
492	2.9972481e-09
493	2.9843153e-09
494	2.9714832e-09
495	9.9823649e-09
496	3.0049942e-09
497	2.9884214e-09
498	2.9580526e-09
499	9.8899228e-09
500	2.9461198e-09
501	9.9267605e-09
502	2.9361254e-09
503	9.9029759e-09
504	9.9809438e-09
505	2.9174059e-09
506	9.8299402e-09
507	9.8383055e-09
508	9.8545439e-09
509	9.8531949e-09
510	9.8265507e-09
511	9.7793375e-09
512	9.7208548e-09
513	9.6607015e-09
514	9.6062108e-09
515	9.5605747e-09
516	9.522937e-09
517	9.4897149e-09
518	9.456628e-09
519	9.4206663e-09
520	9.3809043e-09
521	9.338136e-09
522	9.2940918e-09
523	9.2505521e-09
524	9.2087193e-09
525	9.1688465e-09
526	9.1305812e-09
527	9.0931586e-09
528	9.05577e-09
529	9.017827e-09
530	8.9791433e-09
