/*--------------------------------*- C++ -*----------------------------------*\
| =========                 |                                                 |
| \\      /  F ield         | OpenFOAM: The Open Source CFD Toolbox           |
|  \\    /   O peration     | Version:  2406                                  |
|   \\  /    A nd           | Website:  www.openfoam.com                      |
|    \\/     M anipulation  |                                                 |
\*---------------------------------------------------------------------------*/
FoamFile
{
    version     2.0;
    format      ascii;
    arch        "LSB;label=32;scalar=64";
    class       volScalarField;
    location    "0.2";
    object      p_rgh;
}
// * * * * * * * * * * * * * * * * * * * * * * * * * * * * * * * * * * * * * //

dimensions      [1 -1 -2 0 0 0 0];

internalField   nonuniform List<scalar> 
6250
(
3550.93
4091.09
4626.07
4609.73
4479.63
4446.37
4470.81
4486.74
4484.29
4477.51
4474.46
4474.06
4473.57
4472.28
4470.7
4469.26
4467.96
4466.67
4465.34
4464
4462.67
4461.34
4460.01
4458.68
4457.36
4456.03
4454.7
4453.37
4452.05
4450.72
4449.39
4448.07
4446.74
4445.41
4444.09
4442.76
4441.44
4440.11
4438.78
4437.46
4436.13
4434.8
4433.47
4432.15
4430.82
4429.49
4428.17
4426.84
4425.51
4424.18
4422.86
4421.53
4420.2
4418.87
4417.54
4416.22
4414.89
4413.56
4412.23
4410.91
4409.58
4408.25
4406.92
4405.59
4404.26
4402.94
4401.61
4400.28
4398.95
4397.62
4396.29
4394.96
4393.64
4392.31
4390.98
4389.65
4388.32
4387
4385.67
4384.34
4383.02
4381.69
4380.36
4379.04
4377.72
4376.39
4375.07
4373.75
4372.43
4371.11
4369.79
4368.48
4367.16
4365.85
4364.55
4363.24
4361.94
4360.65
4359.35
4358.07
4356.79
4355.51
4354.25
4352.99
4351.74
4350.5
4349.27
4348.06
4346.86
4345.68
4344.51
4343.37
4342.25
4341.16
4340.09
4339.06
4338.06
4337.1
4336.18
4335.32
4334.5
4333.75
4333.05
4332.43
4331.88
4331.41
4331.03
4330.74
4330.54
4330.44
4330.43
4330.52
4330.71
4330.97
4331.3
4331.68
4332.08
4332.46
4332.78
4333
4333.04
4332.85
4332.37
4331.51
4330.23
4328.47
4326.21
4323.45
4320.19
4316.52
4311.92
4306.74
4301.88
4302.34
4304.24
4303.67
4322.18
4297.69
3464.87
3163.78
3196.69
3084.03
3069.01
3114.24
3137.61
3134.99
3115.41
3080.71
3037.26
2994.95
2960.47
2936.22
2919.38
2905.93
2894.18
2879.04
2856.68
2827.18
2794.6
2760.88
2726.79
2695.02
2675.59
2671.95
2671.07
2663.1
2645.3
2619.13
2587.72
2552.4
2508.05
2454.01
2392.68
2337.49
2291.03
2255.54
2219.6
2184.36
2148.52
2115.88
2083.83
2046.4
2003.11
1957.5
1913.8
1877.3
1835.79
1795.79
1760.02
1725.45
1702.48
1669.4
1616.27
1564.21
1506.35
1434.92
1357.95
1291.17
1239.14
1201.11
1172.26
1146.36
1125.73
1114.85
1123.02
1146.12
1178.67
1210.53
1236.51
1251.56
1249.68
1235.94
1218.11
1192.6
1151.04
1106.37
1071.32
1050.37
1030.46
1000.03
960.222
917.595
873.661
822.109
755.588
667.909
554.149
412.819
252.627
86.8799
3547.34
4087.36
4625.96
4610.74
4479.6
4445.74
4470.34
4486.57
4484.2
4477.38
4474.3
4473.92
4473.47
4472.19
4470.62
4469.19
4467.89
4466.61
4465.29
4463.96
4462.63
4461.3
4459.98
4458.65
4457.33
4456
4454.68
4453.35
4452.03
4450.7
4449.38
4448.05
4446.73
4445.4
4444.08
4442.75
4441.43
4440.1
4438.78
4437.45
4436.12
4434.8
4433.47
4432.14
4430.82
4429.49
4428.16
4426.84
4425.51
4424.18
4422.85
4421.53
4420.2
4418.87
4417.54
4416.22
4414.89
4413.56
4412.23
4410.91
4409.58
4408.25
4406.92
4405.59
4404.26
4402.94
4401.61
4400.28
4398.95
4397.62
4396.29
4394.96
4393.64
4392.31
4390.98
4389.65
4388.32
4386.99
4385.66
4384.34
4383.01
4381.68
4380.36
4379.03
4377.7
4376.38
4375.05
4373.73
4372.41
4371.08
4369.76
4368.45
4367.13
4365.81
4364.5
4363.19
4361.88
4360.58
4359.27
4357.98
4356.68
4355.4
4354.11
4352.84
4351.57
4350.31
4349.06
4347.82
4346.59
4345.37
4344.17
4342.98
4341.81
4340.66
4339.53
4338.43
4337.36
4336.31
4335.3
4334.33
4333.4
4332.51
4331.68
4330.9
4330.19
4329.53
4328.96
4328.45
4328.04
4327.7
4327.47
4327.32
4327.27
4327.3
4327.43
4327.62
4327.87
4328.15
4328.43
4328.66
4328.78
4328.73
4328.43
4327.78
4326.72
4325.15
4323
4320.21
4316.66
4312.23
4305.59
4295.25
4287.49
4290.15
4302.49
4316.23
4333.92
4315.25
4150.46
4117.14
3930.72
3360.33
3106.15
3232.53
3267.4
3244.44
3211.35
3135.08
3025.59
2960.75
2932.52
2898.8
2874.15
2862.19
2857.38
2849.21
2826.31
2785.75
2737.88
2693.3
2657.26
2636.76
2641.12
2656.79
2670.34
2670.48
2656.1
2634.51
2613.57
2593.5
2553.54
2492.04
2430.09
2360.38
2293.07
2263.29
2237.61
2189.99
2136.82
2117.36
2112.68
2094.52
2052.67
2010.48
1961.55
1898.97
1836.54
1791.34
1762.14
1739.3
1720.74
2008.09
1848.17
1609.64
1560.03
1494.89
1404.83
1311.76
1282.14
1256.97
1220.49
1135.68
1056.76
1049.44
1090.91
1238.39
1249
1216.58
1260.69
1382.05
1484.37
1436.04
1355.18
1348.21
1315.32
1254.21
1154.97
1050.94
992.726
955.23
904.869
861.094
828.553
787.626
727.821
645.616
537.286
399.76
241.892
82.3914
3548.32
4088.67
4626.23
4610.56
4479.56
4445.86
4470.5
4486.71
4484.3
4477.47
4474.39
4474.01
4473.55
4472.27
4470.69
4469.26
4467.96
4466.67
4465.34
4464.01
4462.67
4461.34
4460.02
4458.69
4457.36
4456.03
4454.71
4453.38
4452.05
4450.73
4449.4
4448.07
4446.74
4445.42
4444.09
4442.76
4441.44
4440.11
4438.78
4437.46
4436.13
4434.8
4433.47
4432.15
4430.82
4429.49
4428.17
4426.84
4425.51
4424.18
4422.85
4421.53
4420.2
4418.87
4417.54
4416.21
4414.89
4413.56
4412.23
4410.9
4409.57
4408.24
4406.92
4405.59
4404.26
4402.93
4401.6
4400.27
4398.94
4397.61
4396.28
4394.95
4393.63
4392.3
4390.97
4389.64
4388.31
4386.98
4385.65
4384.32
4383
4381.67
4380.34
4379.01
4377.68
4376.36
4375.03
4373.7
4372.38
4371.06
4369.73
4368.41
4367.09
4365.77
4364.45
4363.14
4361.82
4360.51
4359.2
4357.9
4356.59
4355.29
4354
4352.71
4351.43
4350.15
4348.87
4347.61
4346.35
4345.1
4343.87
4342.64
4341.43
4340.22
4339.04
4337.87
4336.72
4335.58
4334.47
4333.38
4332.31
4331.27
4330.26
4329.27
4328.32
4327.39
4326.5
4325.64
4324.8
4324
4323.22
4322.47
4321.74
4321.02
4320.3
4319.59
4318.86
4318.1
4317.3
4316.44
4315.49
4314.44
4313.25
4311.89
4310.33
4308.54
4306.5
4304.2
4301.67
4299.05
4296.77
4295.75
4297.9
4304.08
4312.47
4320.54
4326.21
4331.06
4278.46
4171.2
4061.72
3909.84
3824.57
3802.85
3715.81
3536.16
3460.56
3562.87
3753.17
3780.65
3457.18
3049.04
3033.42
3036.4
3056.54
3098.01
3205.48
3227.84
3145.54
2989.75
2840.23
2646.29
2532.28
2601.04
2682.99
2695.29
2650.92
2596.47
2570.08
2584.62
2707.76
2651.15
2452.3
2351.08
2309.03
2298.55
2459.82
2526.92
2348.01
2190.36
2204.54
2181.28
2076.2
1947.2
2024.15
2152.21
2149.62
1901.81
1754.56
1671.73
1683.47
2033.93
2158.19
1989.33
1774.13
1533.41
1299.5
1198.37
1163.56
1152.49
1651.97
2132.15
2038.2
1162.38
971.602
1124.86
1474.14
1479.01
1328.59
1380.93
1968.48
2364.11
2307.85
2306.99
2308.86
2312.63
2314.86
2153.23
1498.3
1205.15
1090.23
916.786
796.524
761.794
726.923
666.172
586.847
457.321
244.412
71.3637
3547.53
4087.53
4625.66
4610.31
4479.37
4445.63
4470.26
4486.47
4484.1
4477.29
4474.22
4473.86
4473.4
4472.13
4470.57
4469.14
4467.84
4466.56
4465.25
4463.91
4462.58
4461.26
4459.94
4458.62
4457.29
4455.97
4454.65
4453.32
4452
4450.67
4449.35
4448.02
4446.7
4445.37
4444.05
4442.72
4441.4
4440.07
4438.75
4437.42
4436.1
4434.77
4433.45
4432.12
4430.79
4429.47
4428.14
4426.81
4425.49
4424.16
4422.83
4421.5
4420.18
4418.85
4417.52
4416.2
4414.87
4413.54
4412.21
4410.88
4409.56
4408.23
4406.9
4405.57
4404.24
4402.91
4401.59
4400.26
4398.93
4397.6
4396.27
4394.94
4393.61
4392.28
4390.95
4389.62
4388.29
4386.97
4385.64
4384.31
4382.98
4381.65
4380.32
4378.99
4377.66
4376.33
4375.01
4373.68
4372.35
4371.02
4369.7
4368.37
4367.05
4365.72
4364.4
4363.08
4361.76
4360.44
4359.12
4357.81
4356.49
4355.18
4353.88
4352.57
4351.27
4349.97
4348.68
4347.39
4346.11
4344.83
4343.56
4342.29
4341.04
4339.79
4338.55
4337.32
4336.1
4334.89
4333.7
4332.52
4331.35
4330.19
4329.05
4327.92
4326.81
4325.71
4324.62
4323.54
4322.47
4321.4
4320.32
4319.24
4318.14
4317.02
4315.85
4314.63
4313.34
4311.95
4310.45
4308.81
4307.01
4305.02
4302.83
4300.41
4297.76
4294.86
4291.75
4288.45
4285.03
4281.6
4278.28
4275.12
4271.97
4268.46
4263.55
4255.67
4239.85
4213.56
4163.6
4132.01
4131.06
4107.53
4009.85
3866.27
3752.78
3668.7
3670.12
3744.61
3767.92
3766.1
3778.74
3816.28
3836.7
3839.29
3835.84
3832.11
3828.93
3825.55
3821.55
3816.06
3807.51
3802.87
3602.56
3052.31
2958.75
2934.92
2853.02
2720.46
2665.76
2756.84
2883.05
2828.05
2608.31
2108.88
1940.75
2032.65
2350.34
2440.36
2358.31
2201.09
2361.3
2662.94
2610.2
2468.47
2082.85
2026.72
2102.14
2506.16
2522.42
2451.03
1886.29
1723.36
1786.16
2557.81
2860.24
2750.87
2051.5
1177.95
925.448
800.562
837.689
1754.46
2094.89
2065.29
1696.88
1346.73
1941.98
2441
2365.36
2242.52
2285.25
2315.86
2314.13
2313.3
2313.24
2313.74
2316.28
2311.15
2289.91
2260.1
2251.22
2218.05
1575.56
1142.67
1143.76
1166.88
1150.16
1266.32
789.726
4.27251
3547.58
4087.68
4625.77
4610.38
4479.41
4445.68
4470.31
4486.54
4484.17
4477.36
4474.29
4473.92
4473.47
4472.2
4470.63
4469.2
4467.91
4466.63
4465.31
4463.97
4462.64
4461.32
4459.99
4458.67
4457.34
4456.02
4454.69
4453.37
4452.04
4450.71
4449.39
4448.06
4446.74
4445.41
4444.08
4442.76
4441.43
4440.1
4438.78
4437.45
4436.12
4434.8
4433.47
4432.14
4430.81
4429.49
4428.16
4426.83
4425.5
4424.18
4422.85
4421.52
4420.19
4418.87
4417.54
4416.21
4414.88
4413.55
4412.22
4410.9
4409.57
4408.24
4406.91
4405.58
4404.25
4402.92
4401.59
4400.26
4398.93
4397.6
4396.27
4394.95
4393.62
4392.29
4390.96
4389.63
4388.29
4386.96
4385.63
4384.3
4382.97
4381.64
4380.31
4378.98
4377.65
4376.32
4374.99
4373.66
4372.33
4371
4369.67
4368.34
4367.01
4365.68
4364.35
4363.02
4361.69
4360.37
4359.04
4357.71
4356.39
4355.06
4353.74
4352.42
4351.1
4349.78
4348.46
4347.15
4345.83
4344.52
4343.21
4341.9
4340.6
4339.3
4338
4336.7
4335.41
4334.11
4332.82
4331.54
4330.25
4328.96
4327.67
4326.38
4325.09
4323.78
4322.47
4321.15
4319.8
4318.43
4317.04
4315.6
4314.11
4312.57
4310.96
4309.26
4307.46
4305.54
4303.47
4301.25
4298.84
4296.21
4293.34
4290.2
4286.76
4282.99
4278.86
4274.33
4269.35
4263.85
4257.72
4250.79
4242.82
4233.47
4222.06
4207.6
4188.42
4163.4
4130.32
4090.72
4037.77
3957.36
3877.87
3830.95
3813.07
3802.84
3787.26
3781.14
3789.38
3800.97
3811.55
3821.26
3828.18
3832.24
3834.63
3836.31
3837.63
3838.61
3839.19
3839.61
3838.71
3841.97
3828.58
3742.21
3672.37
3663.58
3674.28
3692.99
3701.27
3689.34
3683.86
3675.98
3639.76
3408.05
2489.39
2209.5
2619.92
2621.98
1988.28
1850.49
2047.84
2402.69
2578.35
2154.76
1699.23
1846.09
2069.36
2172.91
2117.49
2563.43
2710.07
2605.57
1918.77
1755.2
2152.44
2513.58
2392.95
2105.75
1635.59
1446.44
1156
1281.91
1796.01
2012.49
1961.45
1948.12
2055.21
2344
2400.4
2356.08
2324.28
2315.41
2312.14
2308.19
2307.78
2311.53
2317.37
2315.8
2291.25
2254.73
2269.07
2309.73
2325.48
2279.73
2179.8
2195.89
2264.36
2145.49
1905.3
491.563
3547.32
4087.31
4625.56
4610.24
4479.26
4445.52
4470.15
4486.39
4484.03
4477.23
4474.17
4473.8
4473.36
4472.09
4470.53
4469.1
4467.81
4466.53
4465.22
4463.89
4462.56
4461.24
4459.92
4458.6
4457.27
4455.95
4454.63
4453.3
4451.98
4450.65
4449.33
4448.01
4446.68
4445.36
4444.03
4442.71
4441.38
4440.06
4438.73
4437.41
4436.08
4434.76
4433.43
4432.1
4430.78
4429.45
4428.12
4426.8
4425.47
4424.14
4422.82
4421.49
4420.16
4418.84
4417.51
4416.18
4414.85
4413.52
4412.2
4410.87
4409.54
4408.21
4406.88
4405.56
4404.23
4402.9
4401.57
4400.24
4398.91
4397.58
4396.25
4394.92
4393.59
4392.26
4390.93
4389.6
4388.27
4386.94
4385.61
4384.28
4382.95
4381.61
4380.28
4378.95
4377.62
4376.29
4374.95
4373.62
4372.29
4370.95
4369.62
4368.29
4366.95
4365.62
4364.28
4362.95
4361.61
4360.28
4358.94
4357.6
4356.27
4354.93
4353.59
4352.25
4350.91
4349.57
4348.23
4346.88
4345.54
4344.19
4342.85
4341.5
4340.14
4338.79
4337.43
4336.07
4334.7
4333.33
4331.95
4330.56
4329.16
4327.75
4326.33
4324.88
4323.42
4321.94
4320.43
4318.88
4317.29
4315.66
4313.98
4312.23
4310.41
4308.5
4306.49
4304.37
4302.12
4299.72
4297.15
4294.38
4291.39
4288.16
4284.64
4280.82
4276.65
4272.09
4267.09
4261.59
4255.52
4248.77
4241.25
4232.78
4223.17
4212.12
4199.2
4183.82
4165.29
4142.66
4114.9
4080.74
4041.21
3998.75
3960.35
3926.99
3893.6
3857.24
3824.32
3807.07
3804.2
3805.4
3807.31
3812.56
3820.14
3826.16
3828.84
3828.89
3827.47
3825.04
3821.52
3816.84
3810.65
3804.87
3798.57
3786.8
3783.21
3791.45
3803.59
3815.54
3808.27
3758.02
3689.78
3650.52
3655.63
3642.59
3520.8
3263.63
3277.87
3288.72
3098.61
2289.16
2197.33
3057.63
3298.99
3116.49
2696.74
1653.82
1456.09
1739.6
1895.19
1890.93
1821.68
2385.93
2486.74
2383.62
2326.94
2342.06
2344.67
2323.96
1974.6
1725.57
1637.13
1080.98
960.429
1451.34
1553.16
1215.9
1327.73
1701.15
2246.9
2314.48
2312.76
2311.1
2308.97
2306.89
2305.75
2312.34
2322.08
2327.29
2316.24
2235.64
2225.63
2294.97
2353.33
2355.06
2373.11
2368.4
2382.83
2375.51
2135.46
544.966
3547.23
4087.23
4625.55
4610.24
4479.26
4445.51
4470.15
4486.4
4484.05
4477.25
4474.19
4473.83
4473.39
4472.12
4470.56
4469.14
4467.85
4466.57
4465.26
4463.93
4462.6
4461.28
4459.96
4458.64
4457.31
4455.99
4454.67
4453.34
4452.02
4450.69
4449.37
4448.04
4446.72
4445.39
4444.07
4442.74
4441.42
4440.09
4438.77
4437.44
4436.11
4434.79
4433.46
4432.13
4430.81
4429.48
4428.15
4426.82
4425.5
4424.17
4422.84
4421.51
4420.19
4418.86
4417.53
4416.2
4414.87
4413.55
4412.22
4410.89
4409.56
4408.23
4406.9
4405.57
4404.24
4402.91
4401.59
4400.26
4398.93
4397.6
4396.27
4394.94
4393.6
4392.27
4390.94
4389.61
4388.28
4386.95
4385.62
4384.28
4382.95
4381.62
4380.28
4378.95
4377.62
4376.28
4374.95
4373.61
4372.27
4370.94
4369.6
4368.26
4366.92
4365.58
4364.24
4362.9
4361.55
4360.21
4358.86
4357.51
4356.16
4354.81
4353.46
4352.1
4350.74
4349.38
4348.01
4346.64
4345.27
4343.89
4342.51
4341.11
4339.72
4338.31
4336.89
4335.47
4334.03
4332.58
4331.11
4329.62
4328.12
4326.59
4325.04
4323.45
4321.84
4320.18
4318.48
4316.73
4314.92
4313.05
4311.1
4309.06
4306.94
4304.7
4302.34
4299.84
4297.18
4294.35
4291.32
4288.07
4284.58
4280.81
4276.73
4272.31
4267.51
4262.28
4256.57
4250.32
4243.45
4235.89
4227.51
4218.19
4207.74
4195.97
4182.59
4167.33
4149.86
4129.93
4107.53
4082.98
4056.97
4029.78
4001.06
3970.97
3941.34
3914.82
3894.05
3879.8
3870.19
3862.98
3857.36
3853.23
3849.83
3846.06
3841.52
3836.5
3831.32
3826.01
3820.37
3814.17
3807.22
3799.08
3788.66
3773.38
3753.15
3734.43
3721.57
3713.87
3707.26
3695.7
3683.58
3683.81
3696.84
3727.45
3675.82
3495.14
3309.5
3253.88
3233.45
3121.76
2676.48
2660.92
2866.25
2912.79
2892.38
2786.93
2473.14
2351.17
2371.12
2422.13
2403.97
2325.91
2271.81
2318.83
2357.92
2446.1
2327.16
2264.4
2386.09
2555.84
2458.07
2146.26
1447.37
1373.18
1629.48
1629.6
1580.98
1693.48
1934.62
2270.13
2300.58
2303.34
2301.59
2298.2
2297.79
2304.49
2315.62
2324.84
2326.07
2308.94
2281.18
2312.23
2321.04
2306.56
2297.73
2378.34
2508.5
2632.09
2370.99
527.02
3547.12
4087.08
4625.46
4610.19
4479.19
4445.43
4470.07
4486.32
4483.97
4477.18
4474.12
4473.76
4473.32
4472.05
4470.5
4469.08
4467.79
4466.51
4465.2
4463.87
4462.54
4461.22
4459.9
4458.58
4457.26
4455.94
4454.62
4453.29
4451.97
4450.65
4449.32
4448
4446.67
4445.35
4444.03
4442.7
4441.38
4440.05
4438.73
4437.4
4436.07
4434.75
4433.42
4432.1
4430.77
4429.44
4428.12
4426.79
4425.46
4424.14
4422.81
4421.48
4420.15
4418.83
4417.5
4416.17
4414.84
4413.52
4412.19
4410.86
4409.53
4408.2
4406.87
4405.55
4404.22
4402.89
4401.56
4400.23
4398.9
4397.57
4396.24
4394.91
4393.58
4392.25
4390.92
4389.58
4388.25
4386.92
4385.59
4384.25
4382.92
4381.59
4380.25
4378.92
4377.58
4376.24
4374.91
4373.57
4372.23
4370.89
4369.55
4368.21
4366.86
4365.52
4364.17
4362.82
4361.47
4360.12
4358.76
4357.41
4356.05
4354.68
4353.31
4351.94
4350.56
4349.18
4347.79
4346.4
4345
4343.59
4342.17
4340.74
4339.3
4337.85
4336.38
4334.89
4333.39
4331.87
4330.32
4328.75
4327.15
4325.52
4323.85
4322.15
4320.39
4318.58
4316.72
4314.79
4312.79
4310.71
4308.53
4306.25
4303.86
4301.34
4298.68
4295.86
4292.86
4289.67
4286.26
4282.6
4278.68
4274.46
4269.91
4264.99
4259.67
4253.9
4247.64
4240.81
4233.35
4225.2
4216.25
4206.4
4195.53
4183.51
4170.21
4155.49
4139.24
4121.39
4101.95
4081
4058.65
4035.17
4011.1
3987.51
3965.46
3945.5
3927.55
3911.48
3897.38
3885.22
3874.66
3865.26
3856.72
3848.73
3840.99
3833.27
3825.39
3817.21
3808.56
3799.25
3789.09
3777.85
3765.36
3751.6
3737.4
3724.82
3714.56
3704.87
3693.16
3677.34
3656.25
3629.52
3592.39
3538.74
3448.49
3344.92
3283.04
3271.83
3282.34
3226.93
3081.61
2948.65
2883.48
2885.9
2925.34
2907.02
2770.38
2541.53
2400.92
2356.72
2348.07
2344.56
2342.25
2352.02
2372.89
2386.76
2384.26
2323.68
2262.57
2310.25
2353.06
2354.67
2300.07
2171.85
2107.41
2125.69
2205.51
2269.4
2285.99
2283.16
2284.32
2288.38
2290.66
2288.69
2290.54
2297.87
2304.52
2311.61
2318.24
2319.56
2324.97
2334.09
2339.83
2345.12
2322.53
2411.79
2601.59
2724.16
2688.23
913.842
3547.05
4086.99
4625.43
4610.17
4479.16
4445.4
4470.05
4486.31
4483.96
4477.17
4474.12
4473.76
4473.32
4472.06
4470.51
4469.09
4467.8
4466.53
4465.22
4463.89
4462.56
4461.25
4459.93
4458.61
4457.29
4455.96
4454.64
4453.32
4452
4450.67
4449.35
4448.03
4446.7
4445.38
4444.05
4442.73
4441.4
4440.08
4438.75
4437.43
4436.1
4434.78
4433.45
4432.12
4430.8
4429.47
4428.14
4426.82
4425.49
4424.16
4422.84
4421.51
4420.18
4418.85
4417.52
4416.2
4414.87
4413.54
4412.21
4410.88
4409.55
4408.23
4406.9
4405.57
4404.24
4402.91
4401.58
4400.25
4398.92
4397.59
4396.26
4394.93
4393.6
4392.26
4390.93
4389.6
4388.27
4386.93
4385.6
4384.27
4382.93
4381.6
4380.26
4378.92
4377.59
4376.25
4374.91
4373.57
4372.23
4370.88
4369.54
4368.19
4366.84
4365.49
4364.14
4362.79
4361.43
4360.07
4358.71
4357.34
4355.97
4354.59
4353.21
4351.83
4350.43
4349.03
4347.63
4346.21
4344.78
4343.35
4341.9
4340.43
4338.96
4337.46
4335.95
4334.41
4332.86
4331.27
4329.66
4328.01
4326.33
4324.61
4322.85
4321.03
4319.16
4317.22
4315.22
4313.14
4310.97
4308.71
4306.35
4303.87
4301.26
4298.5
4295.59
4292.5
4289.22
4285.73
4282
4278.02
4273.75
4269.17
4264.24
4258.94
4253.22
4247.05
4240.38
4233.15
4225.31
4216.8
4207.55
4197.49
4186.55
4174.63
4161.67
4147.6
4132.38
4115.98
4098.43
4079.82
4060.36
4040.37
4020.24
4000.38
3981.05
3962.46
3944.86
3928.54
3913.73
3900.38
3888.21
3876.93
3866.31
3856.13
3846.11
3836.04
3825.78
3815.21
3804.22
3792.7
3780.55
3767.67
3754.05
3739.66
3724.5
3708.53
3691.53
3672.94
3651.91
3627.45
3598.65
3565.08
3526.58
3482.61
3433.08
3380.3
3327.49
3269.55
3199.02
3101.57
2984.92
2891.56
2851.56
2839.61
2808.46
2729.93
2613.68
2510.89
2456.8
2441.85
2441.95
2455.18
2480.66
2511.69
2552.14
2602.42
2642.27
2575.12
2410.21
2299.96
2302.47
2367.01
2387.29
2342.95
2270.5
2218.51
2210.14
2231.47
2257.16
2277.39
2293.26
2301.47
2301.14
2298.71
2298.53
2301.27
2304.74
2305.32
2300.85
2293.95
2286.25
2280.14
2275.56
2268.36
2257.71
2222.2
2212.87
2328.37
1924.55
461.415
3546.99
4086.92
4625.39
4610.14
4479.13
4445.36
4470.01
4486.27
4483.93
4477.14
4474.08
4473.73
4473.29
4472.03
4470.47
4469.05
4467.77
4466.49
4465.18
4463.86
4462.53
4461.21
4459.9
4458.58
4457.25
4455.93
4454.61
4453.29
4451.97
4450.64
4449.32
4448
4446.67
4445.35
4444.02
4442.7
4441.37
4440.05
4438.72
4437.4
4436.07
4434.75
4433.42
4432.09
4430.77
4429.44
4428.11
4426.79
4425.46
4424.13
4422.81
4421.48
4420.15
4418.82
4417.5
4416.17
4414.84
4413.51
4412.18
4410.86
4409.53
4408.2
4406.87
4405.54
4404.21
4402.88
4401.55
4400.22
4398.89
4397.56
4396.23
4394.9
4393.57
4392.24
4390.91
4389.57
4388.24
4386.91
4385.57
4384.24
4382.9
4381.57
4380.23
4378.89
4377.55
4376.21
4374.87
4373.53
4372.19
4370.84
4369.5
4368.15
4366.8
4365.44
4364.09
4362.73
4361.37
4360
4358.63
4357.26
4355.88
4354.49
4353.1
4351.71
4350.3
4348.89
4347.46
4346.03
4344.58
4343.12
4341.65
4340.16
4338.65
4337.13
4335.58
4334
4332.4
4330.77
4329.1
4327.4
4325.65
4323.86
4322.01
4320.11
4318.14
4316.11
4314
4311.8
4309.5
4307.1
4304.59
4301.95
4299.16
4296.23
4293.12
4289.83
4286.33
4282.6
4278.63
4274.4
4269.86
4265.01
4259.81
4254.22
4248.21
4241.76
4234.8
4227.31
4219.24
4210.53
4201.15
4191.03
4180.13
4168.4
4155.81
4142.32
4127.92
4112.65
4096.54
4079.7
4062.27
4044.42
4026.35
4008.26
3990.39
3972.99
3956.29
3940.43
3925.46
3911.32
3897.89
3885.06
3872.68
3860.62
3848.72
3836.83
3824.85
3812.63
3800.07
3787.03
3773.38
3759
3743.77
3727.54
3710.18
3691.58
3671.66
3650.21
3626.87
3601.16
3572.63
3540.98
3505.93
3466.87
3422.84
3372.59
3316.31
3256.27
3194.47
3131.56
3068.17
3008.96
2956.66
2906.06
2850.56
2789.54
2726.59
2666.7
2613.53
2569.96
2536.25
2511.08
2491.01
2473.47
2457.98
2441.33
2418.32
2383.34
2341.22
2316.32
2318.71
2323.16
2301.73
2258.5
2218.48
2201.96
2211.35
2234.83
2257.06
2270.18
2275.83
2277.93
2279.24
2281.16
2284.33
2289.08
2295.22
2302.2
2308.94
2316.1
2325.98
2339.94
2359.06
2387.41
2421.89
2406.88
2250.96
2006.04
1727.95
1111.06
3546.95
4086.87
4625.37
4610.13
4479.11
4445.34
4469.99
4486.26
4483.92
4477.12
4474.07
4473.72
4473.28
4472.02
4470.47
4469.05
4467.77
4466.5
4465.19
4463.86
4462.54
4461.22
4459.91
4458.59
4457.27
4455.95
4454.63
4453.3
4451.98
4450.66
4449.34
4448.01
4446.69
4445.37
4444.04
4442.72
4441.4
4440.07
4438.75
4437.42
4436.09
4434.77
4433.44
4432.12
4430.79
4429.46
4428.14
4426.81
4425.48
4424.16
4422.83
4421.5
4420.18
4418.85
4417.52
4416.19
4414.87
4413.54
4412.21
4410.88
4409.55
4408.22
4406.89
4405.56
4404.24
4402.91
4401.58
4400.25
4398.92
4397.59
4396.25
4394.92
4393.59
4392.26
4390.93
4389.59
4388.26
4386.93
4385.59
4384.26
4382.92
4381.58
4380.25
4378.91
4377.57
4376.23
4374.89
4373.54
4372.2
4370.85
4369.5
4368.15
4366.8
4365.44
4364.08
4362.72
4361.35
4359.98
4358.61
4357.23
4355.84
4354.45
4353.05
4351.65
4350.23
4348.81
4347.37
4345.93
4344.47
4342.99
4341.5
4339.99
4338.46
4336.91
4335.33
4333.72
4332.09
4330.42
4328.71
4326.97
4325.17
4323.32
4321.42
4319.46
4317.42
4315.32
4313.12
4310.84
4308.45
4305.95
4303.32
4300.57
4297.66
4294.59
4291.34
4287.9
4284.24
4280.35
4276.21
4271.79
4267.08
4262.03
4256.63
4250.85
4244.65
4238
4230.87
4223.21
4215
4206.19
4196.74
4186.63
4175.81
4164.26
4151.96
4138.91
4125.1
4110.58
4095.39
4079.61
4063.33
4046.68
4029.82
4012.91
3996.11
3979.58
3963.45
3947.79
3932.64
3918.02
3903.88
3890.18
3876.83
3863.71
3850.71
3837.71
3824.58
3811.21
3797.45
3783.2
3768.33
3752.71
3736.23
3718.76
3700.19
3680.39
3659.2
3636.41
3611.72
3584.79
3555.28
3522.85
3487.19
3448.01
3405.16
3358.87
3309.94
3259.37
3207.42
3153.5
3096.91
3038.28
2979.97
2923.91
2869.83
2816.05
2761.18
2705.93
2653.81
2608.73
2571.88
2542.03
2517.62
2497.64
2480.92
2465.68
2449.62
2430.07
2405.45
2378.52
2354.06
2333.18
2313.87
2295.04
2278.34
2266.13
2259
2255.46
2253.19
2250.84
2248.61
2247.06
2245.96
2244.79
2243.41
2241.93
2240.26
2237.94
2234.4
2229.31
2222.53
2213.16
2198.82
2173.93
2127.46
2045.07
1897.74
1709.12
1577.67
793.86
3546.92
4086.84
4625.35
4610.12
4479.1
4445.33
4469.98
4486.24
4483.9
4477.11
4474.06
4473.71
4473.27
4472.01
4470.46
4469.04
4467.76
4466.48
4465.18
4463.85
4462.53
4461.21
4459.89
4458.57
4457.25
4455.93
4454.61
4453.29
4451.96
4450.64
4449.32
4447.99
4446.67
4445.35
4444.02
4442.7
4441.37
4440.05
4438.72
4437.4
4436.07
4434.74
4433.42
4432.09
4430.77
4429.44
4428.11
4426.79
4425.46
4424.13
4422.8
4421.48
4420.15
4418.82
4417.5
4416.17
4414.84
4413.51
4412.18
4410.85
4409.53
4408.2
4406.87
4405.54
4404.21
4402.88
4401.55
4400.22
4398.89
4397.56
4396.23
4394.9
4393.57
4392.24
4390.9
4389.57
4388.24
4386.9
4385.57
4384.23
4382.9
4381.56
4380.22
4378.88
4377.54
4376.2
4374.86
4373.52
4372.17
4370.82
4369.47
4368.12
4366.77
4365.41
4364.05
4362.69
4361.32
4359.95
4358.57
4357.19
4355.8
4354.4
4353
4351.59
4350.17
4348.74
4347.3
4345.84
4344.37
4342.89
4341.39
4339.87
4338.32
4336.76
4335.16
4333.54
4331.89
4330.2
4328.47
4326.69
4324.87
4322.99
4321.06
4319.05
4316.98
4314.83
4312.58
4310.25
4307.8
4305.24
4302.55
4299.72
4296.74
4293.59
4290.26
4286.73
4282.98
4278.99
4274.74
4270.22
4265.39
4260.23
4254.72
4248.82
4242.51
4235.75
4228.51
4220.77
4212.48
4203.62
4194.15
4184.05
4173.3
4161.87
4149.75
4136.96
4123.5
4109.41
4094.73
4079.53
4063.9
4047.94
4031.77
4015.52
3999.3
3983.22
3967.38
3951.86
3936.7
3921.91
3907.49
3893.38
3879.51
3865.8
3852.14
3838.44
3824.57
3810.42
3795.87
3780.8
3765.09
3748.62
3731.26
3712.88
3693.36
3672.53
3650.25
3626.33
3600.58
3572.77
3542.71
3510.2
3475.09
3437.29
3396.78
3353.58
3307.77
3259.42
3208.64
3155.65
3100.95
3045.46
2990.31
2936.22
2882.99
2830.09
2777.67
2726.83
2679.21
2635.99
2597.45
2563.2
2532.58
2504.74
2478.7
2453.42
2427.83
2401.18
2373.5
2346.26
2321.55
2300.08
2280.47
2261.08
2241.95
2224.77
2211.19
2201.64
2195.26
2190.7
2186.82
2182.89
2178.38
2172.85
2165.86
2156.89
2145.25
2130.03
2110.12
2084.2
2050.56
2006.82
1949.53
1873.42
1771.24
1632.02
1446.09
1178.02
849.302
265.308
3546.92
4086.83
4625.35
4610.12
4479.1
4445.32
4469.98
4486.24
4483.9
4477.11
4474.06
4473.71
4473.27
4472.01
4470.46
4469.04
4467.76
4466.49
4465.18
4463.86
4462.53
4461.22
4459.9
4458.58
4457.26
4455.94
4454.62
4453.3
4451.98
4450.66
4449.33
4448.01
4446.69
4445.36
4444.04
4442.72
4441.39
4440.07
4438.74
4437.42
4436.09
4434.77
4433.44
4432.12
4430.79
4429.46
4428.14
4426.81
4425.48
4424.16
4422.83
4421.5
4420.18
4418.85
4417.52
4416.19
4414.87
4413.54
4412.21
4410.88
4409.55
4408.22
4406.9
4405.57
4404.24
4402.91
4401.58
4400.25
4398.92
4397.59
4396.26
4394.93
4393.59
4392.26
4390.93
4389.6
4388.26
4386.93
4385.6
4384.26
4382.92
4381.59
4380.25
4378.91
4377.57
4376.23
4374.89
4373.54
4372.2
4370.85
4369.5
4368.15
4366.79
4365.43
4364.07
4362.71
4361.34
4359.97
4358.59
4357.21
4355.82
4354.42
4353.02
4351.6
4350.18
4348.75
4347.31
4345.85
4344.38
4342.89
4341.38
4339.86
4338.31
4336.74
4335.14
4333.52
4331.85
4330.16
4328.42
4326.64
4324.8
4322.92
4320.97
4318.96
4316.87
4314.7
4312.44
4310.08
4307.62
4305.04
4302.33
4299.48
4296.47
4293.29
4289.93
4286.36
4282.58
4278.56
4274.28
4269.71
4264.84
4259.64
4254.09
4248.15
4241.79
4234.99
4227.72
4219.94
4211.62
4202.74
4193.26
4183.16
4172.42
4161.03
4148.97
4136.26
4122.91
4108.96
4094.45
4079.45
4064.04
4048.32
4032.39
4016.36
4000.34
3984.43
3968.73
3953.3
3938.18
3923.38
3908.88
3894.65
3880.61
3866.69
3852.8
3838.82
3824.66
3810.18
3795.28
3779.83
3763.69
3746.75
3728.88
3709.95
3689.84
3668.42
3645.57
3621.13
3594.97
3566.91
3536.81
3504.52
3469.9
3432.83
3393.2
3350.95
3306.1
3258.8
3209.31
3157.99
3105.22
3051.42
2997.06
2942.62
2888.52
2835.06
2782.67
2731.97
2683.69
2638.54
2597.04
2559.46
2525.89
2495.62
2468.08
2442.87
2419.42
2396.96
2374.67
2352.18
2329.54
2306.98
2284.8
2263.3
2242.94
2224.44
2208.67
2196.08
2186.31
2178.33
2170.98
2163.46
2155.33
2146.1
2134.97
2120.8
2102.22
2077.69
2045.46
2003.52
1949.51
1880.57
1793.21
1683.17
1545.3
1372.7
1156.71
889.75
557.149
219.407
3546.92
4086.84
4625.35
4610.12
4479.1
4445.33
4469.98
4486.24
4483.9
4477.11
4474.06
4473.71
4473.27
4472.01
4470.46
4469.04
4467.76
4466.48
4465.18
4463.85
4462.53
4461.21
4459.89
4458.57
4457.25
4455.93
4454.61
4453.29
4451.96
4450.64
4449.32
4447.99
4446.67
4445.35
4444.02
4442.7
4441.37
4440.05
4438.72
4437.4
4436.07
4434.75
4433.42
4432.09
4430.77
4429.44
4428.11
4426.79
4425.46
4424.13
4422.81
4421.48
4420.15
4418.82
4417.5
4416.17
4414.84
4413.51
4412.19
4410.86
4409.53
4408.2
4406.87
4405.54
4404.21
4402.89
4401.56
4400.23
4398.9
4397.57
4396.24
4394.9
4393.57
4392.24
4390.91
4389.58
4388.24
4386.91
4385.58
4384.24
4382.91
4381.57
4380.23
4378.9
4377.56
4376.22
4374.87
4373.53
4372.19
4370.84
4369.49
4368.14
4366.79
4365.43
4364.07
4362.71
4361.34
4359.97
4358.59
4357.21
4355.83
4354.43
4353.03
4351.62
4350.2
4348.77
4347.33
4345.88
4344.41
4342.93
4341.43
4339.91
4338.37
4336.8
4335.21
4333.59
4331.94
4330.25
4328.52
4326.75
4324.93
4323.06
4321.12
4319.12
4317.05
4314.89
4312.65
4310.31
4307.87
4305.31
4302.62
4299.79
4296.81
4293.65
4290.32
4286.78
4283.03
4279.03
4274.78
4270.25
4265.41
4260.24
4254.72
4248.8
4242.48
4235.71
4228.45
4220.69
4212.38
4203.5
4194.01
4183.89
4173.11
4161.66
4149.53
4136.73
4123.26
4109.17
4094.5
4079.33
4063.75
4047.85
4031.75
4015.59
3999.47
3983.5
3967.78
3952.37
3937.32
3922.63
3908.29
3894.23
3880.38
3866.66
3852.96
3839.15
3825.13
3810.76
3795.92
3780.47
3764.29
3747.25
3729.22
3710.07
3689.7
3667.98
3644.82
3620.1
3593.69
3565.46
3535.28
3503.06
3468.74
3432.24
3393.41
3352.07
3308.07
3261.31
3211.79
3159.61
3105.02
3048.66
2991.71
2935.59
2880.96
2827.4
2774.26
2721.74
2671.22
2624.48
2582.53
2545.25
2511.61
2480.95
2452.32
2424.73
2397.48
2370.79
2343.69
2316.09
2288.46
2261.95
2237.83
2216.02
2194.87
2173.46
2153.35
2137.23
2126.36
2119.69
2114.96
2110.36
2104.93
2097.86
2088.27
2075.16
2057.24
2032.64
1998.94
1953.21
1892.28
1812.99
1711.76
1584.42
1427.18
1239.53
1019.89
773.757
472.142
209.575
3546.95
4086.87
4625.37
4610.13
4479.11
4445.34
4470
4486.26
4483.92
4477.13
4474.07
4473.72
4473.28
4472.02
4470.47
4469.06
4467.77
4466.5
4465.19
4463.86
4462.54
4461.22
4459.91
4458.59
4457.27
4455.95
4454.63
4453.31
4451.98
4450.66
4449.34
4448.02
4446.69
4445.37
4444.05
4442.72
4441.4
4440.07
4438.75
4437.42
4436.1
4434.77
4433.45
4432.12
4430.79
4429.47
4428.14
4426.81
4425.49
4424.16
4422.83
4421.51
4420.18
4418.85
4417.52
4416.2
4414.87
4413.54
4412.21
4410.89
4409.56
4408.23
4406.9
4405.57
4404.24
4402.91
4401.58
4400.25
4398.92
4397.59
4396.26
4394.93
4393.6
4392.27
4390.94
4389.61
4388.27
4386.94
4385.61
4384.27
4382.94
4381.6
4380.27
4378.93
4377.59
4376.25
4374.91
4373.57
4372.22
4370.88
4369.53
4368.18
4366.83
4365.48
4364.12
4362.76
4361.4
4360.03
4358.66
4357.28
4355.9
4354.51
4353.11
4351.71
4350.3
4348.87
4347.44
4346
4344.54
4343.07
4341.58
4340.08
4338.55
4337
4335.43
4333.83
4332.2
4330.53
4328.83
4327.09
4325.29
4323.45
4321.55
4319.59
4317.56
4315.45
4313.26
4310.98
4308.59
4306.09
4303.46
4300.7
4297.79
4294.72
4291.46
4288.01
4284.34
4280.44
4276.29
4271.86
4267.12
4262.05
4256.63
4250.82
4244.6
4237.92
4230.75
4223.06
4214.81
4205.95
4196.46
4186.3
4175.43
4163.84
4151.5
4138.41
4124.59
4110.07
4094.9
4079.17
4062.98
4046.45
4029.74
4013.02
3996.45
3980.17
3964.29
3948.88
3933.96
3919.55
3905.59
3892.01
3878.71
3865.59
3852.51
3839.34
3825.93
3812.13
3797.81
3782.81
3766.98
3750.19
3732.31
3713.24
3692.89
3671.2
3648.07
3623.4
3597.08
3568.96
3538.92
3506.81
3472.52
3436
3397.13
3355.76
3311.83
3265.31
3216.14
3163.98
3108.33
3048.7
2986.22
2923.99
2864.42
2807.51
2751.7
2695.68
2640.14
2588.02
2542.82
2506.06
2476.79
2453.65
2435.72
2421.71
2408.81
2393.03
2372.85
2346.27
2311.87
2274.14
2239.79
2209.48
2179.43
2149.23
2123.43
2106.01
2096.74
2091.64
2087.63
2085
2084.5
2084.46
2081.95
2074.84
2061.49
2039.81
2007.29
1960.97
1896.65
1809.43
1695.21
1552.48
1380.82
1181.44
956.995
716.692
432.394
180.647
3546.99
4086.92
4625.39
4610.14
4479.13
4445.36
4470.01
4486.27
4483.93
4477.14
4474.08
4473.73
4473.29
4472.03
4470.47
4469.05
4467.77
4466.49
4465.18
4463.86
4462.53
4461.21
4459.9
4458.58
4457.26
4455.93
4454.61
4453.29
4451.97
4450.64
4449.32
4448
4446.67
4445.35
4444.02
4442.7
4441.38
4440.05
4438.73
4437.4
4436.07
4434.75
4433.42
4432.1
4430.77
4429.44
4428.12
4426.79
4425.46
4424.14
4422.81
4421.48
4420.16
4418.83
4417.5
4416.17
4414.85
4413.52
4412.19
4410.86
4409.54
4408.21
4406.88
4405.55
4404.22
4402.89
4401.56
4400.23
4398.91
4397.58
4396.25
4394.92
4393.59
4392.26
4390.92
4389.59
4388.26
4386.93
4385.6
4384.26
4382.93
4381.59
4380.26
4378.92
4377.59
4376.25
4374.91
4373.57
4372.23
4370.89
4369.54
4368.2
4366.85
4365.5
4364.14
4362.79
4361.43
4360.07
4358.7
4357.33
4355.96
4354.58
4353.19
4351.8
4350.39
4348.99
4347.57
4346.14
4344.7
4343.24
4341.78
4340.29
4338.79
4337.27
4335.73
4334.16
4332.56
4330.93
4329.27
4327.58
4325.84
4324.05
4322.21
4320.31
4318.35
4316.32
4314.21
4312.01
4309.72
4307.32
4304.8
4302.15
4299.37
4296.42
4293.3
4290
4286.49
4282.75
4278.76
4274.5
4269.94
4265.05
4259.82
4254.19
4248.15
4241.64
4234.64
4227.09
4218.95
4210.18
4200.72
4190.53
4179.55
4167.74
4155.07
4141.51
4127.07
4111.77
4095.69
4078.92
4061.62
4043.97
4026.15
4008.37
3990.86
3973.88
3957.62
3942.2
3927.64
3913.86
3900.73
3888.11
3875.88
3863.86
3851.89
3839.82
3827.49
3814.75
3801.43
3787.35
3772.3
3756.1
3738.55
3719.54
3699.05
3677.19
3654.01
3629.35
3602.97
3574.84
3545.2
3514.3
3482.04
3447.72
3410.04
3367.78
3320.58
3269.08
3213.63
3153.93
3089.75
3023.77
2962.41
2906.61
2849.89
2786.56
2716.87
2647.66
2585.28
2530.58
2484.16
2446.5
2416.02
2391.14
2371.13
2353.54
2335.32
2313.2
2283.07
2245.49
2201.66
2183.23
2186.68
2173.39
2123.58
2052.6
2001.02
1988.79
2008.39
2030.1
2040.02
2043.98
2048.16
2055.5
2066.78
2080.67
2093.37
2099.41
2091.32
2062.39
2009.48
1927.87
1790.73
1584.6
1338.71
1103.72
894.555
691.338
439.624
172.556
3547.05
4086.99
4625.43
4610.17
4479.16
4445.4
4470.05
4486.31
4483.96
4477.17
4474.12
4473.76
4473.32
4472.06
4470.51
4469.09
4467.8
4466.53
4465.22
4463.89
4462.57
4461.25
4459.93
4458.61
4457.29
4455.97
4454.64
4453.32
4452
4450.68
4449.35
4448.03
4446.71
4445.38
4444.06
4442.73
4441.41
4440.08
4438.76
4437.43
4436.11
4434.78
4433.45
4432.13
4430.8
4429.47
4428.15
4426.82
4425.49
4424.17
4422.84
4421.51
4420.19
4418.86
4417.53
4416.2
4414.88
4413.55
4412.22
4410.89
4409.57
4408.24
4406.91
4405.58
4404.25
4402.92
4401.59
4400.27
4398.94
4397.61
4396.28
4394.95
4393.62
4392.29
4390.96
4389.63
4388.29
4386.96
4385.63
4384.3
4382.97
4381.63
4380.3
4378.96
4377.63
4376.29
4374.96
4373.62
4372.28
4370.94
4369.6
4368.25
4366.91
4365.56
4364.22
4362.87
4361.51
4360.16
4358.8
4357.44
4356.07
4354.7
4353.33
4351.95
4350.56
4349.17
4347.76
4346.35
4344.94
4343.51
4342.06
4340.61
4339.14
4337.65
4336.15
4334.62
4333.07
4331.5
4329.89
4328.26
4326.58
4324.87
4323.11
4321.3
4319.44
4317.51
4315.51
4313.43
4311.27
4309.01
4306.64
4304.15
4301.53
4298.77
4295.85
4292.75
4289.45
4285.93
4282.18
4278.17
4273.86
4269.24
4264.28
4258.93
4253.15
4246.92
4240.18
4232.87
4224.95
4216.34
4206.99
4196.81
4185.74
4173.69
4160.6
4146.41
4131.09
4114.62
4097.05
4078.51
4059.21
4039.51
4019.8
4000.45
3981.68
3963.71
3946.78
3931.17
3917.03
3904.24
3892.51
3881.56
3871.18
3861.1
3851.06
3840.82
3830.22
3819.1
3807.3
3794.61
3780.83
3765.75
3749.14
3730.74
3710.45
3688.59
3665.59
3641.17
3614.43
3584.62
3551.69
3517.61
3485.56
3455.7
3425.57
3391.61
3351.65
3305.69
3249.27
3175
3060.83
2923.97
2823.42
2784.45
2776.11
2745.27
2657.76
2535.78
2428.86
2367.62
2350.32
2348.37
2348.21
2354.4
2378.84
2419
2460.49
2499.11
2546.88
2465.52
2214.77
2080.41
2114.53
2169.36
2128.42
2014.41
1899.78
1861.75
1893.93
1932.87
1963.6
2002.03
2038.36
2054.43
2067.21
2088.77
2114.68
2140.19
2167.7
2183.8
2162.78
2109.71
2028.25
1830.89
1434.18
1023.07
832.03
674.888
327.472
6.00929
3547.12
4087.08
4625.46
4610.19
4479.19
4445.43
4470.07
4486.32
4483.97
4477.18
4474.12
4473.76
4473.32
4472.05
4470.5
4469.08
4467.79
4466.51
4465.2
4463.87
4462.54
4461.22
4459.91
4458.58
4457.26
4455.94
4454.62
4453.29
4451.97
4450.65
4449.32
4448
4446.68
4445.35
4444.03
4442.7
4441.38
4440.05
4438.73
4437.4
4436.08
4434.75
4433.43
4432.1
4430.78
4429.45
4428.12
4426.8
4425.47
4424.14
4422.82
4421.49
4420.16
4418.84
4417.51
4416.18
4414.85
4413.53
4412.2
4410.87
4409.54
4408.22
4406.89
4405.56
4404.23
4402.91
4401.58
4400.25
4398.92
4397.59
4396.26
4394.93
4393.6
4392.27
4390.94
4389.62
4388.28
4386.95
4385.62
4384.29
4382.96
4381.63
4380.3
4378.97
4377.63
4376.3
4374.96
4373.63
4372.29
4370.96
4369.62
4368.28
4366.94
4365.6
4364.26
4362.92
4361.57
4360.23
4358.88
4357.53
4356.17
4354.81
4353.45
4352.09
4350.72
4349.34
4347.96
4346.58
4345.19
4343.79
4342.38
4340.96
4339.53
4338.08
4336.63
4335.15
4333.66
4332.15
4330.62
4329.06
4327.47
4325.85
4324.19
4322.49
4320.74
4318.95
4317.09
4315.16
4313.16
4311.08
4308.91
4306.62
4304.23
4301.7
4299.02
4296.18
4293.16
4289.94
4286.5
4282.81
4278.85
4274.58
4269.98
4265
4259.62
4253.77
4247.42
4240.5
4232.94
4224.66
4215.57
4205.55
4194.5
4182.27
4168.75
4153.79
4137.33
4119.34
4099.85
4078.95
4056.76
4033.55
4009.99
3987.2
3966.17
3947.27
3930.34
3915.28
3902.15
3890.81
3880.88
3871.98
3863.83
3856.12
3848.54
3840.88
3832.91
3824.43
3815.12
3804.6
3792.42
3778.08
3761.31
3742.18
3721.87
3701.67
3681.05
3658.59
3633.76
3606.13
3573.23
3534.81
3495.64
3456.92
3414.5
3371.2
3337.72
3323.47
3326.59
3344.05
3277.8
3106.6
2920.42
2801.63
2778.49
2790.76
2758.71
2661.9
2468.88
2300.73
2261.64
2251.63
2243.55
2245.01
2258.41
2270.65
2277.12
2267.28
2188.66
1975.77
2093.8
2242.14
2294.22
2280.34
2090.33
1861.76
1781.97
1910.04
2006.64
1998.75
1970.94
1976.54
1999.62
2010.58
2037.59
2074.21
2125.1
2168.3
2179.83
2175.43
2164.05
2114.19
1996.13
1745.17
1522.05
1382.67
1238.53
1044.59
817.356
304.874
3547.23
4087.23
4625.55
4610.24
4479.26
4445.51
4470.16
4486.4
4484.05
4477.25
4474.19
4473.83
4473.39
4472.12
4470.56
4469.14
4467.85
4466.57
4465.26
4463.93
4462.6
4461.28
4459.96
4458.64
4457.32
4455.99
4454.67
4453.34
4452.02
4450.7
4449.37
4448.05
4446.72
4445.4
4444.07
4442.75
4441.42
4440.1
4438.77
4437.44
4436.12
4434.79
4433.47
4432.14
4430.81
4429.49
4428.16
4426.83
4425.5
4424.18
4422.85
4421.52
4420.2
4418.87
4417.54
4416.21
4414.89
4413.56
4412.23
4410.9
4409.58
4408.25
4406.92
4405.59
4404.26
4402.94
4401.61
4400.28
4398.95
4397.62
4396.29
4394.96
4393.64
4392.31
4390.98
4389.65
4388.32
4386.99
4385.66
4384.33
4383
4381.67
4380.34
4379.01
4377.68
4376.34
4375.01
4373.68
4372.35
4371.02
4369.68
4368.35
4367.02
4365.68
4364.35
4363.01
4361.67
4360.33
4358.99
4357.65
4356.31
4354.97
4353.62
4352.28
4350.93
4349.57
4348.22
4346.86
4345.49
4344.13
4342.75
4341.37
4339.99
4338.59
4337.19
4335.78
4334.35
4332.92
4331.46
4329.99
4328.5
4326.99
4325.45
4323.88
4322.27
4320.62
4318.93
4317.19
4315.38
4313.51
4311.57
4309.53
4307.39
4305.15
4302.77
4300.25
4297.57
4294.71
4291.65
4288.36
4284.82
4280.99
4276.85
4272.37
4267.49
4262.18
4256.37
4250.02
4243.03
4235.33
4226.79
4217.27
4206.58
4194.5
4180.76
4165.05
4147.08
4126.69
4104.04
4079.62
4054.07
4027.35
3998.97
3969.46
3941.1
3916.56
3898.23
3886.01
3877.7
3871.35
3866.54
3863.14
3860.2
3856.68
3852.43
3847.9
3843.38
3838.8
3833.85
3828.05
3820.39
3808.61
3789.04
3758.15
3725.76
3704.06
3686.58
3661.5
3629.87
3592.72
3563.93
3567.69
3593.47
3628.3
3597.94
3483.3
3366.04
3307.22
3314.68
3271.13
3006.43
2513.96
2602.5
2842.25
2887.8
2852.52
2689.79
2394.65
2085.63
2149.1
2324.4
2305.43
2293.8
2342.94
2335.24
2268.05
2293.28
2335.41
2001.4
2016.37
2198.18
2182.39
2114.18
1618.32
1367.28
1553.18
1485.83
1405.51
1343.35
1444.98
1762.57
2050.67
2074.72
2083.65
2101.75
2140.49
2167.29
2188.53
2200.54
2185.07
2132.82
1991.3
1846.57
1845.22
1857.36
1829.91
1711.25
1700.99
1424.62
418.694
3547.32
4087.31
4625.56
4610.25
4479.26
4445.52
4470.15
4486.39
4484.03
4477.23
4474.17
4473.8
4473.36
4472.09
4470.53
4469.1
4467.81
4466.53
4465.22
4463.89
4462.56
4461.24
4459.92
4458.6
4457.27
4455.95
4454.63
4453.3
4451.98
4450.66
4449.33
4448.01
4446.69
4445.36
4444.04
4442.71
4441.39
4440.06
4438.74
4437.41
4436.09
4434.76
4433.44
4432.11
4430.78
4429.46
4428.13
4426.81
4425.48
4424.15
4422.83
4421.5
4420.17
4418.85
4417.52
4416.19
4414.87
4413.54
4412.21
4410.89
4409.56
4408.23
4406.9
4405.58
4404.25
4402.92
4401.59
4400.27
4398.94
4397.61
4396.28
4394.95
4393.63
4392.3
4390.97
4389.64
4388.31
4386.99
4385.66
4384.33
4383
4381.67
4380.34
4379.02
4377.69
4376.36
4375.03
4373.7
4372.37
4371.05
4369.72
4368.39
4367.06
4365.73
4364.4
4363.08
4361.75
4360.42
4359.09
4357.76
4356.43
4355.11
4353.78
4352.45
4351.12
4349.79
4348.46
4347.13
4345.8
4344.47
4343.13
4341.8
4340.46
4339.12
4337.78
4336.43
4335.08
4333.73
4332.36
4330.99
4329.61
4328.22
4326.81
4325.38
4323.94
4322.47
4320.97
4319.43
4317.86
4316.23
4314.55
4312.8
4310.97
4309.06
4307.04
4304.9
4302.62
4300.18
4297.57
4294.76
4291.71
4288.42
4284.84
4280.94
4276.69
4272.04
4266.94
4261.33
4255.13
4248.23
4240.52
4231.84
4221.95
4210.53
4197.12
4181.14
4161.8
4138.14
4109.11
4074.09
4034.79
3993.73
3958
3926.09
3893.41
3858.07
3829.84
3818.07
3817.29
3818.37
3820.78
3827.12
3835.09
3840.73
3843.02
3843.22
3842.54
3841.47
3840.36
3839.57
3840.16
3845.39
3844.01
3814.23
3773.26
3757.03
3760.41
3764.48
3757.33
3668.64
3468.82
3398.24
3390.26
3395.01
3381.64
3373.93
3353.27
3329.47
3279.07
2891.09
1958.71
2277.58
3229.38
3291.05
3112.22
2578.65
1623.08
1490.29
1623.29
1775.64
1854.89
1982.15
2390.05
2278.66
2161.53
2146.9
2158.98
2149.02
2042.55
1464.14
1075.24
1225.19
1286.9
1680.71
1738.37
1788.34
1466.27
1217.96
1205.13
1624.31
2101.5
2143.12
2130.16
2125.45
2129.73
2137.17
2146.82
2154.55
2140.74
2065.29
1964.64
1882.96
1850.14
1836.86
1838.19
1844.88
1830.82
1840.02
1738.94
471.05
3547.58
4087.68
4625.78
4610.38
4479.42
4445.68
4470.31
4486.54
4484.17
4477.36
4474.29
4473.93
4473.47
4472.2
4470.63
4469.2
4467.91
4466.63
4465.31
4463.97
4462.64
4461.32
4460
4458.67
4457.35
4456.02
4454.69
4453.37
4452.04
4450.72
4449.39
4448.07
4446.74
4445.41
4444.09
4442.76
4441.44
4440.11
4438.78
4437.46
4436.13
4434.8
4433.48
4432.15
4430.82
4429.5
4428.17
4426.84
4425.51
4424.19
4422.86
4421.53
4420.21
4418.88
4417.55
4416.22
4414.9
4413.57
4412.24
4410.91
4409.59
4408.26
4406.93
4405.6
4404.28
4402.95
4401.62
4400.29
4398.96
4397.64
4396.31
4394.98
4393.65
4392.33
4391
4389.67
4388.34
4387.02
4385.69
4384.36
4383.03
4381.71
4380.38
4379.05
4377.73
4376.4
4375.08
4373.75
4372.42
4371.1
4369.78
4368.45
4367.13
4365.81
4364.48
4363.16
4361.84
4360.53
4359.21
4357.89
4356.58
4355.26
4353.95
4352.64
4351.33
4350.03
4348.72
4347.42
4346.12
4344.82
4343.53
4342.24
4340.95
4339.67
4338.39
4337.11
4335.84
4334.57
4333.3
4332.03
4330.76
4329.5
4328.23
4326.96
4325.69
4324.4
4323.11
4321.8
4320.47
4319.11
4317.72
4316.28
4314.8
4313.25
4311.62
4309.9
4308.07
4306.12
4304.01
4301.74
4299.26
4296.57
4293.63
4290.41
4286.88
4283.02
4278.8
4274.17
4269.1
4263.47
4257.17
4249.99
4241.65
4231.7
4219.39
4203.45
4182.69
4155.72
4123.24
4083.32
4027.12
3942.53
3869.83
3831.66
3819.66
3808.85
3796
3797.16
3807.65
3817.85
3828.27
3837.42
3843.36
3846.59
3848.46
3849.76
3850.65
3851.1
3851.3
3850.98
3851.19
3853.62
3836.49
3724.46
3681.69
3711.05
3689.21
3649.31
3599.93
3309.78
3275.2
3462.26
3490.66
3239.14
2531.96
2379.35
2505.53
2416.18
2080.55
1693.74
1768.2
2051.47
2464.56
2346.62
1974.97
1684.69
2063.26
2152.46
2028.71
2328.77
2554.98
2572.62
2236.09
1952.64
2176.04
2453.88
2281.74
2009.24
1263.57
562.032
896.843
1770.01
1937.78
1935.83
1866.84
1792.55
1716.73
1691.51
1898.2
2156.47
2197.4
2196.57
2183.31
2167.94
2174.2
2165.58
2106.89
2057.59
2013.09
1941.76
1842.88
1723.82
1749.11
1817.29
1827.66
1819.26
1816.53
1808.92
1728.02
322.65
3547.53
4087.53
4625.66
4610.31
4479.37
4445.63
4470.26
4486.47
4484.1
4477.29
4474.23
4473.86
4473.4
4472.13
4470.57
4469.14
4467.84
4466.56
4465.25
4463.91
4462.59
4461.26
4459.94
4458.62
4457.3
4455.97
4454.65
4453.32
4452
4450.68
4449.35
4448.03
4446.7
4445.38
4444.05
4442.73
4441.41
4440.08
4438.75
4437.43
4436.1
4434.78
4433.45
4432.13
4430.8
4429.47
4428.15
4426.82
4425.5
4424.17
4422.84
4421.52
4420.19
4418.86
4417.54
4416.21
4414.88
4413.56
4412.23
4410.9
4409.58
4408.25
4406.92
4405.6
4404.27
4402.94
4401.61
4400.29
4398.96
4397.63
4396.31
4394.98
4393.65
4392.33
4391
4389.67
4388.35
4387.02
4385.69
4384.37
4383.04
4381.72
4380.39
4379.07
4377.74
4376.42
4375.1
4373.78
4372.45
4371.13
4369.81
4368.49
4367.18
4365.86
4364.55
4363.23
4361.92
4360.61
4359.3
4358
4356.7
4355.4
4354.1
4352.81
4351.52
4350.24
4348.96
4347.69
4346.42
4345.16
4343.91
4342.67
4341.43
4340.2
4338.99
4337.78
4336.58
4335.4
4334.23
4333.07
4331.93
4330.8
4329.69
4328.59
4327.5
4326.42
4325.36
4324.3
4323.25
4322.2
4321.14
4320.07
4318.97
4317.84
4316.66
4315.42
4314.09
4312.66
4311.11
4309.41
4307.54
4305.48
4303.2
4300.7
4297.96
4295.01
4291.85
4288.55
4285.2
4281.89
4278.76
4275.76
4272.63
4268.71
4262.69
4251.35
4230.82
4192.66
4149.45
4131.76
4138.56
4102.79
3981.21
3839.89
3737.48
3665.22
3704.71
3768.88
3783.57
3780.08
3798.93
3835.82
3851.45
3852.16
3848.76
3845.75
3843.48
3841.25
3838.68
3835.45
3832.62
3801.96
3514.62
2929.75
2988.16
3016.06
2904.44
2693.38
2418.83
2486.41
2666.79
2744.01
2578.81
2245.92
2114.38
2129.81
2252.44
2487.72
2473.38
2206.99
2155.31
2539.96
2561.02
2484.18
2098.47
1966.63
1940.18
2391.04
2416.53
2397.06
1866.36
1690.22
1786.88
2471.34
2546.82
2016.64
1312.21
1005.42
833.792
1103.99
2001.04
2135.85
2106.1
1957.31
1792.92
1694.11
1530.27
1863.19
2230.04
2280.53
2257.2
2189.33
2134.15
2099.34
1969.74
1548.43
1646.16
1913.29
1670.17
1451.88
1316.9
1400.06
1835.73
1986.55
1916.39
1861.2
1820.53
1731.8
1175.18
-26.6279
3548.32
4088.67
4626.23
4610.56
4479.56
4445.86
4470.5
4486.71
4484.3
4477.47
4474.39
4474.02
4473.55
4472.27
4470.7
4469.26
4467.96
4466.67
4465.35
4464.01
4462.67
4461.34
4460.02
4458.69
4457.36
4456.04
4454.71
4453.38
4452.06
4450.73
4449.4
4448.08
4446.75
4445.42
4444.1
4442.77
4441.44
4440.12
4438.79
4437.46
4436.14
4434.81
4433.48
4432.16
4430.83
4429.5
4428.18
4426.85
4425.52
4424.19
4422.87
4421.54
4420.21
4418.89
4417.56
4416.23
4414.9
4413.58
4412.25
4410.92
4409.59
4408.27
4406.94
4405.61
4404.29
4402.96
4401.63
4400.3
4398.98
4397.65
4396.32
4395
4393.67
4392.34
4391.02
4389.69
4388.37
4387.04
4385.71
4384.39
4383.06
4381.74
4380.42
4379.09
4377.77
4376.45
4375.13
4373.81
4372.49
4371.17
4369.86
4368.54
4367.23
4365.92
4364.61
4363.3
4362
4360.7
4359.4
4358.1
4356.81
4355.53
4354.24
4352.97
4351.7
4350.44
4349.18
4347.93
4346.69
4345.47
4344.25
4343.04
4341.85
4340.67
4339.51
4338.37
4337.24
4336.14
4335.05
4333.99
4332.96
4331.95
4330.96
4330.01
4329.09
4328.19
4327.33
4326.5
4325.69
4324.91
4324.16
4323.42
4322.7
4321.99
4321.28
4320.56
4319.81
4319.03
4318.2
4317.29
4316.28
4315.14
4313.86
4312.39
4310.72
4308.81
4306.65
4304.27
4301.72
4299.26
4297.48
4297.76
4302.01
4310.1
4319.52
4328.81
4334.78
4308.42
4233.04
4141
4034.89
3866.98
3821.91
3793.47
3681.34
3506.94
3505.09
3614.4
3787.69
3776.52
3373.33
3054.63
3056.94
3065.01
3081.48
3118.09
3230.47
3258.55
3166
2990.1
2823.25
2582.02
2408.17
2476.95
2606.37
2672.2
2681.75
2627.37
2565.27
2551
2546.69
2638.66
2595.14
2528.51
2408.19
2313.11
2295.58
2524.71
2392.25
2103.53
2077.7
2070.96
2008.14
1900.69
1831.57
2078.78
2134.39
1922.64
1678.35
1571.01
1551.75
1759.32
1821.93
1703.21
1469.51
1294.59
1227.93
1194.87
1173.78
1192.01
1471.71
2080.52
1866.59
1195.93
1014.15
981.662
1548.66
1952.16
2029.56
1772.18
1374.03
1295.15
1197.71
1022.55
946.228
1010.28
1075
1438.4
1534.41
1495.7
1496.47
1484.39
1327.93
1104.2
908.044
839.217
864.941
578.615
115.437
-81.5226
3547.34
4087.36
4625.96
4610.74
4479.61
4445.74
4470.34
4486.57
4484.2
4477.38
4474.3
4473.93
4473.47
4472.19
4470.62
4469.19
4467.89
4466.61
4465.29
4463.96
4462.63
4461.3
4459.98
4458.66
4457.33
4456.01
4454.68
4453.36
4452.03
4450.71
4449.38
4448.06
4446.73
4445.41
4444.08
4442.76
4441.43
4440.11
4438.78
4437.46
4436.13
4434.8
4433.48
4432.15
4430.83
4429.5
4428.17
4426.85
4425.52
4424.19
4422.87
4421.54
4420.21
4418.89
4417.56
4416.23
4414.91
4413.58
4412.25
4410.93
4409.6
4408.27
4406.95
4405.62
4404.29
4402.97
4401.64
4400.31
4398.99
4397.66
4396.33
4395.01
4393.68
4392.35
4391.03
4389.7
4388.38
4387.05
4385.73
4384.41
4383.08
4381.76
4380.44
4379.11
4377.79
4376.47
4375.16
4373.84
4372.52
4371.21
4369.89
4368.58
4367.27
4365.97
4364.66
4363.36
4362.06
4360.77
4359.48
4358.19
4356.91
4355.64
4354.37
4353.11
4351.86
4350.62
4349.38
4348.16
4346.95
4345.76
4344.58
4343.41
4342.27
4341.15
4340.05
4338.98
4337.94
4336.93
4335.95
4335.02
4334.13
4333.29
4332.5
4331.77
4331.1
4330.49
4329.97
4329.52
4329.15
4328.87
4328.68
4328.58
4328.56
4328.63
4328.78
4328.98
4329.22
4329.47
4329.69
4329.83
4329.82
4329.59
4329.07
4328.17
4326.81
4324.91
4322.43
4319.28
4315.39
4310.36
4302.21
4291.78
4288.23
4296.15
4309.23
4327.14
4330.15
4256.84
4130.45
4117.08
3809.77
3196.52
3149.97
3263.34
3277.55
3254.46
3205.26
3108.02
2999.25
2965.25
2935.75
2899.95
2877.59
2866.34
2860.14
2849.04
2821.28
2772.16
2710.34
2649.11
2601.68
2588
2595.27
2613.62
2631.02
2640.62
2631.98
2606.78
2578.08
2558.18
2541.54
2502.18
2444.07
2410.37
2308.58
2238.27
2217.56
2176.18
2104.48
2050.37
2023.22
2003.58
1982.01
1946.27
1904.57
1846.36
1775.21
1714.72
1672.87
1643.2
1738.76
1762.22
1668.28
1521.32
1465.43
1399.18
1329.3
1272.74
1295.66
1297.64
1265.29
1199.17
1086.27
1070.93
1135.66
1080.5
987.246
947.002
943.506
926.719
951.47
1034.04
1099.02
1110.98
1096
1088.23
1077.74
1011.38
893.846
832.8
789.982
728.386
635.227
560.985
486.145
419.369
332.459
219.656
101.733
4.81106
3550.93
4091.09
4626.07
4609.73
4479.63
4446.37
4470.81
4486.74
4484.29
4477.51
4474.46
4474.06
4473.57
4472.28
4470.7
4469.26
4467.96
4466.67
4465.34
4464
4462.67
4461.34
4460.01
4458.69
4457.36
4456.03
4454.7
4453.38
4452.05
4450.72
4449.4
4448.07
4446.75
4445.42
4444.09
4442.77
4441.44
4440.11
4438.79
4437.46
4436.14
4434.81
4433.48
4432.16
4430.83
4429.5
4428.18
4426.85
4425.52
4424.2
4422.87
4421.54
4420.22
4418.89
4417.56
4416.24
4414.91
4413.58
4412.25
4410.93
4409.6
4408.27
4406.95
4405.62
4404.29
4402.97
4401.64
4400.31
4398.99
4397.66
4396.34
4395.01
4393.69
4392.36
4391.03
4389.71
4388.39
4387.06
4385.74
4384.42
4383.09
4381.77
4380.45
4379.13
4377.81
4376.49
4375.18
4373.86
4372.55
4371.24
4369.93
4368.62
4367.32
4366.02
4364.72
4363.43
4362.14
4360.85
4359.57
4358.3
4357.03
4355.77
4354.52
4353.28
4352.05
4350.83
4349.62
4348.43
4347.25
4346.09
4344.95
4343.84
4342.75
4341.68
4340.65
4339.65
4338.69
4337.77
4336.89
4336.07
4335.3
4334.59
4333.94
4333.37
4332.87
4332.45
4332.12
4331.88
4331.73
4331.68
4331.72
4331.84
4332.05
4332.33
4332.67
4333.03
4333.38
4333.7
4333.92
4334
4333.88
4333.48
4332.75
4331.61
4330.02
4327.93
4325.32
4322.2
4318.6
4314.43
4309.09
4303.76
4298.06
4303.81
4294.79
4313.48
4289.05
4088.83
3164.65
3242.04
3188.84
3082.37
3095.07
3136.31
3151.97
3144.53
3119.12
3079.34
3033.99
2994.65
2963.66
2942.17
2925.29
2911.11
2897.22
2879.71
2852.07
2814.8
2771.06
2726.25
2680.76
2639.82
2616.51
2612.35
2621.33
2625.16
2616.67
2595.94
2568.04
2536.48
2500.97
2458.32
2405.03
2341.75
2280.86
2234.46
2196.37
2153.97
2104.65
2057.55
2017.94
1980.44
1938.9
1892.99
1853.55
1813.36
1768.91
1723.66
1677.83
1637.67
1600.33
1557.22
1510.87
1460.72
1402.7
1339.39
1282.29
1237.84
1204.42
1179.7
1156.87
1125.17
1081.82
1037.29
1001.87
978.561
969.869
967.941
968.664
969.743
968.839
960.998
942.304
916.241
894.563
879.431
860.474
832.98
801.552
769.583
737.471
704.684
666.646
615.103
546.721
463.257
362.378
244.761
119.611
16.6131
)
;

boundaryField
{
    inlet
    {
        type            fixedValue;
        value           uniform 5000;
    }
    outlet
    {
        type            fixedValue;
        value           uniform 0;
    }
    walls
    {
        type            zeroGradient;
    }
    frontAndBack
    {
        type            empty;
    }
}


// ************************************************************************* //
