/*--------------------------------*- C++ -*----------------------------------*\
| =========                 |                                                 |
| \\      /  F ield         | OpenFOAM: The Open Source CFD Toolbox           |
|  \\    /   O peration     | Version:  2406                                  |
|   \\  /    A nd           | Website:  www.openfoam.com                      |
|    \\/     M anipulation  |                                                 |
\*---------------------------------------------------------------------------*/
FoamFile
{
    version     2.0;
    format      ascii;
    arch        "LSB;label=32;scalar=64";
    class       volScalarField;
    location    "900";
    object      alphat;
}
// * * * * * * * * * * * * * * * * * * * * * * * * * * * * * * * * * * * * * //

dimensions      [0 2 -1 0 0 0 0];

internalField   nonuniform List<scalar> 
5619
(
5.35523e-05
5.35815e-05
5.34641e-05
5.33774e-05
5.32974e-05
5.32323e-05
5.31686e-05
5.30952e-05
5.30055e-05
5.28988e-05
5.27765e-05
5.26408e-05
5.24953e-05
5.23434e-05
5.21886e-05
5.20342e-05
5.18832e-05
5.17381e-05
5.16016e-05
5.14757e-05
5.13617e-05
5.12593e-05
5.11668e-05
5.10802e-05
5.09941e-05
5.09035e-05
5.08077e-05
5.07143e-05
5.06373e-05
5.05953e-05
5.06129e-05
5.07167e-05
5.09297e-05
5.12658e-05
5.17277e-05
5.23062e-05
5.29834e-05
5.37357e-05
5.45372e-05
5.53621e-05
5.61859e-05
5.69865e-05
5.77443e-05
5.84424e-05
5.90668e-05
5.96061e-05
6.00517e-05
6.03973e-05
6.06392e-05
6.07758e-05
6.08076e-05
6.07367e-05
6.05668e-05
6.03027e-05
5.99502e-05
5.95157e-05
5.9006e-05
5.84281e-05
5.77885e-05
5.71089e-05
5.64067e-05
5.56903e-05
5.49665e-05
5.42409e-05
5.35185e-05
5.28035e-05
5.20991e-05
5.14081e-05
5.07326e-05
5.00741e-05
4.94338e-05
4.88124e-05
4.82105e-05
4.76281e-05
4.70653e-05
4.65218e-05
4.59972e-05
4.54911e-05
4.50029e-05
4.45318e-05
4.40773e-05
4.36385e-05
4.32148e-05
4.28053e-05
4.24092e-05
4.20258e-05
4.16542e-05
4.12938e-05
4.09437e-05
4.06032e-05
4.02715e-05
3.99481e-05
3.96321e-05
3.93229e-05
3.90199e-05
3.87224e-05
3.84298e-05
3.81416e-05
3.78572e-05
3.75759e-05
3.72976e-05
3.69935e-05
3.66632e-05
3.63066e-05
3.59244e-05
3.55182e-05
3.50899e-05
3.46427e-05
3.418e-05
3.37063e-05
3.32264e-05
3.27452e-05
3.22681e-05
3.18e-05
3.13456e-05
3.0909e-05
3.04935e-05
3.01017e-05
2.97354e-05
2.93956e-05
2.90825e-05
2.8796e-05
2.85352e-05
2.8299e-05
2.80859e-05
2.78946e-05
2.77232e-05
2.75703e-05
2.74343e-05
2.73007e-05
2.71688e-05
2.70379e-05
2.69074e-05
2.67767e-05
2.66453e-05
2.65126e-05
2.63783e-05
2.62418e-05
2.61028e-05
2.59609e-05
2.5816e-05
2.56676e-05
2.55157e-05
2.53601e-05
2.52008e-05
2.50378e-05
2.48712e-05
2.47012e-05
2.45281e-05
2.43524e-05
2.41746e-05
2.39954e-05
2.38155e-05
2.36358e-05
2.34575e-05
2.32817e-05
2.31096e-05
2.29427e-05
2.27823e-05
2.26298e-05
2.24866e-05
2.23542e-05
2.22336e-05
2.21259e-05
2.20319e-05
2.19521e-05
2.18867e-05
2.18356e-05
2.17984e-05
2.17744e-05
2.17625e-05
2.17618e-05
2.1771e-05
2.17891e-05
2.18149e-05
2.18482e-05
2.18908e-05
2.19476e-05
2.20294e-05
2.21558e-05
2.23559e-05
2.26663e-05
2.31177e-05
2.37046e-05
2.43128e-05
2.45255e-05
2.30393e-05
0.000161848
0.00016035
0.000158267
0.000155639
0.000153032
0.000150667
0.000148609
0.000146787
0.000145103
0.000143511
0.000142033
0.000140663
0.000139399
0.000138239
0.000137181
0.000136224
0.000135365
0.000134596
0.000133906
0.000133274
0.000132675
0.000132068
0.000131392
0.00013056
0.000129443
0.000127865
0.000125611
0.000122508
0.000118409
0.000113371
0.000107484
0.000100907
9.38943e-05
8.67481e-05
7.97646e-05
7.31879e-05
6.71842e-05
6.18385e-05
5.71683e-05
5.31439e-05
4.97085e-05
4.67944e-05
4.43326e-05
4.22597e-05
4.05203e-05
3.90673e-05
3.7862e-05
3.68731e-05
3.60748e-05
3.54458e-05
3.49683e-05
3.4626e-05
3.44034e-05
3.42845e-05
3.42521e-05
3.42861e-05
3.43637e-05
3.44242e-05
3.44146e-05
3.43656e-05
3.43146e-05
3.42539e-05
3.41778e-05
3.40826e-05
3.39661e-05
3.38276e-05
3.36679e-05
3.34887e-05
3.32926e-05
3.30825e-05
3.28619e-05
3.26343e-05
3.24031e-05
3.21715e-05
3.19426e-05
3.17189e-05
3.15027e-05
3.12958e-05
3.10996e-05
3.09153e-05
3.07437e-05
3.05851e-05
3.044e-05
3.03083e-05
3.019e-05
3.00849e-05
2.99925e-05
2.99126e-05
2.98448e-05
2.97886e-05
2.97435e-05
2.97093e-05
2.96853e-05
2.96714e-05
2.96671e-05
2.96722e-05
2.96864e-05
2.97094e-05
2.97413e-05
2.97814e-05
2.98301e-05
2.98935e-05
2.99744e-05
3.00766e-05
3.02039e-05
3.03601e-05
3.05489e-05
3.07734e-05
3.1036e-05
3.13382e-05
3.16798e-05
3.20594e-05
3.24735e-05
3.29177e-05
3.33858e-05
3.38709e-05
3.43655e-05
3.48621e-05
3.53533e-05
3.58328e-05
3.62948e-05
3.67348e-05
3.71496e-05
3.75368e-05
3.78952e-05
3.82244e-05
3.85247e-05
3.87968e-05
3.90422e-05
3.92869e-05
3.9532e-05
3.97787e-05
4.0028e-05
4.02812e-05
4.05392e-05
4.08032e-05
4.10742e-05
4.13532e-05
4.16413e-05
4.19393e-05
4.22482e-05
4.25688e-05
4.29018e-05
4.32478e-05
4.36073e-05
4.39804e-05
4.43673e-05
4.47678e-05
4.51813e-05
4.56069e-05
4.60435e-05
4.64891e-05
4.69415e-05
4.73979e-05
4.78547e-05
4.8308e-05
4.8753e-05
4.91843e-05
4.95961e-05
4.99822e-05
5.03357e-05
5.06499e-05
5.09175e-05
5.11318e-05
5.12857e-05
5.13726e-05
5.13854e-05
5.1317e-05
5.11594e-05
5.09029e-05
5.05346e-05
5.00371e-05
4.94172e-05
4.86812e-05
4.77842e-05
4.66694e-05
4.52651e-05
4.34887e-05
4.12614e-05
3.85421e-05
3.53842e-05
3.2005e-05
2.88365e-05
2.65327e-05
2.60331e-05
2.91792e-05
4.27104e-05
0.000271391
0.000257704
0.000245871
0.000235719
0.000227315
0.000220324
0.000214432
0.000209303
0.000204665
0.00020034
0.000196307
0.000192515
0.000188909
0.000185437
0.000182046
0.000178679
0.000175273
0.000171758
0.000168055
0.000164083
0.000159761
0.000155011
0.00014977
0.000144
0.000137699
0.000130942
0.00012386
0.000116732
0.000109785
0.00010325
9.73255e-05
9.21744e-05
8.79038e-05
8.45654e-05
8.21633e-05
8.06689e-05
8.00376e-05
8.02223e-05
8.11826e-05
8.28896e-05
8.53266e-05
8.84882e-05
9.23784e-05
9.70069e-05
0.000102385
0.00010852
0.000115411
0.000123039
0.000131361
0.000140301
0.000149741
0.000159515
0.000169406
0.000179146
0.000188429
0.000196928
0.00020388
0.000209922
0.000215354
0.000220179
0.000224377
0.000227894
0.00023069
0.000232741
0.000234035
0.000234576
0.000234381
0.00023348
0.000231915
0.000229735
0.000226998
0.000223766
0.000220105
0.000216079
0.000211753
0.000207191
0.000202449
0.000197582
0.000192639
0.000187664
0.000182694
0.000177761
0.000172894
0.000168113
0.000163437
0.00015888
0.000154451
0.000150157
0.000146003
0.000141991
0.000138121
0.000134392
0.000130802
0.000127346
0.000124022
0.000120824
0.000117749
0.000114791
0.000111946
0.000109206
0.000106567
0.000103766
0.000100819
9.77576e-05
9.462e-05
9.14519e-05
8.83038e-05
8.5228e-05
8.22759e-05
7.94938e-05
7.69203e-05
7.45838e-05
7.2501e-05
7.06774e-05
6.91082e-05
6.77799e-05
6.66731e-05
6.57645e-05
6.50293e-05
6.44424e-05
6.39801e-05
6.36207e-05
6.33449e-05
6.31361e-05
6.29804e-05
6.28662e-05
6.27842e-05
6.27263e-05
6.26868e-05
6.26585e-05
6.26401e-05
6.26314e-05
6.2632e-05
6.26417e-05
6.26605e-05
6.26886e-05
6.27262e-05
6.27737e-05
6.28316e-05
6.29004e-05
6.29808e-05
6.30732e-05
6.31784e-05
6.3297e-05
6.34294e-05
6.35762e-05
6.37375e-05
6.39132e-05
6.41032e-05
6.43065e-05
6.4522e-05
6.47476e-05
6.49809e-05
6.52182e-05
6.54552e-05
6.56862e-05
6.59047e-05
6.61027e-05
6.62713e-05
6.64004e-05
6.64788e-05
6.64946e-05
6.64353e-05
6.62881e-05
6.60402e-05
6.56792e-05
6.51932e-05
6.45715e-05
6.38044e-05
6.2884e-05
6.18047e-05
6.05657e-05
5.92357e-05
5.78177e-05
5.63224e-05
5.47774e-05
5.32364e-05
5.17916e-05
5.05896e-05
4.98498e-05
4.98836e-05
5.11202e-05
5.41721e-05
6.00493e-05
7.08367e-05
9.19077e-05
0.000143291
0.000468888
0.000410203
0.000360958
0.000323023
0.000295829
0.000276681
0.000262851
0.000252223
0.000243454
0.000235772
0.000228865
0.000222543
0.000216664
0.000211129
0.00020587
0.000200841
0.000196017
0.000191389
0.000186969
0.000182787
0.000178895
0.000175366
0.000172289
0.000169758
0.000167862
0.000166801
0.000166713
0.00016767
0.000169714
0.000172871
0.00017715
0.000182549
0.000189065
0.000196706
0.000205493
0.000215464
0.00022667
0.000239174
0.000253037
0.000268316
0.000285049
0.000303247
0.000322882
0.000343875
0.000366089
0.00038932
0.000413295
0.000437683
0.000462104
0.000486148
0.000509407
0.000531497
0.000552087
0.000570918
0.000587813
0.000602172
0.000615132
0.000626827
0.000637254
0.000646366
0.000654117
0.000660469
0.000665398
0.000668896
0.000670971
0.000671646
0.000670958
0.000668957
0.000665703
0.000661269
0.000655733
0.00064918
0.000641699
0.000633384
0.000624325
0.000614614
0.00060434
0.000593588
0.000582441
0.000570972
0.000559254
0.000547349
0.000535315
0.000523205
0.000511063
0.00049893
0.00048684
0.00047482
0.000462896
0.000451088
0.00043941
0.000427875
0.000416494
0.000405271
0.000394212
0.000383319
0.000372593
0.000362035
0.00035165
0.000341417
0.000331312
0.000320385
0.000308606
0.000296047
0.00028281
0.00026904
0.000254921
0.000240669
0.00022652
0.000212716
0.000199485
0.000187028
0.000175498
0.000164999
0.000155578
0.000147236
0.000139931
0.000133594
0.000128137
0.000123464
0.00011948
0.000116092
0.000113216
0.000110776
0.000108706
0.000106949
0.000105457
0.000104186
0.000103102
0.000102077
0.000101099
0.000100163
9.92621e-05
9.83918e-05
9.7548e-05
9.67273e-05
9.59271e-05
9.51452e-05
9.43803e-05
9.36313e-05
9.28979e-05
9.21801e-05
9.14783e-05
9.07932e-05
9.01261e-05
8.94783e-05
8.88513e-05
8.82467e-05
8.76662e-05
8.71113e-05
8.65833e-05
8.6083e-05
8.56108e-05
8.51664e-05
8.47489e-05
8.43565e-05
8.39864e-05
8.3635e-05
8.32981e-05
8.29708e-05
8.26481e-05
8.23251e-05
8.1998e-05
8.16643e-05
8.13239e-05
8.09801e-05
8.064e-05
8.03161e-05
8.00265e-05
7.97958e-05
7.96563e-05
7.96962e-05
8.00251e-05
8.07154e-05
8.18667e-05
8.36086e-05
8.6107e-05
8.95702e-05
9.4255e-05
0.000100475
0.000108622
0.000119227
0.000133139
0.000151977
0.000179251
0.000223395
0.000309453
0.000943564
0.000805421
0.000670852
0.000550823
0.000455211
0.000386518
0.00034135
0.00031326
0.000296153
0.000285617
0.000279196
0.000275528
0.000273828
0.000273638
0.000274689
0.000276823
0.000279947
0.000284006
0.000288964
0.000294789
0.000301441
0.000308858
0.000316953
0.000325613
0.000334711
0.000344504
0.000355191
0.00036663
0.000378836
0.000391858
0.000405764
0.000420633
0.000436543
0.000453574
0.000471787
0.00049122
0.000511876
0.000533712
0.000556637
0.000580506
0.000605122
0.000630242
0.000655585
0.000680852
0.000705739
0.000729961
0.000753266
0.000775452
0.000796372
0.000815939
0.000834116
0.000850907
0.000866347
0.000880485
0.000893327
0.000905247
0.000916479
0.00092701
0.000936807
0.000945825
0.000954014
0.000961326
0.000967714
0.000973133
0.000977548
0.000980927
0.000983251
0.000984508
0.000984697
0.000983827
0.000981917
0.000978994
0.000975093
0.000970256
0.00096453
0.000957967
0.000950621
0.000942549
0.000933808
0.000924453
0.000914541
0.000904123
0.000893252
0.000881974
0.000870333
0.000858371
0.000846122
0.000833621
0.000820896
0.000807973
0.000794873
0.000781615
0.000768214
0.000754683
0.000741033
0.00072727
0.000713401
0.000699433
0.000685379
0.000671202
0.000656819
0.000640973
0.000623468
0.000604286
0.000583455
0.000561076
0.000537319
0.000512438
0.000486762
0.00046069
0.000434661
0.00040913
0.000384529
0.000361237
0.000339548
0.000319663
0.000301683
0.000285622
0.00027142
0.000258968
0.000248121
0.000238721
0.000230605
0.000223616
0.000217606
0.000212444
0.000208014
0.000204204
0.00020092
0.000197797
0.000194796
0.000191901
0.000189094
0.00018636
0.000183689
0.000181071
0.000178496
0.000175959
0.000173455
0.00017098
0.000168534
0.000166115
0.000163726
0.000161368
0.000159045
0.000156764
0.000154529
0.000152348
0.000150229
0.000148182
0.000146216
0.00014434
0.000142565
0.000140903
0.000139363
0.000137957
0.000136695
0.000135589
0.00013465
0.000133889
0.00013332
0.000132954
0.000132808
0.000132897
0.000133242
0.000133862
0.000134783
0.000136033
0.000137641
0.000139644
0.000142081
0.000145065
0.000148844
0.000153436
0.000158932
0.000165442
0.000173097
0.000182054
0.000192513
0.000204744
0.000219151
0.000236381
0.000257531
0.00028452
0.000320754
0.000372205
0.000448375
0.00178471
0.00160712
0.00141368
0.00121084
0.00101435
0.000839222
0.000697727
0.000594767
0.000527328
0.000487246
0.000465767
0.000456354
0.000454608
0.000457705
0.000463869
0.000471984
0.000481338
0.00049147
0.000502077
0.00051296
0.000523993
0.000535102
0.000546254
0.000557454
0.000568734
0.000580159
0.000592021
0.000604521
0.000617586
0.000631262
0.000645585
0.000660571
0.000676205
0.000692446
0.00070922
0.00072642
0.000743909
0.000761527
0.000779099
0.000796445
0.000813395
0.000829801
0.000845544
0.000860542
0.000874753
0.000888173
0.000900828
0.000912764
0.000924042
0.000934722
0.000944861
0.000954504
0.00096368
0.000972404
0.000980906
0.000989577
0.000998427
0.00100743
0.00101655
0.00102574
0.00103494
0.00104407
0.00105307
0.00106186
0.00107035
0.00107847
0.00108615
0.00109331
0.00109988
0.00110582
0.00111105
0.00111556
0.00111929
0.00112223
0.00112436
0.00112567
0.00112616
0.00112585
0.00112473
0.00112284
0.00112019
0.0011168
0.00111271
0.00110794
0.00110252
0.00109647
0.00108984
0.00108263
0.00107488
0.00106662
0.00105785
0.0010486
0.00103889
0.00102873
0.00101813
0.0010071
0.000995641
0.000983768
0.000971497
0.000958779
0.00094548
0.000930522
0.000913583
0.000894516
0.000873211
0.000849627
0.000823801
0.000795871
0.000766092
0.000734837
0.000702591
0.000669919
0.000637432
0.00060573
0.000575356
0.000546753
0.000520242
0.000496013
0.00047414
0.000454596
0.000437282
0.000422048
0.000408717
0.000397099
0.000387005
0.000378256
0.000370689
0.000364135
0.000358435
0.000353007
0.000347769
0.000342691
0.000337745
0.000332908
0.00032816
0.000323486
0.000318871
0.000314306
0.000309782
0.000305294
0.00030084
0.000296421
0.000292038
0.000287699
0.000283412
0.000279186
0.000275035
0.000270974
0.00026702
0.000263194
0.000259514
0.000256004
0.000252685
0.000249582
0.000246718
0.000244116
0.000241801
0.000239796
0.000238124
0.000236806
0.000235863
0.000235318
0.000235189
0.000235497
0.000236261
0.000237499
0.00023923
0.000241474
0.000244253
0.000247589
0.000251511
0.000256057
0.000261447
0.000267738
0.000274936
0.000283105
0.000292339
0.000302768
0.000314579
0.000328035
0.000343517
0.000361563
0.000382928
0.000408608
0.000439731
0.000476896
0.000517956
0.00273921
0.00255656
0.00235007
0.00212038
0.00187828
0.0016359
0.00140678
0.00120349
0.0010354
0.000907323
0.000815728
0.000753814
0.000714217
0.000690377
0.000677206
0.000671074
0.000669525
0.000670944
0.00067429
0.000678905
0.000684378
0.000690453
0.000696974
0.000703844
0.000710994
0.00071837
0.000725922
0.000733729
0.000741813
0.000750129
0.000758632
0.000767267
0.000775963
0.000784639
0.000793209
0.000801583
0.000809672
0.000817398
0.000824697
0.000831523
0.000837852
0.000843683
0.000849034
0.000853942
0.000858457
0.000862633
0.000866529
0.000870198
0.000873688
0.000877038
0.000880276
0.000883421
0.000886481
0.000889455
0.000892713
0.000896543
0.000900963
0.000905977
0.000911582
0.00091777
0.000924524
0.00093182
0.00093963
0.000947914
0.000956631
0.000965728
0.000975148
0.000984829
0.000994704
0.0010047
0.00101474
0.00102476
0.00103467
0.00104441
0.0010539
0.00106309
0.0010719
0.00108028
0.00108818
0.00109557
0.0011024
0.00110864
0.00111426
0.00111926
0.00112361
0.00112729
0.00113032
0.00113267
0.00113435
0.00113536
0.00113569
0.00113534
0.00113433
0.00113264
0.00113027
0.00112723
0.0011235
0.00111909
0.001114
0.00110817
0.00110148
0.00109345
0.00108369
0.0010719
0.0010578
0.0010411
0.00102157
0.000999072
0.000973582
0.000945254
0.000914426
0.000881631
0.000847562
0.000813013
0.000778802
0.000745681
0.000714276
0.000685041
0.000658253
0.000634031
0.000612363
0.000593146
0.000576218
0.000561383
0.000548433
0.000537162
0.000527382
0.000518882
0.00051145
0.000504385
0.000497564
0.000490941
0.000484482
0.000478156
0.00047194
0.000465813
0.000459758
0.000453761
0.000447813
0.000441909
0.000436046
0.000430224
0.000424449
0.000418729
0.000413075
0.000407503
0.00040203
0.000396677
0.000391468
0.00038643
0.000381589
0.000376975
0.000372617
0.000368545
0.000364788
0.000361375
0.000358332
0.000355684
0.000353452
0.000351657
0.000350315
0.00034944
0.000349046
0.00034914
0.000349733
0.00035083
0.000352439
0.000354565
0.000357218
0.000360406
0.000364144
0.00036845
0.000373349
0.000379019
0.000385442
0.000392645
0.000400687
0.00040965
0.00041964
0.000430786
0.000443238
0.00045715
0.000472631
0.000489646
0.000507806
0.000525994
0.00054195
0.00362687
0.00344297
0.00323139
0.00299129
0.00273023
0.00245772
0.00218419
0.00191985
0.00167436
0.00145631
0.00127346
0.00112633
0.00101278
0.000928367
0.000867605
0.000825066
0.000796014
0.000776653
0.000764116
0.000756322
0.000751802
0.000749526
0.000748785
0.000749086
0.000750086
0.000751542
0.000753276
0.000755156
0.000757137
0.000759168
0.00076119
0.00076315
0.000764995
0.000766673
0.000768137
0.000769347
0.00077027
0.000770883
0.000771176
0.000771151
0.000770824
0.00077022
0.000769372
0.000768323
0.000767117
0.000765797
0.000764409
0.000762992
0.000761582
0.000760208
0.000758895
0.000757659
0.000756513
0.000755461
0.000754552
0.00075385
0.000753362
0.000753103
0.000753091
0.000753354
0.000753924
0.000754836
0.000756132
0.000757851
0.000760036
0.000762726
0.000765956
0.000769759
0.000774159
0.000779172
0.000784807
0.000791064
0.000797931
0.000805389
0.00081341
0.000821956
0.000830985
0.000840445
0.000850284
0.000860442
0.000870859
0.000881474
0.000892227
0.000903056
0.000913905
0.000924717
0.000935438
0.000946021
0.000956416
0.00096658
0.000976472
0.000986053
0.000995285
0.00100413
0.00101256
0.00102054
0.00102802
0.00103499
0.00104141
0.0010472
0.00105232
0.00105728
0.00106181
0.00106555
0.00106805
0.00106877
0.00106709
0.00106235
0.00105395
0.00104136
0.00102432
0.00100282
0.000977261
0.000948384
0.000917214
0.000884921
0.00085266
0.000821427
0.000791977
0.000764799
0.000740139
0.000718055
0.000698473
0.000681237
0.000666145
0.000652985
0.000641551
0.000631607
0.000622891
0.000614629
0.000606667
0.000598942
0.000591413
0.000584045
0.00057681
0.000569685
0.000562651
0.000555693
0.000548801
0.00054197
0.000535196
0.000528484
0.000521839
0.000515272
0.000508798
0.000502434
0.000496202
0.000490129
0.00048424
0.000478567
0.00047314
0.000467992
0.000463154
0.000458658
0.000454532
0.000450803
0.000447493
0.000444621
0.000442202
0.000440243
0.000438751
0.000437725
0.000437162
0.000437057
0.0004374
0.000438183
0.000439395
0.000441029
0.000443077
0.000445533
0.000448394
0.000451662
0.000455341
0.000459439
0.000464055
0.000469157
0.000474751
0.000480848
0.000487454
0.000494565
0.000502157
0.000510165
0.000518457
0.000526804
0.000534847
0.000542095
0.000548049
0.00444994
0.00428107
0.00408484
0.00385961
0.00360964
0.00334217
0.00306464
0.00278387
0.00250593
0.00223649
0.00198169
0.00175015
0.00154569
0.00137082
0.00122585
0.00110922
0.00101789
0.000948009
0.000895566
0.000856838
0.000828608
0.000808243
0.000793673
0.000783313
0.000775982
0.000770814
0.00076719
0.000764675
0.000762978
0.000761714
0.000760759
0.000760027
0.000759451
0.000758981
0.000758574
0.000758195
0.000757819
0.000757424
0.000756995
0.000756521
0.000755995
0.000755415
0.000754777
0.000754082
0.000753326
0.000752508
0.00075162
0.000750656
0.000749606
0.000748458
0.000747199
0.000745817
0.000744298
0.00074263
0.000740729
0.000738307
0.000735336
0.000731815
0.000727752
0.000723168
0.000718093
0.000712569
0.00070665
0.000700396
0.000693881
0.000687185
0.000680394
0.000673602
0.000666905
0.000660402
0.00065419
0.000648365
0.00064302
0.000638239
0.000634101
0.000630673
0.000628014
0.000626173
0.000625185
0.000625076
0.000625861
0.000627544
0.000630121
0.000633579
0.000637898
0.000643054
0.000649016
0.000655751
0.000663222
0.000671392
0.000680222
0.000689674
0.000699708
0.000710287
0.000721372
0.000732926
0.000744911
0.000757291
0.000770034
0.000783068
0.000796413
0.00081146
0.000828292
0.000846903
0.000867134
0.00088864
0.000910839
0.000932869
0.00095357
0.000971535
0.000985229
0.000993195
0.000994321
0.000988101
0.000974793
0.00095541
0.000931523
0.000904937
0.000877374
0.000850235
0.000824507
0.000800779
0.000779324
0.000760196
0.000743307
0.0007285
0.000715589
0.000704337
0.000694456
0.000685112
0.000676123
0.000667413
0.000658931
0.000650639
0.000642507
0.00063451
0.000626627
0.000618845
0.000611152
0.000603544
0.000596019
0.000588582
0.000581242
0.00057401
0.000566905
0.000559948
0.000553164
0.00054658
0.000540227
0.000534137
0.000528345
0.000522882
0.00051778
0.00051307
0.000508776
0.000504921
0.000501521
0.000498585
0.000496117
0.000494113
0.000492563
0.000491453
0.000490763
0.000490469
0.000490546
0.000490969
0.000491712
0.000492754
0.000494072
0.000495649
0.000497471
0.000499525
0.000501803
0.000504297
0.000507002
0.000509949
0.00051311
0.000516466
0.000519998
0.000523675
0.000527461
0.000531305
0.000535143
0.000538904
0.000542518
0.000545949
0.000549234
0.00520872
0.00507065
0.00490661
0.00471506
0.00449734
0.00425952
0.00400772
0.00374749
0.0034833
0.00321849
0.00295551
0.00269621
0.00244523
0.00220732
0.00198527
0.00178214
0.00160073
0.00144263
0.00130819
0.00119663
0.00110619
0.00103445
0.000978704
0.000936256
0.000904594
0.000881496
0.000865069
0.000853752
0.000846266
0.000841289
0.000838199
0.000836561
0.000836064
0.000836481
0.000837646
0.000839433
0.00084174
0.000844483
0.000847588
0.000850985
0.000854608
0.000858388
0.000862258
0.000866146
0.000869978
0.000873678
0.000877169
0.000880374
0.000883217
0.000885626
0.000887534
0.00088888
0.000889613
0.000889691
0.000889227
0.00088806
0.000886048
0.000883154
0.000879344
0.000874589
0.000868861
0.000862136
0.000854395
0.000845628
0.000835832
0.000825017
0.000813204
0.000800431
0.000786752
0.000772237
0.000756975
0.000741068
0.000724639
0.000707819
0.000690752
0.000673589
0.000656486
0.000639595
0.000623069
0.000607049
0.00059167
0.000577052
0.000563299
0.000550504
0.00053874
0.000528066
0.000518526
0.000510151
0.00050296
0.000496961
0.000492158
0.000488544
0.000486111
0.000484849
0.000484746
0.000485793
0.000487981
0.000491307
0.000495774
0.000501365
0.000508109
0.000516938
0.000528304
0.000542746
0.000560822
0.000583076
0.000609961
0.000641725
0.000678257
0.000718893
0.000762245
0.000806094
0.000847485
0.000883102
0.000909915
0.000925924
0.000930681
0.000925332
0.000912156
0.000893866
0.000872968
0.000851405
0.00083048
0.000810945
0.000793161
0.000777241
0.000763157
0.000750761
0.000739799
0.000729416
0.000719415
0.000709711
0.000700247
0.000690989
0.000681904
0.000672971
0.00066417
0.000655489
0.000646918
0.000638456
0.000630102
0.000621865
0.000613756
0.00060579
0.000597989
0.000590377
0.000582982
0.000575836
0.00056897
0.000562421
0.000556221
0.000550405
0.000545003
0.000540042
0.000535544
0.000531526
0.000527997
0.000524956
0.000522399
0.000520309
0.000518665
0.000517438
0.000516596
0.000516102
0.000515919
0.00051601
0.00051634
0.000516878
0.000517596
0.000518472
0.000519487
0.000520627
0.000521881
0.00052324
0.000524699
0.000526253
0.000527908
0.000529655
0.000531486
0.000533395
0.000535379
0.000537435
0.000539568
0.000541792
0.000544136
0.000546649
0.000549414
0.00585396
0.00575468
0.00563007
0.0054804
0.00530446
0.00510769
0.00489537
0.00467253
0.00444332
0.00421095
0.00397773
0.00374513
0.00351393
0.00328378
0.00305641
0.00283344
0.00261643
0.00240688
0.00220651
0.00201795
0.00184382
0.00168639
0.00154723
0.00142705
0.00132571
0.00124233
0.00117548
0.00112314
0.00108206
0.00105085
0.0010276
0.0010107
0.00099884
0.000990984
0.000986311
0.000984182
0.000984095
0.000985654
0.000988539
0.000992486
0.000997275
0.00100271
0.00100863
0.00101487
0.00102129
0.00102776
0.00103416
0.00104036
0.00104625
0.00105173
0.0010567
0.00106107
0.00106476
0.0010677
0.00106981
0.00107161
0.00107312
0.0010743
0.00107514
0.0010756
0.00107562
0.00107513
0.00107405
0.00107228
0.0010697
0.00106617
0.00106156
0.00105572
0.00104851
0.00103979
0.00102942
0.0010173
0.00100335
0.000987506
0.000969764
0.000950145
0.00092872
0.0009056
0.000880939
0.000854931
0.0008278
0.000799799
0.000771196
0.00074227
0.000713299
0.000684554
0.000656289
0.000628736
0.000602102
0.000576562
0.000552261
0.000529315
0.000507807
0.000487797
0.000469322
0.000452398
0.000437028
0.000423207
0.000410928
0.000400156
0.000390841
0.000382319
0.000375004
0.000369519
0.000366607
0.000367132
0.000372083
0.000382556
0.000399726
0.000424771
0.000458704
0.000502083
0.000554551
0.000614284
0.000677588
0.000739055
0.000792622
0.000833331
0.000858878
0.000870017
0.000869682
0.000861566
0.000848993
0.000834422
0.000819438
0.00080496
0.000791478
0.00077918
0.000768019
0.000757292
0.000746834
0.000736571
0.000726465
0.000716494
0.000706642
0.000696898
0.000687253
0.000677704
0.000668252
0.0006589
0.000649659
0.000640543
0.000631571
0.000622766
0.000614156
0.000605771
0.000597647
0.000589819
0.000582326
0.000575205
0.000568492
0.000562222
0.000556426
0.000551129
0.00054635
0.000542099
0.000538378
0.000535183
0.000532496
0.000530295
0.000528546
0.000527212
0.000526252
0.000525619
0.000525269
0.000525159
0.00052525
0.000525506
0.000525899
0.000526406
0.000527007
0.000527692
0.000528452
0.000529282
0.000530181
0.00053115
0.000532193
0.000533316
0.000534525
0.000535829
0.00053724
0.000538776
0.000540459
0.000542321
0.0005444
0.000546749
0.000549434
0.00631843
0.00625977
0.00617516
0.00606861
0.00593669
0.00578441
0.00561612
0.00543629
0.00524868
0.00505638
0.00486178
0.00466662
0.00447212
0.00427906
0.00408804
0.00389892
0.003711
0.00352434
0.00333942
0.003156
0.0029741
0.00279424
0.00261751
0.00244553
0.00228026
0.00212369
0.00197759
0.00184357
0.0017242
0.00161983
0.00153003
0.00145382
0.0013899
0.00133682
0.0012931
0.00125734
0.00122828
0.00120481
0.00118595
0.00117089
0.00115897
0.00114962
0.00114241
0.00113695
0.00113297
0.0011302
0.00112847
0.0011276
0.00112744
0.00112787
0.00112876
0.00112999
0.00113146
0.00113305
0.00113466
0.00113627
0.00113815
0.0011405
0.00114336
0.00114682
0.00115096
0.00115585
0.00116154
0.00116805
0.00117539
0.00118349
0.00119227
0.0012016
0.00121129
0.00122109
0.00123073
0.00123986
0.00124811
0.00125506
0.00126029
0.00126333
0.00126376
0.00126116
0.00125515
0.00124543
0.00123175
0.00121399
0.00119211
0.00116618
0.0011364
0.00110307
0.00106657
0.00102738
0.000986021
0.000943061
0.000899072
0.000854616
0.000810221
0.000766368
0.000723475
0.000681895
0.000641909
0.000603737
0.000567545
0.000533406
0.000501231
0.000468345
0.000435158
0.000402469
0.000371217
0.000342433
0.000317188
0.000296546
0.000281554
0.000273262
0.000272798
0.000281452
0.000300739
0.000332303
0.000377503
0.000436511
0.00050699
0.000583076
0.000656003
0.000716999
0.000760849
0.000787325
0.000799768
0.0008026
0.000799624
0.000793494
0.00078587
0.000777712
0.000769528
0.000761177
0.000752626
0.000743871
0.000734926
0.000725816
0.000716565
0.000707196
0.000697732
0.000688195
0.00067861
0.000669004
0.000659408
0.000649855
0.000640384
0.000631035
0.000621853
0.000612886
0.000604181
0.000595788
0.000587758
0.000580137
0.000572969
0.000566295
0.000560148
0.000554553
0.00054953
0.000545085
0.000541216
0.000537912
0.000535148
0.000532893
0.000531108
0.000529748
0.000528762
0.0005281
0.000527712
0.000527551
0.000527576
0.000527751
0.000528045
0.000528436
0.000528908
0.00052945
0.000530056
0.000530725
0.000531457
0.000532257
0.000533131
0.000534088
0.000535139
0.000536297
0.000537578
0.000539004
0.0005406
0.000542397
0.000544433
0.000546759
0.000549436
0.00654992
0.00652953
0.00648129
0.00641452
0.00632395
0.0062143
0.00608895
0.00595167
0.00580569
0.00565384
0.00549847
0.0053415
0.00518441
0.00502828
0.00487381
0.00472136
0.00457108
0.00442299
0.0042769
0.00413237
0.00398893
0.00384612
0.00370351
0.00356076
0.0034177
0.00327443
0.00313138
0.00298939
0.00284956
0.00271314
0.00258147
0.00245584
0.00233731
0.00222666
0.00212426
0.00203015
0.00194407
0.00186551
0.00179382
0.00172826
0.00166807
0.00161254
0.00156105
0.00151308
0.00146824
0.00142629
0.0013871
0.00135064
0.00131699
0.00128623
0.00125848
0.00123383
0.0012123
0.00119384
0.00117832
0.00116552
0.00115531
0.00114704
0.00113905
0.00113141
0.00112434
0.00111817
0.00111324
0.00110991
0.00110853
0.00110941
0.00111285
0.00111909
0.00112834
0.00114076
0.00115645
0.00117543
0.00119766
0.00122298
0.00125115
0.00128181
0.00131446
0.00134849
0.0013831
0.00141741
0.00145036
0.00148082
0.00150759
0.00152946
0.00154524
0.00155391
0.00155458
0.00154666
0.00152983
0.00150411
0.00146986
0.00142774
0.00137868
0.00132381
0.00126434
0.00120153
0.00113659
0.00107063
0.00100464
0.000939371
0.000874999
0.000806763
0.000735155
0.000661543
0.000587726
0.000515782
0.000447867
0.00038598
0.000331745
0.00028627
0.000250146
0.000223583
0.000206663
0.000199649
0.000203284
0.000219021
0.00024897
0.000295208
0.000357986
0.000433167
0.000511175
0.000580341
0.000632964
0.00066815
0.000689521
0.000701588
0.00070784
0.000710494
0.000710956
0.000710201
0.000708408
0.000705679
0.000702101
0.000697756
0.00069272
0.000687057
0.000680831
0.000674101
0.000666925
0.000659364
0.000651478
0.000643336
0.000635005
0.00062656
0.000618077
0.000609636
0.000601316
0.000593196
0.000585355
0.000577863
0.000570788
0.000564186
0.000558107
0.000552585
0.000547647
0.000543303
0.000539552
0.00053638
0.000533761
0.000531658
0.000530027
0.000528818
0.000527977
0.000527449
0.000527183
0.000527129
0.000527246
0.000527497
0.000527854
0.000528295
0.000528807
0.000529378
0.000530007
0.000530692
0.000531435
0.000532243
0.000533123
0.000534083
0.000535136
0.000536295
0.000537578
0.000539004
0.0005406
0.000542397
0.000544433
0.000546759
0.000549436
0.00652715
0.00654001
0.00652204
0.00648884
0.00643379
0.00636144
0.00627427
0.00617531
0.00606717
0.00595226
0.00583273
0.00571046
0.00558709
0.00546399
0.00534227
0.00522277
0.00510609
0.00499258
0.00488232
0.00477519
0.00467092
0.00456914
0.00446938
0.00437119
0.00427414
0.00417788
0.00408217
0.00398687
0.00389195
0.00379748
0.00370366
0.00361081
0.00351935
0.00342978
0.00334262
0.00325835
0.00317735
0.00309989
0.00302603
0.00295563
0.00288831
0.00282349
0.00276035
0.00269789
0.002635
0.00257054
0.00250344
0.00243278
0.0023579
0.00227853
0.00219483
0.00210745
0.00201757
0.00192677
0.00183696
0.00175018
0.00166836
0.00159402
0.00153053
0.0014736
0.0014184
0.00136507
0.00131382
0.00126502
0.00121912
0.00117658
0.00113783
0.00110332
0.00107342
0.00104851
0.00102893
0.00101501
0.00100706
0.00100542
0.00101038
0.00102225
0.00104134
0.00106793
0.00110225
0.00114445
0.00119455
0.00125236
0.00131739
0.0013888
0.00146524
0.00154483
0.00162511
0.00170306
0.00177527
0.00183815
0.00188825
0.00192264
0.00193925
0.00193713
0.0019165
0.00187866
0.00182573
0.00176029
0.00168506
0.00160248
0.00151367
0.0014131
0.001301
0.00117894
0.00104965
0.000916964
0.000785535
0.000660312
0.000545817
0.000445441
0.000361004
0.000292736
0.00023964
0.000200068
0.000172299
0.000155027
0.000147722
0.00015092
0.000166384
0.000196783
0.000244057
0.00030593
0.000373266
0.000433767
0.000480116
0.000512603
0.000535074
0.000551061
0.000562946
0.000572998
0.000581569
0.000588796
0.000594768
0.000599557
0.00060322
0.000605808
0.000607365
0.000607935
0.000607562
0.000606295
0.000604188
0.000601307
0.000597724
0.000593526
0.000588808
0.000583676
0.000578243
0.000572627
0.000566948
0.000561322
0.000555859
0.000550657
0.000545802
0.000541364
0.000537395
0.000533926
0.000530974
0.000528537
0.000526596
0.000525121
0.000524071
0.000523397
0.000523048
0.000522971
0.000523117
0.00052344
0.0005239
0.000524465
0.000525111
0.00052582
0.000526581
0.000527389
0.000528241
0.000529139
0.000530088
0.000531092
0.000532159
0.000533297
0.000534515
0.000535824
0.000537238
0.000538775
0.000540459
0.00054232
0.000544399
0.000546749
0.000549434
0.00625837
0.0062984
0.00630403
0.00629734
0.00627077
0.00622891
0.00617347
0.00610685
0.00603106
0.00594802
0.00585954
0.00576735
0.00567308
0.00557821
0.00548413
0.00539202
0.00530288
0.0052175
0.00513646
0.00506009
0.00498856
0.00492178
0.00485952
0.00480143
0.00474705
0.00469588
0.00464746
0.0046013
0.00455702
0.00451427
0.00447276
0.00443233
0.0043929
0.00435451
0.00431725
0.0042813
0.00424685
0.00421411
0.00418328
0.00415453
0.004128
0.00410372
0.00408159
0.00406129
0.00404233
0.00402402
0.00400548
0.00398563
0.00396304
0.00393586
0.00390181
0.00385815
0.00380178
0.00372946
0.00363819
0.00352573
0.00339116
0.00323538
0.00306102
0.002879
0.00270264
0.00253825
0.00237922
0.00222404
0.00207396
0.00193005
0.00179327
0.00166442
0.00154412
0.00143279
0.00133076
0.00123824
0.00115535
0.00108215
0.00101867
0.000964946
0.000920993
0.000886894
0.000862808
0.000849021
0.00084598
0.00085433
0.000874942
0.00090892
0.000957567
0.00102231
0.00110452
0.0012052
0.00132451
0.00146109
0.00161138
0.00176901
0.00192489
0.00206813
0.0021879
0.00227578
0.00232752
0.0023435
0.00232767
0.00228553
0.00222138
0.00213274
0.00201906
0.0018805
0.00171859
0.00153692
0.00134163
0.00114119
0.000945537
0.000764396
0.000605457
0.000472994
0.000367579
0.000286842
0.0002268
0.000183129
0.000152056
0.000130867
0.00011814
0.000113863
0.000119465
0.00013749
0.000169896
0.000214052
0.000260442
0.000299082
0.000327308
0.000347881
0.000363994
0.000378763
0.000392719
0.000406014
0.000418692
0.000430757
0.000442193
0.000452971
0.000463055
0.000472398
0.000480951
0.000488665
0.000495493
0.000501394
0.000506342
0.000510326
0.000513358
0.000515474
0.000516734
0.000517228
0.000517066
0.000516373
0.000515289
0.000513953
0.0005125
0.000511054
0.000509718
0.000508577
0.000507689
0.000507092
0.000506798
0.000506805
0.000507094
0.000507634
0.00050839
0.000509323
0.000510397
0.000511577
0.000512836
0.000514152
0.000515512
0.000516906
0.000518333
0.000519794
0.000521295
0.000522841
0.000524439
0.000526097
0.000527817
0.000529604
0.000531459
0.000533381
0.000535372
0.000537432
0.000539567
0.000541792
0.000544135
0.000546649
0.000549414
0.0057698
0.00583122
0.00585483
0.00586853
0.00586416
0.00584643
0.00581646
0.00577621
0.00572716
0.00567083
0.00560868
0.00554219
0.00547286
0.00540217
0.00533158
0.00526245
0.00519606
0.00513352
0.00507576
0.00502351
0.00497722
0.0049371
0.00490311
0.00487505
0.00485256
0.00483517
0.00482239
0.00481374
0.00480874
0.00480694
0.00480793
0.00481134
0.00481687
0.00482426
0.00483331
0.00484385
0.00485574
0.00486886
0.00488309
0.00489837
0.00491466
0.00493205
0.00495051
0.00496982
0.00498949
0.00500887
0.00502719
0.00504357
0.00505699
0.00506632
0.00507034
0.00506791
0.00505797
0.00503963
0.00501216
0.00497486
0.00492675
0.00486611
0.00479017
0.00469483
0.00457383
0.00441912
0.00423996
0.00404463
0.00383944
0.00362291
0.00339728
0.00316618
0.00293343
0.00270264
0.002477
0.00225928
0.00205179
0.00185644
0.00167471
0.00150762
0.0013558
0.00121953
0.00109877
0.00099328
0.000902694
0.000826641
0.000764837
0.000717179
0.000683841
0.000665405
0.000663038
0.000678736
0.000715598
0.000778065
0.000871952
0.0010039
0.00117962
0.00140021
0.00165681
0.00192683
0.00217747
0.0023785
0.0025156
0.00259247
0.00262182
0.00261199
0.00256432
0.0024782
0.00235261
0.00218779
0.00198663
0.00175562
0.00150519
0.00124922
0.0010033
0.000781971
0.000595562
0.000448209
0.000337992
0.000258969
0.00020372
0.000165259
0.000138023
0.00011829
0.000104373
9.6648e-05
9.721e-05
0.000108775
0.000131696
0.000159711
0.000183171
0.000198943
0.000209894
0.000219674
0.000229304
0.000239121
0.000249231
0.000259662
0.000270418
0.000281484
0.000292834
0.000304428
0.000316207
0.000328097
0.000340006
0.000351825
0.000363432
0.000374694
0.000385475
0.000395645
0.000405091
0.000413723
0.000421488
0.00042837
0.000434396
0.000439629
0.000444164
0.000448114
0.000451601
0.000454744
0.000457649
0.000460407
0.000463083
0.000465727
0.000468365
0.000471011
0.000473668
0.00047633
0.000478992
0.000481649
0.000484297
0.00048694
0.000489585
0.000492245
0.000494937
0.000497682
0.0005005
0.000503413
0.000506441
0.0005096
0.0005129
0.000516346
0.000519932
0.000523641
0.000527444
0.000531297
0.00053514
0.000538902
0.000542518
0.000545948
0.000549234
0.00509597
0.00517335
0.00521076
0.00524038
0.00525359
0.00525515
0.00524576
0.00522704
0.00520012
0.00516617
0.00512639
0.005082
0.00503432
0.00498473
0.00493464
0.00488545
0.00483854
0.00479516
0.00475647
0.00472337
0.00469654
0.00467637
0.004663
0.00465634
0.00465615
0.00466206
0.00467366
0.0046905
0.00471213
0.00473813
0.00476806
0.0048015
0.00483805
0.00487733
0.00491896
0.00496257
0.00500777
0.00505415
0.00510126
0.00514862
0.00519583
0.00524276
0.00528931
0.00533511
0.0053795
0.00542167
0.00546086
0.00549636
0.00552736
0.00555328
0.00557358
0.00558785
0.00559591
0.00559759
0.00559292
0.00558187
0.00556426
0.00553953
0.00550666
0.005464
0.00540923
0.00534047
0.00525679
0.00515615
0.0050337
0.00489598
0.00474623
0.00458469
0.0044099
0.00422075
0.00401646
0.00379687
0.00356272
0.00331604
0.00306016
0.0027992
0.00253791
0.0022812
0.00203368
0.00179924
0.00158087
0.00138074
0.00120028
0.00104032
0.000901196
0.000782714
0.000684296
0.000605302
0.000545409
0.000505059
0.000486004
0.000492126
0.000530816
0.000615175
0.000765739
0.00100676
0.00134613
0.00174046
0.00209797
0.00235636
0.00252535
0.00263344
0.00269065
0.00269985
0.00266021
0.0025706
0.00243157
0.00224629
0.00202091
0.00176455
0.00148939
0.00121073
0.000946138
0.000712762
0.000522899
0.000380459
0.000281078
0.000215561
0.000173772
0.000146886
0.000128095
0.000112937
0.000100008
9.14463e-05
9.16565e-05
0.000103197
0.000120535
0.000133015
0.000138588
0.000141515
0.000144037
0.000146932
0.000150397
0.000154476
0.000159183
0.000164532
0.00017054
0.000177225
0.000184605
0.000192688
0.000201476
0.000210955
0.000221093
0.000231836
0.000243103
0.000254789
0.000266761
0.000278866
0.000290937
0.000302807
0.000314318
0.000325334
0.000335753
0.000345513
0.000354591
0.000362998
0.000370773
0.000377972
0.00038466
0.000390901
0.000396755
0.000402277
0.000407513
0.000412505
0.00041729
0.000421906
0.000426391
0.000430784
0.000435131
0.000439477
0.000443874
0.000448375
0.000453035
0.00045791
0.000463055
0.000468522
0.000474363
0.000480619
0.000487324
0.000494496
0.000502122
0.000510148
0.00051845
0.000526801
0.000534846
0.000542094
0.000548049
0.00427999
0.00436704
0.0044145
0.00445621
0.00448331
0.00450039
0.0045078
0.00450687
0.00449844
0.00448345
0.00446284
0.00443764
0.00440898
0.00437807
0.00434621
0.00431472
0.00428494
0.00425815
0.00423554
0.00421811
0.00420663
0.0042016
0.00420329
0.00421172
0.00422676
0.00424814
0.00427553
0.00430854
0.00434682
0.00438995
0.00443756
0.00448922
0.00454452
0.00460302
0.00466429
0.00472784
0.00479316
0.00485969
0.00492675
0.00499354
0.00505925
0.00512351
0.00518622
0.00524686
0.00530455
0.00535828
0.00540738
0.00545127
0.00548923
0.00552117
0.00554694
0.00556645
0.00557935
0.00558678
0.00558872
0.00558525
0.00557639
0.00556199
0.00554174
0.00551517
0.0054817
0.00544092
0.00539256
0.00533614
0.00527132
0.00519836
0.0051155
0.00502208
0.00491914
0.00480654
0.00468327
0.00454776
0.00439773
0.00423246
0.00405602
0.00386776
0.00366739
0.00345457
0.0032289
0.00299007
0.00273849
0.00247599
0.00220649
0.00193623
0.00167351
0.00142624
0.00120007
0.000998339
0.000822542
0.000673225
0.00055065
0.000454884
0.000385736
0.000344626
0.000337801
0.000382423
0.00051876
0.000817013
0.0012852
0.00173466
0.0020584
0.00229062
0.00245584
0.00256324
0.00261391
0.00260761
0.00254587
0.00243262
0.00227377
0.00207622
0.00184713
0.00159404
0.00132624
0.00105666
0.000802733
0.000583326
0.000412025
0.000291571
0.000214682
0.000169652
0.000145185
0.000131994
0.0001226
0.000111964
0.000100242
9.44199e-05
0.000101816
0.000115661
0.000121561
0.00012058
0.000117776
0.000115312
0.000113642
0.000112743
0.000112528
0.00011293
0.000113914
0.000115464
0.000117582
0.000120277
0.000123567
0.000127478
0.000132034
0.000137262
0.000143182
0.000149807
0.000157137
0.000165154
0.00017382
0.000183072
0.000192824
0.000202967
0.000213373
0.000223904
0.000234422
0.000244795
0.000254911
0.000264678
0.000274032
0.000282934
0.00029137
0.000299346
0.000306883
0.000314017
0.000320795
0.00032727
0.000333504
0.000339565
0.000345528
0.00035147
0.000357476
0.000363633
0.000370035
0.000376777
0.000383961
0.000391696
0.000400099
0.000409298
0.000419437
0.000430674
0.00044318
0.000457121
0.000472618
0.00048964
0.000507804
0.000525994
0.00054195
0.0033792
0.00346776
0.00352044
0.00356938
0.00360601
0.00363437
0.00365452
0.00366747
0.00367383
0.0036743
0.00366961
0.00366059
0.00364818
0.00363341
0.00361739
0.00360131
0.00358636
0.00357372
0.00356451
0.00355973
0.00356014
0.00356631
0.00357858
0.00359706
0.00362171
0.00365238
0.00368881
0.00373072
0.0037778
0.00382975
0.00388621
0.00394682
0.00401119
0.0040789
0.00414949
0.00422245
0.00429724
0.00437322
0.00444961
0.00452537
0.0045992
0.0046704
0.00473924
0.00480516
0.00486714
0.00492397
0.00497505
0.00501976
0.00505821
0.00509035
0.00511624
0.00513603
0.00514983
0.00515843
0.00516208
0.00516101
0.00515538
0.00514523
0.00513054
0.00511123
0.00508716
0.00505825
0.00502449
0.00498588
0.00494244
0.00489425
0.00484108
0.00478259
0.004718
0.00464647
0.00456773
0.0044816
0.00438775
0.00428621
0.00417758
0.00406222
0.00394031
0.00381173
0.00367578
0.00353092
0.00337448
0.0032025
0.00300965
0.00278902
0.00255004
0.0023007
0.00204169
0.00177505
0.00150496
0.00123912
0.000989556
0.000769899
0.000585177
0.00043581
0.000322804
0.000249057
0.000221435
0.000274677
0.000525336
0.00100441
0.00145042
0.00178797
0.0020463
0.00223757
0.00236393
0.00242618
0.00242818
0.0023762
0.00227831
0.00214247
0.00197537
0.00178177
0.00156508
0.00132923
0.00108142
0.000834941
0.000609179
0.000423868
0.000289772
0.00020432
0.000156317
0.000133335
0.000125182
0.000123383
0.000120101
0.000110973
0.000103581
0.000113085
0.000126304
0.000126334
0.000120094
0.000113571
0.000108363
0.000104417
0.000101421
9.91348e-05
9.74058e-05
9.61387e-05
9.52758e-05
9.47843e-05
9.46494e-05
9.48689e-05
9.54503e-05
9.64076e-05
9.776e-05
9.95296e-05
0.00010174
0.000104415
0.000107575
0.000111235
0.000115404
0.00012008
0.000125249
0.000130882
0.000136936
0.000143353
0.000150065
0.000156993
0.000164056
0.000171176
0.000178281
0.000185311
0.000192221
0.000198985
0.000205596
0.000212063
0.000218415
0.000224696
0.000230967
0.000237299
0.000243775
0.000250491
0.000257549
0.00026506
0.000273148
0.000281948
0.000291615
0.00030233
0.000314324
0.000327892
0.00034344
0.000361524
0.000382909
0.000408599
0.000439727
0.000476895
0.000517956
0.00246463
0.0025453
0.00259688
0.0026465
0.00268659
0.00272039
0.00274772
0.00276928
0.00278544
0.00279667
0.00280351
0.00280657
0.00280659
0.00280438
0.00280085
0.00279695
0.00279369
0.00279206
0.00279302
0.00279743
0.00280602
0.00281933
0.00283771
0.00286135
0.0028903
0.00292448
0.00296374
0.00300788
0.00305671
0.00310997
0.00316743
0.00322878
0.00329369
0.00336181
0.00343272
0.00350595
0.00358097
0.00365717
0.00373375
0.00380952
0.00388245
0.00395097
0.00401678
0.00407944
0.00413768
0.00419056
0.00423772
0.00427892
0.00431418
0.00434347
0.00436694
0.00438483
0.00439749
0.00440546
0.00440908
0.00440865
0.00440437
0.0043964
0.00438484
0.00436977
0.00435127
0.0043294
0.00430429
0.00427605
0.00424477
0.00421057
0.00417351
0.0041336
0.00409079
0.00404505
0.00399498
0.0039405
0.00388155
0.0038181
0.00375027
0.00367814
0.00360177
0.00352104
0.00343563
0.00334482
0.00324751
0.00314226
0.00302759
0.00290253
0.00276779
0.00262369
0.00246813
0.00229578
0.00209742
0.00185988
0.00158313
0.00131149
0.00104369
0.000782737
0.000546542
0.000358763
0.000222908
0.000149212
0.000174879
0.000433901
0.000887128
0.00128559
0.0016124
0.00186704
0.00205046
0.00216347
0.00221256
0.00220619
0.00215435
0.00206623
0.00194907
0.00180736
0.00164311
0.00145697
0.00125013
0.00102712
0.000798736
0.000583246
0.000401967
0.000269184
0.000185004
0.000138832
0.00011796
0.000112318
0.000114342
0.00011698
0.000113628
0.000111225
0.000128814
0.000136637
0.000130474
0.000120948
0.000113125
0.000107399
0.000103109
9.97333e-05
9.69635e-05
9.46143e-05
9.2572e-05
9.07704e-05
8.91794e-05
8.77883e-05
8.65937e-05
8.55967e-05
8.48011e-05
8.4213e-05
8.38398e-05
8.36894e-05
8.37701e-05
8.40893e-05
8.46535e-05
8.54674e-05
8.65332e-05
8.78497e-05
8.94125e-05
9.12129e-05
9.32381e-05
9.54714e-05
9.78929e-05
0.00010048
0.000103211
0.000106062
0.000109015
0.000112055
0.000115177
0.000118381
0.000121681
0.000125102
0.000128682
0.000132473
0.000136542
0.00014097
0.000145856
0.000151311
0.000157464
0.000164459
0.000172461
0.000181658
0.000192275
0.000204607
0.000219075
0.000236341
0.000257512
0.000284511
0.00032075
0.000372203
0.000448374
0.00161059
0.00167476
0.00171832
0.00176121
0.0017976
0.00182976
0.00185738
0.00188089
0.00190045
0.00191636
0.00192893
0.00193859
0.00194585
0.0019513
0.00195559
0.00195943
0.00196357
0.00196875
0.00197571
0.00198513
0.00199756
0.00201348
0.0020332
0.00205692
0.00208474
0.00211665
0.00215258
0.00219242
0.00223607
0.00228336
0.00233414
0.0023882
0.00244533
0.00250523
0.0025676
0.00263206
0.00269818
0.00276547
0.00283324
0.00290031
0.00296369
0.00302007
0.00307415
0.00312545
0.0031729
0.0032158
0.00325383
0.00328701
0.00331527
0.00333853
0.00335696
0.00337084
0.00338057
0.00338657
0.00338916
0.0033886
0.00338511
0.00337884
0.00336994
0.00335854
0.00334476
0.00332874
0.00331063
0.00329056
0.00326867
0.00324506
0.00321986
0.00319317
0.00316511
0.0031358
0.00310534
0.00307273
0.00303787
0.00300073
0.00296131
0.00291966
0.0028758
0.00282973
0.00278133
0.00273033
0.00267627
0.00261851
0.00255631
0.00248899
0.00241601
0.00233664
0.00224949
0.00215222
0.00204177
0.00191513
0.00177167
0.00161124
0.00142235
0.00118186
0.000892247
0.00062316
0.000367863
0.000182289
9.44931e-05
0.000159362
0.000476775
0.000870592
0.00123464
0.00153017
0.00175211
0.00190041
0.00198332
0.00201051
0.0019929
0.00194009
0.00185962
0.00175607
0.00163133
0.00148533
0.00131737
0.00112808
0.000921917
0.000710018
0.000511067
0.000346355
0.000229059
0.000157537
0.000120103
0.000103923
9.9183e-05
9.93464e-05
0.000101044
0.000102564
0.000118895
0.000130482
0.000132454
0.000123873
0.000114762
0.000108128
0.000103323
9.96101e-05
9.66032e-05
9.40672e-05
9.18218e-05
8.97492e-05
8.78178e-05
8.6042e-05
8.44252e-05
8.29663e-05
8.16615e-05
8.05061e-05
7.94947e-05
7.86215e-05
7.78803e-05
7.72643e-05
7.67663e-05
7.63781e-05
7.60911e-05
7.58957e-05
7.57817e-05
7.57382e-05
7.57537e-05
7.58168e-05
7.59158e-05
7.60396e-05
7.61776e-05
7.6321e-05
7.64623e-05
7.65968e-05
7.67227e-05
7.68421e-05
7.69616e-05
7.70934e-05
7.72566e-05
7.74784e-05
7.7796e-05
7.82593e-05
7.89332e-05
7.99022e-05
8.12746e-05
8.31885e-05
8.58174e-05
8.9377e-05
9.41308e-05
0.000100399
0.000108577
0.000119202
0.000133126
0.00015197
0.000179248
0.000223393
0.000309452
0.000882746
0.000924423
0.000953975
0.000983597
0.00100958
0.00103323
0.00105429
0.00107294
0.00108924
0.00110331
0.00111533
0.00112553
0.00113419
0.00114169
0.00114841
0.00115481
0.00116136
0.00116852
0.00117676
0.00118652
0.00119818
0.00121204
0.00122833
0.00124722
0.00126878
0.00129305
0.00132001
0.00134962
0.00138182
0.00141654
0.00145369
0.00149318
0.00153486
0.00157858
0.00162413
0.00167128
0.00171976
0.00176925
0.00181931
0.0018691
0.00191492
0.0019515
0.00198685
0.00202006
0.00205048
0.0020778
0.00210177
0.00212258
0.00214013
0.00215433
0.00216532
0.00217334
0.00217871
0.00218174
0.00218264
0.00218161
0.00217878
0.00217429
0.00216825
0.00216075
0.00215192
0.00214186
0.00213068
0.0021185
0.00210542
0.0020915
0.00207686
0.00206157
0.00204576
0.00202955
0.00201315
0.00199608
0.0019782
0.00195944
0.00193982
0.00191937
0.00189815
0.0018762
0.00185355
0.00183017
0.00180598
0.00178081
0.00175444
0.00172662
0.00169709
0.00166551
0.00163129
0.00159341
0.00155037
0.00150019
0.00144065
0.00136872
0.00127908
0.00116572
0.00102729
0.000858225
0.00056828
0.000286377
9.30131e-05
7.6394e-05
0.000245185
0.000574282
0.000940611
0.00125644
0.00150067
0.00167246
0.00177952
0.00183177
0.00183987
0.00181326
0.00175942
0.00168305
0.00158622
0.00146886
0.00132985
0.00116841
0.000986062
0.000789153
0.000591287
0.000412782
0.000273277
0.000180731
0.000128553
0.000103413
9.27107e-05
8.65359e-05
7.93806e-05
7.39486e-05
0.000100154
9.84642e-05
0.000108877
0.000109448
0.000104816
9.96171e-05
9.46725e-05
9.03248e-05
8.68488e-05
8.41994e-05
8.20784e-05
8.01814e-05
7.83673e-05
7.67216e-05
7.5258e-05
7.39724e-05
7.28533e-05
7.18879e-05
7.10636e-05
7.03676e-05
6.97876e-05
6.93109e-05
6.89249e-05
6.86169e-05
6.83737e-05
6.81822e-05
6.80291e-05
6.79012e-05
6.77855e-05
6.76691e-05
6.75397e-05
6.73857e-05
6.71959e-05
6.69601e-05
6.66685e-05
6.63124e-05
6.58834e-05
6.53738e-05
6.47763e-05
6.4084e-05
6.32905e-05
6.23899e-05
6.1377e-05
6.02488e-05
5.9005e-05
5.76515e-05
5.62039e-05
5.46936e-05
5.31777e-05
5.17509e-05
5.05618e-05
4.98312e-05
4.98716e-05
5.11128e-05
5.41677e-05
6.00469e-05
7.08354e-05
9.1907e-05
0.000143291
0.000338248
0.000355376
0.000367576
0.000380069
0.000391258
0.000401669
0.000411162
0.000419801
0.000427581
0.000434538
0.000440719
0.000446207
0.000451113
0.000455578
0.000459769
0.000463874
0.000468089
0.000472619
0.000477664
0.000483411
0.000490028
0.000497649
0.000506379
0.00051629
0.000527425
0.000539802
0.000553421
0.00056827
0.000584331
0.00060158
0.000619988
0.000639514
0.000660108
0.000681705
0.000704224
0.00072757
0.000751628
0.000776274
0.000801353
0.00082653
0.000848974
0.000863426
0.000877036
0.000889409
0.000900538
0.000910332
0.000918719
0.000925818
0.000931618
0.000936062
0.00093924
0.000941265
0.00094229
0.000942456
0.000941859
0.000940579
0.000938681
0.000936222
0.000933248
0.000929808
0.000925947
0.000921711
0.000917148
0.000912306
0.00090722
0.000901921
0.000896444
0.000890827
0.000885115
0.000879359
0.00087345
0.000867378
0.000861134
0.000854733
0.000848206
0.000841585
0.000834909
0.000828216
0.000821542
0.000814918
0.000808363
0.000801884
0.000795477
0.000789135
0.000782864
0.000776683
0.000770602
0.000764595
0.000758584
0.000752461
0.000746124
0.000739424
0.000731644
0.000720318
0.000698318
0.000654132
0.000565528
0.00037694
0.000100711
5.61839e-05
0.000142232
0.000389608
0.000729016
0.00104849
0.001303
0.0014899
0.00161418
0.00168511
0.00171239
0.00170507
0.00167044
0.00161331
0.00153596
0.00143852
0.00131986
0.00117873
0.00101537
0.00083352
0.000643088
0.000461468
0.000309728
0.000202107
0.000137932
0.000105563
9.12118e-05
8.25329e-05
6.95153e-05
4.8596e-05
7.30824e-05
7.26075e-05
7.99273e-05
8.0814e-05
7.83003e-05
7.66e-05
7.35274e-05
6.85154e-05
6.4217e-05
6.11345e-05
5.90559e-05
5.77528e-05
5.64026e-05
5.52247e-05
5.42274e-05
5.33994e-05
5.2721e-05
5.21747e-05
5.17448e-05
5.14174e-05
5.11798e-05
5.10205e-05
5.09283e-05
5.08926e-05
5.09034e-05
5.09509e-05
5.10256e-05
5.11187e-05
5.12215e-05
5.13262e-05
5.14255e-05
5.15126e-05
5.15818e-05
5.16277e-05
5.16457e-05
5.16315e-05
5.15814e-05
5.14916e-05
5.13583e-05
5.11769e-05
5.0942e-05
5.06463e-05
5.02798e-05
4.98284e-05
4.92719e-05
4.85818e-05
4.77181e-05
4.66268e-05
4.52386e-05
4.34728e-05
4.12522e-05
3.8537e-05
3.53814e-05
3.20035e-05
2.88358e-05
2.65323e-05
2.60329e-05
2.91791e-05
4.27103e-05
4.63314e-05
4.6547e-05
4.67184e-05
4.68698e-05
4.70026e-05
4.71231e-05
4.72314e-05
4.73267e-05
4.74081e-05
4.74758e-05
4.75315e-05
4.75793e-05
4.76251e-05
4.76767e-05
4.77436e-05
4.78362e-05
4.79652e-05
4.81412e-05
4.83739e-05
4.86716e-05
4.90399e-05
4.94822e-05
4.99999e-05
5.05922e-05
5.1257e-05
5.19914e-05
5.27921e-05
5.36557e-05
5.45788e-05
5.55581e-05
5.65901e-05
5.76706e-05
5.87952e-05
5.99586e-05
6.11553e-05
6.2379e-05
6.36233e-05
6.48823e-05
6.6151e-05
6.74445e-05
6.89763e-05
7.094e-05
7.27611e-05
7.44834e-05
7.6108e-05
7.76265e-05
7.90249e-05
8.03083e-05
8.14773e-05
8.25242e-05
8.34497e-05
8.42577e-05
8.49567e-05
8.55555e-05
8.60615e-05
8.64808e-05
8.68195e-05
8.70825e-05
8.72748e-05
8.74007e-05
8.7465e-05
8.74721e-05
8.74267e-05
8.73334e-05
8.71965e-05
8.702e-05
8.68075e-05
8.65628e-05
8.62896e-05
8.59926e-05
8.56957e-05
8.54062e-05
8.51161e-05
8.48214e-05
8.452e-05
8.42112e-05
8.38951e-05
8.35729e-05
8.32457e-05
8.29155e-05
8.25841e-05
8.22536e-05
8.19261e-05
8.16041e-05
8.12907e-05
8.09901e-05
8.07079e-05
8.04513e-05
8.02297e-05
8.00565e-05
7.99535e-05
7.99585e-05
8.0131e-05
8.05709e-05
8.15385e-05
8.32878e-05
8.46516e-05
8.45723e-05
6.8677e-05
5.03441e-05
0.000101782
0.000284082
0.000585127
0.000896783
0.00115469
0.00135091
0.00148725
0.00157172
0.00161298
0.00161962
0.0015987
0.00155513
0.00149137
0.00140777
0.00130329
0.00117652
0.0010271
0.000857402
0.000674987
0.000494682
0.000337008
0.000219494
0.000146245
0.000108035
9.09413e-05
8.15693e-05
6.71154e-05
3.54272e-05
1.87954e-05
1.77603e-05
1.59766e-05
1.46308e-05
1.38741e-05
1.33175e-05
1.27608e-05
1.23311e-05
1.18507e-05
1.13426e-05
1.11082e-05
1.14e-05
1.17879e-05
1.22263e-05
1.26983e-05
1.31904e-05
1.36927e-05
1.41979e-05
1.47006e-05
1.51965e-05
1.56823e-05
1.61554e-05
1.66134e-05
1.70547e-05
1.74775e-05
1.78806e-05
1.82628e-05
1.86233e-05
1.89615e-05
1.92769e-05
1.95694e-05
1.98388e-05
2.00856e-05
2.03102e-05
2.05132e-05
2.06956e-05
2.08586e-05
2.10034e-05
2.11315e-05
2.12446e-05
2.13443e-05
2.14323e-05
2.15105e-05
2.15805e-05
2.16438e-05
2.17021e-05
2.1757e-05
2.18109e-05
2.18674e-05
2.19335e-05
2.20212e-05
2.21512e-05
2.23534e-05
2.2665e-05
2.31172e-05
2.37043e-05
2.43127e-05
2.45255e-05
2.30393e-05
4.159e-05
4.51798e-05
4.62034e-05
4.61745e-05
4.575e-05
4.52155e-05
4.46922e-05
4.42271e-05
4.38348e-05
4.35157e-05
4.32657e-05
4.30791e-05
4.29509e-05
4.28711e-05
4.28332e-05
4.28374e-05
4.28822e-05
4.29647e-05
4.30818e-05
4.32294e-05
4.34035e-05
4.35996e-05
4.38133e-05
4.40405e-05
4.42771e-05
4.45197e-05
4.47648e-05
4.50097e-05
4.52517e-05
4.54886e-05
4.57181e-05
4.59378e-05
4.61449e-05
4.63356e-05
4.65041e-05
4.66406e-05
4.67348e-05
4.67522e-05
4.67416e-05
0.000109463
7.16528e-05
5.81124e-05
5.24197e-05
5.02626e-05
4.99554e-05
5.06916e-05
5.20238e-05
5.36804e-05
5.54897e-05
5.73442e-05
5.91796e-05
6.09687e-05
6.26162e-05
6.40228e-05
6.51816e-05
6.60967e-05
6.67813e-05
6.72552e-05
6.75429e-05
6.76713e-05
6.76685e-05
6.75625e-05
6.73802e-05
6.71469e-05
6.68862e-05
6.66204e-05
6.6371e-05
6.61595e-05
6.60097e-05
6.59497e-05
6.60167e-05
6.62636e-05
6.67731e-05
6.768e-05
6.92346e-05
7.18827e-05
7.67073e-05
8.58948e-05
0.000307738
0.000201191
0.000156408
0.000132082
0.000117263
0.000107619
0.000101107
9.6638e-05
9.35789e-05
9.15363e-05
9.02541e-05
8.95611e-05
8.93519e-05
8.94733e-05
8.9734e-05
9.00989e-05
9.0543e-05
9.10504e-05
9.16146e-05
9.22366e-05
9.2925e-05
9.36942e-05
9.45638e-05
9.55587e-05
9.67084e-05
9.8049e-05
9.96241e-05
0.000101489
0.000103714
0.000106396
0.000109666
0.000113714
0.000118815
0.000125394
0.000134111
0.000146042
0.000162971
0.000187914
0.000226553
0.000572978
0.000409164
0.000330375
0.000283983
0.000253424
0.000231728
0.000215513
0.000202968
0.000193056
0.000185155
0.000178876
0.000173972
0.000170391
0.000167645
0.000165592
0.000164181
0.000163375
0.000163147
0.000163477
0.000164356
0.000165782
0.000167764
0.000170327
0.000173506
0.000177356
0.000181953
0.000187402
0.000193843
0.000201466
0.000210524
0.000221366
0.000234467
0.000250487
0.000270349
0.000295343
0.000327271
0.000368594
0.000422423
0.000493084
0.000800147
0.000630823
0.000532673
0.00046985
0.000426485
0.000394774
0.000370559
0.000351476
0.000336116
0.000323615
0.000313436
0.000305265
0.000298962
0.000293963
0.000290165
0.000287501
0.000285929
0.000285425
0.000285978
0.000287589
0.000290275
0.000294068
0.000299021
0.000305209
0.000312739
0.00032175
0.000332424
0.000344996
0.000359769
0.000377125
0.000397555
0.000421684
0.000450308
0.000484433
0.000525314
0.000574474
0.000633709
0.000705037
0.000791296
0.000947576
0.000813965
0.000719105
0.000651599
0.000602074
0.000564519
0.000535211
0.000511813
0.00049283
0.000477292
0.000464574
0.000454404
0.000446237
0.00043979
0.000434932
0.000431583
0.0004297
0.000429265
0.00043028
0.000432772
0.000436786
0.000442388
0.000449673
0.000458762
0.000469809
0.000483002
0.000498572
0.000516796
0.000538005
0.000562596
0.000591038
0.000623891
0.000661814
0.000705579
0.000756068
0.000814267
0.000881276
0.000958432
0.00104806
0.00102896
0.000940873
0.000865161
0.000804638
0.000756838
0.0007188
0.00068815
0.000663151
0.000642572
0.000625556
0.000611528
0.00060018
0.000590945
0.000583632
0.000578119
0.000574335
0.000572249
0.000571862
0.000573204
0.000576333
0.00058133
0.000588303
0.000597386
0.000608735
0.000622536
0.000638996
0.000658348
0.000680851
0.00070679
0.000736481
0.000770277
0.000808569
0.000851796
0.000900447
0.00095506
0.00101623
0.00108467
0.00116146
0.00124878
0.00106935
0.00101785
0.000965584
0.000918713
0.000878624
0.000844883
0.000816581
0.000792812
0.000772819
0.000756015
0.000742034
0.000730443
0.000720927
0.000713329
0.00070756
0.000703574
0.000701373
0.00070099
0.000702494
0.000705982
0.000711578
0.000719428
0.000729699
0.000742571
0.000758236
0.000776889
0.000798727
0.000823946
0.00085274
0.000885303
0.000921834
0.000962544
0.00100766
0.00105745
0.0011122
0.00117228
0.0012382
0.00131095
0.00139265
0.00108789
0.00105985
0.00102739
0.000995081
0.000965189
0.000938498
0.000915086
0.000894739
0.000877162
0.000862077
0.000849302
0.000838488
0.000829494
0.000822231
0.000816658
0.000812778
0.000810633
0.000810303
0.000811901
0.00081557
0.000821475
0.000829798
0.00084073
0.000854459
0.000871163
0.000891004
0.000914119
0.000940619
0.000970594
0.00100411
0.00104124
0.00108203
0.00112656
0.00117493
0.0012273
0.00128388
0.00134512
0.00141192
0.00148629
0.00109589
0.00108087
0.00106196
0.0010415
0.0010212
0.00100201
0.000984392
0.000968514
0.000954389
0.000941991
0.000931216
0.000921932
0.000914092
0.000907679
0.000902707
0.000899231
0.000897341
0.000897165
0.000898861
0.000902618
0.000908639
0.000917134
0.000928307
0.000942341
0.000959389
0.000979564
0.00100294
0.00102954
0.00105935
0.00109235
0.00112849
0.00116771
0.00121
0.00125536
0.00130385
0.00135564
0.00141109
0.00147106
0.00153735
0.00109916
0.00109065
0.00107977
0.00106739
0.00105444
0.00104158
0.00102927
0.00101778
0.00100725
0.000997774
0.00098932
0.000981897
0.000975525
0.000970241
0.00096611
0.000963228
0.000961728
0.000961782
0.000963589
0.000967374
0.000973371
0.000981809
0.000992894
0.0010068
0.00102363
0.00104347
0.00106632
0.00109213
0.00112082
0.00115228
0.00118638
0.00122301
0.00126208
0.00130355
0.00134743
0.00139383
0.00144308
0.0014959
0.0015539
0.00110045
0.00109494
0.00108831
0.00108077
0.00107265
0.00106432
0.00105609
0.00104816
0.00104069
0.00103379
0.00102748
0.00102184
0.0010169
0.00101275
0.00100948
0.00100721
0.00100612
0.00100639
0.00100826
0.00101199
0.00101782
0.001026
0.00103671
0.00105012
0.0010663
0.00108528
0.00110701
0.00113139
0.00115826
0.00118748
0.00121888
0.00125229
0.0012876
0.00132472
0.00136364
0.00140444
0.00144736
0.00149303
0.00154278
0.00110094
0.00109672
0.00109216
0.00108718
0.00108187
0.00107636
0.0010708
0.00106533
0.00106005
0.00105505
0.00105039
0.00104613
0.00104233
0.00103907
0.00103647
0.00103467
0.00103384
0.00103421
0.00103602
0.00103953
0.00104501
0.00105268
0.00106274
0.0010753
0.00109043
0.0011081
0.00112822
0.00115065
0.0011752
0.00120168
0.0012299
0.00125968
0.00129088
0.00132339
0.00135717
0.00139224
0.0014288
0.00146733
0.0015089
0.00110111
0.0010974
0.00109373
0.00108995
0.00108602
0.00108198
0.00107787
0.00107378
0.00106977
0.00106589
0.00106221
0.00105876
0.00105563
0.00105287
0.0010506
0.00104897
0.00104814
0.00104836
0.00104985
0.00105289
0.00105773
0.0010646
0.00107365
0.00108499
0.00109865
0.00111455
0.0011326
0.0011526
0.00117436
0.00119767
0.00122231
0.00124809
0.00127486
0.00130249
0.00133091
0.00136011
0.0013902
0.00142152
0.00145486
0.00110115
0.00109758
0.00109414
0.0010907
0.00108719
0.00108359
0.00107993
0.00107627
0.00107264
0.0010691
0.00106569
0.00106244
0.00105941
0.00105665
0.00105428
0.00105241
0.00105122
0.00105092
0.00105176
0.00105398
0.00105781
0.00106347
0.00107109
0.00108076
0.00109245
0.0011061
0.00112156
0.00113864
0.00115711
0.00117677
0.00119738
0.00121876
0.00124073
0.00126315
0.00128592
0.00130898
0.00133235
0.00135623
0.00138114
0.00110111
0.0010974
0.00109373
0.00108994
0.00108602
0.00108196
0.00107784
0.00107371
0.00106962
0.00106563
0.00106177
0.00105806
0.00105453
0.00105124
0.00104826
0.0010457
0.0010437
0.00104248
0.00104223
0.00104319
0.00104557
0.00104955
0.00105525
0.00106272
0.00107192
0.00108276
0.00109507
0.00110867
0.00112333
0.00113881
0.00115491
0.00117141
0.00118814
0.00120493
0.00122166
0.00123821
0.00125452
0.00127064
0.00128681
0.00110094
0.00109672
0.00109216
0.00108718
0.00108186
0.00107633
0.00107073
0.00106517
0.00105974
0.00105449
0.00104944
0.0010446
0.00103999
0.00103561
0.00103152
0.00102779
0.00102454
0.00102193
0.00102016
0.00101941
0.00101987
0.00102168
0.00102494
0.00102967
0.00103582
0.00104329
0.0010519
0.00106146
0.00107175
0.00108254
0.0010936
0.00110474
0.00111576
0.00112649
0.00113675
0.00114639
0.00115526
0.00116327
0.00117041
0.00110045
0.00109494
0.00108831
0.00108076
0.00107263
0.00106427
0.00105597
0.0010479
0.00104018
0.00103284
0.0010259
0.00101932
0.00101307
0.00100712
0.00100147
0.000996163
0.000991267
0.000986901
0.000983211
0.000980353
0.000978473
0.000977684
0.00097805
0.000979573
0.000982193
0.000985791
0.000990204
0.000995234
0.00100067
0.00100628
0.00101187
0.00101721
0.00102212
0.0010264
0.00102985
0.00103227
0.00103345
0.00103316
0.00103121
0.00109916
0.00109065
0.00107976
0.00106738
0.0010544
0.0010415
0.00102908
0.00101739
0.00100649
0.000996378
0.000986982
0.000978205
0.000969943
0.000962106
0.000954629
0.000947489
0.000940709
0.000934351
0.000928511
0.000923298
0.000918816
0.000915142
0.000912311
0.000910306
0.000909057
0.000908444
0.000908308
0.000908464
0.000908711
0.000908843
0.000908658
0.000907954
0.000906537
0.000904208
0.000900758
0.000895959
0.000889554
0.000881268
0.000870784
0.00109589
0.00108086
0.00106195
0.00104149
0.00102115
0.00100189
0.000984123
0.000967966
0.000953347
0.000940107
0.000928045
0.000916947
0.000906609
0.000896854
0.000887541
0.000878578
0.00086992
0.000861573
0.000853574
0.000845982
0.000838855
0.000832233
0.000826123
0.000820492
0.000815265
0.000810327
0.000805535
0.000800724
0.000795721
0.000790347
0.000784428
0.00077779
0.000770261
0.000761662
0.000751805
0.00074048
0.000727451
0.000712459
0.000695193
0.00108789
0.00105985
0.00102738
0.000995054
0.000965118
0.000938333
0.00091473
0.000894027
0.000875831
0.000859727
0.000845318
0.000832239
0.000820166
0.000808823
0.00079799
0.000787501
0.000777248
0.000767173
0.000757259
0.000747513
0.000737949
0.000728572
0.000719368
0.000710294
0.000701282
0.000692236
0.000683047
0.000673592
0.000663748
0.000653392
0.000642407
0.000630679
0.000618095
0.000604537
0.000589883
0.000573996
0.000556725
0.000537913
0.000517373
0.00106935
0.00101785
0.000965572
0.000918677
0.000878533
0.000844675
0.000816143
0.000791954
0.000771239
0.000753263
0.000737408
0.000723157
0.000710075
0.000697803
0.00068605
0.00067459
0.00066326
0.000651951
0.000640598
0.000629165
0.000617633
0.000605986
0.000594205
0.000582259
0.000570111
0.000557716
0.000545026
0.000531998
0.000518593
0.000504777
0.000490522
0.000475802
0.00046059
0.000444857
0.000428564
0.000411668
0.000394121
0.000375877
0.000356889
0.00102896
0.000940868
0.000865144
0.000804594
0.000756729
0.00071856
0.000687656
0.000662197
0.000640835
0.000622555
0.000606576
0.000592278
0.000579162
0.000566821
0.000554928
0.000543226
0.000531521
0.000519674
0.000507597
0.000495236
0.000482567
0.000469587
0.000456305
0.000442745
0.000428937
0.000414922
0.000400746
0.000386464
0.00037213
0.000357797
0.000343511
0.000329309
0.000315215
0.000301241
0.000287386
0.000273641
0.000259989
0.000246421
0.000232928
0.000947574
0.000813959
0.000719086
0.00065155
0.000601959
0.00056427
0.000534705
0.000510846
0.000491078
0.00047428
0.000459631
0.000446509
0.000434424
0.000422983
0.000411871
0.000400843
0.000389716
0.000378366
0.00036672
0.000354754
0.000342485
0.000329962
0.000317264
0.000304485
0.000291735
0.000279122
0.000266751
0.000254716
0.000243092
0.000231935
0.000221278
0.000211137
0.000201507
0.000192373
0.000183704
0.000175469
0.000167631
0.000160159
0.000153028
0.000800145
0.000630816
0.000532654
0.000469803
0.000426379
0.000394547
0.000370103
0.000350609
0.000334554
0.000320941
0.00030907
0.000298422
0.000288599
0.000279287
0.000270241
0.00026128
0.000252282
0.000243177
0.000233952
0.000224635
0.000215291
0.000206009
0.000196891
0.000188037
0.000179542
0.000171481
0.000163911
0.000156866
0.000150361
0.000144393
0.000138945
0.00013399
0.000129497
0.00012543
0.000121751
0.000118425
0.000115418
0.0001127
0.000110236
0.000572976
0.000409158
0.00033036
0.000283948
0.000253345
0.000231563
0.000215185
0.000202352
0.000191964
0.000183315
0.00017592
0.000169427
0.000163568
0.000158141
0.000152995
0.000148027
0.000143172
0.000138406
0.000133733
0.000129179
0.000124782
0.000120588
0.000116636
0.000112961
0.000109587
0.000106528
0.000103787
0.000101358
9.923e-05
9.73875e-05
9.58126e-05
9.44873e-05
9.3394e-05
9.25173e-05
9.18437e-05
9.13615e-05
9.10574e-05
9.09139e-05
9.08843e-05
0.000307737
0.000201188
0.0001564
0.000132065
0.000117226
0.000107544
0.000100962
9.63748e-05
9.3126e-05
9.07951e-05
8.90957e-05
8.78241e-05
8.68325e-05
8.60132e-05
8.52902e-05
8.46124e-05
8.39496e-05
8.32877e-05
8.26249e-05
8.19679e-05
8.13283e-05
8.07198e-05
8.01558e-05
7.96481e-05
7.9206e-05
7.88363e-05
7.85431e-05
7.83286e-05
7.81931e-05
7.81365e-05
7.81581e-05
7.82576e-05
7.84358e-05
7.86947e-05
7.90382e-05
7.94705e-05
7.99898e-05
8.0578e-05
8.11322e-05
0.000109463
7.16521e-05
5.8111e-05
5.24166e-05
5.02557e-05
4.99409e-05
5.06621e-05
5.19669e-05
5.35759e-05
5.53071e-05
5.70396e-05
5.86936e-05
6.02183e-05
6.15834e-05
6.27734e-05
6.37838e-05
6.46183e-05
6.52869e-05
6.58041e-05
6.61872e-05
6.64556e-05
6.66289e-05
6.67262e-05
6.67654e-05
6.67626e-05
6.67317e-05
6.66845e-05
6.66306e-05
6.65779e-05
6.65325e-05
6.64993e-05
6.64826e-05
6.64859e-05
6.65129e-05
6.65677e-05
6.66541e-05
6.67676e-05
6.68986e-05
6.691e-05
4.159e-05
4.51797e-05
4.62031e-05
4.61737e-05
4.57478e-05
4.52104e-05
4.46812e-05
4.42048e-05
4.37925e-05
4.34402e-05
4.31378e-05
4.28729e-05
4.2633e-05
4.24063e-05
4.21824e-05
4.19526e-05
4.17096e-05
4.14479e-05
4.11636e-05
4.08543e-05
4.05188e-05
4.01571e-05
3.97698e-05
3.93583e-05
3.89241e-05
3.84691e-05
3.79951e-05
3.75035e-05
3.69953e-05
3.64713e-05
3.59312e-05
3.53742e-05
3.47984e-05
3.42008e-05
3.35769e-05
3.29205e-05
3.22223e-05
3.14679e-05
3.06809e-05
)
;

boundaryField
{
    frontandback
    {
        type            empty;
    }
    in1
    {
        type            calculated;
        value           uniform 0.00055244;
    }
    in2
    {
        type            calculated;
        value           uniform 0.00110488;
    }
    out
    {
        type            calculated;
        value           nonuniform List<scalar> 
24
(
5.35523e-05
0.000161848
0.000271391
0.000468888
0.000943564
0.00178471
0.00273921
0.00362687
0.00444994
0.00520872
0.00585396
0.00631843
0.00654992
0.00652715
0.00625837
0.0057698
0.00509597
0.00427999
0.0033792
0.00246463
0.00161059
0.000882746
0.000338248
4.63314e-05
)
;
    }
    walls
    {
        type            alphatJayatillekeWallFunction;
        Prt             0.85;
        value           nonuniform List<scalar> 
423
(
2.1714e-06
2.17348e-06
2.16906e-06
2.16575e-06
2.16265e-06
2.16022e-06
2.15793e-06
2.15528e-06
2.15191e-06
2.14774e-06
2.14283e-06
2.1373e-06
2.13127e-06
2.1249e-06
2.11836e-06
2.11179e-06
2.10531e-06
2.09904e-06
2.09309e-06
2.08753e-06
2.08243e-06
2.07777e-06
2.07348e-06
2.06941e-06
2.06534e-06
2.06107e-06
2.05653e-06
2.05204e-06
2.04817e-06
2.04575e-06
2.0458e-06
2.04944e-06
2.05762e-06
2.07094e-06
2.0895e-06
2.11295e-06
2.14052e-06
2.17126e-06
2.20408e-06
2.23792e-06
2.27175e-06
2.30467e-06
2.33586e-06
2.36463e-06
2.39039e-06
2.41267e-06
2.43112e-06
2.44546e-06
2.45555e-06
2.46132e-06
2.46278e-06
2.46001e-06
2.45315e-06
2.44241e-06
2.42802e-06
2.41023e-06
2.38932e-06
2.36557e-06
2.33926e-06
2.31121e-06
2.28219e-06
2.25255e-06
2.22257e-06
2.19249e-06
2.16252e-06
2.13282e-06
2.10354e-06
2.0748e-06
2.04667e-06
2.01923e-06
1.99253e-06
1.96661e-06
1.94148e-06
1.91715e-06
1.89362e-06
1.87088e-06
1.84893e-06
1.82773e-06
1.80727e-06
1.78753e-06
1.76846e-06
1.75005e-06
1.73226e-06
1.71506e-06
1.69842e-06
1.68231e-06
1.66668e-06
1.65152e-06
1.63679e-06
1.62245e-06
1.60848e-06
1.59486e-06
1.58154e-06
1.56851e-06
1.55573e-06
1.54318e-06
1.53083e-06
1.51867e-06
1.50666e-06
1.49478e-06
1.48302e-06
1.47017e-06
1.4562e-06
1.44111e-06
1.42494e-06
1.40774e-06
1.3896e-06
1.37064e-06
1.35102e-06
1.33091e-06
1.31053e-06
1.29009e-06
1.2698e-06
1.24989e-06
1.23054e-06
1.21194e-06
1.19423e-06
1.17751e-06
1.16188e-06
1.14737e-06
1.134e-06
1.12175e-06
1.1106e-06
1.10049e-06
1.09137e-06
1.08318e-06
1.07585e-06
1.0693e-06
1.06347e-06
1.05775e-06
1.05209e-06
1.04648e-06
1.04089e-06
1.03528e-06
1.02965e-06
1.02395e-06
1.01819e-06
1.01233e-06
1.00636e-06
1.00027e-06
9.94046e-07
9.87673e-07
9.81146e-07
9.74458e-07
9.67609e-07
9.60599e-07
9.53432e-07
9.46117e-07
9.38669e-07
9.31104e-07
9.23446e-07
9.15724e-07
9.07971e-07
9.00227e-07
8.92538e-07
8.84954e-07
8.7753e-07
8.70323e-07
8.63396e-07
8.56811e-07
8.50627e-07
8.44903e-07
8.3969e-07
8.35034e-07
8.30969e-07
8.27518e-07
8.24689e-07
8.22478e-07
8.20868e-07
8.19828e-07
8.19316e-07
8.19282e-07
8.19683e-07
8.20464e-07
8.21579e-07
8.2302e-07
8.24859e-07
8.27315e-07
8.30856e-07
8.36316e-07
8.44963e-07
8.58369e-07
8.77855e-07
9.03159e-07
9.29356e-07
9.3851e-07
8.7447e-07
1.86836e-06
1.87777e-06
1.88526e-06
1.89178e-06
1.89742e-06
1.90247e-06
1.90695e-06
1.91086e-06
1.91414e-06
1.91681e-06
1.91891e-06
1.9206e-06
1.92211e-06
1.92374e-06
1.92589e-06
1.92899e-06
1.93349e-06
1.93986e-06
1.94853e-06
1.95986e-06
1.97414e-06
1.99153e-06
2.01211e-06
2.03587e-06
2.06272e-06
2.09255e-06
2.12519e-06
2.1605e-06
2.19831e-06
2.23848e-06
2.28084e-06
2.32523e-06
2.37145e-06
2.41929e-06
2.46852e-06
2.51888e-06
2.57011e-06
2.62197e-06
2.67426e-06
2.72754e-06
2.78936e-06
2.87036e-06
2.94559e-06
3.01675e-06
3.0839e-06
3.14676e-06
3.20472e-06
3.258e-06
3.30663e-06
3.35027e-06
3.38894e-06
3.42281e-06
3.45218e-06
3.47742e-06
3.49882e-06
3.51664e-06
3.53111e-06
3.54244e-06
3.55081e-06
3.55643e-06
3.55947e-06
3.56013e-06
3.5586e-06
3.55507e-06
3.54971e-06
3.54269e-06
3.53416e-06
3.52427e-06
3.51318e-06
3.50107e-06
3.48888e-06
3.47699e-06
3.4651e-06
3.45301e-06
3.44064e-06
3.42796e-06
3.41499e-06
3.40175e-06
3.3883e-06
3.37472e-06
3.36108e-06
3.34748e-06
3.33399e-06
3.32072e-06
3.3078e-06
3.2954e-06
3.28376e-06
3.27316e-06
3.264e-06
3.25682e-06
3.25253e-06
3.25267e-06
3.25968e-06
3.27767e-06
3.31718e-06
3.38882e-06
3.44462e-06
3.44162e-06
2.78996e-06
6.90635e-07
6.45457e-07
5.67476e-07
5.08327e-07
4.74968e-07
4.50405e-07
4.25782e-07
4.06765e-07
3.85472e-07
3.6289e-07
3.52377e-07
3.65345e-07
3.82584e-07
4.02036e-07
4.22953e-07
4.44727e-07
4.66917e-07
4.892e-07
5.11336e-07
5.33143e-07
5.54477e-07
5.75223e-07
5.95288e-07
6.14592e-07
6.3307e-07
6.50667e-07
6.67339e-07
6.8305e-07
6.97775e-07
7.11498e-07
7.24213e-07
7.35922e-07
7.46639e-07
7.56386e-07
7.65195e-07
7.73107e-07
7.80171e-07
7.86447e-07
7.91998e-07
7.96895e-07
8.01211e-07
8.05024e-07
8.08409e-07
8.11437e-07
8.14178e-07
8.167e-07
8.19076e-07
8.21405e-07
8.2385e-07
8.26706e-07
8.30502e-07
8.36118e-07
8.44858e-07
8.58316e-07
8.7783e-07
9.03148e-07
9.29352e-07
9.38509e-07
8.7447e-07
1.66391e-06
1.81469e-06
1.85759e-06
1.85638e-06
1.83859e-06
1.81619e-06
1.79424e-06
1.77473e-06
1.75826e-06
1.74486e-06
1.73436e-06
1.72652e-06
1.72113e-06
1.71778e-06
1.71619e-06
1.71636e-06
1.71824e-06
1.72171e-06
1.72662e-06
1.73282e-06
1.74013e-06
1.74836e-06
1.75734e-06
1.76687e-06
1.7768e-06
1.78698e-06
1.79726e-06
1.80753e-06
1.81768e-06
1.8276e-06
1.83722e-06
1.84643e-06
1.8551e-06
1.86309e-06
1.87015e-06
1.87587e-06
1.87981e-06
1.88053e-06
1.88008e-06
1.66391e-06
1.81469e-06
1.85758e-06
1.85635e-06
1.8385e-06
1.81598e-06
1.79378e-06
1.77379e-06
1.75648e-06
1.74169e-06
1.72899e-06
1.71786e-06
1.70777e-06
1.69825e-06
1.68883e-06
1.67917e-06
1.66895e-06
1.65794e-06
1.64597e-06
1.63296e-06
1.61883e-06
1.6036e-06
1.58728e-06
1.56993e-06
1.55162e-06
1.53242e-06
1.51241e-06
1.49165e-06
1.47017e-06
1.44801e-06
1.42516e-06
1.40158e-06
1.37719e-06
1.35185e-06
1.32538e-06
1.29751e-06
1.26784e-06
1.23575e-06
1.20223e-06
)
;
    }
}


// ************************************************************************* //
