/*--------------------------------*- C++ -*----------------------------------*\
| =========                 |                                                 |
| \\      /  F ield         | OpenFOAM: The Open Source CFD Toolbox           |
|  \\    /   O peration     | Version:  2406                                  |
|   \\  /    A nd           | Website:  www.openfoam.com                      |
|    \\/     M anipulation  |                                                 |
\*---------------------------------------------------------------------------*/
FoamFile
{
    version     2.0;
    format      ascii;
    arch        "LSB;label=32;scalar=64";
    class       volScalarField;
    location    "900";
    object      k;
}
// * * * * * * * * * * * * * * * * * * * * * * * * * * * * * * * * * * * * * //

dimensions      [0 2 -2 0 0 0 0];

internalField   nonuniform List<scalar> 
5619
(
0.041256
0.0413225
0.0411537
0.0410281
0.0409111
0.0408184
0.0407299
0.0406278
0.0405002
0.0403446
0.0401636
0.0399609
0.0397418
0.0395122
0.0392776
0.039043
0.0388131
0.0385919
0.038383
0.0381894
0.0380127
0.0378527
0.0377066
0.0375688
0.0374314
0.0372872
0.0371349
0.0369849
0.0368576
0.0367811
0.0367909
0.0369256
0.0372196
0.0376955
0.0383609
0.0392072
0.0402133
0.0413487
0.0425782
0.0438643
0.0451695
0.0464578
0.0476952
0.0488508
0.0498972
0.0508111
0.0515735
0.05217
0.0525909
0.0528313
0.0528905
0.0527718
0.0524819
0.0520304
0.0514294
0.0506922
0.0498332
0.0488674
0.0478091
0.046695
0.0455573
0.0444105
0.0432662
0.0421339
0.0410212
0.0399342
0.0388775
0.0378545
0.0368674
0.0359176
0.0350058
0.0341321
0.0332962
0.0324972
0.0317342
0.031006
0.0303111
0.0296481
0.0290154
0.0284114
0.0278346
0.0272834
0.0267563
0.0262518
0.0257683
0.0253046
0.0248593
0.0244311
0.0240186
0.0236209
0.0232367
0.022865
0.0225048
0.0221552
0.0218151
0.0214838
0.0211605
0.0208443
0.0205347
0.0202308
0.0199323
0.0196087
0.0192601
0.0188874
0.0184919
0.0180761
0.0176429
0.0171961
0.0167399
0.0162792
0.0158189
0.0153641
0.0149197
0.01449
0.0140788
0.0136893
0.0133237
0.0129835
0.0126694
0.0123815
0.0121191
0.0118815
0.0116672
0.0114747
0.0113026
0.0111491
0.0110125
0.0108913
0.0107841
0.0106793
0.0105764
0.0104747
0.0103738
0.0102732
0.0101726
0.0100715
0.00996967
0.00986674
0.00976247
0.00965665
0.00954907
0.00943962
0.00932819
0.00921475
0.00909931
0.00898194
0.00886278
0.00874202
0.00861992
0.00849684
0.00837319
0.00824945
0.00812618
0.00800404
0.0078837
0.00776594
0.00765155
0.00754137
0.00743625
0.00733702
0.00724447
0.00715936
0.00708231
0.00701385
0.00695436
0.00690406
0.00686297
0.00683096
0.00680769
0.00679269
0.00678531
0.00678482
0.0067906
0.00680187
0.00681797
0.00683882
0.00686547
0.00690114
0.00695274
0.0070327
0.00716031
0.00736052
0.00765667
0.00805034
0.00846876
0.00861758
0.00760479
0.0444366
0.0445025
0.0442599
0.0437838
0.0432508
0.0427443
0.0422875
0.0418635
0.0414494
0.0410373
0.0406372
0.0402521
0.0398874
0.0395493
0.0392442
0.0389788
0.038759
0.0385904
0.0384773
0.0384222
0.0384242
0.0384769
0.0385655
0.0386622
0.0387215
0.038675
0.0384396
0.0379592
0.0371806
0.0360939
0.034708
0.0330611
0.0312254
0.0292934
0.0273608
0.0255093
0.0237972
0.0222563
0.020896
0.0197091
0.0186787
0.0177833
0.0170004
0.0163088
0.0156898
0.0151276
0.0146093
0.0141246
0.0136658
0.0132271
0.0128046
0.012396
0.0120001
0.0116169
0.0112473
0.010893
0.0105567
0.010242
0.00995351
0.00968239
0.00942021
0.00916659
0.00892134
0.0086844
0.00845586
0.00823585
0.00802455
0.00782211
0.00762869
0.00744438
0.00726922
0.00710318
0.00694619
0.00679809
0.00665868
0.00652771
0.00640486
0.00628982
0.00618222
0.00608169
0.00598784
0.00590029
0.00581864
0.00574253
0.00567159
0.00560546
0.00554381
0.00548632
0.00543271
0.00538268
0.00533598
0.00529238
0.00525164
0.00521358
0.005178
0.00514475
0.00511366
0.0050846
0.00505748
0.00503211
0.00500845
0.00498416
0.00495954
0.00493509
0.00491137
0.00488898
0.0048686
0.00485086
0.00483639
0.00482572
0.00481925
0.00481722
0.00481968
0.00482651
0.0048374
0.0048519
0.00486945
0.00488941
0.00491114
0.004934
0.0049574
0.00498084
0.00500387
0.00502616
0.00504743
0.00506752
0.00508631
0.00510368
0.00511965
0.00513585
0.00515231
0.00516912
0.00518635
0.00520408
0.00522239
0.00524137
0.00526109
0.00528167
0.00530318
0.00532572
0.00534939
0.00537427
0.00540046
0.00542804
0.00545709
0.00548767
0.00551985
0.00555366
0.00558911
0.0056262
0.00566488
0.00570506
0.00574663
0.00578939
0.00583312
0.00587751
0.00592222
0.0059668
0.00601077
0.00605359
0.00609467
0.00613337
0.00616903
0.00620097
0.0062285
0.00625089
0.00626739
0.00627713
0.00627909
0.00627197
0.00625402
0.00622283
0.00618035
0.00612502
0.00605097
0.00595038
0.00581316
0.00562746
0.00538163
0.00506868
0.00469374
0.00428274
0.00388677
0.00357551
0.00342087
0.003484
0.00379533
0.0388239
0.03835
0.0376921
0.0368388
0.0359337
0.0350565
0.034246
0.0334988
0.0327987
0.0321328
0.0315034
0.0309089
0.0303471
0.0298149
0.0293088
0.0288233
0.0283513
0.0278828
0.0274048
0.0269014
0.0263534
0.0257394
0.0250375
0.0242277
0.0232959
0.0222535
0.0211263
0.0199422
0.0187389
0.0175561
0.0164316
0.0153979
0.0144783
0.013685
0.0130201
0.0124773
0.0120448
0.0117083
0.0114525
0.0112626
0.0111252
0.011028
0.0109608
0.0109147
0.0108824
0.0108579
0.0108365
0.0108149
0.0107903
0.0107611
0.010726
0.0106845
0.0106363
0.0105816
0.0105205
0.0104535
0.0103755
0.0102869
0.0101873
0.0100762
0.00995337
0.00981925
0.0096743
0.00951925
0.00935496
0.00918245
0.00900285
0.00881738
0.00862729
0.00843386
0.00823836
0.00804199
0.00784591
0.00765117
0.00745874
0.00726946
0.00708406
0.00690315
0.00672723
0.00655669
0.0063918
0.00623278
0.00607971
0.00593264
0.00579155
0.00565635
0.00552693
0.00540313
0.00528477
0.00517165
0.00506357
0.00496029
0.00486161
0.0047673
0.00467713
0.00459091
0.00450843
0.0044295
0.00435401
0.00428157
0.00421215
0.00413891
0.00406215
0.00398289
0.00390223
0.00382149
0.00374211
0.00366564
0.00359357
0.0035273
0.00346799
0.00341651
0.00337338
0.00333874
0.0033124
0.00329386
0.0032824
0.00327713
0.00327708
0.00328127
0.00328876
0.00329868
0.00331026
0.00332284
0.0033359
0.00334902
0.00336189
0.0033742
0.00338585
0.00339795
0.0034105
0.00342357
0.00343722
0.00345149
0.00346648
0.00348224
0.00349887
0.00351644
0.00353506
0.00355481
0.00357579
0.0035981
0.00362184
0.0036471
0.00367396
0.00370251
0.0037328
0.00376487
0.00379873
0.00383436
0.00387168
0.00391058
0.00395085
0.00399222
0.00403434
0.00407673
0.00411883
0.00415994
0.00419925
0.00423584
0.00426867
0.00429662
0.00431849
0.00433303
0.00433898
0.00433511
0.00432022
0.0042932
0.00425303
0.0041989
0.00413026
0.00404847
0.00395437
0.00384702
0.00372574
0.00359043
0.00344212
0.00328366
0.00312063
0.00296229
0.00282217
0.00271814
0.00267186
0.00270798
0.00285261
0.00312709
0.00351414
0.0354293
0.0334308
0.0315165
0.0297672
0.028255
0.0269528
0.0258111
0.0247834
0.0238379
0.0229546
0.0221269
0.0213488
0.0206129
0.0199124
0.0192412
0.0185937
0.0179644
0.0173489
0.0167432
0.0161449
0.0155538
0.0149722
0.0144058
0.0138642
0.0133609
0.0129047
0.0125034
0.0121611
0.0118805
0.0116623
0.0115043
0.0114027
0.0113519
0.0113455
0.0113764
0.0114377
0.0115225
0.0116246
0.0117383
0.0118586
0.0119812
0.0121026
0.01222
0.0123315
0.0124357
0.0125319
0.0126198
0.0126995
0.0127712
0.0128354
0.0128922
0.012942
0.0129847
0.0130199
0.013047
0.0130607
0.0130623
0.0130507
0.0130249
0.0129841
0.0129276
0.012855
0.0127662
0.0126613
0.0125405
0.0124045
0.0122541
0.0120901
0.0119137
0.0117263
0.011529
0.0113233
0.0111105
0.0108921
0.0106694
0.0104435
0.0102157
0.00998706
0.00975854
0.00953101
0.00930524
0.00908188
0.00886147
0.00864447
0.00843126
0.00822211
0.00801723
0.00781677
0.00762081
0.00742939
0.00724251
0.00706013
0.00688217
0.00670855
0.00653915
0.00637387
0.00621254
0.0060551
0.00590156
0.00575119
0.00560391
0.00544583
0.00527648
0.00509732
0.00490996
0.00471664
0.00452005
0.00432325
0.00412953
0.00394216
0.00376419
0.00359822
0.00344625
0.00330954
0.00318863
0.0030834
0.00299314
0.00291677
0.00285292
0.00280013
0.00275688
0.00272175
0.00269343
0.00267073
0.00265263
0.00263827
0.00262696
0.00261797
0.00261088
0.00260473
0.00259936
0.00259475
0.00259085
0.00258765
0.00258511
0.00258326
0.00258209
0.00258163
0.00258192
0.00258297
0.00258485
0.00258761
0.00259129
0.00259595
0.00260167
0.00260847
0.00261642
0.00262555
0.00263587
0.00264738
0.00266003
0.00267375
0.00268842
0.00270386
0.0027198
0.00273595
0.00275189
0.00276715
0.00278118
0.00279335
0.00280301
0.00280944
0.00281198
0.00280999
0.00280293
0.00279043
0.0027723
0.00274864
0.00271984
0.00268667
0.00265035
0.00261183
0.0025719
0.00253185
0.00249328
0.00245824
0.00242928
0.00240958
0.0024031
0.00241464
0.00244992
0.00251563
0.00261925
0.00276859
0.00297001
0.00322295
0.00350598
0.0372481
0.0334351
0.0295164
0.0258266
0.0226784
0.0202142
0.0183939
0.0170638
0.0160612
0.0152714
0.0146241
0.014081
0.013618
0.013219
0.0128734
0.0125734
0.0123138
0.0120908
0.011902
0.0117458
0.0116218
0.01153
0.0114708
0.0114448
0.0114526
0.0114919
0.0115594
0.0116517
0.0117659
0.0118996
0.0120499
0.0122139
0.0123889
0.0125718
0.0127599
0.0129503
0.0131405
0.0133282
0.0135113
0.0136882
0.0138577
0.0140192
0.0141724
0.0143175
0.014455
0.0145857
0.0147105
0.0148301
0.0149454
0.0150566
0.0151639
0.015267
0.0153651
0.0154573
0.0155407
0.0156123
0.0156716
0.0157171
0.0157473
0.015761
0.0157571
0.015735
0.0156939
0.0156337
0.0155544
0.0154563
0.01534
0.0152062
0.015056
0.0148904
0.0147107
0.0145183
0.0143145
0.0141007
0.0138783
0.0136487
0.0134131
0.0131727
0.0129287
0.012682
0.0124337
0.0121845
0.0119351
0.0116862
0.0114383
0.0111919
0.0109473
0.0107048
0.0104646
0.010227
0.00999189
0.00975951
0.00952981
0.00930281
0.00907846
0.00885672
0.00863747
0.00842072
0.00820664
0.00799419
0.00778273
0.00755346
0.00730441
0.00703678
0.00675213
0.00645301
0.00614283
0.00582578
0.00550675
0.005191
0.00488381
0.00459016
0.0043143
0.00405951
0.00382789
0.00362041
0.00343695
0.00327656
0.00313766
0.0030183
0.00291636
0.00282968
0.00275622
0.00269409
0.0026416
0.00259726
0.00255987
0.00252813
0.00250117
0.00247594
0.00245199
0.00242923
0.0024075
0.00238669
0.0023667
0.00234746
0.00232892
0.00231105
0.00229382
0.00227723
0.0022613
0.00224604
0.00223149
0.00221771
0.00220473
0.00219263
0.00218148
0.00217133
0.00216225
0.0021543
0.00214753
0.00214196
0.00213762
0.00213448
0.00213252
0.00213165
0.00213177
0.00213275
0.00213444
0.00213665
0.00213919
0.00214189
0.00214459
0.00214718
0.00214962
0.00215197
0.00215437
0.00215712
0.00216061
0.0021654
0.00217217
0.00218154
0.00219379
0.00220983
0.00223075
0.00225782
0.00229251
0.00233653
0.00239191
0.002461
0.00254654
0.0026516
0.0027794
0.00293284
0.00311329
0.00331826
0.00353768
0.0452447
0.0406644
0.0355785
0.0303551
0.0254356
0.0211967
0.0178597
0.0154494
0.0138339
0.0127997
0.0121492
0.0117464
0.0115033
0.0113649
0.0112975
0.0112804
0.0113008
0.0113506
0.0114247
0.0115198
0.0116339
0.0117654
0.0119133
0.0120766
0.0122541
0.0124444
0.0126474
0.0128602
0.0130802
0.0133059
0.0135358
0.0137687
0.0140029
0.0142371
0.0144697
0.0146993
0.0149245
0.0151443
0.0153576
0.015564
0.0157632
0.015955
0.0161399
0.0163184
0.0164912
0.0166588
0.0168218
0.0169807
0.0171356
0.0172862
0.017432
0.017572
0.0177052
0.01783
0.0179427
0.0180421
0.0181268
0.0181955
0.018247
0.0182803
0.0182947
0.0182896
0.0182648
0.0182203
0.0181561
0.0180728
0.017971
0.0178514
0.017715
0.0175628
0.017396
0.0172157
0.017023
0.0168193
0.0166058
0.0163836
0.0161538
0.0159175
0.0156757
0.0154294
0.0151794
0.0149265
0.0146714
0.0144146
0.0141567
0.0138982
0.0136394
0.0133806
0.0131221
0.0128642
0.0126068
0.0123502
0.0120943
0.0118392
0.0115848
0.0113311
0.0110781
0.0108256
0.0105741
0.0103221
0.0100684
0.00979111
0.00948697
0.00915642
0.00880051
0.00842153
0.00802296
0.00760947
0.0071869
0.00676193
0.00634179
0.00593366
0.00554418
0.00517893
0.00484207
0.00453614
0.00426213
0.00401963
0.00380719
0.0036226
0.00346324
0.00332635
0.00320916
0.00310908
0.00302372
0.00295098
0.00288907
0.00283611
0.0027907
0.00274799
0.00270721
0.00266814
0.00263054
0.00259421
0.00255901
0.0025248
0.00249149
0.00245901
0.00242731
0.00239636
0.00236618
0.00233677
0.00230819
0.0022805
0.00225377
0.0022281
0.0022036
0.00218038
0.00215856
0.00213827
0.00211964
0.00210277
0.00208778
0.00207476
0.00206378
0.0020549
0.00204814
0.00204351
0.00204098
0.00204054
0.00204211
0.00204566
0.00205114
0.0020585
0.00206776
0.00207895
0.00209214
0.00210748
0.00212516
0.00214546
0.00216869
0.00219525
0.00222561
0.00226027
0.00229985
0.00234516
0.00239715
0.00245689
0.00252562
0.00260476
0.00269586
0.00280058
0.0029205
0.00305689
0.0032102
0.0033793
0.00356095
0.0583784
0.0540668
0.0489309
0.0432065
0.0372474
0.0314578
0.0262213
0.0218313
0.0184336
0.0160102
0.0143734
0.0133261
0.0126966
0.0123513
0.0121948
0.0121626
0.0122124
0.012317
0.0124589
0.012627
0.0128142
0.0130161
0.0132299
0.0134539
0.0136867
0.0139277
0.0141762
0.0144334
0.014695
0.0149596
0.0152264
0.0154946
0.0157632
0.0160311
0.0162974
0.0165608
0.0168203
0.017075
0.0173239
0.0175664
0.017802
0.0180304
0.0182513
0.0184649
0.018671
0.0188697
0.0190609
0.0192445
0.01942
0.0195869
0.0197445
0.0198919
0.020028
0.0201516
0.0202583
0.0203455
0.0204122
0.0204576
0.0204813
0.0204833
0.0204637
0.0204229
0.0203617
0.0202811
0.0201821
0.0200659
0.0199338
0.0197871
0.0196273
0.0194554
0.0192729
0.0190808
0.0188803
0.0186723
0.0184578
0.0182376
0.0180124
0.017783
0.0175499
0.0173137
0.0170748
0.0168336
0.0165904
0.0163456
0.0160994
0.015852
0.0156035
0.0153541
0.0151038
0.0148527
0.0146007
0.014348
0.0140943
0.0138396
0.0135839
0.013327
0.0130687
0.012809
0.012548
0.0122844
0.0120164
0.0117211
0.011394
0.0110345
0.0106427
0.0102199
0.00976878
0.00929344
0.00879973
0.00829492
0.00778744
0.00728639
0.00680081
0.00633895
0.00590759
0.00551161
0.00515374
0.00483471
0.00455358
0.00430814
0.00409543
0.00391208
0.00375466
0.00361986
0.00350458
0.0034061
0.00332209
0.00325008
0.00318813
0.0031299
0.00307426
0.00302086
0.00296938
0.00291956
0.00287118
0.00282408
0.00277812
0.0027332
0.00268925
0.00264624
0.00260417
0.00256306
0.00252296
0.00248396
0.00244616
0.00240969
0.00237468
0.00234129
0.00230969
0.00228007
0.00225258
0.00222741
0.00220472
0.00218465
0.00216732
0.00215283
0.00214125
0.00213261
0.00212693
0.00212418
0.00212431
0.00212726
0.00213296
0.00214134
0.00215233
0.0021659
0.00218206
0.00220084
0.00222232
0.00224666
0.00227405
0.00230475
0.00233908
0.00237756
0.00242059
0.0024687
0.00252255
0.00258288
0.00265052
0.00272641
0.00281155
0.00290702
0.00301386
0.00313307
0.00326548
0.00341173
0.00357272
0.075938
0.0726842
0.0683901
0.0631245
0.0570833
0.0505819
0.0439767
0.0376292
0.0318693
0.0269585
0.0230542
0.0200858
0.0179359
0.0164541
0.0154865
0.0148977
0.0145791
0.0144491
0.0144487
0.0145367
0.0146851
0.0148747
0.0150931
0.0153324
0.0155875
0.0158556
0.0161351
0.0164253
0.0167255
0.0170305
0.0173399
0.0176528
0.0179684
0.0182858
0.0186039
0.0189215
0.0192373
0.01955
0.0198584
0.0201612
0.0204573
0.0207457
0.0210255
0.0212958
0.0215561
0.0218054
0.0220432
0.0222686
0.022481
0.0226794
0.0228631
0.023031
0.0231823
0.023316
0.0234238
0.0234962
0.0235318
0.0235303
0.023492
0.0234177
0.0233089
0.0231678
0.0229968
0.022799
0.0225774
0.0223355
0.0220765
0.021804
0.021521
0.0212306
0.0209354
0.0206379
0.0203401
0.0200437
0.01975
0.0194603
0.0191751
0.0188949
0.0186202
0.0183508
0.0180867
0.0178277
0.0175736
0.0173238
0.0170779
0.0168356
0.0165963
0.0163595
0.0161247
0.0158915
0.0156593
0.0154277
0.0151962
0.0149645
0.0147319
0.0144982
0.0142629
0.0140255
0.0137861
0.013543
0.0132945
0.0130188
0.0127107
0.0123686
0.0119911
0.0115778
0.0111293
0.0106478
0.0101373
0.00960375
0.00905492
0.0085003
0.00795044
0.00741612
0.00690734
0.00643245
0.00599743
0.00560562
0.00525783
0.00495276
0.00468765
0.00445885
0.00426235
0.00409411
0.00395031
0.00382754
0.00372286
0.0036332
0.00355606
0.00348373
0.00341474
0.00334857
0.00328481
0.00322312
0.00316324
0.00310495
0.00304809
0.00299252
0.00293816
0.00288497
0.00283293
0.00278208
0.00273248
0.00268421
0.0026374
0.00259219
0.00254876
0.00250728
0.00246797
0.00243102
0.00239664
0.00236503
0.00233639
0.00231089
0.00228866
0.00226982
0.00225444
0.00224256
0.00223418
0.00222924
0.00222768
0.00222938
0.00223423
0.00224211
0.00225289
0.00226647
0.00228278
0.0023018
0.00232352
0.00234803
0.00237545
0.00240596
0.0024398
0.00247728
0.00251886
0.00256491
0.00261592
0.00267246
0.00273519
0.00280485
0.00288228
0.00296843
0.00306437
0.00317137
0.00329098
0.00342523
0.00357706
0.0966202
0.0950778
0.0924217
0.0885965
0.0836363
0.0777505
0.0711869
0.0642128
0.057099
0.050119
0.0435633
0.037753
0.0327722
0.0286663
0.0254073
0.0229189
0.0210943
0.0198144
0.0189655
0.0184483
0.0181806
0.0180974
0.0181494
0.0182997
0.018522
0.0187977
0.0191144
0.0194641
0.0198423
0.0202367
0.0206455
0.0210672
0.0215008
0.0219452
0.0223992
0.0228613
0.02333
0.0238035
0.0242798
0.0247569
0.0252324
0.025704
0.0261694
0.0266261
0.0270714
0.0275029
0.027918
0.0283139
0.0286883
0.0290384
0.029362
0.0296566
0.0299203
0.030151
0.0303441
0.0304732
0.030535
0.0305281
0.0304521
0.0303077
0.0300965
0.0298216
0.0294866
0.0290963
0.028656
0.0281718
0.0276501
0.0270977
0.0265213
0.0259277
0.0253233
0.0247145
0.0241068
0.0235053
0.0229145
0.0223382
0.0217794
0.0212406
0.0207234
0.020229
0.019758
0.0193105
0.0188861
0.0184841
0.0181037
0.0177436
0.0174025
0.017079
0.0167717
0.0164789
0.0161993
0.0159313
0.0156735
0.0154245
0.015183
0.0149477
0.0147174
0.0144909
0.0142676
0.0140451
0.0138217
0.013577
0.0133063
0.0130082
0.0126807
0.0123218
0.0119301
0.0115047
0.0110458
0.0105551
0.0100364
0.00949572
0.00894169
0.0083848
0.00783678
0.00730938
0.00681307
0.00635594
0.00594303
0.00557629
0.00525497
0.00497638
0.00473664
0.00453133
0.00435603
0.00420658
0.00407934
0.00397062
0.00387726
0.00379009
0.0037072
0.00362789
0.0035516
0.00347795
0.00340659
0.00333726
0.00326975
0.00320391
0.00313962
0.00307684
0.00301554
0.00295574
0.00289752
0.00284097
0.00278622
0.00273343
0.00268278
0.00263449
0.00258876
0.00254581
0.00250587
0.00246915
0.00243585
0.00240614
0.00238016
0.002358
0.00233974
0.00232538
0.00231489
0.0023082
0.00230517
0.00230567
0.00230952
0.00231654
0.00232656
0.00233942
0.002355
0.00237322
0.00239403
0.00241747
0.00244362
0.00247261
0.00250464
0.00253997
0.00257892
0.00262194
0.00266943
0.00272193
0.00278004
0.00284451
0.00291619
0.00299613
0.0030856
0.00318618
0.00329989
0.0034294
0.00357821
0.117618
0.118134
0.117578
0.115874
0.112931
0.108902
0.103957
0.0982752
0.0920175
0.0853248
0.0783295
0.0711681
0.0641126
0.0574085
0.0511741
0.0455356
0.0405928
0.0363899
0.0329269
0.0301696
0.0280557
0.0265066
0.0254379
0.0247675
0.0244201
0.02433
0.0244422
0.0247121
0.0251005
0.0255664
0.0260945
0.0266744
0.0272987
0.0279618
0.0286594
0.0293879
0.0301438
0.0309236
0.0317236
0.0325399
0.0333682
0.0342039
0.0350419
0.0358769
0.0367032
0.0375149
0.0383061
0.0390704
0.0398018
0.0404942
0.0411419
0.0417395
0.0422818
0.0427646
0.0431957
0.0435481
0.0438066
0.0439665
0.0440242
0.0439775
0.0438252
0.0435676
0.043206
0.0427431
0.042183
0.0415307
0.0407924
0.0399755
0.0390878
0.0381383
0.0371364
0.0360917
0.0350144
0.0339142
0.0328009
0.031684
0.0305723
0.0294739
0.0283961
0.0273454
0.0263272
0.025346
0.0244053
0.0235078
0.022655
0.0218479
0.0210865
0.0203703
0.0196983
0.0190691
0.0184807
0.017931
0.0174179
0.0169388
0.0164914
0.0160731
0.0156815
0.0153143
0.0149695
0.0146435
0.0143338
0.0140116
0.0136756
0.0133283
0.0129712
0.0126052
0.01223
0.0118442
0.0114452
0.0110296
0.0105939
0.0101356
0.00965459
0.00915366
0.00863922
0.00812085
0.00761026
0.00711959
0.00665963
0.00623845
0.00586068
0.00552757
0.00523768
0.00498778
0.00477368
0.00459094
0.00443538
0.00430265
0.00418896
0.00408328
0.0039832
0.00388773
0.00379617
0.00370802
0.00362287
0.00354041
0.00346037
0.00338256
0.00330684
0.00323315
0.00316145
0.00309176
0.00302414
0.0029587
0.00289557
0.00283492
0.00277694
0.00272184
0.00266985
0.00262117
0.00257604
0.00253466
0.00249721
0.00246385
0.00243469
0.0024098
0.00238922
0.00237291
0.00236079
0.00235274
0.0023486
0.00234815
0.00235119
0.00235747
0.00236678
0.00237892
0.00239373
0.0024111
0.00243096
0.00245331
0.00247822
0.0025058
0.00253625
0.00256982
0.00260681
0.00264762
0.00269271
0.00274262
0.002798
0.0028596
0.00292838
0.00300544
0.0030922
0.00319037
0.00330215
0.00343031
0.00357842
0.135366
0.137927
0.139506
0.140117
0.139569
0.137997
0.135532
0.132319
0.128477
0.124098
0.119243
0.11395
0.108235
0.102103
0.0956857
0.089104
0.0824893
0.0759511
0.0696017
0.0635854
0.0580343
0.0530562
0.0487255
0.0450816
0.0421301
0.0398493
0.038197
0.0370852
0.0363815
0.0360378
0.0359886
0.036179
0.0365649
0.0371111
0.03779
0.0385798
0.0394628
0.0404245
0.0414525
0.0425359
0.0436646
0.0448292
0.0460205
0.0472294
0.0484469
0.049664
0.0508716
0.0520605
0.0532217
0.0543462
0.055425
0.0564497
0.0574119
0.0583038
0.0591182
0.0598832
0.0605527
0.0611176
0.0615717
0.0619097
0.0621274
0.0622216
0.0621902
0.0620315
0.0617449
0.0613306
0.0607895
0.0601235
0.0593352
0.0584284
0.0574078
0.056279
0.0550489
0.0537255
0.0523175
0.0508349
0.0492882
0.0476887
0.0460482
0.0443786
0.0426919
0.041
0.0393142
0.0376452
0.0360031
0.0343967
0.0328339
0.0313215
0.0298649
0.0284686
0.0271355
0.0258678
0.0246665
0.0235316
0.0224624
0.0214577
0.0205154
0.0196334
0.0188095
0.0180392
0.0173182
0.0165803
0.0158312
0.0150844
0.0143529
0.01365
0.012987
0.012372
0.0118085
0.011295
0.0108247
0.0103865
0.00996707
0.00955292
0.00913308
0.00870128
0.00825723
0.0078064
0.0073586
0.00692546
0.00651787
0.00614406
0.00580872
0.00551311
0.00525586
0.00503398
0.0048438
0.00468095
0.00454133
0.00441183
0.00428946
0.00417292
0.00406137
0.0039542
0.00385095
0.00375124
0.00365477
0.00356132
0.00347073
0.00338292
0.00329784
0.00321553
0.00313604
0.00305948
0.002986
0.00291577
0.00284897
0.00278583
0.00272655
0.00267135
0.00262042
0.00257395
0.00253209
0.00249496
0.00246262
0.0024351
0.00241235
0.00239431
0.00238083
0.00237171
0.00236674
0.00236564
0.00236816
0.002374
0.00238291
0.00239466
0.00240905
0.00242595
0.00244528
0.00246703
0.00249126
0.0025181
0.00254772
0.00258039
0.00261642
0.00265621
0.00270023
0.00274904
0.00280331
0.00286384
0.00293159
0.00300772
0.00309367
0.00319121
0.00330253
0.00343043
0.00357844
0.14692
0.151221
0.154616
0.157287
0.158961
0.159766
0.159802
0.159196
0.158054
0.156465
0.154493
0.152181
0.14955
0.146603
0.143327
0.139687
0.135636
0.131183
0.12636
0.121177
0.115668
0.109902
0.103977
0.098018
0.0921576
0.0865256
0.0812326
0.0763938
0.0721416
0.0685073
0.0654848
0.0630432
0.0611359
0.0597086
0.0587047
0.0580691
0.0577508
0.0577042
0.057889
0.0582704
0.0588187
0.0595088
0.0603191
0.0612314
0.0622297
0.0633
0.0644297
0.0656066
0.0668191
0.0680553
0.0693032
0.0705504
0.0717843
0.0729921
0.0741614
0.0752935
0.0763885
0.0773729
0.078237
0.0789788
0.0795986
0.0800978
0.080479
0.080745
0.0808985
0.0809419
0.0808766
0.080703
0.0804207
0.0800281
0.0795231
0.0789027
0.0781639
0.0773034
0.0763186
0.0752074
0.0739687
0.0726028
0.0711114
0.0694981
0.067768
0.0659285
0.0639885
0.0619588
0.0598515
0.0576801
0.0554593
0.0532042
0.0509303
0.048653
0.0463874
0.0441477
0.0419471
0.0397973
0.0377085
0.0356892
0.033746
0.0318843
0.0301082
0.0284165
0.0268049
0.0251322
0.0234097
0.0216677
0.0199405
0.0182655
0.0166799
0.0152172
0.0139037
0.0127557
0.0117782
0.0109643
0.0102969
0.0097504
0.00929436
0.00889731
0.00853075
0.00817293
0.00781138
0.00744342
0.00707422
0.00671333
0.00637081
0.00605463
0.00576944
0.00551674
0.00529574
0.00510379
0.00493779
0.0047832
0.00463662
0.00449659
0.00436222
0.00423294
0.00410828
0.00398789
0.0038715
0.00375891
0.00365
0.0035447
0.00344301
0.00334499
0.00325073
0.00316036
0.00307406
0.00299202
0.00291444
0.00284153
0.0027735
0.00271055
0.00265283
0.0026005
0.00255365
0.00251235
0.00247658
0.0024463
0.0024214
0.0024017
0.002387
0.00237702
0.00237146
0.00237
0.00237229
0.00237801
0.00238686
0.00239856
0.0024129
0.00242973
0.00244896
0.00247058
0.00249464
0.00252126
0.00255064
0.00258304
0.00261878
0.00265827
0.00270198
0.00275048
0.00280445
0.0028647
0.00293219
0.00300811
0.0030939
0.00319131
0.00330256
0.00343042
0.00357843
0.150948
0.156498
0.161176
0.165369
0.168738
0.171407
0.17344
0.174941
0.176
0.176704
0.177125
0.177324
0.177346
0.177221
0.176964
0.176579
0.176058
0.175384
0.174521
0.173429
0.172064
0.170378
0.16833
0.165888
0.163035
0.159778
0.156148
0.152206
0.148031
0.143718
0.139372
0.135097
0.13098
0.127094
0.123486
0.120183
0.117192
0.114506
0.112102
0.109955
0.108034
0.106309
0.104752
0.103343
0.102068
0.10092
0.0999023
0.0990221
0.0982926
0.0977288
0.0973449
0.0971515
0.0971532
0.0973471
0.097722
0.0982583
0.0989709
0.0997854
0.10039
0.100786
0.100983
0.101005
0.100878
0.100631
0.100291
0.0998818
0.0994263
0.098943
0.0984463
0.0979465
0.0974497
0.0969577
0.0964682
0.0959753
0.0954696
0.0949387
0.094368
0.0937409
0.0930397
0.092246
0.0913419
0.0903102
0.0891354
0.0878041
0.0863059
0.0846338
0.0827843
0.0807584
0.0785611
0.0762017
0.0736936
0.0710542
0.068304
0.0654663
0.0625662
0.0596294
0.0566816
0.0537476
0.0508513
0.0480068
0.0452139
0.0422514
0.0391279
0.03589
0.0325981
0.0293236
0.0261427
0.0231296
0.0203489
0.0178498
0.0156625
0.013798
0.0122499
0.0109979
0.0100111
0.00925061
0.00867166
0.00822674
0.0078694
0.00755939
0.00726763
0.00697898
0.00669077
0.0064081
0.00613852
0.00588841
0.0056616
0.00545909
0.00528079
0.0051126
0.00495124
0.0047954
0.00464445
0.004498
0.0043558
0.00421766
0.00408347
0.00395317
0.00382678
0.00370436
0.00358604
0.003472
0.00336243
0.00325759
0.00315772
0.00306309
0.00297397
0.0028906
0.00281321
0.002742
0.00267711
0.00261865
0.00256666
0.00252112
0.00248198
0.00244907
0.0024222
0.0024011
0.00238547
0.00237494
0.00236912
0.00236761
0.00237002
0.00237595
0.00238505
0.00239703
0.00241164
0.00242872
0.00244817
0.00246998
0.00249419
0.00252093
0.00255041
0.00258288
0.00261867
0.0026582
0.00270193
0.00275045
0.00280443
0.00286469
0.00293219
0.00300811
0.00309389
0.00319131
0.00330256
0.00343042
0.00357843
0.147942
0.154175
0.15954
0.164619
0.169032
0.172898
0.176244
0.179144
0.181666
0.183882
0.185864
0.187679
0.189392
0.191057
0.192725
0.194434
0.196214
0.198083
0.200049
0.202112
0.204263
0.20648
0.208735
0.210994
0.213218
0.215367
0.217403
0.219293
0.221009
0.222533
0.22386
0.224996
0.22596
0.226782
0.227495
0.228137
0.228738
0.229323
0.229898
0.230454
0.230962
0.231369
0.231601
0.231562
0.23114
0.23022
0.228691
0.226459
0.223457
0.219663
0.215101
0.209855
0.204061
0.197906
0.191611
0.185409
0.179528
0.17429
0.170176
0.166526
0.16267
0.158663
0.154539
0.150347
0.146143
0.141982
0.137914
0.133987
0.130241
0.12671
0.123423
0.120399
0.117654
0.115195
0.113024
0.111136
0.10952
0.108158
0.10703
0.106106
0.105354
0.104738
0.104215
0.103742
0.103272
0.102755
0.102144
0.10139
0.100451
0.0992855
0.0978626
0.0961578
0.0941569
0.091857
0.0892663
0.0864047
0.0833021
0.0799979
0.0765393
0.0729661
0.0692886
0.0652511
0.0608537
0.0561518
0.0512304
0.0462002
0.0411895
0.0363312
0.0317478
0.0275369
0.0237616
0.0204481
0.0175909
0.0151633
0.0131283
0.0114486
0.010091
0.00902533
0.00821846
0.00762793
0.00720082
0.00688032
0.00661738
0.00638016
0.00615507
0.00594048
0.0057393
0.00555432
0.00538844
0.00522956
0.00507466
0.00492276
0.00477353
0.00462683
0.00448261
0.00434088
0.00420172
0.00406526
0.00393171
0.00380131
0.0036744
0.00355132
0.00343249
0.00331833
0.00320928
0.00310577
0.00300822
0.00291702
0.00283247
0.00275487
0.00268439
0.00262117
0.00256523
0.00251654
0.00247497
0.0024403
0.00241226
0.00239049
0.0023746
0.00236413
0.00235863
0.00235762
0.00236063
0.00236722
0.00237702
0.00238968
0.00240496
0.00242267
0.00244271
0.00246507
0.00248979
0.00251702
0.00254695
0.00257985
0.00261606
0.00265598
0.00270008
0.00274895
0.00280326
0.00286381
0.00293157
0.00300771
0.00309367
0.00319121
0.00330253
0.00343043
0.00357844
0.139705
0.146093
0.151608
0.156984
0.161831
0.16626
0.170267
0.173899
0.177197
0.180213
0.183006
0.185643
0.188191
0.190721
0.193303
0.196004
0.198884
0.202002
0.205407
0.20914
0.21323
0.217692
0.222532
0.227741
0.233302
0.239191
0.245378
0.251834
0.258529
0.265433
0.27252
0.279766
0.287153
0.294671
0.302313
0.310081
0.317979
0.326015
0.3342
0.342546
0.351065
0.359763
0.368637
0.377653
0.386752
0.395845
0.404806
0.413468
0.421601
0.428907
0.435012
0.439475
0.441801
0.441484
0.438063
0.431206
0.420793
0.406974
0.390129
0.371872
0.354071
0.337568
0.321246
0.30491
0.28877
0.272979
0.257663
0.24292
0.228829
0.215452
0.202833
0.191007
0.180001
0.16983
0.160504
0.152026
0.144391
0.137587
0.131595
0.126392
0.121949
0.118231
0.115197
0.112803
0.110993
0.109706
0.108869
0.108401
0.108207
0.108183
0.108216
0.108187
0.107978
0.107479
0.106594
0.105254
0.103416
0.101073
0.0982542
0.0950046
0.0913497
0.0870573
0.0821175
0.0765855
0.0705623
0.0641945
0.057666
0.0511826
0.0449489
0.039143
0.0338943
0.0292709
0.0252792
0.0218735
0.0189724
0.0164784
0.0143
0.0123735
0.010679
0.00923821
0.00808688
0.00723555
0.00664671
0.00624634
0.00595736
0.00572661
0.00552841
0.00535346
0.00520059
0.00505626
0.00491665
0.00478033
0.00464656
0.00451485
0.00438486
0.00425638
0.00412934
0.00400373
0.00387967
0.00375738
0.00363715
0.00351938
0.00340453
0.00329312
0.00318572
0.00308294
0.00298535
0.00289354
0.00280801
0.00272923
0.00265754
0.0025932
0.00253636
0.00248703
0.00244512
0.00241044
0.00238269
0.00236149
0.00234639
0.0023369
0.0023325
0.00233267
0.00233691
0.00234475
0.00235578
0.00236966
0.00238612
0.00240498
0.00242615
0.00244961
0.00247543
0.00250375
0.00253478
0.00256879
0.00260612
0.00264718
0.00269244
0.00274246
0.0027979
0.00285955
0.00292835
0.00300543
0.00309219
0.00319037
0.00330215
0.00343031
0.00357842
0.128485
0.134619
0.139884
0.145105
0.149906
0.154392
0.15854
0.162374
0.165912
0.169187
0.172241
0.17513
0.177919
0.180681
0.183493
0.186437
0.189592
0.193036
0.196844
0.201081
0.205801
0.211046
0.216843
0.22321
0.230153
0.237671
0.245757
0.254404
0.263598
0.273327
0.283573
0.294316
0.305537
0.317211
0.329316
0.341824
0.354705
0.367926
0.381453
0.395251
0.409293
0.423566
0.438057
0.452724
0.467502
0.482308
0.497046
0.511625
0.525946
0.539903
0.5534
0.566355
0.5787
0.590349
0.601185
0.611008
0.619479
0.626065
0.630067
0.630612
0.626532
0.616389
0.601716
0.583662
0.563063
0.540035
0.514987
0.488502
0.461133
0.433355
0.405574
0.378139
0.351352
0.325468
0.300703
0.277229
0.255182
0.234654
0.215703
0.198353
0.182607
0.168454
0.15587
0.144827
0.135294
0.127227
0.120581
0.115299
0.111314
0.108547
0.106893
0.106214
0.106324
0.106987
0.107917
0.108801
0.109336
0.109272
0.108452
0.106814
0.104367
0.100941
0.0965089
0.0911254
0.0849087
0.078039
0.0707483
0.063302
0.0559721
0.0490087
0.0426157
0.0369346
0.0320389
0.0279359
0.024573
0.021845
0.0195994
0.0176472
0.0157912
0.0138852
0.0119087
0.0099975
0.00836642
0.00715873
0.00635994
0.00584754
0.00549664
0.00523321
0.0050263
0.00484537
0.00468221
0.00453251
0.00439313
0.00426178
0.00413674
0.00401673
0.00390076
0.00378812
0.00367828
0.00357088
0.00346572
0.00336276
0.00326208
0.0031639
0.00306855
0.00297647
0.00288818
0.00280427
0.00272532
0.00265194
0.00258463
0.00252385
0.00246993
0.00242306
0.00238329
0.00235053
0.00232457
0.00230508
0.00229165
0.00228379
0.00228099
0.00228274
0.00228852
0.00229788
0.0023104
0.00232576
0.00234371
0.00236408
0.00238679
0.00241185
0.00243935
0.00246944
0.00250236
0.00253839
0.00257789
0.00262127
0.00266901
0.00272167
0.0027799
0.00284443
0.00291615
0.00299611
0.00308559
0.00318617
0.00329989
0.0034294
0.00357821
0.1162
0.121829
0.126606
0.131388
0.13583
0.140032
0.143962
0.147629
0.151038
0.154203
0.157156
0.159937
0.162605
0.165226
0.167878
0.170644
0.173609
0.17686
0.180478
0.184538
0.189106
0.194235
0.199965
0.206328
0.213345
0.22103
0.229393
0.238441
0.248176
0.258599
0.269706
0.281489
0.293932
0.307015
0.320712
0.334987
0.349791
0.365067
0.380741
0.396725
0.412935
0.429316
0.445823
0.462376
0.478859
0.495142
0.5111
0.526628
0.541618
0.556014
0.569777
0.582907
0.595437
0.607343
0.618674
0.629433
0.639586
0.649054
0.657725
0.665433
0.671919
0.677105
0.681115
0.6839
0.68471
0.683627
0.680353
0.674631
0.666194
0.654722
0.639969
0.621767
0.600071
0.575001
0.54687
0.516152
0.483468
0.449519
0.415018
0.38063
0.346942
0.314443
0.283538
0.254552
0.227743
0.203294
0.181316
0.161862
0.144957
0.130625
0.118894
0.109784
0.103276
0.099297
0.0976763
0.098056
0.0998224
0.10214
0.104141
0.105174
0.104974
0.103407
0.100412
0.0960597
0.0905157
0.0840232
0.0768834
0.06942
0.0619451
0.0547265
0.047972
0.0418281
0.0363919
0.031724
0.0278578
0.0247992
0.0225172
0.0209218
0.0198304
0.0189369
0.0178294
0.0161311
0.0137717
0.0111586
0.00891905
0.00738707
0.00645409
0.00586239
0.00544827
0.00511386
0.00483512
0.00459829
0.00439289
0.00421134
0.00404831
0.0039
0.00376362
0.00363702
0.00351858
0.00340699
0.00330125
0.00320058
0.00310441
0.00301235
0.00292417
0.00283982
0.00275938
0.00268307
0.00261122
0.00254422
0.00248251
0.0024265
0.00237656
0.00233297
0.00229588
0.00226529
0.00224111
0.00222309
0.00221088
0.00220406
0.00220218
0.00220474
0.00221129
0.0022214
0.00223469
0.00225086
0.00226969
0.00229105
0.00231489
0.00234125
0.00237024
0.00240207
0.00243699
0.00247535
0.00251755
0.00256404
0.00261536
0.00267212
0.00273499
0.00280474
0.00288222
0.0029684
0.00306436
0.00317137
0.00329098
0.00342523
0.00357706
0.10406
0.109077
0.113267
0.11748
0.121405
0.125139
0.128647
0.131933
0.134993
0.137833
0.140473
0.142946
0.145299
0.147593
0.149898
0.152294
0.154862
0.157689
0.160854
0.164434
0.168493
0.173088
0.178262
0.184052
0.190484
0.197579
0.205352
0.213818
0.222988
0.232868
0.243464
0.254772
0.266787
0.279493
0.292868
0.306877
0.321474
0.336594
0.352153
0.368038
0.384121
0.400316
0.416553
0.432715
0.448645
0.464152
0.479124
0.49344
0.506901
0.519547
0.531369
0.542422
0.552823
0.562367
0.571216
0.579414
0.586966
0.593863
0.600106
0.605716
0.610719
0.615198
0.61928
0.62298
0.626281
0.629229
0.632021
0.634579
0.636563
0.637985
0.638858
0.639165
0.63886
0.63781
0.635744
0.632152
0.626368
0.617612
0.605057
0.587944
0.565708
0.538108
0.505336
0.468079
0.427546
0.385244
0.342655
0.301031
0.261324
0.22428
0.190566
0.160774
0.135317
0.114547
0.0988898
0.0887136
0.0840673
0.0843404
0.0877842
0.0918123
0.0945091
0.0954086
0.0943692
0.0914924
0.0870638
0.081439
0.0750373
0.0682615
0.061464
0.0549067
0.0487576
0.0431035
0.0379793
0.0333998
0.029388
0.0259912
0.0232828
0.0213488
0.0202569
0.0199973
0.0203835
0.0209221
0.0207666
0.019043
0.015717
0.0120536
0.00940036
0.0078779
0.00696123
0.00628347
0.00575572
0.00533672
0.00499486
0.00470717
0.00445847
0.00423894
0.00404202
0.00386315
0.00369911
0.00354757
0.00340681
0.00327557
0.0031529
0.0030381
0.00293066
0.0028302
0.00273649
0.00264941
0.0025689
0.00249499
0.00242773
0.00236721
0.0023135
0.00226661
0.00222653
0.00219315
0.00216625
0.00214558
0.00213077
0.00212141
0.00211705
0.00211723
0.00212152
0.00212952
0.00214086
0.00215529
0.00217258
0.00219265
0.00221545
0.00224105
0.0022696
0.00230134
0.00233658
0.00237573
0.00241928
0.0024678
0.00252195
0.0025825
0.00265029
0.00272627
0.00281148
0.00290698
0.00301384
0.00313307
0.00326547
0.00341173
0.00357272
0.0925804
0.0969713
0.100568
0.104186
0.107549
0.11075
0.113755
0.116569
0.119182
0.1216
0.123835
0.125913
0.127875
0.129773
0.131672
0.133642
0.13576
0.138104
0.140751
0.143769
0.147222
0.15116
0.155626
0.160655
0.166272
0.172499
0.179353
0.186847
0.194994
0.203804
0.213284
0.223435
0.234254
0.245731
0.257847
0.270574
0.283872
0.297687
0.311944
0.326532
0.341313
0.356189
0.371056
0.385763
0.400129
0.413862
0.426967
0.439332
0.450612
0.461003
0.470522
0.479223
0.487161
0.494354
0.500856
0.506717
0.511963
0.516613
0.520688
0.524218
0.527234
0.529788
0.531959
0.533805
0.535374
0.536728
0.537963
0.539177
0.540575
0.541991
0.543383
0.544794
0.546266
0.547846
0.54957
0.551471
0.553584
0.555966
0.558681
0.561757
0.565075
0.568205
0.570258
0.569731
0.564654
0.553114
0.533252
0.503726
0.464122
0.415457
0.360616
0.303857
0.248443
0.196568
0.150543
0.112768
0.0852784
0.0698982
0.0667136
0.071657
0.0774074
0.0810254
0.0821258
0.0807898
0.077559
0.0729314
0.067487
0.0617018
0.0559575
0.0504959
0.0454424
0.040829
0.0366326
0.0328089
0.0293218
0.0261665
0.0233868
0.0210854
0.0194216
0.0185914
0.0187791
0.020053
0.0221601
0.0242023
0.0244498
0.0213184
0.0160067
0.0119156
0.00976987
0.00842262
0.00746413
0.00676478
0.00624071
0.00582735
0.0054834
0.00518471
0.00491706
0.00467181
0.00444365
0.00422943
0.00402742
0.00383668
0.0036567
0.00348722
0.00332813
0.00317941
0.00304105
0.00291303
0.00279532
0.00268783
0.00259042
0.0025029
0.002425
0.00235642
0.00229678
0.00224565
0.00220256
0.00216699
0.00213842
0.00211627
0.00210001
0.00208908
0.00208299
0.00208128
0.00208355
0.00208947
0.00209882
0.00211143
0.00212725
0.00214631
0.00216877
0.00219486
0.00222495
0.0022595
0.00229912
0.00234455
0.00239668
0.00245655
0.00252539
0.00260462
0.00269578
0.00280053
0.00292047
0.00305688
0.0032102
0.0033793
0.00356095
0.0817794
0.0855702
0.0886055
0.0916523
0.0944693
0.0971402
0.0996382
0.101967
0.104119
0.106097
0.107912
0.109586
0.111154
0.112662
0.114165
0.115728
0.117419
0.119308
0.121464
0.123948
0.126816
0.130116
0.133884
0.138151
0.14294
0.148269
0.154152
0.160602
0.16763
0.175244
0.183452
0.192255
0.201651
0.211633
0.222185
0.233285
0.2449
0.256986
0.269489
0.282319
0.295361
0.308526
0.321644
0.334514
0.346976
0.358622
0.369523
0.379659
0.388919
0.397336
0.40493
0.411744
0.41783
0.423234
0.427997
0.432164
0.435768
0.438837
0.441399
0.443485
0.445128
0.446368
0.447255
0.447835
0.448145
0.448233
0.448162
0.448001
0.447856
0.447866
0.447944
0.448096
0.448331
0.448671
0.449141
0.449777
0.450631
0.451778
0.453316
0.455354
0.457997
0.461328
0.465404
0.470331
0.476311
0.483651
0.492564
0.502643
0.512033
0.516775
0.509653
0.48457
0.437385
0.36887
0.28813
0.207057
0.13464
0.0804943
0.0526489
0.0508521
0.0583256
0.0644681
0.0676626
0.0677369
0.0656645
0.0620699
0.0576884
0.0530205
0.0484393
0.0441468
0.0402313
0.0366941
0.0334903
0.0305553
0.0278282
0.0252687
0.0228727
0.0206868
0.0188238
0.017472
0.0168863
0.0173474
0.0190725
0.0220377
0.0256362
0.0280532
0.0259832
0.0190409
0.0137289
0.0110465
0.00943532
0.0083849
0.0076988
0.00722061
0.00684871
0.00653115
0.00624249
0.00596957
0.00570531
0.00544686
0.00519436
0.00494919
0.00471253
0.00448547
0.00426889
0.00406349
0.0038698
0.00368818
0.00351883
0.00336182
0.00321708
0.00308442
0.00296355
0.00285407
0.00275553
0.00266737
0.00258901
0.00251981
0.00245913
0.00240629
0.00236063
0.00232152
0.00228835
0.00226055
0.00223764
0.00221918
0.00220482
0.00219432
0.00218751
0.00218436
0.00218496
0.00218954
0.00219849
0.00221237
0.00223197
0.00225829
0.0022926
0.00233646
0.00239179
0.0024609
0.00254647
0.00265155
0.00277937
0.00293282
0.00311328
0.00331826
0.00353768
0.0713455
0.0745574
0.077061
0.0795688
0.0818682
0.0840369
0.0860526
0.08792
0.0896339
0.0911972
0.0926192
0.0939193
0.0951273
0.0962832
0.0974359
0.0986409
0.0999576
0.101447
0.103169
0.105178
0.107523
0.110244
0.113373
0.116935
0.12095
0.125431
0.13039
0.135837
0.141779
0.148225
0.15518
0.162644
0.170618
0.179093
0.188056
0.197489
0.207364
0.217649
0.228303
0.23927
0.250478
0.261873
0.273162
0.284082
0.294352
0.303969
0.312922
0.321195
0.328735
0.335524
0.341575
0.346922
0.351612
0.355693
0.359204
0.362186
0.364672
0.366691
0.368272
0.369443
0.370235
0.37068
0.370813
0.370671
0.370283
0.369684
0.368913
0.368014
0.367044
0.366082
0.365231
0.364438
0.363707
0.363042
0.362455
0.361962
0.361586
0.361362
0.361332
0.361541
0.36204
0.362876
0.36411
0.365849
0.368277
0.371666
0.376362
0.382759
0.39128
0.402518
0.417545
0.437111
0.459176
0.475041
0.454465
0.375784
0.256956
0.137174
0.0557754
0.0362416
0.0411484
0.0488199
0.0536705
0.0549391
0.0539383
0.0514197
0.0481704
0.0446612
0.0412172
0.0379984
0.0350705
0.0324286
0.0300324
0.0278246
0.0257474
0.0237549
0.0218237
0.0199656
0.0182429
0.0167883
0.0158185
0.0156217
0.0164905
0.0185876
0.0217647
0.025418
0.0282662
0.0263565
0.0184647
0.0128762
0.0105535
0.00930136
0.00859004
0.00818668
0.00790593
0.00766416
0.00743336
0.00720403
0.00696862
0.0067238
0.00647305
0.00622355
0.0059792
0.00574254
0.00551514
0.00529799
0.00509169
0.00489653
0.00471261
0.00453988
0.00437814
0.00422709
0.00408639
0.00395557
0.00383417
0.00372162
0.00361736
0.00352078
0.00343125
0.00334812
0.00327074
0.00319847
0.00313066
0.0030667
0.00300599
0.00294797
0.00289214
0.00283807
0.00278539
0.00273387
0.00268342
0.00263415
0.00258641
0.00254087
0.00249861
0.00246119
0.00243077
0.00241026
0.00240335
0.00241469
0.0024499
0.0025156
0.00261922
0.00276858
0.00297
0.00322294
0.00350598
0.0606466
0.0632518
0.0652168
0.0671839
0.0689702
0.0706457
0.0721931
0.0736176
0.0749158
0.0760907
0.0771503
0.078111
0.078998
0.0798446
0.0806918
0.081586
0.082577
0.0837158
0.0850525
0.0866334
0.0884987
0.0906819
0.0932096
0.0961019
0.0993735
0.103035
0.107095
0.111561
0.116437
0.121731
0.127445
0.133581
0.140137
0.147106
0.154478
0.162235
0.170356
0.178815
0.187584
0.196634
0.205958
0.215541
0.224854
0.233634
0.241922
0.249683
0.256878
0.263498
0.269512
0.274889
0.279633
0.283769
0.287338
0.290384
0.292944
0.295053
0.296741
0.298035
0.298962
0.299547
0.299815
0.299793
0.29951
0.298992
0.298265
0.297353
0.296284
0.295086
0.293794
0.292456
0.291158
0.289905
0.28869
0.287512
0.286372
0.285275
0.28423
0.283253
0.282362
0.281579
0.280929
0.280435
0.280129
0.280056
0.280289
0.280934
0.28213
0.284056
0.286949
0.291207
0.297596
0.307364
0.322238
0.345105
0.379678
0.425348
0.405861
0.24662
0.076578
0.0307251
0.0287865
0.0360897
0.0416017
0.0438509
0.0437931
0.0423554
0.0402079
0.0377737
0.0353193
0.0329832
0.0308276
0.0288587
0.0270529
0.0253694
0.0237632
0.0221943
0.0206367
0.0190877
0.0175816
0.016209
0.0151417
0.014646
0.0150419
0.0165638
0.0190866
0.0218274
0.0236863
0.0237373
0.0208733
0.0115669
0.00870453
0.00804732
0.00801814
0.00803694
0.00797389
0.00783632
0.0076701
0.00751098
0.0073542
0.00718889
0.00700512
0.00682167
0.00664389
0.00647428
0.00631378
0.00616272
0.00602109
0.00588867
0.00576512
0.00565004
0.00554296
0.00544337
0.00535075
0.00526457
0.00518426
0.00510925
0.00503896
0.00497278
0.0049101
0.00485027
0.00479264
0.00473652
0.00468118
0.00462587
0.00456977
0.00451201
0.00445165
0.00438765
0.00431889
0.00424412
0.00416201
0.00407116
0.00397014
0.00385763
0.0037326
0.00359465
0.00344455
0.00328495
0.00312125
0.00296254
0.00282224
0.00271814
0.00267185
0.00270797
0.0028526
0.00312708
0.00351414
0.0483604
0.0501747
0.0514798
0.0527913
0.0539693
0.0550707
0.0560833
0.0570118
0.0578536
0.0586107
0.0592888
0.0599
0.0604629
0.0610024
0.061549
0.0621375
0.0628055
0.0635913
0.0645328
0.065665
0.0670182
0.0686176
0.0704826
0.0726277
0.0750629
0.0777954
0.0808302
0.0841716
0.0878237
0.09179
0.0960732
0.100674
0.10559
0.110817
0.116344
0.122159
0.128244
0.13458
0.141149
0.147947
0.15505
0.162436
0.169339
0.175875
0.18206
0.187851
0.193199
0.198102
0.202544
0.20649
0.20994
0.212911
0.215435
0.217548
0.219281
0.220662
0.221716
0.222464
0.222928
0.223128
0.223084
0.222818
0.222349
0.221699
0.220888
0.219932
0.21885
0.217661
0.216386
0.215052
0.213714
0.212405
0.211117
0.209845
0.208587
0.207344
0.206118
0.204917
0.203748
0.202623
0.201552
0.200547
0.199622
0.198794
0.198092
0.197555
0.197238
0.197214
0.197581
0.198497
0.20025
0.203355
0.208684
0.217877
0.234021
0.262473
0.306069
0.332776
0.0975292
0.0311622
0.0218132
0.0270801
0.032158
0.0350919
0.0358281
0.0353574
0.0341508
0.0325917
0.0309054
0.0292295
0.0276339
0.0261418
0.0247467
0.0234238
0.0221408
0.0208656
0.0195744
0.01826
0.0169426
0.0156873
0.0146303
0.0140084
0.0141507
0.0153736
0.0176804
0.0202263
0.0211177
0.0179456
0.0164695
0.00896732
0.00668831
0.00597555
0.00597562
0.00642125
0.00674692
0.0066956
0.00649394
0.00629617
0.0061461
0.00610643
0.00604356
0.00599204
0.00595219
0.00592382
0.0059055
0.00589592
0.00589384
0.00589817
0.0059079
0.00592212
0.00593998
0.00596072
0.00598364
0.00600808
0.00603344
0.00605916
0.00608476
0.00610975
0.00613372
0.00615628
0.0061771
0.00619587
0.0062123
0.00622614
0.00623711
0.00624495
0.00624933
0.00624984
0.0062459
0.00623669
0.00622099
0.00619703
0.00616216
0.00611255
0.0060427
0.0059451
0.00580993
0.00562557
0.00538058
0.00506812
0.00469345
0.0042826
0.00388671
0.00357548
0.00342086
0.00348399
0.00379533
0.0308675
0.0311631
0.0313994
0.031607
0.0317877
0.0319507
0.0320964
0.0322239
0.0323321
0.0324206
0.0324918
0.0325503
0.032604
0.0326633
0.0327408
0.0328508
0.0330084
0.0332291
0.0335275
0.0339166
0.0344068
0.0350058
0.0357189
0.0365487
0.0374962
0.0385611
0.0397428
0.0410402
0.0424526
0.0439793
0.045619
0.0473698
0.0492286
0.0511909
0.053251
0.0554015
0.0576337
0.059939
0.0623101
0.0647755
0.0677179
0.0716451
0.0753928
0.0790281
0.0825389
0.0858943
0.0890482
0.0919973
0.0947303
0.097216
0.099445
0.101416
0.10314
0.104633
0.105905
0.106969
0.107836
0.108515
0.109016
0.109351
0.109529
0.109562
0.109462
0.10924
0.108907
0.108474
0.107951
0.107347
0.106673
0.105941
0.105208
0.104496
0.103786
0.103066
0.102333
0.101584
0.100821
0.100045
0.0992607
0.0984717
0.0976829
0.0968993
0.0961258
0.0953681
0.0946333
0.093931
0.0932739
0.0926782
0.092165
0.0917642
0.0915256
0.0915347
0.0919284
0.0929402
0.0951828
0.0993157
0.102598
0.102416
0.0675436
0.0322127
0.0185326
0.0211164
0.0253823
0.0286467
0.0300301
0.030306
0.0298054
0.0288827
0.0277429
0.0265299
0.0253224
0.0241578
0.0230426
0.0219641
0.0208996
0.0198239
0.0187162
0.0175681
0.016393
0.015241
0.0142241
0.0135516
0.0135441
0.0145679
0.0167633
0.0194453
0.0203815
0.0147185
0.00506167
0.004519
0.00365709
0.00306668
0.00275753
0.00254078
0.0023328
0.00217845
0.00201216
0.00184336
0.00176759
0.00186158
0.00199039
0.00214115
0.00230967
0.00249217
0.00268563
0.0028875
0.00309561
0.00330803
0.00352297
0.00373877
0.00395385
0.00416671
0.00437592
0.00458013
0.00477809
0.00496865
0.00515078
0.0053236
0.00548638
0.00563855
0.00577972
0.00590971
0.00602848
0.0061362
0.00623324
0.0063201
0.00639745
0.0064661
0.00652693
0.00658091
0.00662902
0.00667222
0.00671145
0.00674765
0.00678185
0.00681546
0.00685084
0.00689228
0.00694757
0.0070298
0.00715875
0.00735972
0.00765628
0.00805017
0.00846869
0.00861756
0.00760479
0.0247815
0.029244
0.0305841
0.0305459
0.0299868
0.0292903
0.0286162
0.0280238
0.0275287
0.0271295
0.0268186
0.0265877
0.0264297
0.0263317
0.0262851
0.0262902
0.0263451
0.0264466
0.0265909
0.0267735
0.0269894
0.0272338
0.0275014
0.0277873
0.0280867
0.0283952
0.0287087
0.0290236
0.0293366
0.0296444
0.0299443
0.0302327
0.030506
0.0307585
0.0309827
0.0311649
0.0312909
0.0313141
0.0312998
0.015695
0.0144021
0.0135509
0.0131332
0.0130411
0.0131817
0.0134796
0.013876
0.0143259
0.0147963
0.0152641
0.0157139
0.0161366
0.0165162
0.0168343
0.0170829
0.0172601
0.0173686
0.0174138
0.0174027
0.0173433
0.0172439
0.0171126
0.0169571
0.016784
0.0165995
0.0164087
0.0162161
0.0160257
0.0158413
0.0156668
0.0155067
0.0153674
0.015259
0.0151981
0.0152188
0.0153786
0.0158551
0.0170003
0.0146772
0.0134671
0.0123945
0.0115882
0.0110271
0.010665
0.0104561
0.0103614
0.0103493
0.0103947
0.0104781
0.0105838
0.0106995
0.0108169
0.0109291
0.0110266
0.0111037
0.0111575
0.0111876
0.0111955
0.0111841
0.0111573
0.0111195
0.0110755
0.0110301
0.0109881
0.0109544
0.0109342
0.0109334
0.0109587
0.0110192
0.0111269
0.0112993
0.0115632
0.0119608
0.0125624
0.0134881
0.0149487
0.0174449
0.0144301
0.01357
0.0127258
0.0119965
0.0113992
0.0109233
0.0105506
0.0102623
0.0100418
0.00987476
0.00974923
0.0096553
0.00958537
0.0095351
0.00949919
0.00947308
0.00945346
0.00943832
0.00942685
0.00941932
0.00941695
0.00942178
0.00943651
0.00946446
0.00950956
0.00957646
0.00967067
0.00979895
0.00996982
0.0101943
0.0104873
0.0108691
0.0113683
0.0120261
0.0129027
0.0140863
0.0157074
0.0179415
0.0210829
0.0144218
0.0137383
0.0130646
0.0124537
0.0119224
0.0114701
0.0110892
0.0107704
0.0105041
0.0102819
0.0100963
0.00994112
0.00981205
0.0097048
0.00961632
0.00954432
0.00948736
0.00944483
0.00941696
0.00940477
0.00941009
0.00943546
0.00948418
0.00956033
0.00966884
0.0098157
0.0100082
0.0102553
0.0105683
0.0109617
0.0114539
0.0120694
0.0128404
0.0138101
0.0150358
0.0165929
0.0185796
0.0211155
0.0243815
0.0144496
0.0138695
0.0133067
0.0127885
0.0123257
0.0119195
0.0115666
0.0112614
0.0109982
0.0107716
0.0105765
0.0104093
0.0102662
0.0101443
0.0100418
0.00995763
0.00989149
0.00984385
0.009816
0.00981004
0.00982883
0.00987601
0.00995602
0.0100741
0.0102364
0.0104502
0.0107241
0.0110682
0.0114947
0.0120186
0.0126581
0.0134359
0.01438
0.0155253
0.0169147
0.0185999
0.0206433
0.0231212
0.0261608
0.0144766
0.0139614
0.0134723
0.0130215
0.0126144
0.0122518
0.0119313
0.0116496
0.0114026
0.0111864
0.0109977
0.0108337
0.0106916
0.0105695
0.0104664
0.010382
0.0103169
0.0102725
0.0102511
0.0102557
0.0102902
0.0103592
0.0104683
0.0106235
0.0108319
0.0111011
0.0114401
0.0118586
0.0123682
0.0129817
0.0137144
0.0145842
0.0156118
0.0168221
0.018244
0.0199111
0.0218636
0.024156
0.0268915
0.014496
0.0140225
0.0135831
0.0131807
0.0128165
0.01249
0.012199
0.0119408
0.0117122
0.0115103
0.0113327
0.0111769
0.0110409
0.0109237
0.0108248
0.0107446
0.0106842
0.010646
0.0106328
0.0106487
0.0106983
0.010787
0.010921
0.0111068
0.0113515
0.0116627
0.0120483
0.0125171
0.013078
0.0137411
0.0145173
0.015419
0.0164599
0.0176561
0.0190258
0.0205907
0.0223783
0.0244315
0.0268396
0.0145081
0.0140609
0.0136549
0.0132868
0.0129548
0.0126568
0.0123904
0.0121527
0.0119413
0.0117536
0.0115876
0.0114411
0.0113129
0.0112022
0.011109
0.0110342
0.0109796
0.0109479
0.0109429
0.010969
0.0110316
0.0111365
0.0112901
0.0114989
0.0117697
0.0121091
0.0125238
0.0130203
0.0136053
0.0142853
0.0150673
0.0159588
0.0169683
0.0181053
0.0193816
0.0208115
0.0224152
0.0242281
0.026327
0.0145149
0.0140837
0.0136992
0.0133549
0.0130463
0.01277
0.0125229
0.0123023
0.0121055
0.0119304
0.0117748
0.0116373
0.0115166
0.0114123
0.0113248
0.0112554
0.0112062
0.0111805
0.0111823
0.0112168
0.0112894
0.0114063
0.0115737
0.0117978
0.0120845
0.0124393
0.0128673
0.0133729
0.0139601
0.0146327
0.0153942
0.0162488
0.0172009
0.0182562
0.0194222
0.0207091
0.0221327
0.0237227
0.025545
0.0145185
0.0140963
0.0137251
0.0133964
0.0131041
0.0128435
0.012611
0.0124036
0.0122186
0.0120537
0.011907
0.011777
0.0116629
0.0115643
0.0114818
0.0114169
0.0113722
0.0113512
0.0113582
0.0113986
0.0114781
0.0116027
0.0117783
0.0120106
0.0123044
0.012664
0.0130928
0.0135935
0.0141677
0.0148171
0.0155429
0.0163467
0.0172304
0.0181975
0.0192527
0.0204037
0.0216631
0.023056
0.0246382
0.0145202
0.0141028
0.0137394
0.0134203
0.0131385
0.0128887
0.0126666
0.0124688
0.0122926
0.0121355
0.0119956
0.0118716
0.0117626
0.0116684
0.0115898
0.0115284
0.0114868
0.0114689
0.0114793
0.0115232
0.0116064
0.0117348
0.0119136
0.012148
0.0124417
0.0127979
0.0132185
0.0137045
0.0142563
0.0148734
0.0155558
0.0163032
0.0171163
0.0179968
0.018948
0.0199757
0.0210903
0.0223126
0.0236897
0.014521
0.0141059
0.0137466
0.0134331
0.0131577
0.0129146
0.0126991
0.0125078
0.0123374
0.0121857
0.0120506
0.0119307
0.0118253
0.0117341
0.011658
0.0115986
0.0115589
0.0115425
0.0115543
0.0115994
0.0116835
0.011812
0.01199
0.0122215
0.0125096
0.0128564
0.0132625
0.0137279
0.0142516
0.0148323
0.0154685
0.0161592
0.0169041
0.0177039
0.0185608
0.0194792
0.0204675
0.021543
0.0227448
0.0145213
0.0141073
0.0137499
0.0134391
0.013167
0.0129275
0.0127158
0.012528
0.012361
0.0122123
0.0120799
0.0119623
0.0118587
0.011769
0.0116939
0.0116352
0.0115958
0.0115793
0.0115906
0.0116347
0.0117171
0.0118427
0.0120162
0.0122409
0.0125192
0.0128522
0.0132397
0.0136808
0.0141736
0.0147161
0.0153061
0.0159419
0.0166227
0.0173483
0.0181203
0.0189419
0.0198196
0.0207677
0.0218182
0.0145214
0.0141077
0.0137509
0.0134409
0.0131698
0.0129314
0.0127208
0.0125341
0.0123681
0.0122203
0.0120885
0.0119714
0.011868
0.0117781
0.0117026
0.0116431
0.0116024
0.0115842
0.0115932
0.0116342
0.0117124
0.0118325
0.0119985
0.0122131
0.0124782
0.0127942
0.0131601
0.0135744
0.0140347
0.0145384
0.0150829
0.0156662
0.0162867
0.016944
0.0176388
0.0183735
0.0191528
0.0199881
0.0209052
0.0145213
0.0141073
0.0137499
0.0134391
0.013167
0.0129274
0.0127156
0.0125277
0.0123604
0.0122113
0.0120782
0.0119597
0.0118547
0.0117632
0.0116857
0.0116239
0.0115804
0.011559
0.0115639
0.0115999
0.0116717
0.0117838
0.0119395
0.0121412
0.0123902
0.0126862
0.0130281
0.0134136
0.01384
0.0143045
0.014804
0.0153363
0.0158995
0.0164927
0.0171159
0.0177705
0.0184601
0.019193
0.0199895
0.014521
0.0141059
0.0137466
0.0134331
0.0131576
0.0129144
0.0126988
0.0125072
0.0123363
0.0121837
0.0120473
0.0119255
0.0118173
0.0117225
0.0116415
0.011576
0.0115284
0.0115021
0.0115013
0.0115304
0.0115939
0.0116955
0.0118384
0.0120245
0.0122546
0.0125281
0.0128434
0.013198
0.0135891
0.0140133
0.0144677
0.0149497
0.015457
0.0159884
0.0165434
0.0171226
0.0177281
0.0183656
0.0190505
0.0145202
0.0141028
0.0137393
0.0134203
0.0131384
0.0128885
0.0126661
0.0124679
0.0122908
0.0121324
0.0119906
0.0118637
0.0117506
0.011651
0.0115653
0.0114948
0.0114417
0.0114093
0.0114013
0.0114218
0.0114748
0.0115639
0.0116916
0.0118595
0.012068
0.0123163
0.0126025
0.0129239
0.0132776
0.0136602
0.0140685
0.0144997
0.0149515
0.0154223
0.0159109
0.0164174
0.0169425
0.0174897
0.0180699
0.0145185
0.0140963
0.0137251
0.0133964
0.0131039
0.0128432
0.0126104
0.0124024
0.0122163
0.0120497
0.0119003
0.0117666
0.0116471
0.0115415
0.0114498
0.0113731
0.0113135
0.0112738
0.0112574
0.0112679
0.0113089
0.0113835
0.0114939
0.0116412
0.0118256
0.0120461
0.0123006
0.0125864
0.0129006
0.0132397
0.0136006
0.0139803
0.0143764
0.0147869
0.0152106
0.0156464
0.0160945
0.0165564
0.0170388
0.0145149
0.0140837
0.0136992
0.0133548
0.0130461
0.0127696
0.0125222
0.0123008
0.0121028
0.0119255
0.0117667
0.0116244
0.0114973
0.0113846
0.0112861
0.0112026
0.0111359
0.0110882
0.0110625
0.0110621
0.0110899
0.0111486
0.0112399
0.0113648
0.011523
0.0117135
0.0119342
0.0121826
0.0124554
0.0127497
0.0130622
0.0133901
0.0137309
0.0140825
0.0144432
0.014812
0.0151881
0.0155718
0.0159665
0.0145081
0.0140609
0.0136548
0.0132867
0.0129546
0.0126564
0.0123895
0.012151
0.0119381
0.011748
0.0115781
0.0114263
0.0112908
0.0111704
0.0110649
0.0109745
0.0109005
0.0108448
0.0108099
0.0107983
0.0108126
0.0108548
0.0109265
0.0110281
0.0111593
0.011319
0.0115051
0.0117153
0.0119467
0.0121964
0.0124616
0.0127395
0.0130278
0.0133245
0.0136282
0.0139374
0.0142513
0.0145697
0.014894
0.0144959
0.0140225
0.0135831
0.0131806
0.0128163
0.0124895
0.012198
0.0119388
0.0117086
0.0115041
0.0113223
0.0111606
0.0110168
0.0108894
0.0107775
0.0106812
0.0106011
0.0105386
0.0104956
0.0104741
0.0104762
0.0105033
0.0105566
0.0106363
0.010742
0.0108726
0.0110263
0.011201
0.0113943
0.0116037
0.0118268
0.0120614
0.0123058
0.0125584
0.0128179
0.0130837
0.0133553
0.0136329
0.0139175
0.0144766
0.0139614
0.0134723
0.0130214
0.0126142
0.0122512
0.0119302
0.0116474
0.0113987
0.0111798
0.0109871
0.010817
0.0106671
0.010535
0.0104197
0.0103205
0.0102377
0.0101721
0.0101249
0.0100978
0.010092
0.0101089
0.0101491
0.0102128
0.0102996
0.0104084
0.0105381
0.0106868
0.0108528
0.0110344
0.0112301
0.0114385
0.0116585
0.0118897
0.0121319
0.0123854
0.012651
0.0129305
0.0132257
0.0144496
0.0138695
0.0133067
0.0127884
0.0123254
0.011919
0.0115653
0.0112591
0.0109943
0.0107651
0.0105666
0.0103943
0.0102448
0.0101153
0.010004
0.00990998
0.00983294
0.00977327
0.00973179
0.00970954
0.0097076
0.00972685
0.00976784
0.00983076
0.00991537
0.0100211
0.0101471
0.0102925
0.0104564
0.0106378
0.0108364
0.0110518
0.0112845
0.011535
0.0118048
0.0120957
0.0124104
0.0127526
0.0131253
0.0144218
0.0137383
0.0130645
0.0124536
0.0119221
0.0114694
0.011088
0.0107682
0.0105007
0.0102769
0.0100896
0.00993308
0.00980262
0.00969488
0.00960757
0.00953935
0.00948972
0.00945882
0.00944723
0.00945578
0.00948534
0.00953667
0.00961033
0.00970659
0.00982545
0.00996672
0.0101301
0.0103151
0.0105216
0.0107494
0.0109989
0.0112708
0.0115665
0.011888
0.012238
0.0126204
0.0130394
0.0135002
0.0140055
0.0144301
0.01357
0.0127257
0.0119963
0.0113989
0.0109227
0.0105496
0.010261
0.0100406
0.00987475
0.00975267
0.00966609
0.00960887
0.00957678
0.00956707
0.00957822
0.00960964
0.00966136
0.00973383
0.00982766
0.00994345
0.0100816
0.0102425
0.0104259
0.0106318
0.0108598
0.0111093
0.01138
0.0116717
0.0119843
0.0123185
0.0126755
0.0130571
0.0134664
0.0139075
0.0143858
0.0149074
0.0154786
0.0160974
0.0146772
0.013467
0.0123944
0.0115881
0.0110268
0.0106647
0.010456
0.0103622
0.0103526
0.0104038
0.0104981
0.0106229
0.0107696
0.0109324
0.0111079
0.0112945
0.0114915
0.0116989
0.011917
0.0121463
0.0123869
0.0126392
0.0129028
0.0131775
0.013463
0.0137587
0.0140642
0.0143791
0.0147033
0.0150372
0.0153814
0.0157374
0.0161074
0.0164949
0.0169049
0.0173442
0.0178203
0.0183406
0.0188891
0.015695
0.0144021
0.0135509
0.0131331
0.0130409
0.0131813
0.013479
0.0138748
0.0143238
0.0147928
0.0152583
0.015705
0.0161233
0.0165083
0.0168582
0.0171734
0.0174553
0.0177066
0.01793
0.0181284
0.0183048
0.018462
0.0186025
0.0187285
0.0188423
0.0189455
0.0190397
0.0191264
0.0192067
0.0192819
0.0193529
0.0194211
0.0194879
0.0195556
0.0196275
0.0197094
0.0198087
0.0199438
0.0201012
0.0247815
0.0292439
0.0305838
0.0305448
0.029984
0.0292837
0.0286021
0.0279955
0.0274757
0.0270354
0.0266604
0.0263339
0.02604
0.0257638
0.0254926
0.0252155
0.0249243
0.0246125
0.0242761
0.0239128
0.0235217
0.0231037
0.0226603
0.0221938
0.021707
0.0212027
0.0206834
0.0201518
0.0196095
0.019058
0.0184979
0.017929
0.0173502
0.0167596
0.0161539
0.0155286
0.0148771
0.0141889
0.0134882
)
;

boundaryField
{
    frontandback
    {
        type            empty;
    }
    in1
    {
        type            turbulentIntensityKineticEnergyInlet;
        intensity       0.05;
        value           uniform 0.00375;
    }
    in2
    {
        type            turbulentIntensityKineticEnergyInlet;
        intensity       0.05;
        value           uniform 0.015;
    }
    out
    {
        type            zeroGradient;
    }
    walls
    {
        type            kqRWallFunction;
        value           nonuniform List<scalar> 
423
(
0.041256
0.0413225
0.0411537
0.0410281
0.0409111
0.0408184
0.0407299
0.0406278
0.0405002
0.0403446
0.0401636
0.0399609
0.0397418
0.0395122
0.0392776
0.039043
0.0388131
0.0385919
0.038383
0.0381894
0.0380127
0.0378527
0.0377066
0.0375688
0.0374314
0.0372872
0.0371349
0.0369849
0.0368576
0.0367811
0.0367909
0.0369256
0.0372196
0.0376955
0.0383609
0.0392072
0.0402133
0.0413487
0.0425782
0.0438643
0.0451695
0.0464578
0.0476952
0.0488508
0.0498972
0.0508111
0.0515735
0.05217
0.0525909
0.0528313
0.0528905
0.0527718
0.0524819
0.0520304
0.0514294
0.0506922
0.0498332
0.0488674
0.0478091
0.046695
0.0455573
0.0444105
0.0432662
0.0421339
0.0410212
0.0399342
0.0388775
0.0378545
0.0368674
0.0359176
0.0350058
0.0341321
0.0332962
0.0324972
0.0317342
0.031006
0.0303111
0.0296481
0.0290154
0.0284114
0.0278346
0.0272834
0.0267563
0.0262518
0.0257683
0.0253046
0.0248593
0.0244311
0.0240186
0.0236209
0.0232367
0.022865
0.0225048
0.0221552
0.0218151
0.0214838
0.0211605
0.0208443
0.0205347
0.0202308
0.0199323
0.0196087
0.0192601
0.0188874
0.0184919
0.0180761
0.0176429
0.0171961
0.0167399
0.0162792
0.0158189
0.0153641
0.0149197
0.01449
0.0140788
0.0136893
0.0133237
0.0129835
0.0126694
0.0123815
0.0121191
0.0118815
0.0116672
0.0114747
0.0113026
0.0111491
0.0110125
0.0108913
0.0107841
0.0106793
0.0105764
0.0104747
0.0103738
0.0102732
0.0101726
0.0100715
0.00996967
0.00986674
0.00976247
0.00965665
0.00954907
0.00943962
0.00932819
0.00921475
0.00909931
0.00898194
0.00886278
0.00874202
0.00861992
0.00849684
0.00837319
0.00824945
0.00812618
0.00800404
0.0078837
0.00776594
0.00765155
0.00754137
0.00743625
0.00733702
0.00724447
0.00715936
0.00708231
0.00701385
0.00695436
0.00690406
0.00686297
0.00683096
0.00680769
0.00679269
0.00678531
0.00678482
0.0067906
0.00680187
0.00681797
0.00683882
0.00686547
0.00690114
0.00695274
0.0070327
0.00716031
0.00736052
0.00765667
0.00805034
0.00846876
0.00861758
0.00760479
0.0308675
0.0311631
0.0313994
0.031607
0.0317877
0.0319507
0.0320964
0.0322239
0.0323321
0.0324206
0.0324918
0.0325503
0.032604
0.0326633
0.0327408
0.0328508
0.0330084
0.0332291
0.0335275
0.0339166
0.0344068
0.0350058
0.0357189
0.0365487
0.0374962
0.0385611
0.0397428
0.0410402
0.0424526
0.0439793
0.045619
0.0473698
0.0492286
0.0511909
0.053251
0.0554015
0.0576337
0.059939
0.0623101
0.0647755
0.0677179
0.0716451
0.0753928
0.0790281
0.0825389
0.0858943
0.0890482
0.0919973
0.0947303
0.097216
0.099445
0.101416
0.10314
0.104633
0.105905
0.106969
0.107836
0.108515
0.109016
0.109351
0.109529
0.109562
0.109462
0.10924
0.108907
0.108474
0.107951
0.107347
0.106673
0.105941
0.105208
0.104496
0.103786
0.103066
0.102333
0.101584
0.100821
0.100045
0.0992607
0.0984717
0.0976829
0.0968993
0.0961258
0.0953681
0.0946333
0.093931
0.0932739
0.0926782
0.092165
0.0917642
0.0915256
0.0915347
0.0919284
0.0929402
0.0951828
0.0993157
0.102598
0.102416
0.0675436
0.00506167
0.004519
0.00365709
0.00306668
0.00275753
0.00254078
0.0023328
0.00217845
0.00201216
0.00184336
0.00176759
0.00186158
0.00199039
0.00214115
0.00230967
0.00249217
0.00268563
0.0028875
0.00309561
0.00330803
0.00352297
0.00373877
0.00395385
0.00416671
0.00437592
0.00458013
0.00477809
0.00496865
0.00515078
0.0053236
0.00548638
0.00563855
0.00577972
0.00590971
0.00602848
0.0061362
0.00623324
0.0063201
0.00639745
0.0064661
0.00652693
0.00658091
0.00662902
0.00667222
0.00671145
0.00674765
0.00678185
0.00681546
0.00685084
0.00689228
0.00694757
0.0070298
0.00715875
0.00735972
0.00765628
0.00805017
0.00846869
0.00861756
0.00760479
0.0247815
0.029244
0.0305841
0.0305459
0.0299868
0.0292903
0.0286162
0.0280238
0.0275287
0.0271295
0.0268186
0.0265877
0.0264297
0.0263317
0.0262851
0.0262902
0.0263451
0.0264466
0.0265909
0.0267735
0.0269894
0.0272338
0.0275014
0.0277873
0.0280867
0.0283952
0.0287087
0.0290236
0.0293366
0.0296444
0.0299443
0.0302327
0.030506
0.0307585
0.0309827
0.0311649
0.0312909
0.0313141
0.0312998
0.0247815
0.0292439
0.0305838
0.0305448
0.029984
0.0292837
0.0286021
0.0279955
0.0274757
0.0270354
0.0266604
0.0263339
0.02604
0.0257638
0.0254926
0.0252155
0.0249243
0.0246125
0.0242761
0.0239128
0.0235217
0.0231037
0.0226603
0.0221938
0.021707
0.0212027
0.0206834
0.0201518
0.0196095
0.019058
0.0184979
0.017929
0.0173502
0.0167596
0.0161539
0.0155286
0.0148771
0.0141889
0.0134882
)
;
    }
}


// ************************************************************************* //
