/*--------------------------------*- C++ -*----------------------------------*\
| =========                 |                                                 |
| \\      /  F ield         | OpenFOAM: The Open Source CFD Toolbox           |
|  \\    /   O peration     | Version:  2406                                  |
|   \\  /    A nd           | Website:  www.openfoam.com                      |
|    \\/     M anipulation  |                                                 |
\*---------------------------------------------------------------------------*/
FoamFile
{
    version     2.0;
    format      ascii;
    arch        "LSB;label=32;scalar=64";
    class       volScalarField;
    location    "0.5";
    object      p;
}
// * * * * * * * * * * * * * * * * * * * * * * * * * * * * * * * * * * * * * //

dimensions      [0 2 -2 0 0 0 0];

internalField   nonuniform List<scalar> 
4000
(
102.852
102.845
102.837
102.829
102.822
102.814
102.806
102.799
102.791
102.783
102.776
102.768
102.76
102.753
102.745
102.737
102.73
102.722
102.714
102.707
102.699
102.691
102.684
102.676
102.668
102.661
102.653
102.645
102.638
102.63
102.623
102.615
102.607
102.6
102.592
102.584
102.577
102.569
102.561
102.554
102.546
102.538
102.531
102.523
102.515
102.508
102.5
102.492
102.485
102.477
102.469
102.462
102.454
102.446
102.439
102.431
102.423
102.416
102.408
102.401
102.393
102.385
102.378
102.37
102.362
102.355
102.347
102.339
102.332
102.324
102.316
102.309
102.301
102.293
102.286
102.278
102.27
102.263
102.255
102.247
102.24
102.232
102.224
102.217
102.209
102.201
102.194
102.186
102.179
102.171
102.163
102.156
102.148
102.14
102.133
102.125
102.117
102.11
102.102
102.094
102.087
102.079
102.071
102.064
102.056
102.048
102.041
102.033
102.025
102.018
102.01
102.002
101.995
101.987
101.979
101.972
101.964
101.957
101.949
101.941
101.934
101.926
101.918
101.911
101.903
101.895
101.888
101.88
101.872
101.865
101.857
101.849
101.842
101.834
101.826
101.819
101.811
101.803
101.796
101.788
101.78
101.773
101.765
101.757
101.75
101.742
101.735
101.727
101.719
101.712
101.704
101.696
101.689
101.681
101.673
101.666
101.658
101.65
101.643
101.635
101.627
101.62
101.612
101.604
101.597
101.589
101.581
101.574
101.566
101.558
101.551
101.543
101.535
101.528
101.52
101.513
101.505
101.497
101.49
101.482
101.474
101.467
101.459
101.451
101.444
101.436
101.428
101.421
101.413
101.405
101.398
101.39
101.382
101.375
101.367
101.359
101.352
101.344
101.336
101.329
102.852
102.845
102.837
102.829
102.822
102.814
102.806
102.799
102.791
102.783
102.776
102.768
102.76
102.753
102.745
102.737
102.73
102.722
102.714
102.707
102.699
102.691
102.684
102.676
102.668
102.661
102.653
102.645
102.638
102.63
102.623
102.615
102.607
102.6
102.592
102.584
102.577
102.569
102.561
102.554
102.546
102.538
102.531
102.523
102.515
102.508
102.5
102.492
102.485
102.477
102.469
102.462
102.454
102.446
102.439
102.431
102.423
102.416
102.408
102.401
102.393
102.385
102.378
102.37
102.362
102.355
102.347
102.339
102.332
102.324
102.316
102.309
102.301
102.293
102.286
102.278
102.27
102.263
102.255
102.247
102.24
102.232
102.224
102.217
102.209
102.201
102.194
102.186
102.179
102.171
102.163
102.156
102.148
102.14
102.133
102.125
102.117
102.11
102.102
102.094
102.087
102.079
102.071
102.064
102.056
102.048
102.041
102.033
102.025
102.018
102.01
102.002
101.995
101.987
101.979
101.972
101.964
101.957
101.949
101.941
101.934
101.926
101.918
101.911
101.903
101.895
101.888
101.88
101.872
101.865
101.857
101.849
101.842
101.834
101.826
101.819
101.811
101.803
101.796
101.788
101.78
101.773
101.765
101.757
101.75
101.742
101.735
101.727
101.719
101.712
101.704
101.696
101.689
101.681
101.673
101.666
101.658
101.65
101.643
101.635
101.627
101.62
101.612
101.604
101.597
101.589
101.581
101.574
101.566
101.558
101.551
101.543
101.535
101.528
101.52
101.513
101.505
101.497
101.49
101.482
101.474
101.467
101.459
101.451
101.444
101.436
101.428
101.421
101.413
101.405
101.398
101.39
101.382
101.375
101.367
101.359
101.352
101.344
101.336
101.329
102.852
102.845
102.837
102.829
102.822
102.814
102.806
102.799
102.791
102.783
102.776
102.768
102.76
102.753
102.745
102.737
102.73
102.722
102.714
102.707
102.699
102.691
102.684
102.676
102.668
102.661
102.653
102.645
102.638
102.63
102.623
102.615
102.607
102.6
102.592
102.584
102.577
102.569
102.561
102.554
102.546
102.538
102.531
102.523
102.515
102.508
102.5
102.492
102.485
102.477
102.469
102.462
102.454
102.446
102.439
102.431
102.423
102.416
102.408
102.401
102.393
102.385
102.378
102.37
102.362
102.355
102.347
102.339
102.332
102.324
102.316
102.309
102.301
102.293
102.286
102.278
102.27
102.263
102.255
102.247
102.24
102.232
102.224
102.217
102.209
102.201
102.194
102.186
102.179
102.171
102.163
102.156
102.148
102.14
102.133
102.125
102.117
102.11
102.102
102.094
102.087
102.079
102.071
102.064
102.056
102.048
102.041
102.033
102.025
102.018
102.01
102.002
101.995
101.987
101.979
101.972
101.964
101.957
101.949
101.941
101.934
101.926
101.918
101.911
101.903
101.895
101.888
101.88
101.872
101.865
101.857
101.849
101.842
101.834
101.826
101.819
101.811
101.803
101.796
101.788
101.78
101.773
101.765
101.757
101.75
101.742
101.735
101.727
101.719
101.712
101.704
101.696
101.689
101.681
101.673
101.666
101.658
101.65
101.643
101.635
101.627
101.62
101.612
101.604
101.597
101.589
101.581
101.574
101.566
101.558
101.551
101.543
101.535
101.528
101.52
101.513
101.505
101.497
101.49
101.482
101.474
101.467
101.459
101.451
101.444
101.436
101.428
101.421
101.413
101.405
101.398
101.39
101.382
101.375
101.367
101.359
101.352
101.344
101.336
101.329
102.852
102.845
102.837
102.829
102.822
102.814
102.806
102.799
102.791
102.783
102.776
102.768
102.76
102.753
102.745
102.737
102.73
102.722
102.714
102.707
102.699
102.691
102.684
102.676
102.668
102.661
102.653
102.645
102.638
102.63
102.623
102.615
102.607
102.6
102.592
102.584
102.577
102.569
102.561
102.554
102.546
102.538
102.531
102.523
102.515
102.508
102.5
102.492
102.485
102.477
102.469
102.462
102.454
102.446
102.439
102.431
102.423
102.416
102.408
102.401
102.393
102.385
102.378
102.37
102.362
102.355
102.347
102.339
102.332
102.324
102.316
102.309
102.301
102.293
102.286
102.278
102.27
102.263
102.255
102.247
102.24
102.232
102.224
102.217
102.209
102.201
102.194
102.186
102.179
102.171
102.163
102.156
102.148
102.14
102.133
102.125
102.117
102.11
102.102
102.094
102.087
102.079
102.071
102.064
102.056
102.048
102.041
102.033
102.025
102.018
102.01
102.002
101.995
101.987
101.979
101.972
101.964
101.957
101.949
101.941
101.934
101.926
101.918
101.911
101.903
101.895
101.888
101.88
101.872
101.865
101.857
101.849
101.842
101.834
101.826
101.819
101.811
101.803
101.796
101.788
101.78
101.773
101.765
101.757
101.75
101.742
101.735
101.727
101.719
101.712
101.704
101.696
101.689
101.681
101.673
101.666
101.658
101.65
101.643
101.635
101.627
101.62
101.612
101.604
101.597
101.589
101.581
101.574
101.566
101.558
101.551
101.543
101.535
101.528
101.52
101.513
101.505
101.497
101.49
101.482
101.474
101.467
101.459
101.451
101.444
101.436
101.428
101.421
101.413
101.405
101.398
101.39
101.382
101.375
101.367
101.359
101.352
101.344
101.336
101.329
102.852
102.845
102.837
102.829
102.822
102.814
102.806
102.799
102.791
102.783
102.776
102.768
102.76
102.753
102.745
102.737
102.73
102.722
102.714
102.707
102.699
102.691
102.684
102.676
102.668
102.661
102.653
102.645
102.638
102.63
102.623
102.615
102.607
102.6
102.592
102.584
102.577
102.569
102.561
102.554
102.546
102.538
102.531
102.523
102.515
102.508
102.5
102.492
102.485
102.477
102.469
102.462
102.454
102.446
102.439
102.431
102.423
102.416
102.408
102.401
102.393
102.385
102.378
102.37
102.362
102.355
102.347
102.339
102.332
102.324
102.316
102.309
102.301
102.293
102.286
102.278
102.27
102.263
102.255
102.247
102.24
102.232
102.224
102.217
102.209
102.201
102.194
102.186
102.179
102.171
102.163
102.156
102.148
102.14
102.133
102.125
102.117
102.11
102.102
102.094
102.087
102.079
102.071
102.064
102.056
102.048
102.041
102.033
102.025
102.018
102.01
102.002
101.995
101.987
101.979
101.972
101.964
101.957
101.949
101.941
101.934
101.926
101.918
101.911
101.903
101.895
101.888
101.88
101.872
101.865
101.857
101.849
101.842
101.834
101.826
101.819
101.811
101.803
101.796
101.788
101.78
101.773
101.765
101.757
101.75
101.742
101.735
101.727
101.719
101.712
101.704
101.696
101.689
101.681
101.673
101.666
101.658
101.65
101.643
101.635
101.627
101.62
101.612
101.604
101.597
101.589
101.581
101.574
101.566
101.558
101.551
101.543
101.535
101.528
101.52
101.513
101.505
101.497
101.49
101.482
101.474
101.467
101.459
101.451
101.444
101.436
101.428
101.421
101.413
101.405
101.398
101.39
101.382
101.375
101.367
101.359
101.352
101.344
101.336
101.329
102.852
102.845
102.837
102.829
102.822
102.814
102.806
102.799
102.791
102.783
102.776
102.768
102.76
102.753
102.745
102.737
102.73
102.722
102.714
102.707
102.699
102.691
102.684
102.676
102.668
102.661
102.653
102.645
102.638
102.63
102.623
102.615
102.607
102.6
102.592
102.584
102.577
102.569
102.561
102.554
102.546
102.538
102.531
102.523
102.515
102.508
102.5
102.492
102.485
102.477
102.469
102.462
102.454
102.446
102.439
102.431
102.423
102.416
102.408
102.401
102.393
102.385
102.378
102.37
102.362
102.355
102.347
102.339
102.332
102.324
102.316
102.309
102.301
102.293
102.286
102.278
102.27
102.263
102.255
102.247
102.24
102.232
102.224
102.217
102.209
102.201
102.194
102.186
102.179
102.171
102.163
102.156
102.148
102.14
102.133
102.125
102.117
102.11
102.102
102.094
102.087
102.079
102.071
102.064
102.056
102.048
102.041
102.033
102.025
102.018
102.01
102.002
101.995
101.987
101.979
101.972
101.964
101.957
101.949
101.941
101.934
101.926
101.918
101.911
101.903
101.895
101.888
101.88
101.872
101.865
101.857
101.849
101.842
101.834
101.826
101.819
101.811
101.803
101.796
101.788
101.78
101.773
101.765
101.757
101.75
101.742
101.735
101.727
101.719
101.712
101.704
101.696
101.689
101.681
101.673
101.666
101.658
101.65
101.643
101.635
101.627
101.62
101.612
101.604
101.597
101.589
101.581
101.574
101.566
101.558
101.551
101.543
101.535
101.528
101.52
101.513
101.505
101.497
101.49
101.482
101.474
101.467
101.459
101.451
101.444
101.436
101.428
101.421
101.413
101.405
101.398
101.39
101.382
101.375
101.367
101.359
101.352
101.344
101.336
101.329
102.852
102.845
102.837
102.829
102.822
102.814
102.806
102.799
102.791
102.783
102.776
102.768
102.76
102.753
102.745
102.737
102.73
102.722
102.714
102.707
102.699
102.691
102.684
102.676
102.668
102.661
102.653
102.645
102.638
102.63
102.623
102.615
102.607
102.6
102.592
102.584
102.577
102.569
102.561
102.554
102.546
102.538
102.531
102.523
102.515
102.508
102.5
102.492
102.485
102.477
102.469
102.462
102.454
102.446
102.439
102.431
102.423
102.416
102.408
102.401
102.393
102.385
102.378
102.37
102.362
102.355
102.347
102.339
102.332
102.324
102.316
102.309
102.301
102.293
102.286
102.278
102.27
102.263
102.255
102.247
102.24
102.232
102.224
102.217
102.209
102.201
102.194
102.186
102.179
102.171
102.163
102.156
102.148
102.14
102.133
102.125
102.117
102.11
102.102
102.094
102.087
102.079
102.071
102.064
102.056
102.048
102.041
102.033
102.025
102.018
102.01
102.002
101.995
101.987
101.979
101.972
101.964
101.957
101.949
101.941
101.934
101.926
101.918
101.911
101.903
101.895
101.888
101.88
101.872
101.865
101.857
101.849
101.842
101.834
101.826
101.819
101.811
101.803
101.796
101.788
101.78
101.773
101.765
101.757
101.75
101.742
101.735
101.727
101.719
101.712
101.704
101.696
101.689
101.681
101.673
101.666
101.658
101.65
101.643
101.635
101.627
101.62
101.612
101.604
101.597
101.589
101.581
101.574
101.566
101.558
101.551
101.543
101.535
101.528
101.52
101.513
101.505
101.497
101.49
101.482
101.474
101.467
101.459
101.451
101.444
101.436
101.428
101.421
101.413
101.405
101.398
101.39
101.382
101.375
101.367
101.359
101.352
101.344
101.336
101.329
102.852
102.845
102.837
102.829
102.822
102.814
102.806
102.799
102.791
102.783
102.776
102.768
102.76
102.753
102.745
102.737
102.73
102.722
102.714
102.707
102.699
102.691
102.684
102.676
102.668
102.661
102.653
102.645
102.638
102.63
102.623
102.615
102.607
102.6
102.592
102.584
102.577
102.569
102.561
102.554
102.546
102.538
102.531
102.523
102.515
102.508
102.5
102.492
102.485
102.477
102.469
102.462
102.454
102.446
102.439
102.431
102.423
102.416
102.408
102.401
102.393
102.385
102.378
102.37
102.362
102.355
102.347
102.339
102.332
102.324
102.316
102.309
102.301
102.293
102.286
102.278
102.27
102.263
102.255
102.247
102.24
102.232
102.224
102.217
102.209
102.201
102.194
102.186
102.179
102.171
102.163
102.156
102.148
102.14
102.133
102.125
102.117
102.11
102.102
102.094
102.087
102.079
102.071
102.064
102.056
102.048
102.041
102.033
102.025
102.018
102.01
102.002
101.995
101.987
101.979
101.972
101.964
101.957
101.949
101.941
101.934
101.926
101.918
101.911
101.903
101.895
101.888
101.88
101.872
101.865
101.857
101.849
101.842
101.834
101.826
101.819
101.811
101.803
101.796
101.788
101.78
101.773
101.765
101.757
101.75
101.742
101.735
101.727
101.719
101.712
101.704
101.696
101.689
101.681
101.673
101.666
101.658
101.65
101.643
101.635
101.627
101.62
101.612
101.604
101.597
101.589
101.581
101.574
101.566
101.558
101.551
101.543
101.535
101.528
101.52
101.513
101.505
101.497
101.49
101.482
101.474
101.467
101.459
101.451
101.444
101.436
101.428
101.421
101.413
101.405
101.398
101.39
101.382
101.375
101.367
101.359
101.352
101.344
101.336
101.329
102.852
102.845
102.837
102.829
102.822
102.814
102.806
102.799
102.791
102.783
102.776
102.768
102.76
102.753
102.745
102.737
102.73
102.722
102.714
102.707
102.699
102.691
102.684
102.676
102.668
102.661
102.653
102.645
102.638
102.63
102.623
102.615
102.607
102.6
102.592
102.584
102.577
102.569
102.561
102.554
102.546
102.538
102.531
102.523
102.515
102.508
102.5
102.492
102.485
102.477
102.469
102.462
102.454
102.446
102.439
102.431
102.423
102.416
102.408
102.401
102.393
102.385
102.378
102.37
102.362
102.355
102.347
102.339
102.332
102.324
102.316
102.309
102.301
102.293
102.286
102.278
102.27
102.263
102.255
102.247
102.24
102.232
102.224
102.217
102.209
102.201
102.194
102.186
102.179
102.171
102.163
102.156
102.148
102.14
102.133
102.125
102.117
102.11
102.102
102.094
102.087
102.079
102.071
102.064
102.056
102.048
102.041
102.033
102.025
102.018
102.01
102.002
101.995
101.987
101.979
101.972
101.964
101.957
101.949
101.941
101.934
101.926
101.918
101.911
101.903
101.895
101.888
101.88
101.872
101.865
101.857
101.849
101.842
101.834
101.826
101.819
101.811
101.803
101.796
101.788
101.78
101.773
101.765
101.757
101.75
101.742
101.735
101.727
101.719
101.712
101.704
101.696
101.689
101.681
101.673
101.666
101.658
101.65
101.643
101.635
101.627
101.62
101.612
101.604
101.597
101.589
101.581
101.574
101.566
101.558
101.551
101.543
101.535
101.528
101.52
101.513
101.505
101.497
101.49
101.482
101.474
101.467
101.459
101.451
101.444
101.436
101.428
101.421
101.413
101.405
101.398
101.39
101.382
101.375
101.367
101.359
101.352
101.344
101.336
101.329
102.852
102.845
102.837
102.829
102.822
102.814
102.806
102.799
102.791
102.783
102.776
102.768
102.76
102.753
102.745
102.737
102.73
102.722
102.714
102.707
102.699
102.691
102.684
102.676
102.668
102.661
102.653
102.645
102.638
102.63
102.623
102.615
102.607
102.6
102.592
102.584
102.577
102.569
102.561
102.554
102.546
102.538
102.531
102.523
102.515
102.508
102.5
102.492
102.485
102.477
102.469
102.462
102.454
102.446
102.439
102.431
102.423
102.416
102.408
102.401
102.393
102.385
102.378
102.37
102.362
102.355
102.347
102.339
102.332
102.324
102.316
102.309
102.301
102.293
102.286
102.278
102.27
102.263
102.255
102.247
102.24
102.232
102.224
102.217
102.209
102.201
102.194
102.186
102.179
102.171
102.163
102.156
102.148
102.14
102.133
102.125
102.117
102.11
102.102
102.094
102.087
102.079
102.071
102.064
102.056
102.048
102.041
102.033
102.025
102.018
102.01
102.002
101.995
101.987
101.979
101.972
101.964
101.957
101.949
101.941
101.934
101.926
101.918
101.911
101.903
101.895
101.888
101.88
101.872
101.865
101.857
101.849
101.842
101.834
101.826
101.819
101.811
101.803
101.796
101.788
101.78
101.773
101.765
101.757
101.75
101.742
101.735
101.727
101.719
101.712
101.704
101.696
101.689
101.681
101.673
101.666
101.658
101.65
101.643
101.635
101.627
101.62
101.612
101.604
101.597
101.589
101.581
101.574
101.566
101.558
101.551
101.543
101.535
101.528
101.52
101.513
101.505
101.497
101.49
101.482
101.474
101.467
101.459
101.451
101.444
101.436
101.428
101.421
101.413
101.405
101.398
101.39
101.382
101.375
101.367
101.359
101.352
101.344
101.336
101.329
102.852
102.845
102.837
102.829
102.822
102.814
102.806
102.799
102.791
102.783
102.776
102.768
102.76
102.753
102.745
102.737
102.73
102.722
102.714
102.707
102.699
102.691
102.684
102.676
102.668
102.661
102.653
102.645
102.638
102.63
102.623
102.615
102.607
102.6
102.592
102.584
102.577
102.569
102.561
102.554
102.546
102.538
102.531
102.523
102.515
102.508
102.5
102.492
102.485
102.477
102.469
102.462
102.454
102.446
102.439
102.431
102.423
102.416
102.408
102.401
102.393
102.385
102.378
102.37
102.362
102.355
102.347
102.339
102.332
102.324
102.316
102.309
102.301
102.293
102.286
102.278
102.27
102.263
102.255
102.247
102.24
102.232
102.224
102.217
102.209
102.201
102.194
102.186
102.179
102.171
102.163
102.156
102.148
102.14
102.133
102.125
102.117
102.11
102.102
102.094
102.087
102.079
102.071
102.064
102.056
102.048
102.041
102.033
102.025
102.018
102.01
102.002
101.995
101.987
101.979
101.972
101.964
101.957
101.949
101.941
101.934
101.926
101.918
101.911
101.903
101.895
101.888
101.88
101.872
101.865
101.857
101.849
101.842
101.834
101.826
101.819
101.811
101.803
101.796
101.788
101.78
101.773
101.765
101.757
101.75
101.742
101.735
101.727
101.719
101.712
101.704
101.696
101.689
101.681
101.673
101.666
101.658
101.65
101.643
101.635
101.627
101.62
101.612
101.604
101.597
101.589
101.581
101.574
101.566
101.558
101.551
101.543
101.535
101.528
101.52
101.513
101.505
101.497
101.49
101.482
101.474
101.467
101.459
101.451
101.444
101.436
101.428
101.421
101.413
101.405
101.398
101.39
101.382
101.375
101.367
101.359
101.352
101.344
101.336
101.329
102.852
102.845
102.837
102.829
102.822
102.814
102.806
102.799
102.791
102.783
102.776
102.768
102.76
102.753
102.745
102.737
102.73
102.722
102.714
102.707
102.699
102.691
102.684
102.676
102.668
102.661
102.653
102.645
102.638
102.63
102.623
102.615
102.607
102.6
102.592
102.584
102.577
102.569
102.561
102.554
102.546
102.538
102.531
102.523
102.515
102.508
102.5
102.492
102.485
102.477
102.469
102.462
102.454
102.446
102.439
102.431
102.423
102.416
102.408
102.401
102.393
102.385
102.378
102.37
102.362
102.355
102.347
102.339
102.332
102.324
102.316
102.309
102.301
102.293
102.286
102.278
102.27
102.263
102.255
102.247
102.24
102.232
102.224
102.217
102.209
102.201
102.194
102.186
102.179
102.171
102.163
102.156
102.148
102.14
102.133
102.125
102.117
102.11
102.102
102.094
102.087
102.079
102.071
102.064
102.056
102.048
102.041
102.033
102.025
102.018
102.01
102.002
101.995
101.987
101.979
101.972
101.964
101.957
101.949
101.941
101.934
101.926
101.918
101.911
101.903
101.895
101.888
101.88
101.872
101.865
101.857
101.849
101.842
101.834
101.826
101.819
101.811
101.803
101.796
101.788
101.78
101.773
101.765
101.757
101.75
101.742
101.735
101.727
101.719
101.712
101.704
101.696
101.689
101.681
101.673
101.666
101.658
101.65
101.643
101.635
101.627
101.62
101.612
101.604
101.597
101.589
101.581
101.574
101.566
101.558
101.551
101.543
101.535
101.528
101.52
101.513
101.505
101.497
101.49
101.482
101.474
101.467
101.459
101.451
101.444
101.436
101.428
101.421
101.413
101.405
101.398
101.39
101.382
101.375
101.367
101.359
101.352
101.344
101.336
101.329
102.852
102.845
102.837
102.829
102.822
102.814
102.806
102.799
102.791
102.783
102.776
102.768
102.76
102.753
102.745
102.737
102.73
102.722
102.714
102.707
102.699
102.691
102.684
102.676
102.668
102.661
102.653
102.645
102.638
102.63
102.623
102.615
102.607
102.6
102.592
102.584
102.577
102.569
102.561
102.554
102.546
102.538
102.531
102.523
102.515
102.508
102.5
102.492
102.485
102.477
102.469
102.462
102.454
102.446
102.439
102.431
102.423
102.416
102.408
102.401
102.393
102.385
102.378
102.37
102.362
102.355
102.347
102.339
102.332
102.324
102.316
102.309
102.301
102.293
102.286
102.278
102.27
102.263
102.255
102.247
102.24
102.232
102.224
102.217
102.209
102.201
102.194
102.186
102.179
102.171
102.163
102.156
102.148
102.14
102.133
102.125
102.117
102.11
102.102
102.094
102.087
102.079
102.071
102.064
102.056
102.048
102.041
102.033
102.025
102.018
102.01
102.002
101.995
101.987
101.979
101.972
101.964
101.957
101.949
101.941
101.934
101.926
101.918
101.911
101.903
101.895
101.888
101.88
101.872
101.865
101.857
101.849
101.842
101.834
101.826
101.819
101.811
101.803
101.796
101.788
101.78
101.773
101.765
101.757
101.75
101.742
101.735
101.727
101.719
101.712
101.704
101.696
101.689
101.681
101.673
101.666
101.658
101.65
101.643
101.635
101.627
101.62
101.612
101.604
101.597
101.589
101.581
101.574
101.566
101.558
101.551
101.543
101.535
101.528
101.52
101.513
101.505
101.497
101.49
101.482
101.474
101.467
101.459
101.451
101.444
101.436
101.428
101.421
101.413
101.405
101.398
101.39
101.382
101.375
101.367
101.359
101.352
101.344
101.336
101.329
102.852
102.845
102.837
102.829
102.822
102.814
102.806
102.799
102.791
102.783
102.776
102.768
102.76
102.753
102.745
102.737
102.73
102.722
102.714
102.707
102.699
102.691
102.684
102.676
102.668
102.661
102.653
102.645
102.638
102.63
102.623
102.615
102.607
102.6
102.592
102.584
102.577
102.569
102.561
102.554
102.546
102.538
102.531
102.523
102.515
102.508
102.5
102.492
102.485
102.477
102.469
102.462
102.454
102.446
102.439
102.431
102.423
102.416
102.408
102.401
102.393
102.385
102.378
102.37
102.362
102.355
102.347
102.339
102.332
102.324
102.316
102.309
102.301
102.293
102.286
102.278
102.27
102.263
102.255
102.247
102.24
102.232
102.224
102.217
102.209
102.201
102.194
102.186
102.179
102.171
102.163
102.156
102.148
102.14
102.133
102.125
102.117
102.11
102.102
102.094
102.087
102.079
102.071
102.064
102.056
102.048
102.041
102.033
102.025
102.018
102.01
102.002
101.995
101.987
101.979
101.972
101.964
101.957
101.949
101.941
101.934
101.926
101.918
101.911
101.903
101.895
101.888
101.88
101.872
101.865
101.857
101.849
101.842
101.834
101.826
101.819
101.811
101.803
101.796
101.788
101.78
101.773
101.765
101.757
101.75
101.742
101.735
101.727
101.719
101.712
101.704
101.696
101.689
101.681
101.673
101.666
101.658
101.65
101.643
101.635
101.627
101.62
101.612
101.604
101.597
101.589
101.581
101.574
101.566
101.558
101.551
101.543
101.535
101.528
101.52
101.513
101.505
101.497
101.49
101.482
101.474
101.467
101.459
101.451
101.444
101.436
101.428
101.421
101.413
101.405
101.398
101.39
101.382
101.375
101.367
101.359
101.352
101.344
101.336
101.329
102.852
102.845
102.837
102.829
102.822
102.814
102.806
102.799
102.791
102.783
102.776
102.768
102.76
102.753
102.745
102.737
102.73
102.722
102.714
102.707
102.699
102.691
102.684
102.676
102.668
102.661
102.653
102.645
102.638
102.63
102.623
102.615
102.607
102.6
102.592
102.584
102.577
102.569
102.561
102.554
102.546
102.538
102.531
102.523
102.515
102.508
102.5
102.492
102.485
102.477
102.469
102.462
102.454
102.446
102.439
102.431
102.423
102.416
102.408
102.401
102.393
102.385
102.378
102.37
102.362
102.355
102.347
102.339
102.332
102.324
102.316
102.309
102.301
102.293
102.286
102.278
102.27
102.263
102.255
102.247
102.24
102.232
102.224
102.217
102.209
102.201
102.194
102.186
102.179
102.171
102.163
102.156
102.148
102.14
102.133
102.125
102.117
102.11
102.102
102.094
102.087
102.079
102.071
102.064
102.056
102.048
102.041
102.033
102.025
102.018
102.01
102.002
101.995
101.987
101.979
101.972
101.964
101.957
101.949
101.941
101.934
101.926
101.918
101.911
101.903
101.895
101.888
101.88
101.872
101.865
101.857
101.849
101.842
101.834
101.826
101.819
101.811
101.803
101.796
101.788
101.78
101.773
101.765
101.757
101.75
101.742
101.735
101.727
101.719
101.712
101.704
101.696
101.689
101.681
101.673
101.666
101.658
101.65
101.643
101.635
101.627
101.62
101.612
101.604
101.597
101.589
101.581
101.574
101.566
101.558
101.551
101.543
101.535
101.528
101.52
101.513
101.505
101.497
101.49
101.482
101.474
101.467
101.459
101.451
101.444
101.436
101.428
101.421
101.413
101.405
101.398
101.39
101.382
101.375
101.367
101.359
101.352
101.344
101.336
101.329
102.852
102.845
102.837
102.829
102.822
102.814
102.806
102.799
102.791
102.783
102.776
102.768
102.76
102.753
102.745
102.737
102.73
102.722
102.714
102.707
102.699
102.691
102.684
102.676
102.668
102.661
102.653
102.645
102.638
102.63
102.623
102.615
102.607
102.6
102.592
102.584
102.577
102.569
102.561
102.554
102.546
102.538
102.531
102.523
102.515
102.508
102.5
102.492
102.485
102.477
102.469
102.462
102.454
102.446
102.439
102.431
102.423
102.416
102.408
102.401
102.393
102.385
102.378
102.37
102.362
102.355
102.347
102.339
102.332
102.324
102.316
102.309
102.301
102.293
102.286
102.278
102.27
102.263
102.255
102.247
102.24
102.232
102.224
102.217
102.209
102.201
102.194
102.186
102.179
102.171
102.163
102.156
102.148
102.14
102.133
102.125
102.117
102.11
102.102
102.094
102.087
102.079
102.071
102.064
102.056
102.048
102.041
102.033
102.025
102.018
102.01
102.002
101.995
101.987
101.979
101.972
101.964
101.957
101.949
101.941
101.934
101.926
101.918
101.911
101.903
101.895
101.888
101.88
101.872
101.865
101.857
101.849
101.842
101.834
101.826
101.819
101.811
101.803
101.796
101.788
101.78
101.773
101.765
101.757
101.75
101.742
101.735
101.727
101.719
101.712
101.704
101.696
101.689
101.681
101.673
101.666
101.658
101.65
101.643
101.635
101.627
101.62
101.612
101.604
101.597
101.589
101.581
101.574
101.566
101.558
101.551
101.543
101.535
101.528
101.52
101.513
101.505
101.497
101.49
101.482
101.474
101.467
101.459
101.451
101.444
101.436
101.428
101.421
101.413
101.405
101.398
101.39
101.382
101.375
101.367
101.359
101.352
101.344
101.336
101.329
102.852
102.845
102.837
102.829
102.822
102.814
102.806
102.799
102.791
102.783
102.776
102.768
102.76
102.753
102.745
102.737
102.73
102.722
102.714
102.707
102.699
102.691
102.684
102.676
102.668
102.661
102.653
102.645
102.638
102.63
102.623
102.615
102.607
102.6
102.592
102.584
102.577
102.569
102.561
102.554
102.546
102.538
102.531
102.523
102.515
102.508
102.5
102.492
102.485
102.477
102.469
102.462
102.454
102.446
102.439
102.431
102.423
102.416
102.408
102.401
102.393
102.385
102.378
102.37
102.362
102.355
102.347
102.339
102.332
102.324
102.316
102.309
102.301
102.293
102.286
102.278
102.27
102.263
102.255
102.247
102.24
102.232
102.224
102.217
102.209
102.201
102.194
102.186
102.179
102.171
102.163
102.156
102.148
102.14
102.133
102.125
102.117
102.11
102.102
102.094
102.087
102.079
102.071
102.064
102.056
102.048
102.041
102.033
102.025
102.018
102.01
102.002
101.995
101.987
101.979
101.972
101.964
101.957
101.949
101.941
101.934
101.926
101.918
101.911
101.903
101.895
101.888
101.88
101.872
101.865
101.857
101.849
101.842
101.834
101.826
101.819
101.811
101.803
101.796
101.788
101.78
101.773
101.765
101.757
101.75
101.742
101.735
101.727
101.719
101.712
101.704
101.696
101.689
101.681
101.673
101.666
101.658
101.65
101.643
101.635
101.627
101.62
101.612
101.604
101.597
101.589
101.581
101.574
101.566
101.558
101.551
101.543
101.535
101.528
101.52
101.513
101.505
101.497
101.49
101.482
101.474
101.467
101.459
101.451
101.444
101.436
101.428
101.421
101.413
101.405
101.398
101.39
101.382
101.375
101.367
101.359
101.352
101.344
101.336
101.329
102.852
102.845
102.837
102.829
102.822
102.814
102.806
102.799
102.791
102.783
102.776
102.768
102.76
102.753
102.745
102.737
102.73
102.722
102.714
102.707
102.699
102.691
102.684
102.676
102.668
102.661
102.653
102.645
102.638
102.63
102.623
102.615
102.607
102.6
102.592
102.584
102.577
102.569
102.561
102.554
102.546
102.538
102.531
102.523
102.515
102.508
102.5
102.492
102.485
102.477
102.469
102.462
102.454
102.446
102.439
102.431
102.423
102.416
102.408
102.401
102.393
102.385
102.378
102.37
102.362
102.355
102.347
102.339
102.332
102.324
102.316
102.309
102.301
102.293
102.286
102.278
102.27
102.263
102.255
102.247
102.24
102.232
102.224
102.217
102.209
102.201
102.194
102.186
102.179
102.171
102.163
102.156
102.148
102.14
102.133
102.125
102.117
102.11
102.102
102.094
102.087
102.079
102.071
102.064
102.056
102.048
102.041
102.033
102.025
102.018
102.01
102.002
101.995
101.987
101.979
101.972
101.964
101.957
101.949
101.941
101.934
101.926
101.918
101.911
101.903
101.895
101.888
101.88
101.872
101.865
101.857
101.849
101.842
101.834
101.826
101.819
101.811
101.803
101.796
101.788
101.78
101.773
101.765
101.757
101.75
101.742
101.735
101.727
101.719
101.712
101.704
101.696
101.689
101.681
101.673
101.666
101.658
101.65
101.643
101.635
101.627
101.62
101.612
101.604
101.597
101.589
101.581
101.574
101.566
101.558
101.551
101.543
101.535
101.528
101.52
101.513
101.505
101.497
101.49
101.482
101.474
101.467
101.459
101.451
101.444
101.436
101.428
101.421
101.413
101.405
101.398
101.39
101.382
101.375
101.367
101.359
101.352
101.344
101.336
101.329
102.852
102.845
102.837
102.829
102.822
102.814
102.806
102.799
102.791
102.783
102.776
102.768
102.76
102.753
102.745
102.737
102.73
102.722
102.714
102.707
102.699
102.691
102.684
102.676
102.668
102.661
102.653
102.645
102.638
102.63
102.623
102.615
102.607
102.6
102.592
102.584
102.577
102.569
102.561
102.554
102.546
102.538
102.531
102.523
102.515
102.508
102.5
102.492
102.485
102.477
102.469
102.462
102.454
102.446
102.439
102.431
102.423
102.416
102.408
102.401
102.393
102.385
102.378
102.37
102.362
102.355
102.347
102.339
102.332
102.324
102.316
102.309
102.301
102.293
102.286
102.278
102.27
102.263
102.255
102.247
102.24
102.232
102.224
102.217
102.209
102.201
102.194
102.186
102.179
102.171
102.163
102.156
102.148
102.14
102.133
102.125
102.117
102.11
102.102
102.094
102.087
102.079
102.071
102.064
102.056
102.048
102.041
102.033
102.025
102.018
102.01
102.002
101.995
101.987
101.979
101.972
101.964
101.957
101.949
101.941
101.934
101.926
101.918
101.911
101.903
101.895
101.888
101.88
101.872
101.865
101.857
101.849
101.842
101.834
101.826
101.819
101.811
101.803
101.796
101.788
101.78
101.773
101.765
101.757
101.75
101.742
101.735
101.727
101.719
101.712
101.704
101.696
101.689
101.681
101.673
101.666
101.658
101.65
101.643
101.635
101.627
101.62
101.612
101.604
101.597
101.589
101.581
101.574
101.566
101.558
101.551
101.543
101.535
101.528
101.52
101.513
101.505
101.497
101.49
101.482
101.474
101.467
101.459
101.451
101.444
101.436
101.428
101.421
101.413
101.405
101.398
101.39
101.382
101.375
101.367
101.359
101.352
101.344
101.336
101.329
102.852
102.845
102.837
102.829
102.822
102.814
102.806
102.799
102.791
102.783
102.776
102.768
102.76
102.753
102.745
102.737
102.73
102.722
102.714
102.707
102.699
102.691
102.684
102.676
102.668
102.661
102.653
102.645
102.638
102.63
102.623
102.615
102.607
102.6
102.592
102.584
102.577
102.569
102.561
102.554
102.546
102.538
102.531
102.523
102.515
102.508
102.5
102.492
102.485
102.477
102.469
102.462
102.454
102.446
102.439
102.431
102.423
102.416
102.408
102.401
102.393
102.385
102.378
102.37
102.362
102.355
102.347
102.339
102.332
102.324
102.316
102.309
102.301
102.293
102.286
102.278
102.27
102.263
102.255
102.247
102.24
102.232
102.224
102.217
102.209
102.201
102.194
102.186
102.179
102.171
102.163
102.156
102.148
102.14
102.133
102.125
102.117
102.11
102.102
102.094
102.087
102.079
102.071
102.064
102.056
102.048
102.041
102.033
102.025
102.018
102.01
102.002
101.995
101.987
101.979
101.972
101.964
101.957
101.949
101.941
101.934
101.926
101.918
101.911
101.903
101.895
101.888
101.88
101.872
101.865
101.857
101.849
101.842
101.834
101.826
101.819
101.811
101.803
101.796
101.788
101.78
101.773
101.765
101.757
101.75
101.742
101.735
101.727
101.719
101.712
101.704
101.696
101.689
101.681
101.673
101.666
101.658
101.65
101.643
101.635
101.627
101.62
101.612
101.604
101.597
101.589
101.581
101.574
101.566
101.558
101.551
101.543
101.535
101.528
101.52
101.513
101.505
101.497
101.49
101.482
101.474
101.467
101.459
101.451
101.444
101.436
101.428
101.421
101.413
101.405
101.398
101.39
101.382
101.375
101.367
101.359
101.352
101.344
101.336
101.329
)
;

boundaryField
{
    inlet
    {
        type            fixedValue;
        value           uniform 102.856;
    }
    outlet
    {
        type            fixedValue;
        value           uniform 101.325;
    }
    walls
    {
        type            zeroGradient;
    }
    frontAndBack
    {
        type            empty;
    }
}


// ************************************************************************* //
