/*--------------------------------*- C++ -*----------------------------------*\
| =========                 |                                                 |
| \\      /  F ield         | OpenFOAM: The Open Source CFD Toolbox           |
|  \\    /   O peration     | Version:  2406                                  |
|   \\  /    A nd           | Website:  www.openfoam.com                      |
|    \\/     M anipulation  |                                                 |
\*---------------------------------------------------------------------------*/
FoamFile
{
    version     2.0;
    format      ascii;
    arch        "LSB;label=32;scalar=64";
    class       surfaceScalarField;
    location    "0.5";
    object      phi;
}
// * * * * * * * * * * * * * * * * * * * * * * * * * * * * * * * * * * * * * //

dimensions      [0 3 -1 0 0 0 0];

oriented        oriented;

internalField   nonuniform List<scalar> 
4335
(
2.06083e-05
-3.69389e-12
2.06083e-05
-3.24807e-12
2.06083e-05
-1.50909e-11
2.06083e-05
-1.8424e-11
2.06083e-05
-1.54357e-11
2.06083e-05
-6.85023e-12
2.06083e-05
-7.69342e-12
2.06084e-05
-8.20559e-12
2.06084e-05
-5.66257e-12
2.06084e-05
-4.9716e-12
2.06084e-05
-4.90965e-12
2.06084e-05
9.175e-14
2.06084e-05
2.46261e-12
2.06084e-05
-3.34112e-12
2.06084e-05
-7.33927e-12
2.06084e-05
-3.54437e-12
2.06084e-05
5.33374e-13
2.06084e-05
1.16238e-12
2.06084e-05
-2.85205e-13
2.06084e-05
-2.85775e-12
2.06084e-05
-5.56057e-12
2.06084e-05
-7.57582e-12
2.06084e-05
-7.44245e-12
2.06084e-05
-4.62806e-12
2.06084e-05
-2.99146e-12
2.06084e-05
-5.52899e-12
2.06084e-05
-8.58972e-12
2.06084e-05
-7.1365e-12
2.06084e-05
-2.85855e-12
2.06084e-05
-1.00646e-12
2.06084e-05
-2.6469e-12
2.06084e-05
-4.23146e-12
2.06084e-05
-4.68623e-12
2.06084e-05
-6.21864e-12
2.06084e-05
-8.12885e-12
2.06084e-05
-7.49504e-12
2.06084e-05
-5.01581e-12
2.06084e-05
-3.20614e-12
2.06084e-05
-1.17111e-12
2.06084e-05
2.71144e-12
2.06084e-05
5.61571e-12
2.06084e-05
3.90608e-12
2.06084e-05
-1.79664e-13
2.06084e-05
-1.29149e-12
2.06084e-05
2.10373e-13
2.06084e-05
9.68494e-13
2.06084e-05
1.49752e-12
2.06084e-05
3.18455e-12
2.06084e-05
4.43435e-12
2.06084e-05
3.89633e-12
2.06084e-05
3.77073e-12
2.06084e-05
5.11876e-12
2.06084e-05
3.9096e-12
2.06084e-05
-1.61188e-12
2.06084e-05
-6.63054e-12
2.06084e-05
-6.62357e-12
2.06084e-05
-3.71552e-12
2.06084e-05
-1.75984e-12
2.06084e-05
-7.89241e-13
2.06084e-05
1.01083e-13
2.06084e-05
-6.03236e-13
2.06084e-05
-3.00136e-12
2.06084e-05
-3.9515e-12
2.06084e-05
-3.21552e-12
2.06085e-05
-4.3383e-12
2.06085e-05
-7.66998e-12
2.06084e-05
-8.3488e-12
2.06084e-05
-4.40468e-12
2.06084e-05
-2.80078e-13
2.06084e-05
3.25972e-13
2.06084e-05
-6.07557e-13
2.06084e-05
-5.35271e-13
2.06084e-05
-4.73067e-13
2.06084e-05
-1.06945e-12
2.06084e-05
-8.15841e-13
2.06084e-05
-6.93394e-13
2.06084e-05
-3.25663e-12
2.06084e-05
-6.83197e-12
2.06084e-05
-6.16946e-12
2.06084e-05
-6.24918e-13
2.06084e-05
3.87442e-12
2.06084e-05
4.35027e-12
2.06084e-05
3.77447e-12
2.06084e-05
4.2003e-12
2.06084e-05
4.0287e-12
2.06084e-05
2.77914e-12
2.06084e-05
2.24223e-12
2.06084e-05
1.54581e-12
2.06084e-05
-9.70843e-13
2.06084e-05
-2.82253e-12
2.06084e-05
-4.20228e-13
2.06084e-05
3.90939e-12
2.06084e-05
4.86242e-12
2.06084e-05
2.38726e-12
2.06084e-05
6.10958e-13
2.06084e-05
6.188e-13
2.06084e-05
4.6009e-13
2.06084e-05
-1.92666e-13
2.06084e-05
-2.79073e-13
2.06084e-05
-4.80868e-13
2.06084e-05
-1.30396e-12
2.06084e-05
-7.04444e-13
2.06084e-05
2.41976e-12
2.06084e-05
4.68986e-12
2.06084e-05
3.12917e-12
2.06084e-05
-5.61592e-14
2.06084e-05
-8.74458e-13
2.06084e-05
5.62243e-13
2.06084e-05
1.21467e-12
2.06084e-05
3.36598e-13
2.06084e-05
-5.71498e-13
2.06084e-05
-1.27663e-12
2.06084e-05
-1.92331e-12
2.06084e-05
-7.43138e-13
2.06084e-05
2.66798e-12
2.06084e-05
4.77531e-12
2.06084e-05
3.42946e-12
2.06084e-05
1.58695e-12
2.06084e-05
2.12066e-12
2.06084e-05
3.00141e-12
2.06084e-05
1.70775e-12
2.06084e-05
-3.14689e-13
2.06084e-05
-1.16575e-12
2.06084e-05
-1.42648e-12
2.06084e-05
-1.12598e-12
2.06084e-05
7.29605e-13
2.06084e-05
3.13019e-12
2.06084e-05
3.30558e-12
2.06084e-05
1.22546e-12
2.06084e-05
-1.24645e-13
2.06084e-05
5.66013e-13
2.06084e-05
1.28613e-12
2.06084e-05
5.64764e-13
2.06084e-05
8.04241e-14
2.06084e-05
1.4617e-12
2.06084e-05
3.50132e-12
2.06084e-05
4.4738e-12
2.06084e-05
4.55862e-12
2.06084e-05
4.32495e-12
2.06084e-05
2.93525e-12
2.06084e-05
-3.69878e-14
2.06084e-05
-1.50554e-12
2.06084e-05
8.41826e-13
2.06084e-05
2.32656e-12
2.06084e-05
5.66682e-13
2.06084e-05
-4.46484e-14
2.06084e-05
2.29343e-12
2.06084e-05
8.00791e-13
2.06084e-05
-5.72622e-12
2.06925e-12
5.6298e-05
-1.85903e-11
5.6298e-05
-1.5789e-11
5.6298e-05
-2.17621e-11
5.6298e-05
-2.43778e-11
5.6298e-05
-2.79161e-11
5.6298e-05
-2.61535e-11
5.62981e-05
-2.473e-11
5.62981e-05
-2.24044e-11
5.62981e-05
-1.79564e-11
5.62981e-05
-9.24856e-12
5.62981e-05
-2.52096e-13
5.62981e-05
8.72056e-13
5.62981e-05
-2.49844e-12
5.62981e-05
-5.12185e-12
5.62981e-05
-6.46245e-12
5.62981e-05
-7.69639e-12
5.62981e-05
-6.98248e-12
5.62981e-05
-7.14028e-12
5.62981e-05
-1.04319e-11
5.62981e-05
-1.40583e-11
5.62981e-05
-1.4613e-11
5.62981e-05
-1.33038e-11
5.62981e-05
-1.35535e-11
5.62981e-05
-1.51398e-11
5.62981e-05
-1.61108e-11
5.62981e-05
-1.65361e-11
5.62981e-05
-1.58212e-11
5.62981e-05
-1.29268e-11
5.62981e-05
-8.54572e-12
5.62981e-05
-5.59538e-12
5.62981e-05
-5.28265e-12
5.62981e-05
-6.29733e-12
5.62981e-05
-6.47361e-12
5.62981e-05
-6.41964e-12
5.62981e-05
-7.44026e-12
5.62981e-05
-7.704e-12
5.62981e-05
-5.62687e-12
5.62981e-05
-3.55061e-12
5.62981e-05
-3.18372e-12
5.62981e-05
-1.74795e-12
5.62981e-05
3.58886e-12
5.62981e-05
9.49753e-12
5.62981e-05
1.13467e-11
5.62981e-05
1.07337e-11
5.62981e-05
1.08349e-11
5.62981e-05
1.04665e-11
5.62981e-05
8.40476e-12
5.62981e-05
7.26584e-12
5.62981e-05
8.16335e-12
5.62981e-05
7.72463e-12
5.62981e-05
4.297e-12
5.62981e-05
1.81929e-12
5.62981e-05
2.2929e-12
5.62981e-05
2.45579e-12
5.62981e-05
-2.22121e-13
5.62981e-05
-2.86614e-12
5.62981e-05
-3.11124e-12
5.62981e-05
-3.73354e-12
5.62981e-05
-6.49503e-12
5.62981e-05
-9.47795e-12
5.62981e-05
-1.14403e-11
5.62981e-05
-1.37919e-11
5.62981e-05
-1.57797e-11
5.62981e-05
-1.37611e-11
5.62981e-05
-8.41979e-12
5.62981e-05
-5.57539e-12
5.62981e-05
-6.88693e-12
5.62981e-05
-8.1567e-12
5.62981e-05
-6.61251e-12
5.62981e-05
-4.35585e-12
5.62981e-05
-3.15802e-12
5.62981e-05
-1.64417e-12
5.62981e-05
-6.47372e-14
5.62981e-05
-5.23718e-13
5.62981e-05
-1.92375e-12
5.62981e-05
-1.24605e-12
5.62981e-05
3.20989e-13
5.62981e-05
-1.05381e-12
5.62981e-05
-4.6328e-12
5.62981e-05
-4.98347e-12
5.62981e-05
-1.12692e-12
5.62981e-05
2.30822e-12
5.62981e-05
3.44868e-12
5.62981e-05
4.32799e-12
5.62981e-05
5.37398e-12
5.62981e-05
5.3017e-12
5.62981e-05
5.48765e-12
5.62981e-05
7.41381e-12
5.62981e-05
8.42589e-12
5.62981e-05
5.51459e-12
5.62981e-05
1.88328e-12
5.62981e-05
1.83753e-12
5.62981e-05
4.15465e-12
5.62981e-05
4.69609e-12
5.62981e-05
3.12525e-12
5.62981e-05
1.90092e-12
5.62981e-05
1.41728e-12
5.62981e-05
1.08803e-12
5.62981e-05
1.67789e-12
5.62981e-05
3.27599e-12
5.62981e-05
3.44654e-12
5.62981e-05
1.06901e-12
5.62981e-05
-1.01381e-12
5.62981e-05
-1.30209e-13
5.62981e-05
1.80446e-12
5.62981e-05
1.33701e-12
5.62981e-05
-7.62709e-13
5.62981e-05
-1.4505e-12
5.62981e-05
-8.33196e-13
5.62981e-05
-8.71132e-13
5.62981e-05
-1.03244e-12
5.62981e-05
-2.96725e-13
5.62981e-05
-3.76635e-13
5.62981e-05
-1.64299e-12
5.62981e-05
-8.75631e-13
5.62981e-05
3.03434e-12
5.62981e-05
6.1253e-12
5.62981e-05
5.89172e-12
5.62981e-05
5.0504e-12
5.62981e-05
5.59994e-12
5.62981e-05
5.64081e-12
5.62981e-05
4.16229e-12
5.62981e-05
2.94967e-12
5.62981e-05
2.24355e-12
5.62981e-05
7.73297e-13
5.62981e-05
-4.65769e-13
5.62981e-05
4.72814e-13
5.62981e-05
2.79208e-12
5.62981e-05
4.33118e-12
5.62981e-05
4.97804e-12
5.62981e-05
6.35802e-12
5.62981e-05
8.8267e-12
5.62981e-05
1.06467e-11
5.62981e-05
1.08735e-11
5.62981e-05
1.07077e-11
5.62981e-05
1.09542e-11
5.62981e-05
1.08869e-11
5.62981e-05
1.00636e-11
5.62981e-05
9.42766e-12
5.62981e-05
9.45402e-12
5.62981e-05
8.4551e-12
5.62981e-05
5.62485e-12
5.62981e-05
3.06652e-12
5.62981e-05
9.02226e-13
5.62981e-05
-2.03325e-13
5.62981e-05
1.51408e-12
5.62981e-05
1.86303e-12
5.6298e-05
2.41603e-12
5.62981e-05
5.31236e-12
1.1412e-12
8.64729e-05
1.25037e-11
8.64729e-05
-3.01366e-12
8.64729e-05
-1.62579e-11
8.64729e-05
-3.20248e-11
8.64729e-05
-3.72526e-11
8.64729e-05
-3.69713e-11
8.64729e-05
-3.10199e-11
8.64729e-05
-2.345e-11
8.64729e-05
-1.48171e-11
8.64729e-05
-9.59851e-12
8.64729e-05
-5.11822e-12
8.64729e-05
-4.52183e-12
8.64728e-05
-3.43644e-12
8.64728e-05
-5.96089e-14
8.64728e-05
5.8208e-12
8.64728e-05
6.17097e-12
8.64728e-05
2.43628e-12
8.64728e-05
-1.96074e-12
8.64728e-05
-8.06151e-12
8.64728e-05
-1.43454e-11
8.64728e-05
-1.68903e-11
8.64728e-05
-1.54872e-11
8.64728e-05
-1.44768e-11
8.64728e-05
-1.51694e-11
8.64728e-05
-1.35298e-11
8.64728e-05
-8.34717e-12
8.64728e-05
-3.82986e-12
8.64728e-05
-3.04453e-12
8.64728e-05
-4.50545e-12
8.64728e-05
-5.02378e-12
8.64728e-05
-4.21606e-12
8.64728e-05
-3.81193e-12
8.64728e-05
-3.6448e-12
8.64728e-05
-2.07727e-12
8.64728e-05
-5.76831e-13
8.64728e-05
-6.91826e-13
8.64728e-05
-1.64203e-13
8.64728e-05
2.71705e-12
8.64728e-05
4.92759e-12
8.64728e-05
4.16168e-12
8.64728e-05
3.33357e-12
8.64728e-05
5.65282e-12
8.64728e-05
9.24046e-12
8.64728e-05
1.14259e-11
8.64728e-05
1.33442e-11
8.64728e-05
1.57456e-11
8.64728e-05
1.61987e-11
8.64728e-05
1.41448e-11
8.64728e-05
1.18022e-11
8.64728e-05
8.96679e-12
8.64728e-05
3.35331e-12
8.64728e-05
-3.3715e-12
8.64728e-05
-6.03303e-12
8.64728e-05
-3.45187e-12
8.64729e-05
-5.2898e-13
8.64729e-05
-8.11395e-13
8.64729e-05
-2.67396e-12
8.64729e-05
-5.08198e-12
8.64729e-05
-8.71732e-12
8.64729e-05
-1.23797e-11
8.64729e-05
-1.32586e-11
8.64729e-05
-1.20809e-11
8.64729e-05
-1.2232e-11
8.64729e-05
-1.29406e-11
8.64729e-05
-1.02876e-11
8.64729e-05
-4.9378e-12
8.64729e-05
-2.19958e-12
8.64729e-05
-3.1053e-12
8.64729e-05
-4.12897e-12
8.64728e-05
-4.11514e-12
8.64728e-05
-4.79175e-12
8.64728e-05
-5.8921e-12
8.64728e-05
-5.62744e-12
8.64728e-05
-5.29855e-12
8.64728e-05
-6.61324e-12
8.64728e-05
-7.19381e-12
8.64728e-05
-3.94906e-12
8.64728e-05
5.83328e-13
8.64728e-05
1.58031e-12
8.64728e-05
-5.2934e-13
8.64728e-05
-1.51416e-12
8.64728e-05
-1.02764e-12
8.64728e-05
-1.35015e-12
8.64728e-05
-1.99119e-12
8.64728e-05
-9.85043e-13
8.64728e-05
1.53443e-13
8.64728e-05
3.7413e-13
8.64728e-05
1.83352e-12
8.64728e-05
5.63829e-12
8.64728e-05
8.12401e-12
8.64728e-05
6.12333e-12
8.64728e-05
2.40906e-12
8.64728e-05
6.78142e-13
8.64728e-05
3.27797e-13
8.64728e-05
-5.7834e-13
8.64728e-05
-1.39191e-12
8.64728e-05
-8.96331e-13
8.64728e-05
2.46832e-13
8.64728e-05
1.84361e-12
8.64728e-05
5.05453e-12
8.64728e-05
9.11924e-12
8.64728e-05
1.06043e-11
8.64728e-05
8.2541e-12
8.64728e-05
5.38852e-12
8.64728e-05
5.31848e-12
8.64728e-05
6.77807e-12
8.64728e-05
7.0747e-12
8.64728e-05
7.00724e-12
8.64728e-05
8.05151e-12
8.64728e-05
8.87142e-12
8.64728e-05
8.4977e-12
8.64728e-05
8.49667e-12
8.64728e-05
8.64762e-12
8.64728e-05
6.15503e-12
8.64728e-05
1.48517e-12
8.64728e-05
-7.77982e-13
8.64728e-05
3.35814e-13
8.64728e-05
1.0352e-12
8.64728e-05
-1.73324e-13
8.64728e-05
-9.13837e-13
8.64728e-05
-7.07117e-13
8.64728e-05
-1.19345e-12
8.64728e-05
-1.84506e-12
8.64728e-05
-1.51128e-12
8.64728e-05
-1.60318e-12
8.64728e-05
-3.24362e-12
8.64728e-05
-4.42197e-12
8.64728e-05
-2.96372e-12
8.64728e-05
4.90475e-13
8.64728e-05
3.96095e-12
8.64728e-05
6.34036e-12
8.64728e-05
7.99563e-12
8.64728e-05
9.49124e-12
8.64728e-05
1.05332e-11
8.64728e-05
1.06014e-11
8.64728e-05
1.00569e-11
8.64728e-05
9.88511e-12
8.64728e-05
9.41569e-12
8.64728e-05
6.92412e-12
8.64728e-05
3.57181e-12
8.64728e-05
2.65477e-12
8.64728e-05
3.77753e-12
8.64728e-05
3.89873e-12
8.64728e-05
2.28944e-12
8.64728e-05
2.25033e-12
8.64728e-05
4.7391e-12
8.64728e-05
4.6145e-12
8.64728e-05
9.65626e-13
8.64728e-05
4.57399e-12
-2.14652e-12
0.000111144
1.26688e-11
0.000111144
7.38143e-12
0.000111144
-1.21633e-12
0.000111144
-9.99015e-12
0.000111144
-1.31593e-11
0.000111144
-1.29362e-11
0.000111144
-8.32386e-12
0.000111144
-3.61101e-12
0.000111144
4.31542e-14
0.000111144
-4.21453e-13
0.000111144
5.67088e-12
0.000111144
1.54459e-11
0.000111144
1.86491e-11
0.000111144
1.89995e-11
0.000111144
2.03276e-11
0.000111144
1.79585e-11
0.000111144
1.09759e-11
0.000111144
3.38995e-12
0.000111144
-2.79983e-12
0.000111144
-8.3183e-12
0.000111144
-1.29538e-11
0.000111144
-1.42215e-11
0.000111144
-1.2383e-11
0.000111144
-1.12868e-11
0.000111144
-1.19059e-11
0.000111144
-1.20275e-11
0.000111144
-1.13941e-11
0.000111144
-1.12524e-11
0.000111144
-1.18728e-11
0.000111144
-1.21897e-11
0.000111144
-1.11586e-11
0.000111144
-1.00252e-11
0.000111144
-1.00265e-11
0.000111144
-9.92431e-12
0.000111144
-8.59536e-12
0.000111144
-7.19426e-12
0.000111144
-6.05821e-12
0.000111144
-3.66505e-12
0.000111144
-1.34735e-13
0.000111144
1.82067e-12
0.000111144
1.81375e-12
0.000111144
3.31046e-12
0.000111144
7.52322e-12
0.000111144
1.08845e-11
0.000111144
1.23376e-11
0.000111144
1.3439e-11
0.000111144
1.34707e-11
0.000111144
1.05481e-11
0.000111144
6.44877e-12
0.000111144
4.65429e-12
0.000111144
4.59862e-12
0.000111144
2.73423e-12
0.000111144
-7.6514e-13
0.000111144
-3.0752e-12
0.000111144
-4.21907e-12
0.000111144
-6.47233e-12
0.000111144
-9.35081e-12
0.000111144
-1.05708e-11
0.000111144
-1.05828e-11
0.000111144
-1.11433e-11
0.000111144
-1.14244e-11
0.000111144
-1.01024e-11
0.000111144
-9.25174e-12
0.000111144
-1.13494e-11
0.000111144
-1.38588e-11
0.000111144
-1.24574e-11
0.000111144
-7.88826e-12
0.000111144
-4.25298e-12
0.000111144
-2.44176e-12
0.000111144
-1.00373e-12
0.000111144
-4.04964e-13
0.000111144
-1.2542e-12
0.000111144
-1.36432e-12
0.000111144
6.7762e-13
0.000111144
1.81378e-12
0.000111144
-5.86142e-13
0.000111144
-3.81584e-12
0.000111144
-4.54672e-12
0.000111144
-4.32888e-12
0.000111144
-6.00855e-12
0.000111144
-8.07901e-12
0.000111144
-8.1865e-12
0.000111144
-7.47702e-12
0.000111144
-7.20809e-12
0.000111144
-5.80632e-12
0.000111144
-3.17345e-12
0.000111144
-2.2095e-12
0.000111144
-3.46303e-12
0.000111144
-3.31344e-12
0.000111144
-3.49391e-13
0.000111144
2.36584e-12
0.000111144
2.66861e-12
0.000111144
2.35295e-12
0.000111144
2.74244e-12
0.000111144
3.03968e-12
0.000111144
3.01521e-12
0.000111144
3.7626e-12
0.000111144
4.91362e-12
0.000111144
5.15014e-12
0.000111144
4.81631e-12
0.000111144
5.73282e-12
0.000111144
7.75689e-12
0.000111144
8.2949e-12
0.000111144
6.3194e-12
0.000111144
4.55289e-12
0.000111144
4.93153e-12
0.000111144
6.11539e-12
0.000111144
6.42835e-12
0.000111144
6.68455e-12
0.000111144
7.12569e-12
0.000111144
5.95232e-12
0.000111144
3.58027e-12
0.000111144
3.05589e-12
0.000111144
4.05283e-12
0.000111144
3.33399e-12
0.000111144
1.22131e-12
0.000111144
1.16788e-12
0.000111144
2.87222e-12
0.000111144
3.21005e-12
0.000111144
2.50243e-12
0.000111144
2.31551e-12
0.000111144
1.56923e-12
0.000111144
-5.22706e-13
0.000111144
-1.37968e-12
0.000111144
1.48843e-13
0.000111144
2.0685e-12
0.000111144
3.04419e-12
0.000111144
4.44428e-12
0.000111144
7.36945e-12
0.000111144
1.06782e-11
0.000111144
1.23859e-11
0.000111144
1.2242e-11
0.000111144
1.20454e-11
0.000111144
1.31781e-11
0.000111144
1.44158e-11
0.000111144
1.3784e-11
0.000111144
1.23521e-11
0.000111144
1.15381e-11
0.000111144
9.22245e-12
0.000111144
5.25035e-12
0.000111144
3.86146e-12
0.000111144
4.25952e-12
0.000111144
2.06042e-12
0.000111144
5.8794e-14
0.000111144
1.5216e-12
0.000111144
2.53612e-12
0.000111144
-3.84713e-12
0.000111144
-8.82882e-12
0.000111144
-8.44012e-12
-8.43904e-12
0.000130322
1.60847e-11
0.000130322
2.0215e-11
0.000130322
1.97756e-11
0.000130322
2.12981e-11
0.000130322
1.88431e-11
0.000130322
2.08483e-11
0.000130322
2.48628e-11
0.000130322
2.86076e-11
0.000130322
3.39623e-11
0.000130322
3.84896e-11
0.000130322
4.2213e-11
0.000130322
4.46096e-11
0.000130322
4.38414e-11
0.000130322
4.04378e-11
0.000130322
3.65131e-11
0.000130322
3.21632e-11
0.000130322
2.49704e-11
0.000130321
1.62367e-11
0.000130321
9.33204e-12
0.000130321
5.68261e-12
0.000130321
3.4121e-12
0.000130321
1.15407e-12
0.000130321
-1.41207e-12
0.000130321
-6.71989e-12
0.000130321
-1.48083e-11
0.000130321
-2.05305e-11
0.000130321
-2.03643e-11
0.000130321
-1.63164e-11
0.000130321
-1.23308e-11
0.000130321
-9.78896e-12
0.000130321
-7.86205e-12
0.000130321
-6.54363e-12
0.000130321
-6.4529e-12
0.000130321
-6.48616e-12
0.000130321
-5.20898e-12
0.000130321
-3.42598e-12
0.000130321
-3.22678e-12
0.000130321
-3.87978e-12
0.000130321
-2.44582e-12
0.000130321
1.51364e-12
0.000130321
5.09251e-12
0.000130321
7.16513e-12
0.000130321
8.99369e-12
0.000130321
9.86453e-12
0.000130321
8.533e-12
0.000130321
6.91116e-12
0.000130321
7.0967e-12
0.000130321
7.71448e-12
0.000130321
6.99928e-12
0.000130321
6.21037e-12
0.000130321
6.74668e-12
0.000130321
6.66533e-12
0.000130321
3.89971e-12
0.000130321
2.51376e-13
0.000130321
-1.77906e-12
0.000130321
-2.91892e-12
0.000130321
-4.43361e-12
0.000130321
-5.47603e-12
0.000130321
-5.62695e-12
0.000130321
-6.76955e-12
0.000130321
-9.52174e-12
0.000130321
-1.12321e-11
0.000130321
-9.9959e-12
0.000130321
-7.71521e-12
0.000130321
-6.54768e-12
0.000130321
-5.60636e-12
0.000130321
-3.7952e-12
0.000130321
-2.67136e-12
0.000130321
-3.29774e-12
0.000130321
-3.60241e-12
0.000130321
-2.31384e-12
0.000130321
-1.12281e-12
0.000130321
-1.16886e-12
0.000130321
-1.01356e-12
0.000130321
-4.17597e-13
0.000130321
-1.81166e-12
0.000130321
-5.8104e-12
0.000130321
-9.30899e-12
0.000130321
-1.02786e-11
0.000130321
-1.03731e-11
0.000130321
-1.07112e-11
0.000130321
-9.65478e-12
0.000130321
-7.02274e-12
0.000130321
-5.20162e-12
0.000130321
-4.72007e-12
0.000130321
-3.45874e-12
0.000130321
-1.40898e-12
0.000130321
-6.32636e-13
0.000130321
-5.21559e-13
0.000130321
1.59441e-12
0.000130321
4.99938e-12
0.000130321
6.66266e-12
0.000130321
6.16572e-12
0.000130321
5.27519e-12
0.000130321
4.31412e-12
0.000130321
2.90158e-12
0.000130321
2.20572e-12
0.000130321
3.17319e-12
0.000130321
4.54746e-12
0.000130321
4.80268e-12
0.000130321
4.6966e-12
0.000130321
5.51355e-12
0.000130321
6.87777e-12
0.000130321
7.42239e-12
0.000130321
7.15657e-12
0.000130321
7.43834e-12
0.000130321
8.55329e-12
0.000130321
9.02615e-12
0.000130321
8.40455e-12
0.000130321
7.94685e-12
0.000130321
7.44495e-12
0.000130321
5.30074e-12
0.000130321
2.45495e-12
0.000130321
1.30111e-12
0.000130321
1.00776e-12
0.000130321
-7.03756e-13
0.000130321
-2.45448e-12
0.000130321
-1.98353e-12
0.000130321
-9.36474e-13
0.000130321
-1.54221e-12
0.000130321
-2.59182e-12
0.000130321
-2.49774e-12
0.000130321
-2.54462e-12
0.000130321
-3.28372e-12
0.000130321
-2.92473e-12
0.000130321
-1.3085e-12
0.000130321
-6.57801e-14
0.000130321
6.28671e-13
0.000130321
2.08982e-12
0.000130321
3.82365e-12
0.000130321
4.67474e-12
0.000130321
5.27928e-12
0.000130321
6.93932e-12
0.000130321
9.03675e-12
0.000130321
1.02125e-11
0.000130321
9.45197e-12
0.000130321
6.95963e-12
0.000130321
4.39752e-12
0.000130321
2.31618e-12
0.000130321
9.60514e-13
0.000130321
1.43441e-12
0.000130321
2.08008e-12
0.000130321
-1.60979e-12
0.000130321
-5.53047e-12
0.000130321
-9.43889e-12
0.000130321
-1.23258e-11
0.000130321
-1.23757e-11
0.000130321
-9.24292e-12
0.000130321
-1.30785e-11
-1.56061e-11
0.000144014
4.57501e-11
0.000144014
4.30313e-11
0.000144014
4.66022e-11
0.000144014
5.70277e-11
0.000144014
6.48499e-11
0.000144014
7.19625e-11
0.000144014
7.23901e-11
0.000144014
7.30029e-11
0.000144014
7.29037e-11
0.000144014
7.13465e-11
0.000144014
6.99128e-11
0.000144014
6.71182e-11
0.000144014
6.45899e-11
0.000144014
6.05531e-11
0.000144014
5.41206e-11
0.000144014
4.76626e-11
0.000144014
4.14212e-11
0.000144014
3.47109e-11
0.000144014
2.82351e-11
0.000144014
2.32914e-11
0.000144014
1.79211e-11
0.000144014
9.74778e-12
0.000144014
1.50948e-12
0.000144014
-3.38296e-12
0.000144014
-5.46554e-12
0.000144014
-5.95535e-12
0.000144014
-4.74913e-12
0.000144014
-2.24426e-12
0.000144014
-3.49843e-13
0.000144014
-2.01689e-13
0.000144014
-6.75225e-13
0.000144014
-7.57323e-13
0.000144014
-1.27642e-12
0.000144014
-2.31194e-12
0.000144014
-2.5367e-12
0.000144014
-1.84916e-12
0.000144014
-1.36771e-12
0.000144014
-9.1325e-13
0.000144014
1.17086e-12
0.000144014
5.54236e-12
0.000144014
9.26852e-12
0.000144014
9.50908e-12
0.000144014
8.0316e-12
0.000144014
7.21607e-12
0.000144014
7.03883e-12
0.000144014
7.20337e-12
0.000144014
8.77903e-12
0.000144014
1.09149e-11
0.000144014
1.09648e-11
0.000144014
8.26182e-12
0.000144014
5.5073e-12
0.000144014
4.28821e-12
0.000144014
2.54483e-12
0.000144014
-4.01021e-13
0.000144014
-2.46619e-12
0.000144014
-3.06998e-12
0.000144014
-3.71551e-12
0.000144014
-4.95236e-12
0.000144014
-5.51167e-12
0.000144014
-5.68065e-12
0.000144014
-6.86056e-12
0.000144014
-8.45228e-12
0.000144014
-8.26822e-12
0.000144014
-6.60246e-12
0.000144014
-5.82864e-12
0.000144014
-6.47726e-12
0.000144014
-6.2311e-12
0.000144014
-4.6595e-12
0.000144014
-3.17948e-12
0.000144014
-2.30383e-12
0.000144014
-1.00573e-12
0.000144014
1.58383e-13
0.000144014
-4.81703e-13
0.000144014
-2.48079e-12
0.000144014
-3.90582e-12
0.000144014
-5.19368e-12
0.000144014
-8.0284e-12
0.000144014
-1.12634e-11
0.000144014
-1.19946e-11
0.000144014
-1.01676e-11
0.000144014
-8.45488e-12
0.000144014
-7.71883e-12
0.000144014
-6.88683e-12
0.000144014
-6.27727e-12
0.000144014
-6.92191e-12
0.000144014
-7.36337e-12
0.000144014
-5.74147e-12
0.000144014
-3.38732e-12
0.000144014
-2.46629e-12
0.000144014
-1.83593e-12
0.000144014
3.3273e-13
0.000144014
2.55543e-12
0.000144014
2.91512e-12
0.000144014
2.62161e-12
0.000144014
3.24359e-12
0.000144014
4.03063e-12
0.000144014
4.54941e-12
0.000144014
6.03825e-12
0.000144014
8.34716e-12
0.000144014
9.75833e-12
0.000144014
9.92692e-12
0.000144014
1.04986e-11
0.000144014
1.19831e-11
0.000144014
1.31872e-11
0.000144014
1.31984e-11
0.000144014
1.2485e-11
0.000144014
1.18779e-11
0.000144014
1.14263e-11
0.000144014
1.05604e-11
0.000144014
9.43188e-12
0.000144014
8.56692e-12
0.000144014
7.2919e-12
0.000144014
4.9422e-12
0.000144014
2.97266e-12
0.000144014
2.61042e-12
0.000144014
2.28821e-12
0.000144014
5.96638e-13
0.000144014
-1.06529e-12
0.000144014
-1.41762e-12
0.000144014
-1.71981e-12
0.000144014
-2.62616e-12
0.000144014
-2.46525e-12
0.000144014
-1.08564e-12
0.000144014
-6.99666e-13
0.000144014
-1.18486e-12
0.000144014
-5.28876e-13
0.000144014
6.99157e-13
0.000144014
7.75509e-13
0.000144014
2.66253e-14
0.000144014
1.21253e-13
0.000144014
1.11884e-12
0.000144014
2.55528e-12
0.000144014
4.3027e-12
0.000144014
4.61024e-12
0.000144014
2.70297e-12
0.000144014
7.48156e-13
0.000144014
-3.01528e-14
0.000144014
-5.40151e-13
0.000144014
-1.12384e-12
0.000144014
-1.27924e-12
0.000144014
-1.87056e-12
0.000144014
-3.43553e-12
0.000144014
-5.96738e-12
0.000144014
-7.89539e-12
0.000144014
-8.89307e-12
0.000144014
-1.4523e-11
0.000144014
-1.3199e-11
0.000144014
-1.10409e-11
0.000144014
-1.42706e-11
-1.59942e-11
0.000152227
6.61721e-11
0.000152227
7.34594e-11
0.000152227
8.5966e-11
0.000152227
9.74783e-11
0.000152227
1.04712e-10
0.000152227
1.09586e-10
0.000152227
1.10121e-10
0.000152227
1.11527e-10
0.000152227
1.08311e-10
0.000152227
1.05958e-10
0.000152227
1.01519e-10
0.000152227
9.47332e-11
0.000152227
8.70126e-11
0.000152227
7.76211e-11
0.000152227
6.70025e-11
0.000152227
5.71811e-11
0.000152227
4.93203e-11
0.000152227
4.27233e-11
0.000152227
3.57465e-11
0.000152227
2.88991e-11
0.000152227
2.31139e-11
0.000152227
1.6697e-11
0.000152227
9.66329e-12
0.000152227
5.10649e-12
0.000152226
3.45025e-12
0.000152226
1.2538e-12
0.000152226
-2.67782e-12
0.000152226
-5.52235e-12
0.000152226
-5.9769e-12
0.000152226
-6.37554e-12
0.000152226
-7.46169e-12
0.000152226
-7.31965e-12
0.000152226
-5.97282e-12
0.000152226
-5.57866e-12
0.000152226
-5.86052e-12
0.000152226
-4.8833e-12
0.000152226
-2.04104e-12
0.000152226
1.14321e-12
0.000152226
3.20979e-12
0.000152226
4.33454e-12
0.000152226
4.83397e-12
0.000152226
3.75401e-12
0.000152226
2.05807e-12
0.000152226
1.91399e-12
0.000152226
3.06222e-12
0.000152226
3.42968e-12
0.000152227
2.74801e-12
0.000152227
2.53564e-12
0.000152227
2.77932e-12
0.000152227
1.52714e-12
0.000152227
-6.43413e-13
0.000152227
-1.29619e-12
0.000152227
-5.87461e-13
0.000152227
-9.44766e-13
0.000152227
-2.25532e-12
0.000152227
-3.17569e-12
0.000152227
-4.16403e-12
0.000152227
-6.1143e-12
0.000152227
-7.41919e-12
0.000152227
-6.24253e-12
0.000152227
-3.98951e-12
0.000152227
-3.20208e-12
0.000152227
-3.3485e-12
0.000152227
-2.69247e-12
0.000152227
-1.79281e-12
0.000152227
-2.17317e-12
0.000152227
-2.67784e-12
0.000152227
-1.88235e-12
0.000152227
-8.12285e-13
0.000152227
-9.01406e-13
0.000152227
-1.50303e-12
0.000152227
-1.66916e-12
0.000152227
-2.72962e-12
0.000152227
-5.57385e-12
0.000152227
-8.29731e-12
0.000152227
-9.20005e-12
0.000152227
-9.3683e-12
0.000152227
-1.04411e-11
0.000152226
-1.15421e-11
0.000152226
-1.13457e-11
0.000152226
-1.08573e-11
0.000152226
-1.13558e-11
0.000152226
-1.19928e-11
0.000152226
-1.18596e-11
0.000152226
-1.20118e-11
0.000152226
-1.30396e-11
0.000152226
-1.27345e-11
0.000152226
-9.93521e-12
0.000152226
-6.65175e-12
0.000152226
-4.84259e-12
0.000152226
-3.08233e-12
0.000152226
-2.73789e-13
0.000152226
1.89772e-12
0.000152226
2.88799e-12
0.000152226
4.52646e-12
0.000152226
7.02298e-12
0.000152226
8.6876e-12
0.000152226
9.68983e-12
0.000152226
1.19335e-11
0.000152226
1.48909e-11
0.000152226
1.63161e-11
0.000152226
1.63213e-11
0.000152226
1.6398e-11
0.000152226
1.64181e-11
0.000152226
1.52393e-11
0.000152226
1.35036e-11
0.000152226
1.19848e-11
0.000152226
1.06136e-11
0.000152226
9.22287e-12
0.000152226
8.0933e-12
0.000152226
7.53768e-12
0.000152226
7.12403e-12
0.000152226
5.8654e-12
0.000152226
3.53094e-12
0.000152226
1.39078e-12
0.000152226
2.28697e-13
0.000152226
-8.26636e-13
0.000152226
-2.31242e-12
0.000152226
-2.91403e-12
0.000152226
-1.95812e-12
0.000152226
-9.25139e-13
0.000152226
-6.04517e-13
0.000152226
4.24109e-14
0.000152226
8.46828e-13
0.000152226
4.77352e-13
0.000152226
-4.30978e-13
0.000152226
-1.96584e-13
0.000152226
5.79729e-13
0.000152226
2.33951e-13
0.000152226
-2.09937e-13
0.000152226
4.37631e-13
0.000152226
1.20624e-12
0.000152226
9.77919e-13
0.000152226
-2.34976e-13
0.000152226
-1.46903e-12
0.000152226
-1.58947e-12
0.000152226
-1.31866e-12
0.000152226
-1.90261e-12
0.000152227
-3.32061e-12
0.000152227
-5.25689e-12
0.000152227
-7.02913e-12
0.000152227
-8.39746e-12
0.000152227
-8.63777e-12
0.000152227
-7.43067e-12
0.000152227
-5.25798e-12
0.000152227
-7.70886e-12
0.000152227
-1.08992e-11
0.000152227
-1.20321e-11
0.000152227
-1.37682e-11
-1.53367e-11
0.000154964
8.13686e-11
0.000154964
8.87876e-11
0.000154964
1.04333e-10
0.000154964
1.24753e-10
0.000154964
1.38886e-10
0.000154964
1.38257e-10
0.000154964
1.3728e-10
0.000154964
1.38214e-10
0.000154964
1.36869e-10
0.000154964
1.35487e-10
0.000154964
1.28581e-10
0.000154964
1.15915e-10
0.000154964
1.02116e-10
0.000154964
9.09651e-11
0.000154964
8.13931e-11
0.000154964
7.10426e-11
0.000154964
6.00676e-11
0.000154964
4.98909e-11
0.000154964
3.9977e-11
0.000154964
3.05027e-11
0.000154964
2.43868e-11
0.000154964
2.17923e-11
0.000154964
1.92342e-11
0.000154964
1.53264e-11
0.000154964
1.16321e-11
0.000154964
8.52429e-12
0.000154964
4.35258e-12
0.000154964
-4.50785e-13
0.000154964
-3.25538e-12
0.000154964
-4.03027e-12
0.000154964
-4.58341e-12
0.000154964
-4.03305e-12
0.000154964
-1.22544e-12
0.000154964
1.72325e-12
0.000154964
2.66233e-12
0.000154964
2.78006e-12
0.000154964
3.80183e-12
0.000154964
4.89895e-12
0.000154964
4.10396e-12
0.000154964
2.01494e-12
0.000154964
1.22992e-12
0.000154964
1.85812e-12
0.000154964
2.35163e-12
0.000154964
2.69786e-12
0.000154964
3.48169e-12
0.000154964
3.35915e-12
0.000154964
1.38691e-12
0.000154964
-5.13499e-13
0.000154964
1.08557e-13
0.000154964
1.95923e-12
0.000154964
2.35287e-12
0.000154964
1.61508e-12
0.000154964
1.43074e-12
0.000154964
9.48041e-13
0.000154964
-9.2449e-13
0.000154964
-2.49409e-12
0.000154964
-1.96431e-12
0.000154964
-6.6973e-13
0.000154964
-2.04387e-13
0.000154964
5.557e-13
0.000154964
2.23134e-12
0.000154964
2.73028e-12
0.000154964
1.18527e-12
0.000154964
-1.03167e-14
0.000154964
8.03093e-13
0.000154964
1.4412e-12
0.000154964
3.54336e-13
0.000154964
-1.35815e-12
0.000154964
-2.51266e-12
0.000154964
-3.77268e-12
0.000154964
-5.13851e-12
0.000154964
-5.07144e-12
0.000154964
-3.6564e-12
0.000154964
-3.08021e-12
0.000154964
-3.89691e-12
0.000154964
-4.12732e-12
0.000154964
-2.97398e-12
0.000154964
-2.30576e-12
0.000154964
-3.49818e-12
0.000154964
-5.15065e-12
0.000154964
-6.3189e-12
0.000154964
-7.59386e-12
0.000154964
-9.13313e-12
0.000154964
-9.69019e-12
0.000154964
-9.23782e-12
0.000154964
-9.29897e-12
0.000154964
-9.94693e-12
0.000154964
-8.75407e-12
0.000154964
-5.47435e-12
0.000154964
-2.78498e-12
0.000154964
-1.73705e-12
0.000154964
-3.09801e-13
0.000154964
1.95317e-12
0.000154964
3.41759e-12
0.000154964
4.36374e-12
0.000154964
6.59715e-12
0.000154964
9.48112e-12
0.000154964
1.11225e-11
0.000154964
1.24253e-11
0.000154964
1.50064e-11
0.000154964
1.69503e-11
0.000154964
1.61569e-11
0.000154964
1.39008e-11
0.000154964
1.22418e-11
0.000154964
1.05436e-11
0.000154964
8.42151e-12
0.000154964
6.73969e-12
0.000154964
5.54977e-12
0.000154964
4.03743e-12
0.000154964
2.13487e-12
0.000154964
5.69645e-13
0.000154964
-4.39774e-13
0.000154964
-1.46444e-12
0.000154964
-3.18244e-12
0.000154964
-5.00611e-12
0.000154964
-5.4886e-12
0.000154964
-4.42758e-12
0.000154964
-3.28527e-12
0.000154964
-2.65649e-12
0.000154964
-1.59966e-12
0.000154964
-3.98265e-13
0.000154964
-5.91797e-13
0.000154964
-1.44614e-12
0.000154964
-1.19129e-12
0.000154964
-1.19643e-12
0.000154964
-3.51301e-12
0.000154964
-5.75231e-12
0.000154964
-4.99701e-12
0.000154964
-3.47944e-12
0.000154964
-3.89572e-12
0.000154964
-4.68166e-12
0.000154964
-4.41218e-12
0.000154964
-4.54983e-12
0.000154964
-5.74509e-12
0.000154964
-6.22088e-12
0.000154964
-5.4157e-12
0.000154964
-6.78757e-12
0.000154964
-1.04712e-11
0.000154964
-1.0625e-11
0.000154964
-6.92677e-12
0.000154964
-6.23311e-12
0.000154964
-8.91527e-12
0.000154964
-1.16755e-11
0.000154964
-1.1288e-11
0.000154964
-1.14563e-11
0.000154964
-1.06034e-11
0.000154964
-1.21672e-11
0.000154964
-1.42347e-11
0.000154964
-1.61527e-11
-1.70274e-11
0.000152227
8.79082e-11
0.000152227
9.69988e-11
0.000152227
1.17968e-10
0.000152227
1.3534e-10
0.000152227
1.48223e-10
0.000152227
1.55363e-10
0.000152227
1.64674e-10
0.000152227
1.64605e-10
0.000152227
1.57368e-10
0.000152227
1.48273e-10
0.000152227
1.37705e-10
0.000152227
1.24163e-10
0.000152227
1.09166e-10
0.000152227
9.60306e-11
0.000152227
8.54032e-11
0.000152227
7.45663e-11
0.000152227
6.24993e-11
0.000152227
5.22446e-11
0.000152227
4.51566e-11
0.000152227
3.9015e-11
0.000152227
3.32186e-11
0.000152227
2.90231e-11
0.000152227
2.54914e-11
0.000152227
2.07189e-11
0.000152227
1.51881e-11
0.000152227
1.10407e-11
0.000152227
7.91879e-12
0.000152227
4.02187e-12
0.000152227
4.71307e-13
0.000152227
-5.43243e-13
0.000152227
5.36536e-14
0.000152227
9.54231e-13
0.000152227
2.90313e-12
0.000152227
5.7797e-12
0.000152227
7.51515e-12
0.000152227
7.04003e-12
0.000152227
5.8124e-12
0.000152227
5.25839e-12
0.000152227
4.52309e-12
0.000152227
2.81972e-12
0.000152227
1.48736e-12
0.000152227
1.70715e-12
0.000152227
1.97215e-12
0.000152227
1.072e-12
0.000152227
5.15728e-13
0.000152227
1.26831e-12
0.000152227
2.08756e-12
0.000152227
1.7546e-12
0.000152227
1.808e-12
0.000152227
3.32873e-12
0.000152227
4.16746e-12
0.000152227
2.51396e-12
0.000152227
1.44094e-13
0.000152227
-1.08191e-12
0.000152227
-1.99202e-12
0.000152227
-2.88793e-12
0.000152227
-2.09962e-12
0.000152227
4.73051e-13
0.000152227
2.11561e-12
0.000152227
1.80719e-12
0.000152227
1.68658e-12
0.000152227
2.76312e-12
0.000152227
3.20277e-12
0.000152227
2.30292e-12
0.000152227
1.86021e-12
0.000152227
2.17823e-12
0.000152227
1.59604e-12
0.000152227
-1.27549e-13
0.000152227
-1.26279e-12
0.000152227
-1.6533e-12
0.000152227
-2.68352e-12
0.000152227
-4.09528e-12
0.000152227
-4.17276e-12
0.000152227
-3.25467e-12
0.000152227
-3.34817e-12
0.000152227
-4.42899e-12
0.000152227
-4.62304e-12
0.000152227
-3.68943e-12
0.000152227
-3.35538e-12
0.000152227
-4.03024e-12
0.000152227
-4.83179e-12
0.000152227
-5.79344e-12
0.000152227
-7.66353e-12
0.000152227
-9.64158e-12
0.000152227
-9.91194e-12
0.000152227
-8.73607e-12
0.000152227
-7.95928e-12
0.000152227
-7.64692e-12
0.000152227
-6.03506e-12
0.000152227
-3.53543e-12
0.000152227
-2.39291e-12
0.000152227
-2.21473e-12
0.000152227
-8.82886e-13
0.000152227
1.33703e-12
0.000152227
3.13162e-12
0.000152227
5.59393e-12
0.000152227
9.79047e-12
0.000152227
1.33572e-11
0.000152227
1.43378e-11
0.000152227
1.44127e-11
0.000152227
1.50058e-11
0.000152227
1.46027e-11
0.000152227
1.24295e-11
0.000152227
1.04158e-11
0.000152227
9.25649e-12
0.000152227
7.95778e-12
0.000152227
6.52877e-12
0.000152227
5.71695e-12
0.000152227
5.00025e-12
0.000152227
3.3382e-12
0.000152227
1.01313e-12
0.000152227
-8.60467e-13
0.000152227
-1.49671e-12
0.000152227
-1.22689e-12
0.000152227
-8.95592e-13
0.000152227
-4.15267e-13
0.000152227
9.08837e-13
0.000152227
2.43017e-12
0.000152227
2.6302e-12
0.000152227
1.92774e-12
0.000152227
1.7313e-12
0.000152227
1.65881e-12
0.000152227
7.7938e-13
0.000152227
2.72469e-13
0.000152227
6.71009e-13
0.000152227
1.21177e-13
0.000152227
-1.4187e-12
0.000152227
-1.67373e-12
0.000152227
-1.43711e-12
0.000152227
-3.8068e-12
0.000152227
-7.12962e-12
0.000152227
-8.04085e-12
0.000152227
-7.85715e-12
0.000152227
-9.93494e-12
0.000152227
-1.32215e-11
0.000152227
-1.41518e-11
0.000152227
-1.3709e-11
0.000152227
-1.41103e-11
0.000152227
-1.29762e-11
0.000152227
-1.04966e-11
0.000152227
-9.49204e-12
0.000152227
-1.18086e-11
0.000152227
-1.16336e-11
0.000152227
-1.24768e-11
0.000152227
-1.33264e-11
0.000152227
-1.34028e-11
0.000152227
-1.41865e-11
0.000152227
-1.39159e-11
0.000152227
-1.42068e-11
-1.39145e-11
0.000144015
9.32646e-11
0.000144015
1.02168e-10
0.000144015
1.2379e-10
0.000144015
1.41421e-10
0.000144015
1.53053e-10
0.000144015
1.67863e-10
0.000144015
1.73857e-10
0.000144015
1.68499e-10
0.000144015
1.58098e-10
0.000144015
1.44234e-10
0.000144015
1.29456e-10
0.000144015
1.15898e-10
0.000144015
1.03713e-10
0.000144015
9.16282e-11
0.000144015
8.03249e-11
0.000144015
7.02964e-11
0.000144015
6.04919e-11
0.000144015
5.19537e-11
0.000144015
4.61942e-11
0.000144015
4.1201e-11
0.000144015
3.49268e-11
0.000144015
2.85786e-11
0.000144015
2.36959e-11
0.000144015
1.93407e-11
0.000144015
1.45512e-11
0.000144015
1.05065e-11
0.000144015
8.21671e-12
0.000144015
6.14648e-12
0.000144015
3.57175e-12
0.000144015
2.31757e-12
0.000144015
2.81793e-12
0.000144015
3.1035e-12
0.000144015
2.79777e-12
0.000144015
3.01551e-12
0.000144015
4.16803e-12
0.000144015
5.11893e-12
0.000144015
4.99216e-12
0.000144015
4.49418e-12
0.000144015
4.22839e-12
0.000144015
3.04312e-12
0.000144015
5.66978e-13
0.000144015
-1.30917e-12
0.000144015
-1.72997e-12
0.000144015
-1.88735e-12
0.000144015
-2.2561e-12
0.000144015
-1.7324e-12
0.000144015
-1.55941e-13
0.000144015
5.08242e-13
0.000144015
-3.06468e-13
0.000144015
-7.25725e-13
0.000144015
3.2425e-13
0.000144015
1.24394e-12
0.000144015
1.40711e-12
0.000144015
2.23236e-12
0.000144015
3.63568e-12
0.000144015
3.97521e-12
0.000144015
3.37713e-12
0.000144015
3.3863e-12
0.000144015
4.08016e-12
0.000144015
4.09179e-12
0.000144015
3.9599e-12
0.000144015
5.1968e-12
0.000144015
6.77444e-12
0.000144015
6.44015e-12
0.000144015
4.07329e-12
0.000144015
1.6731e-12
0.000144015
-2.51899e-13
0.000144015
-2.12109e-12
0.000144015
-3.39282e-12
0.000144015
-3.39411e-12
0.000144015
-3.37683e-12
0.000144015
-4.68795e-12
0.000144015
-6.30138e-12
0.000144015
-6.61592e-12
0.000144015
-6.05967e-12
0.000144015
-5.95828e-12
0.000144015
-5.8895e-12
0.000144015
-4.77588e-12
0.000144015
-3.25725e-12
0.000144015
-2.70152e-12
0.000144015
-3.3238e-12
0.000144015
-4.64498e-12
0.000144015
-6.7919e-12
0.000144015
-9.72143e-12
0.000144015
-1.1836e-11
0.000144015
-1.15115e-11
0.000144015
-9.79818e-12
0.000144015
-8.98682e-12
0.000144015
-8.93465e-12
0.000144015
-8.2712e-12
0.000144015
-7.65589e-12
0.000144015
-7.83251e-12
0.000144015
-7.05395e-12
0.000144015
-3.88433e-12
0.000144015
3.79908e-13
0.000144015
4.59868e-12
0.000144015
9.57825e-12
0.000144015
1.47164e-11
0.000144015
1.73835e-11
0.000144015
1.70454e-11
0.000144015
1.60201e-11
0.000144015
1.53582e-11
0.000144015
1.40639e-11
0.000144015
1.24842e-11
0.000144015
1.14686e-11
0.000144015
1.04965e-11
0.000144015
8.88999e-12
0.000144015
6.97581e-12
0.000144015
5.09542e-12
0.000144015
2.82805e-12
0.000144015
7.29377e-14
0.000144015
-2.42704e-12
0.000144015
-3.62478e-12
0.000144015
-3.01919e-12
0.000144015
-1.55168e-12
0.000144015
-6.59237e-13
0.000144015
-3.73792e-13
0.000144015
-1.08311e-13
0.000144015
-2.85259e-13
0.000144015
-8.79159e-13
0.000144015
-3.99507e-13
0.000144015
1.70522e-12
0.000144015
3.32312e-12
0.000144015
3.33764e-12
0.000144015
3.68325e-12
0.000144015
4.9661e-12
0.000144015
5.18813e-12
0.000144015
3.19723e-12
0.000144015
-2.97513e-14
0.000144015
-3.28035e-12
0.000144015
-5.66734e-12
0.000144015
-7.16027e-12
0.000144015
-9.23207e-12
0.000144015
-1.26566e-11
0.000144015
-1.61602e-11
0.000144015
-1.70643e-11
0.000144015
-1.48792e-11
0.000144015
-1.3896e-11
0.000144015
-1.51963e-11
0.000144015
-1.67675e-11
0.000144015
-1.681e-11
0.000144015
-1.72213e-11
0.000144015
-1.26457e-11
0.000144015
-1.09766e-11
0.000144015
-1.22175e-11
0.000144015
-1.23595e-11
0.000144015
-1.08105e-11
0.000144015
-1.25203e-11
0.000144015
-1.31751e-11
-1.12174e-11
0.000130322
8.16183e-11
0.000130322
9.75478e-11
0.000130322
1.18872e-10
0.000130323
1.38609e-10
0.000130323
1.48455e-10
0.000130323
1.57206e-10
0.000130323
1.53362e-10
0.000130323
1.42339e-10
0.000130323
1.32117e-10
0.000130323
1.21882e-10
0.000130323
1.10117e-10
0.000130323
9.83349e-11
0.000130323
8.81095e-11
0.000130323
7.83877e-11
0.000130323
6.89527e-11
0.000130323
6.11046e-11
0.000130323
5.4104e-11
0.000130323
4.69503e-11
0.000130323
4.05094e-11
0.000130323
3.45445e-11
0.000130323
2.79474e-11
0.000130323
2.17167e-11
0.000130323
1.76559e-11
0.000130323
1.55083e-11
0.000130323
1.33247e-11
0.000130323
1.06569e-11
0.000130323
8.78175e-12
0.000130323
7.67381e-12
0.000130323
6.52727e-12
0.000130323
6.5655e-12
0.000130323
8.45723e-12
0.000130323
1.04389e-11
0.000130323
1.07353e-11
0.000130323
9.9044e-12
0.000130323
9.46477e-12
0.000130323
9.50204e-12
0.000130323
8.52124e-12
0.000130323
5.70838e-12
0.000130323
2.22151e-12
0.000130323
-8.73569e-13
0.000130323
-3.44252e-12
0.000130323
-4.82754e-12
0.000130323
-4.42085e-12
0.000130323
-3.27541e-12
0.000130323
-3.08855e-12
0.000130323
-3.56078e-12
0.000130323
-3.2268e-12
0.000130323
-2.34117e-12
0.000130323
-2.09393e-12
0.000130323
-2.16045e-12
0.000130323
-1.29272e-12
0.000130323
2.34104e-13
0.000130323
1.25197e-12
0.000130323
2.18688e-12
0.000130323
3.33357e-12
0.000130323
4.1085e-12
0.000130323
4.18335e-12
0.000130323
5.00242e-12
0.000130323
7.21079e-12
0.000130323
9.07743e-12
0.000130323
8.99176e-12
0.000130323
7.81965e-12
0.000130323
6.9775e-12
0.000130323
6.29287e-12
0.000130323
5.19897e-12
0.000130323
4.17539e-12
0.000130323
3.37297e-12
0.000130323
2.25829e-12
0.000130323
1.10219e-12
0.000130323
1.09285e-12
0.000130323
2.07286e-12
0.000130323
2.19555e-12
0.000130323
4.48911e-13
0.000130323
-1.63527e-12
0.000130323
-2.47723e-12
0.000130323
-2.36957e-12
0.000130323
-2.00587e-12
0.000130323
-1.57449e-12
0.000130323
-1.50134e-12
0.000130323
-2.54491e-12
0.000130323
-4.57101e-12
0.000130323
-6.50839e-12
0.000130323
-7.85835e-12
0.000130323
-9.2722e-12
0.000130323
-1.07415e-11
0.000130323
-1.0867e-11
0.000130323
-8.82929e-12
0.000130323
-6.93533e-12
0.000130323
-6.61559e-12
0.000130323
-7.02434e-12
0.000130323
-7.0873e-12
0.000130323
-6.73002e-12
0.000130323
-5.25849e-12
0.000130323
-1.76187e-12
0.000130323
2.53981e-12
0.000130323
5.27811e-12
0.000130323
6.52485e-12
0.000130323
7.97381e-12
0.000130323
9.29466e-12
0.000130323
9.13559e-12
0.000130323
8.02722e-12
0.000130323
7.28197e-12
0.000130323
6.699e-12
0.000130323
6.31993e-12
0.000130323
6.42746e-12
0.000130323
6.48455e-12
0.000130323
5.33769e-12
0.000130323
2.79484e-12
0.000130323
-1.63229e-13
0.000130323
-2.51801e-12
0.000130323
-3.87497e-12
0.000130323
-4.42061e-12
0.000130323
-4.48289e-12
0.000130323
-3.76294e-12
0.000130323
-2.16173e-12
0.000130323
-8.25578e-13
0.000130323
-8.9253e-13
0.000130323
-1.64987e-12
0.000130323
-1.97676e-12
0.000130323
-1.7511e-12
0.000130323
-6.70595e-13
0.000130323
1.72557e-12
0.000130323
3.99358e-12
0.000130323
4.16584e-12
0.000130323
3.17112e-12
0.000130323
2.88539e-12
0.000130323
2.2189e-12
0.000130323
-6.06382e-13
0.000130323
-4.22709e-12
0.000130323
-6.18692e-12
0.000130323
-7.96918e-12
0.000130323
-1.19521e-11
0.000130323
-1.66745e-11
0.000130323
-1.72459e-11
0.000130323
-1.35067e-11
0.000130323
-1.19761e-11
0.000130323
-1.48601e-11
0.000130323
-1.8263e-11
0.000130323
-2.12227e-11
0.000130323
-2.19583e-11
0.000130323
-2.14208e-11
0.000130323
-1.89541e-11
0.000130323
-1.7956e-11
0.000130323
-1.3337e-11
0.000130323
-1.06447e-11
0.000130323
-1.30326e-11
0.000130323
-1.53561e-11
0.000130323
-1.31156e-11
0.000130323
-8.41505e-12
-9.43118e-12
0.000111145
6.73943e-11
0.000111145
7.78665e-11
0.000111145
9.37586e-11
0.000111145
1.06999e-10
0.000111145
1.17123e-10
0.000111145
1.18556e-10
0.000111145
1.12752e-10
0.000111145
1.03662e-10
0.000111145
9.28604e-11
0.000111145
8.10396e-11
0.000111145
7.12043e-11
0.000111145
6.54514e-11
0.000111145
6.33981e-11
0.000111145
6.23058e-11
0.000111145
5.94792e-11
0.000111145
5.49753e-11
0.000111145
4.87926e-11
0.000111145
4.02903e-11
0.000111145
3.14724e-11
0.000111145
2.49136e-11
0.000111145
2.05592e-11
0.000111145
1.75925e-11
0.000111145
1.61971e-11
0.000111145
1.63646e-11
0.000111145
1.66831e-11
0.000111145
1.57228e-11
0.000111145
1.42381e-11
0.000111145
1.31641e-11
0.000111145
1.1658e-11
0.000111145
9.74712e-12
0.000111145
8.71869e-12
0.000111145
9.01254e-12
0.000111145
9.91565e-12
0.000111145
1.10028e-11
0.000111145
1.19198e-11
0.000111145
1.19026e-11
0.000111145
9.93124e-12
0.000111145
5.69316e-12
0.000111145
5.95786e-13
0.000111145
-3.35575e-12
0.000111145
-5.91694e-12
0.000111145
-7.14115e-12
0.000111145
-7.03404e-12
0.000111145
-6.06255e-12
0.000111145
-5.61455e-12
0.000111145
-6.30612e-12
0.000111145
-6.8986e-12
0.000111145
-6.2283e-12
0.000111145
-4.88329e-12
0.000111145
-3.59799e-12
0.000111145
-2.10098e-12
0.000111145
-4.28691e-13
0.000111145
3.68169e-13
0.000111145
7.66185e-13
0.000111145
2.30556e-12
0.000111145
5.17864e-12
0.000111145
7.58495e-12
0.000111145
8.73583e-12
0.000111145
9.41662e-12
0.000111145
9.916e-12
0.000111145
9.57985e-12
0.000111145
8.74401e-12
0.000111145
8.61841e-12
0.000111145
9.25724e-12
0.000111145
9.69233e-12
0.000111145
1.0018e-11
0.000111145
1.08442e-11
0.000111145
1.13589e-11
0.000111145
1.01972e-11
0.000111145
7.62533e-12
0.000111145
5.01393e-12
0.000111145
2.77578e-12
0.000111145
5.12751e-13
0.000111145
-1.54618e-12
0.000111145
-2.49921e-12
0.000111145
-2.54494e-12
0.000111145
-2.46578e-12
0.000111145
-2.3594e-12
0.000111145
-2.04363e-12
0.000111145
-2.17496e-12
0.000111145
-3.42518e-12
0.000111145
-5.26626e-12
0.000111145
-6.55214e-12
0.000111145
-7.16649e-12
0.000111145
-7.97603e-12
0.000111145
-9.04832e-12
0.000111145
-9.28754e-12
0.000111145
-8.90267e-12
0.000111145
-8.80993e-12
0.000111145
-8.7006e-12
0.000111145
-7.67354e-12
0.000111145
-6.26313e-12
0.000111145
-5.26112e-12
0.000111145
-3.94446e-12
0.000111145
-1.6426e-12
0.000111145
3.20279e-13
0.000111145
8.37361e-13
0.000111145
8.92795e-13
0.000111145
1.49486e-12
0.000111145
2.11806e-12
0.000111145
2.63386e-12
0.000111145
3.94029e-12
0.000111145
5.57552e-12
0.000111145
6.32948e-12
0.000111145
6.30323e-12
0.000111145
6.11658e-12
0.000111145
5.58165e-12
0.000111145
4.19617e-12
0.000111145
2.11362e-12
0.000111145
2.03795e-14
0.000111145
-1.36695e-12
0.000111145
-1.89995e-12
0.000111145
-2.10158e-12
0.000111145
-2.21227e-12
0.000111145
-2.17153e-12
0.000111145
-2.58916e-12
0.000111145
-3.9486e-12
0.000111145
-4.90696e-12
0.000111145
-3.8071e-12
0.000111145
-1.57182e-12
0.000111145
8.91162e-14
0.000111145
1.84918e-12
0.000111145
4.7076e-12
0.000111145
7.24132e-12
0.000111145
8.02524e-12
0.000111145
7.78729e-12
0.000111145
6.83011e-12
0.000111145
3.88036e-12
0.000111145
-1.36884e-12
0.000111145
-7.79351e-12
0.000111145
-1.37852e-11
0.000111145
-1.71549e-11
0.000111145
-1.64412e-11
0.000111145
-1.32492e-11
0.000111145
-1.25778e-11
0.000111145
-1.66268e-11
0.000111145
-2.03149e-11
0.000111145
-2.12798e-11
0.000111145
-1.94165e-11
0.000111145
-1.48604e-11
0.000111145
-1.436e-11
0.000111145
-1.18546e-11
0.000111145
-1.31274e-11
0.000111145
-1.22554e-11
0.000111145
-1.21582e-11
0.000111145
-9.88441e-12
0.000111145
-8.41124e-12
0.000111145
-8.32153e-12
0.000111145
-8.5818e-12
-1.12897e-11
8.64734e-05
4.23906e-11
8.64735e-05
5.2503e-11
8.64735e-05
6.20278e-11
8.64735e-05
6.55297e-11
8.64736e-05
7.1412e-11
8.64736e-05
7.30322e-11
8.64737e-05
6.91365e-11
8.64737e-05
6.00276e-11
8.64738e-05
5.03709e-11
8.64738e-05
4.48298e-11
8.64738e-05
4.33408e-11
8.64739e-05
4.30935e-11
8.64739e-05
4.22776e-11
8.64739e-05
3.96283e-11
8.64739e-05
3.37431e-11
8.64739e-05
2.6652e-11
8.6474e-05
2.14272e-11
8.6474e-05
1.74527e-11
8.6474e-05
1.35656e-11
8.6474e-05
1.10542e-11
8.6474e-05
1.04966e-11
8.6474e-05
1.0312e-11
8.6474e-05
9.49377e-12
8.6474e-05
8.60382e-12
8.6474e-05
7.99763e-12
8.6474e-05
7.04347e-12
8.6474e-05
6.07109e-12
8.6474e-05
5.95003e-12
8.6474e-05
6.33247e-12
8.6474e-05
6.41758e-12
8.64741e-05
6.64912e-12
8.64741e-05
7.47313e-12
8.64741e-05
8.03366e-12
8.64741e-05
7.65236e-12
8.64741e-05
6.05264e-12
8.64741e-05
3.45637e-12
8.64741e-05
5.36437e-13
8.64741e-05
-1.94007e-12
8.64741e-05
-3.19971e-12
8.64741e-05
-2.76079e-12
8.64741e-05
-1.61564e-12
8.64741e-05
-1.28435e-12
8.64741e-05
-1.93635e-12
8.64741e-05
-2.61e-12
8.64741e-05
-2.92224e-12
8.64741e-05
-3.42467e-12
8.64741e-05
-3.70264e-12
8.64741e-05
-2.63221e-12
8.64741e-05
-4.19485e-13
8.64741e-05
1.21806e-12
8.64741e-05
1.87677e-12
8.64741e-05
2.33961e-12
8.64741e-05
2.62334e-12
8.64741e-05
3.13854e-12
8.64741e-05
4.7261e-12
8.64741e-05
7.80168e-12
8.64741e-05
1.04317e-11
8.64741e-05
1.06704e-11
8.64741e-05
8.89438e-12
8.64741e-05
7.30268e-12
8.64741e-05
6.87315e-12
8.64741e-05
7.05648e-12
8.64741e-05
7.47753e-12
8.64741e-05
7.8463e-12
8.64741e-05
7.20873e-12
8.64741e-05
5.20311e-12
8.64741e-05
2.92196e-12
8.64741e-05
1.47904e-12
8.64741e-05
5.08736e-14
8.64741e-05
-2.12712e-12
8.64741e-05
-4.28727e-12
8.64741e-05
-5.07834e-12
8.64741e-05
-4.55237e-12
8.64741e-05
-3.73062e-12
8.64741e-05
-3.1128e-12
8.64741e-05
-2.79894e-12
8.64741e-05
-3.08566e-12
8.64741e-05
-3.84725e-12
8.64741e-05
-3.99752e-12
8.64741e-05
-3.20288e-12
8.64741e-05
-2.61351e-12
8.64741e-05
-3.27673e-12
8.64741e-05
-4.63514e-12
8.64741e-05
-5.48743e-12
8.64741e-05
-6.01165e-12
8.64741e-05
-6.96602e-12
8.64741e-05
-7.95701e-12
8.64741e-05
-8.49295e-12
8.64741e-05
-8.97502e-12
8.64741e-05
-9.34588e-12
8.6474e-05
-8.61873e-12
8.6474e-05
-6.7724e-12
8.6474e-05
-5.09008e-12
8.6474e-05
-3.85135e-12
8.6474e-05
-2.01085e-12
8.64741e-05
2.27947e-13
8.64741e-05
1.65518e-12
8.64741e-05
1.94963e-12
8.64741e-05
1.89005e-12
8.64741e-05
1.84148e-12
8.6474e-05
1.92555e-12
8.6474e-05
2.727e-12
8.6474e-05
4.16809e-12
8.6474e-05
5.23412e-12
8.6474e-05
5.40632e-12
8.6474e-05
5.03768e-12
8.6474e-05
4.49759e-12
8.6474e-05
3.86589e-12
8.6474e-05
2.82945e-12
8.6474e-05
1.1196e-12
8.6474e-05
-5.52931e-13
8.6474e-05
-1.07356e-12
8.6474e-05
-5.07896e-13
8.64741e-05
2.65621e-13
8.64741e-05
9.89266e-13
8.64741e-05
1.36302e-12
8.64741e-05
9.95542e-13
8.64741e-05
6.81059e-13
8.64741e-05
1.63243e-12
8.64741e-05
3.03123e-12
8.64741e-05
3.36208e-12
8.64741e-05
3.6986e-12
8.64741e-05
5.29752e-12
8.64741e-05
6.66408e-12
8.64741e-05
6.52442e-12
8.64741e-05
6.45038e-12
8.64741e-05
6.49803e-12
8.64741e-05
3.28931e-12
8.64741e-05
-3.79554e-12
8.64741e-05
-9.80634e-12
8.64741e-05
-1.01401e-11
8.64741e-05
-6.84529e-12
8.64741e-05
-7.36334e-12
8.64741e-05
-1.39499e-11
8.64741e-05
-1.98639e-11
8.6474e-05
-2.06607e-11
8.6474e-05
-1.65962e-11
8.6474e-05
-1.08435e-11
8.6474e-05
-8.41923e-12
8.6474e-05
-1.06901e-11
8.6474e-05
-1.42946e-11
8.6474e-05
-1.47305e-11
8.6474e-05
-1.15939e-11
8.6474e-05
-7.93623e-12
8.6474e-05
-9.55481e-12
8.6474e-05
-1.09248e-11
8.6474e-05
-5.56662e-12
8.6474e-05
-4.60436e-12
8.6474e-05
-1.2623e-11
-7.85267e-12
5.62984e-05
1.79706e-11
5.62984e-05
2.11382e-11
5.62984e-05
2.59272e-11
5.62985e-05
3.15077e-11
5.62985e-05
3.20954e-11
5.62986e-05
2.75448e-11
5.62986e-05
2.26428e-11
5.62986e-05
1.94694e-11
5.62987e-05
1.91641e-11
5.62987e-05
2.18992e-11
5.62987e-05
2.39546e-11
5.62988e-05
2.18084e-11
5.62988e-05
1.69576e-11
5.62988e-05
1.35096e-11
5.62988e-05
1.15564e-11
5.62988e-05
1.03491e-11
5.62988e-05
1.04429e-11
5.62989e-05
1.13556e-11
5.62989e-05
1.07557e-11
5.62989e-05
8.7442e-12
5.62989e-05
7.13956e-12
5.62989e-05
6.40085e-12
5.62989e-05
5.83978e-12
5.62989e-05
5.60327e-12
5.62989e-05
5.68038e-12
5.62989e-05
5.30413e-12
5.62989e-05
4.44437e-12
5.62989e-05
4.4913e-12
5.62989e-05
5.84817e-12
5.62989e-05
7.09135e-12
5.62989e-05
7.19044e-12
5.62989e-05
6.56764e-12
5.62989e-05
5.74084e-12
5.62989e-05
4.58407e-12
5.62989e-05
3.05713e-12
5.62989e-05
1.67539e-12
5.62989e-05
8.11814e-13
5.62989e-05
3.93122e-13
5.62989e-05
2.86007e-13
5.62989e-05
6.95261e-13
5.62989e-05
1.75415e-12
5.62989e-05
2.60326e-12
5.62989e-05
2.31236e-12
5.62989e-05
1.35159e-12
5.62989e-05
8.69596e-13
5.62989e-05
1.09785e-12
5.62989e-05
1.45066e-12
5.62989e-05
1.83649e-12
5.62989e-05
2.39776e-12
5.62989e-05
2.48714e-12
5.62989e-05
2.04651e-12
5.62989e-05
2.15444e-12
5.62989e-05
3.04041e-12
5.62989e-05
3.59876e-12
5.6299e-05
3.12287e-12
5.6299e-05
2.37409e-12
5.6299e-05
2.205e-12
5.6299e-05
2.39163e-12
5.6299e-05
2.31689e-12
5.6299e-05
2.05194e-12
5.6299e-05
1.95697e-12
5.6299e-05
1.91195e-12
5.6299e-05
2.05614e-12
5.6299e-05
2.75741e-12
5.6299e-05
3.56328e-12
5.6299e-05
3.21219e-12
5.6299e-05
1.52995e-12
5.6299e-05
-1.07799e-13
5.6299e-05
-7.67989e-13
5.6299e-05
-7.91054e-13
5.6299e-05
-7.97002e-13
5.6299e-05
-8.28593e-13
5.6299e-05
-6.74497e-13
5.6299e-05
-5.6793e-13
5.6299e-05
-4.6046e-13
5.6299e-05
-1.35026e-13
5.6299e-05
1.66853e-13
5.6299e-05
-2.4657e-13
5.6299e-05
-1.42206e-12
5.6299e-05
-2.3059e-12
5.6299e-05
-2.54194e-12
5.6299e-05
-2.88026e-12
5.6299e-05
-3.6645e-12
5.6299e-05
-4.07252e-12
5.6299e-05
-3.50899e-12
5.62989e-05
-2.79584e-12
5.62989e-05
-2.60253e-12
5.62989e-05
-2.71184e-12
5.62989e-05
-3.27108e-12
5.62989e-05
-4.46368e-12
5.62989e-05
-4.98753e-12
5.62989e-05
-3.47864e-12
5.62989e-05
-8.44871e-13
5.62989e-05
1.02628e-12
5.62989e-05
1.82519e-12
5.62989e-05
2.06313e-12
5.62989e-05
1.73365e-12
5.62989e-05
9.18226e-13
5.62989e-05
2.34735e-13
5.62989e-05
-1.79899e-13
5.62989e-05
-8.86527e-13
5.62989e-05
-1.70086e-12
5.62989e-05
-1.8449e-12
5.62989e-05
-1.28167e-12
5.62989e-05
-5.88418e-13
5.62989e-05
-1.52649e-13
5.62989e-05
-2.78422e-13
5.62989e-05
-8.58237e-13
5.62989e-05
-1.16211e-12
5.62989e-05
-1.06599e-12
5.62989e-05
-1.19457e-12
5.62989e-05
-1.25781e-12
5.62989e-05
-9.21281e-13
5.62989e-05
-8.63262e-13
5.62989e-05
-1.44203e-12
5.62989e-05
-1.63602e-12
5.62989e-05
-1.17842e-12
5.62989e-05
-1.19698e-12
5.62989e-05
-1.90368e-12
5.62989e-05
-2.00683e-12
5.62989e-05
-9.19902e-13
5.6299e-05
2.84528e-13
5.6299e-05
6.52013e-13
5.6299e-05
3.47827e-13
5.6299e-05
2.91281e-13
5.6299e-05
6.64582e-13
5.62989e-05
-4.06519e-13
5.62989e-05
-4.04257e-12
5.62989e-05
-6.81682e-12
5.62989e-05
-4.59832e-12
5.62989e-05
-3.20476e-13
5.62989e-05
-1.35653e-12
5.62989e-05
-6.87721e-12
5.62989e-05
-9.65748e-12
5.62989e-05
-8.16745e-12
5.62989e-05
-4.55823e-12
5.62989e-05
-3.76038e-12
5.62989e-05
-5.5681e-12
5.62989e-05
-5.72956e-12
5.62989e-05
-6.01669e-12
5.62989e-05
-4.23217e-12
5.62989e-05
-3.28681e-12
5.62989e-05
-3.51915e-12
5.62989e-05
-5.83138e-12
5.62989e-05
-4.70928e-12
5.62989e-05
-1.19359e-12
5.62989e-05
-2.24945e-12
5.62989e-05
-3.37445e-12
5.62989e-05
9.96713e-14
3.99348e-12
2.06084e-05
2.06085e-05
2.06085e-05
2.06085e-05
2.06085e-05
2.06085e-05
2.06085e-05
2.06085e-05
2.06086e-05
2.06086e-05
2.06086e-05
2.06086e-05
2.06086e-05
2.06086e-05
2.06086e-05
2.06086e-05
2.06086e-05
2.06086e-05
2.06086e-05
2.06087e-05
2.06087e-05
2.06087e-05
2.06087e-05
2.06087e-05
2.06087e-05
2.06087e-05
2.06087e-05
2.06087e-05
2.06087e-05
2.06087e-05
2.06087e-05
2.06087e-05
2.06087e-05
2.06087e-05
2.06087e-05
2.06087e-05
2.06087e-05
2.06087e-05
2.06087e-05
2.06087e-05
2.06087e-05
2.06087e-05
2.06087e-05
2.06087e-05
2.06087e-05
2.06087e-05
2.06087e-05
2.06087e-05
2.06087e-05
2.06087e-05
2.06087e-05
2.06087e-05
2.06087e-05
2.06087e-05
2.06087e-05
2.06087e-05
2.06087e-05
2.06087e-05
2.06087e-05
2.06087e-05
2.06087e-05
2.06087e-05
2.06087e-05
2.06087e-05
2.06087e-05
2.06088e-05
2.06088e-05
2.06088e-05
2.06087e-05
2.06087e-05
2.06087e-05
2.06087e-05
2.06087e-05
2.06087e-05
2.06087e-05
2.06087e-05
2.06087e-05
2.06087e-05
2.06087e-05
2.06087e-05
2.06087e-05
2.06087e-05
2.06087e-05
2.06087e-05
2.06087e-05
2.06087e-05
2.06087e-05
2.06087e-05
2.06087e-05
2.06087e-05
2.06087e-05
2.06087e-05
2.06087e-05
2.06087e-05
2.06087e-05
2.06087e-05
2.06087e-05
2.06087e-05
2.06087e-05
2.06087e-05
2.06087e-05
2.06087e-05
2.06087e-05
2.06087e-05
2.06087e-05
2.06087e-05
2.06087e-05
2.06087e-05
2.06087e-05
2.06087e-05
2.06087e-05
2.06087e-05
2.06087e-05
2.06087e-05
2.06087e-05
2.06087e-05
2.06087e-05
2.06087e-05
2.06087e-05
2.06087e-05
2.06087e-05
2.06087e-05
2.06087e-05
2.06087e-05
2.06087e-05
2.06087e-05
2.06087e-05
2.06087e-05
2.06087e-05
2.06087e-05
2.06087e-05
2.06087e-05
2.06087e-05
2.06087e-05
2.06087e-05
2.06087e-05
2.06087e-05
2.06087e-05
2.06087e-05
2.06087e-05
2.06087e-05
2.06087e-05
2.06087e-05
2.06087e-05
2.06087e-05
2.06087e-05
2.06086e-05
2.06086e-05
2.06086e-05
)
;

boundaryField
{
    inlet
    {
        type            calculated;
        value           nonuniform List<scalar> 
15
(
-2.06083e-05
-5.6298e-05
-8.64729e-05
-0.000111144
-0.000130322
-0.000144014
-0.000152227
-0.000154964
-0.000152227
-0.000144015
-0.000130322
-0.000111145
-8.64734e-05
-5.62983e-05
-2.06084e-05
)
;
    }
    outlet
    {
        type            calculated;
        value           nonuniform List<scalar> 
15
(
2.06084e-05
5.62981e-05
8.64728e-05
0.000111144
0.000130321
0.000144014
0.000152227
0.000154964
0.000152227
0.000144015
0.000130323
0.000111145
8.6474e-05
5.62989e-05
2.06086e-05
)
;
    }
    walls
    {
        type            calculated;
        value           uniform 0;
    }
    frontAndBack
    {
        type            empty;
    }
}


// ************************************************************************* //
