/*--------------------------------*- C++ -*----------------------------------*\
| =========                 |                                                 |
| \\      /  F ield         | OpenFOAM: The Open Source CFD Toolbox           |
|  \\    /   O peration     | Version:  2406                                  |
|   \\  /    A nd           | Website:  www.openfoam.com                      |
|    \\/     M anipulation  |                                                 |
\*---------------------------------------------------------------------------*/
FoamFile
{
    version     2.0;
    format      ascii;
    arch        "LSB;label=32;scalar=64";
    class       surfaceScalarField;
    location    "0.3";
    object      phi;
}
// * * * * * * * * * * * * * * * * * * * * * * * * * * * * * * * * * * * * * //

dimensions      [0 3 -1 0 0 0 0];

oriented        oriented;

internalField   nonuniform List<scalar> 
4335
(
1.62305e-06
-9.0714e-13
1.62305e-06
-1.37694e-12
1.62305e-06
-5.94867e-13
1.62305e-06
-8.64545e-13
1.62305e-06
-2.60931e-13
1.62305e-06
-2.04026e-13
1.62305e-06
-7.74456e-13
1.62305e-06
-6.57094e-13
1.62305e-06
-7.3488e-14
1.62305e-06
4.12713e-13
1.62305e-06
2.26292e-13
1.62305e-06
-2.19976e-13
1.62305e-06
-3.75553e-13
1.62305e-06
-2.89387e-13
1.62305e-06
-2.66962e-13
1.62305e-06
-2.78115e-13
1.62305e-06
-1.65834e-13
1.62305e-06
-8.31678e-14
1.62305e-06
-7.79204e-14
1.62305e-06
-2.17681e-13
1.62305e-06
-4.50875e-13
1.62305e-06
-5.03062e-13
1.62305e-06
-2.16955e-13
1.62305e-06
1.12165e-13
1.62305e-06
1.88143e-13
1.62305e-06
1.6096e-14
1.62305e-06
-2.15605e-13
1.62305e-06
-2.93542e-13
1.62305e-06
-9.6526e-14
1.62305e-06
2.481e-13
1.62305e-06
4.99484e-13
1.62305e-06
4.66931e-13
1.62305e-06
2.29916e-13
1.62305e-06
-3.62741e-15
1.62305e-06
-8.66418e-14
1.62305e-06
-8.36524e-14
1.62305e-06
-1.23063e-13
1.62305e-06
-1.9922e-13
1.62305e-06
-2.16264e-13
1.62305e-06
-8.80311e-14
1.62305e-06
1.21313e-13
1.62305e-06
2.63682e-13
1.62305e-06
2.72581e-13
1.62305e-06
1.99336e-13
1.62305e-06
1.57215e-13
1.62305e-06
1.96076e-13
1.62305e-06
2.72774e-13
1.62305e-06
3.31071e-13
1.62305e-06
3.21594e-13
1.62305e-06
2.98159e-13
1.62305e-06
3.2106e-13
1.62305e-06
4.39488e-13
1.62305e-06
6.49673e-13
1.62305e-06
8.68985e-13
1.62305e-06
9.52275e-13
1.62305e-06
7.75097e-13
1.62305e-06
4.21127e-13
1.62305e-06
1.27254e-13
1.62305e-06
6.8269e-14
1.62305e-06
1.58644e-13
1.62305e-06
1.26812e-13
1.62305e-06
-2.02598e-13
1.62305e-06
-6.79481e-13
1.62305e-06
-9.34167e-13
1.62305e-06
-7.23952e-13
1.62305e-06
-2.21246e-13
1.62305e-06
1.18499e-13
1.62305e-06
3.39591e-14
1.62305e-06
-3.40751e-13
1.62305e-06
-6.20197e-13
1.62305e-06
-5.4109e-13
1.62305e-06
-1.8572e-13
1.62305e-06
1.51795e-13
1.62305e-06
2.65809e-13
1.62305e-06
1.84676e-13
1.62305e-06
9.49366e-14
1.62305e-06
9.84749e-14
1.62305e-06
1.17445e-13
1.62305e-06
2.78386e-14
1.62305e-06
-1.52986e-13
1.62305e-06
-3.19829e-13
1.62305e-06
-3.65145e-13
1.62305e-06
-3.20218e-13
1.62305e-06
-2.75755e-13
1.62305e-06
-2.3162e-13
1.62305e-06
-1.21315e-13
1.62305e-06
7.27085e-14
1.62305e-06
2.92405e-13
1.62305e-06
4.19261e-13
1.62305e-06
3.92211e-13
1.62305e-06
2.20039e-13
1.62305e-06
3.05819e-14
1.62305e-06
-1.21078e-13
1.62305e-06
-2.98441e-13
1.62305e-06
-5.56301e-13
1.62305e-06
-8.59536e-13
1.62305e-06
-1.02178e-12
1.62306e-06
-9.48648e-13
1.62306e-06
-7.16955e-13
1.62306e-06
-5.4678e-13
1.62306e-06
-5.62194e-13
1.62306e-06
-6.64272e-13
1.62306e-06
-6.2404e-13
1.62306e-06
-3.49888e-13
1.62306e-06
-4.14565e-15
1.62306e-06
1.90587e-13
1.62306e-06
1.82206e-13
1.62306e-06
1.27261e-13
1.62306e-06
2.28505e-13
1.62306e-06
5.08514e-13
1.62306e-06
7.89954e-13
1.62306e-06
9.02233e-13
1.62306e-06
8.12947e-13
1.62306e-06
6.36833e-13
1.62306e-06
5.16743e-13
1.62306e-06
4.96645e-13
1.62306e-06
5.28051e-13
1.62306e-06
5.32948e-13
1.62305e-06
4.7415e-13
1.62305e-06
3.6734e-13
1.62305e-06
3.0089e-13
1.62305e-06
3.36008e-13
1.62305e-06
4.24559e-13
1.62305e-06
4.26767e-13
1.62305e-06
2.42631e-13
1.62305e-06
-1.02103e-13
1.62305e-06
-4.27172e-13
1.62305e-06
-5.44167e-13
1.62305e-06
-4.19925e-13
1.62305e-06
-2.29392e-13
1.62305e-06
-1.62133e-13
1.62305e-06
-2.46441e-13
1.62305e-06
-3.07329e-13
1.62305e-06
-1.96484e-13
1.62305e-06
6.32732e-14
1.62305e-06
2.5798e-13
1.62305e-06
2.36479e-13
1.62305e-06
5.81656e-14
1.62305e-06
-1.08884e-13
1.62305e-06
-1.76637e-13
1.62305e-06
-1.72244e-13
1.62305e-06
-1.0633e-13
1.62305e-06
-2.4154e-15
1.62305e-06
2.06276e-13
1.62305e-06
4.67819e-13
1.62305e-06
6.58087e-13
1.62305e-06
9.35864e-13
1.62305e-06
1.15216e-12
1.62304e-06
1.3361e-12
1.06661e-12
4.41893e-06
-1.55702e-12
4.41893e-06
-1.8699e-12
4.41894e-06
-1.96338e-12
4.41894e-06
-1.75745e-12
4.41894e-06
-2.11124e-12
4.41894e-06
-1.70024e-12
4.41894e-06
-9.12674e-13
4.41894e-06
-1.26037e-13
4.41894e-06
-2.24931e-13
4.41894e-06
-8.37487e-13
4.41894e-06
-1.18378e-12
4.41894e-06
-6.99408e-13
4.41894e-06
-2.20355e-15
4.41894e-06
1.89848e-14
4.41894e-06
-4.34304e-13
4.41894e-06
-8.01652e-13
4.41894e-06
-7.43566e-13
4.41894e-06
-3.51632e-13
4.41894e-06
-1.43431e-13
4.41894e-06
-3.65864e-13
4.41894e-06
-7.94666e-13
4.41894e-06
-1.05747e-12
4.41894e-06
-9.64917e-13
4.41894e-06
-7.22692e-13
4.41894e-06
-5.47542e-13
4.41894e-06
-4.68339e-13
4.41894e-06
-4.0729e-13
4.41894e-06
-3.06279e-13
4.41894e-06
-1.70259e-13
4.41894e-06
-3.12515e-14
4.41894e-06
7.00939e-15
4.41894e-06
-1.1576e-13
4.41894e-06
-3.23585e-13
4.41894e-06
-4.82473e-13
4.41894e-06
-5.01131e-13
4.41894e-06
-4.48118e-13
4.41894e-06
-4.48405e-13
4.41894e-06
-5.01738e-13
4.41894e-06
-4.69386e-13
4.41894e-06
-2.74995e-13
4.41894e-06
6.9446e-14
4.41894e-06
4.4223e-13
4.41894e-06
6.54485e-13
4.41894e-06
7.18922e-13
4.41894e-06
7.7542e-13
4.41894e-06
9.40248e-13
4.41894e-06
1.15917e-12
4.41894e-06
1.34601e-12
4.41894e-06
1.48584e-12
4.41894e-06
1.62407e-12
4.41894e-06
1.79658e-12
4.41894e-06
1.93401e-12
4.41893e-06
1.94478e-12
4.41893e-06
1.91499e-12
4.41893e-06
1.98781e-12
4.41893e-06
2.0948e-12
4.41893e-06
2.04425e-12
4.41893e-06
1.62396e-12
4.41893e-06
7.99193e-13
4.41893e-06
-1.23892e-13
4.41893e-06
-7.75107e-13
4.41893e-06
-1.09199e-12
4.41893e-06
-1.25879e-12
4.41893e-06
-1.45888e-12
4.41894e-06
-1.66197e-12
4.41894e-06
-1.69589e-12
4.41894e-06
-1.50557e-12
4.41894e-06
-1.2356e-12
4.41894e-06
-1.11033e-12
4.41894e-06
-1.17097e-12
4.41894e-06
-1.19895e-12
4.41894e-06
-9.37688e-13
4.41894e-06
-3.84188e-13
4.41894e-06
2.16795e-13
4.41894e-06
5.10181e-13
4.41894e-06
3.95547e-13
4.41894e-06
1.05878e-13
4.41894e-06
-7.94614e-14
4.41894e-06
-5.6555e-14
4.41894e-06
6.14463e-14
4.41894e-06
1.26956e-13
4.41894e-06
9.4496e-14
4.41894e-06
5.39318e-14
4.41894e-06
1.03061e-13
4.41894e-06
2.64049e-13
4.41894e-06
5.08244e-13
4.41894e-06
7.46983e-13
4.41894e-06
9.03565e-13
4.41894e-06
9.30017e-13
4.41894e-06
7.74042e-13
4.41894e-06
3.91461e-13
4.41894e-06
-1.0315e-13
4.41894e-06
-6.04212e-13
4.41894e-06
-9.85295e-13
4.41894e-06
-1.2941e-12
4.41894e-06
-1.60541e-12
4.41894e-06
-1.95367e-12
4.41894e-06
-2.26864e-12
4.41894e-06
-2.40622e-12
4.41895e-06
-2.31733e-12
4.41895e-06
-2.0972e-12
4.41895e-06
-1.8699e-12
4.41895e-06
-1.63537e-12
4.41895e-06
-1.29008e-12
4.41895e-06
-7.60462e-13
4.41895e-06
-1.38042e-13
4.41895e-06
4.1073e-13
4.41895e-06
7.89649e-13
4.41895e-06
1.07172e-12
4.41895e-06
1.35414e-12
4.41895e-06
1.65775e-12
4.41895e-06
1.90181e-12
4.41895e-06
2.00607e-12
4.41895e-06
1.93874e-12
4.41895e-06
1.75004e-12
4.41894e-06
1.51776e-12
4.41894e-06
1.32227e-12
4.41894e-06
1.21783e-12
4.41894e-06
1.20888e-12
4.41894e-06
1.2398e-12
4.41894e-06
1.20175e-12
4.41894e-06
1.02918e-12
4.41894e-06
7.52256e-13
4.41894e-06
4.80657e-13
4.41894e-06
2.49701e-13
4.41894e-06
-2.01598e-14
4.41894e-06
-3.85795e-13
4.41894e-06
-7.59827e-13
4.41894e-06
-9.72006e-13
4.41894e-06
-9.11652e-13
4.41894e-06
-6.40437e-13
4.41894e-06
-3.79262e-13
4.41894e-06
-3.13912e-13
4.41894e-06
-4.30977e-13
4.41894e-06
-5.24684e-13
4.41894e-06
-4.79222e-13
4.41893e-06
-3.71068e-13
4.41893e-06
-3.13839e-13
4.41893e-06
-3.14545e-13
4.41893e-06
-3.35908e-13
4.41893e-06
-3.08011e-13
4.41893e-06
-3.0281e-14
4.41893e-06
4.5947e-13
4.41893e-06
1.00653e-12
4.41893e-06
1.53072e-12
4.41893e-06
2.08161e-12
4.41893e-06
2.6908e-12
4.41893e-06
2.9209e-12
4.41892e-06
2.73067e-12
2.71242e-12
6.77128e-06
-1.77447e-12
6.77128e-06
-2.711e-12
6.77128e-06
-3.48144e-12
6.77128e-06
-2.60604e-12
6.77128e-06
-2.10912e-12
6.77128e-06
-1.27034e-12
6.77128e-06
-6.61522e-13
6.77128e-06
-5.43159e-13
6.77128e-06
-6.50833e-13
6.77128e-06
-4.56892e-13
6.77128e-06
-1.89751e-13
6.77128e-06
-2.41118e-13
6.77128e-06
-3.65888e-13
6.77128e-06
-2.10628e-13
6.77128e-06
-3.92646e-14
6.77128e-06
-7.31062e-14
6.77128e-06
-4.7906e-13
6.77128e-06
-1.02474e-12
6.77128e-06
-1.43733e-12
6.77128e-06
-1.53244e-12
6.77128e-06
-1.34717e-12
6.77128e-06
-1.17454e-12
6.77128e-06
-1.16371e-12
6.77128e-06
-1.16948e-12
6.77128e-06
-1.08709e-12
6.77128e-06
-9.13188e-13
6.77128e-06
-7.53355e-13
6.77128e-06
-7.44156e-13
6.77128e-06
-9.23132e-13
6.77128e-06
-1.14866e-12
6.77128e-06
-1.26433e-12
6.77128e-06
-1.21435e-12
6.77128e-06
-1.09738e-12
6.77128e-06
-1.06487e-12
6.77128e-06
-1.15504e-12
6.77128e-06
-1.25459e-12
6.77128e-06
-1.21814e-12
6.77129e-06
-1.00942e-12
6.77129e-06
-7.10857e-13
6.77129e-06
-3.94732e-13
6.77129e-06
-6.42049e-14
6.77129e-06
3.64482e-13
6.77129e-06
8.41863e-13
6.77129e-06
1.29897e-12
6.77129e-06
1.7599e-12
6.77129e-06
2.22274e-12
6.77128e-06
2.6589e-12
6.77128e-06
2.98978e-12
6.77128e-06
3.17636e-12
6.77128e-06
3.28546e-12
6.77128e-06
3.41633e-12
6.77128e-06
3.55983e-12
6.77128e-06
3.59443e-12
6.77127e-06
3.44592e-12
6.77127e-06
3.17459e-12
6.77127e-06
2.8517e-12
6.77127e-06
2.46354e-12
6.77127e-06
1.84621e-12
6.77127e-06
8.33631e-13
6.77127e-06
-4.80073e-13
6.77127e-06
-1.62205e-12
6.77127e-06
-2.32264e-12
6.77128e-06
-2.5786e-12
6.77128e-06
-2.70047e-12
6.77128e-06
-2.98212e-12
6.77128e-06
-3.37921e-12
6.77128e-06
-3.5786e-12
6.77128e-06
-3.32196e-12
6.77128e-06
-2.65457e-12
6.77128e-06
-1.86197e-12
6.77128e-06
-1.20298e-12
6.77129e-06
-7.09135e-13
6.77129e-06
-2.67888e-13
6.77129e-06
1.98514e-13
6.77129e-06
5.9468e-13
6.77129e-06
8.18117e-13
6.77128e-06
8.8094e-13
6.77128e-06
8.97009e-13
6.77128e-06
1.00124e-12
6.77128e-06
1.19904e-12
6.77128e-06
1.40622e-12
6.77128e-06
1.55985e-12
6.77128e-06
1.66246e-12
6.77128e-06
1.75972e-12
6.77128e-06
1.84617e-12
6.77128e-06
1.87258e-12
6.77128e-06
1.78373e-12
6.77128e-06
1.56326e-12
6.77128e-06
1.23267e-12
6.77128e-06
8.0996e-13
6.77128e-06
2.6008e-13
6.77128e-06
-4.28713e-13
6.77128e-06
-1.15486e-12
6.77128e-06
-1.8151e-12
6.77128e-06
-2.33991e-12
6.77128e-06
-2.78329e-12
6.77128e-06
-3.26732e-12
6.77128e-06
-3.79156e-12
6.77128e-06
-4.20827e-12
6.77129e-06
-4.28659e-12
6.77129e-06
-3.94343e-12
6.77129e-06
-3.32281e-12
6.77129e-06
-2.6538e-12
6.77129e-06
-2.03308e-12
6.77129e-06
-1.3824e-12
6.77129e-06
-6.19977e-13
6.77129e-06
2.49044e-13
6.77129e-06
1.04907e-12
6.77129e-06
1.65558e-12
6.77129e-06
2.08168e-12
6.77129e-06
2.39301e-12
6.77129e-06
2.64545e-12
6.77129e-06
2.81742e-12
6.77129e-06
2.87368e-12
6.77129e-06
2.81078e-12
6.77129e-06
2.66537e-12
6.77128e-06
2.47075e-12
6.77128e-06
2.26853e-12
6.77128e-06
2.10024e-12
6.77128e-06
1.96517e-12
6.77128e-06
1.79413e-12
6.77128e-06
1.48423e-12
6.77128e-06
9.9996e-13
6.77128e-06
4.28225e-13
6.77128e-06
-5.92277e-14
6.77128e-06
-3.48549e-13
6.77128e-06
-5.0463e-13
6.77128e-06
-6.48416e-13
6.77128e-06
-8.55362e-13
6.77128e-06
-1.04786e-12
6.77128e-06
-1.12803e-12
6.77128e-06
-1.06757e-12
6.77128e-06
-9.67131e-13
6.77128e-06
-9.8586e-13
6.77128e-06
-1.14064e-12
6.77128e-06
-1.23403e-12
6.77128e-06
-1.09164e-12
6.77128e-06
-7.65138e-13
6.77128e-06
-4.17697e-13
6.77128e-06
-1.62307e-13
6.77128e-06
4.31898e-14
6.77127e-06
4.90181e-13
6.77127e-06
1.19138e-12
6.77127e-06
1.95155e-12
6.77127e-06
2.65522e-12
6.77127e-06
3.30135e-12
6.77127e-06
3.88389e-12
6.77127e-06
4.40365e-12
6.77127e-06
4.37015e-12
4.15742e-12
8.68632e-06
-1.585e-12
8.68632e-06
-1.94828e-12
8.68632e-06
-2.15776e-12
8.68632e-06
-1.90181e-12
8.68632e-06
-1.03169e-12
8.68632e-06
-5.67584e-13
8.68631e-06
-8.35272e-13
8.68631e-06
-6.79449e-13
8.68631e-06
-2.61325e-13
8.68631e-06
-1.73175e-13
8.68631e-06
-1.04702e-13
8.68631e-06
-1.43478e-13
8.68631e-06
-3.00122e-13
8.68631e-06
-3.40632e-13
8.68631e-06
-2.45257e-13
8.68631e-06
-2.88909e-13
8.68631e-06
-5.95393e-13
8.68631e-06
-1.02567e-12
8.68631e-06
-1.32447e-12
8.68631e-06
-1.33449e-12
8.68631e-06
-1.10917e-12
8.68631e-06
-8.94535e-13
8.68631e-06
-8.99718e-13
8.68631e-06
-9.96604e-13
8.68631e-06
-1.03779e-12
8.68631e-06
-1.02148e-12
8.68631e-06
-1.05192e-12
8.68631e-06
-1.2557e-12
8.68631e-06
-1.61421e-12
8.68631e-06
-1.92223e-12
8.68631e-06
-2.02832e-12
8.68631e-06
-1.95603e-12
8.68631e-06
-1.87026e-12
8.68631e-06
-1.90103e-12
8.68631e-06
-2.05083e-12
8.68631e-06
-2.18536e-12
8.68632e-06
-2.13718e-12
8.68632e-06
-1.86546e-12
8.68632e-06
-1.45282e-12
8.68632e-06
-9.87662e-13
8.68632e-06
-5.23078e-13
8.68632e-06
7.84423e-14
8.68632e-06
8.7351e-13
8.68632e-06
1.75187e-12
8.68632e-06
2.53971e-12
8.68632e-06
3.15456e-12
8.68631e-06
3.62605e-12
8.68631e-06
4.00895e-12
8.68631e-06
4.29729e-12
8.68631e-06
4.43174e-12
8.68631e-06
4.42758e-12
8.68631e-06
4.37137e-12
8.68631e-06
4.29099e-12
8.6863e-06
4.10358e-12
8.6863e-06
3.69234e-12
8.6863e-06
3.01e-12
8.6863e-06
2.15188e-12
8.6863e-06
1.25471e-12
8.6863e-06
3.36407e-13
8.6863e-06
-7.16619e-13
8.6863e-06
-1.90763e-12
8.68631e-06
-3.09529e-12
8.68631e-06
-4.00826e-12
8.68631e-06
-4.48575e-12
8.68631e-06
-4.59195e-12
8.68631e-06
-4.51478e-12
8.68631e-06
-4.35677e-12
8.68631e-06
-4.06167e-12
8.68631e-06
-3.49604e-12
8.68632e-06
-2.64298e-12
8.68632e-06
-1.68455e-12
8.68632e-06
-8.63103e-13
8.68632e-06
-3.05831e-13
8.68632e-06
4.60481e-14
8.68632e-06
3.87284e-13
8.68632e-06
7.9767e-13
8.68632e-06
1.28732e-12
8.68631e-06
1.79197e-12
8.68631e-06
2.21115e-12
8.68631e-06
2.52736e-12
8.68631e-06
2.75694e-12
8.68631e-06
2.95095e-12
8.68631e-06
3.13493e-12
8.68631e-06
3.26836e-12
8.68631e-06
3.27077e-12
8.68631e-06
3.0687e-12
8.68631e-06
2.66337e-12
8.68631e-06
2.10491e-12
8.68631e-06
1.45757e-12
8.68631e-06
7.62176e-13
8.68631e-06
6.88499e-15
8.68631e-06
-8.18733e-13
8.68631e-06
-1.70132e-12
8.68631e-06
-2.55494e-12
8.68631e-06
-3.30981e-12
8.68631e-06
-3.9706e-12
8.68631e-06
-4.55797e-12
8.68631e-06
-5.05677e-12
8.68631e-06
-5.37244e-12
8.68632e-06
-5.37074e-12
8.68632e-06
-4.94925e-12
8.68632e-06
-4.15204e-12
8.68632e-06
-3.18766e-12
8.68632e-06
-2.25955e-12
8.68632e-06
-1.42514e-12
8.68632e-06
-6.32989e-13
8.68632e-06
2.5391e-13
8.68632e-06
1.09987e-12
8.68632e-06
1.84584e-12
8.68632e-06
2.44395e-12
8.68632e-06
2.91652e-12
8.68632e-06
3.29284e-12
8.68632e-06
3.57791e-12
8.68632e-06
3.75035e-12
8.68632e-06
3.80632e-12
8.68631e-06
3.76951e-12
8.68631e-06
3.66753e-12
8.68631e-06
3.46248e-12
8.68631e-06
3.11265e-12
8.68631e-06
2.66234e-12
8.68631e-06
2.23119e-12
8.68631e-06
1.88584e-12
8.68631e-06
1.54901e-12
8.68631e-06
1.07771e-12
8.68631e-06
4.61193e-13
8.68631e-06
-1.91245e-13
8.68631e-06
-6.541e-13
8.68631e-06
-8.71862e-13
8.68631e-06
-9.49292e-13
8.68631e-06
-1.048e-12
8.68631e-06
-1.24292e-12
8.68631e-06
-1.46491e-12
8.68631e-06
-1.55126e-12
8.68631e-06
-1.4267e-12
8.68631e-06
-1.2497e-12
8.68631e-06
-1.17686e-12
8.68631e-06
-1.14997e-12
8.68631e-06
-1.02738e-12
8.68631e-06
-7.21466e-13
8.68631e-06
-2.82633e-13
8.68631e-06
1.75631e-13
8.68631e-06
6.90225e-13
8.68631e-06
1.38063e-12
8.6863e-06
2.213e-12
8.6863e-06
3.38619e-12
8.6863e-06
4.45565e-12
8.6863e-06
5.04928e-12
8.6863e-06
5.39487e-12
8.6863e-06
5.25529e-12
4.80163e-12
1.01696e-05
-1.02641e-12
1.01696e-05
-1.10146e-12
1.01696e-05
-3.20533e-13
1.01696e-05
-1.477e-13
1.01696e-05
-3.16849e-13
1.01696e-05
-3.19411e-13
1.01696e-05
-7.6651e-14
1.01696e-05
1.8479e-13
1.01696e-05
2.63962e-13
1.01696e-05
9.53208e-14
1.01696e-05
-7.03044e-14
1.01696e-05
-1.76261e-13
1.01696e-05
-1.21216e-13
1.01696e-05
-1.08145e-13
1.01696e-05
-2.58782e-13
1.01696e-05
-4.5955e-13
1.01695e-05
-5.63826e-13
1.01695e-05
-5.87493e-13
1.01695e-05
-6.85765e-13
1.01695e-05
-8.90527e-13
1.01695e-05
-9.59564e-13
1.01695e-05
-7.76236e-13
1.01695e-05
-5.56431e-13
1.01695e-05
-5.47e-13
1.01696e-05
-8.6525e-13
1.01696e-05
-1.3806e-12
1.01696e-05
-1.79737e-12
1.01696e-05
-1.99901e-12
1.01696e-05
-2.09349e-12
1.01696e-05
-2.24158e-12
1.01696e-05
-2.52045e-12
1.01696e-05
-2.87636e-12
1.01696e-05
-3.18664e-12
1.01696e-05
-3.3456e-12
1.01696e-05
-3.36366e-12
1.01696e-05
-3.3002e-12
1.01696e-05
-3.10697e-12
1.01696e-05
-2.66455e-12
1.01696e-05
-1.92334e-12
1.01696e-05
-1.00836e-12
1.01696e-05
-1.40159e-13
1.01696e-05
5.93553e-13
1.01696e-05
1.2488e-12
1.01696e-05
2.0256e-12
1.01696e-05
2.89318e-12
1.01696e-05
3.68559e-12
1.01696e-05
4.27076e-12
1.01696e-05
4.70492e-12
1.01696e-05
5.13398e-12
1.01695e-05
5.58334e-12
1.01695e-05
5.89986e-12
1.01695e-05
5.92009e-12
1.01695e-05
5.58478e-12
1.01695e-05
4.95237e-12
1.01695e-05
4.12608e-12
1.01695e-05
3.13707e-12
1.01695e-05
1.95938e-12
1.01695e-05
6.77438e-13
1.01695e-05
-5.58985e-13
1.01695e-05
-1.6338e-12
1.01695e-05
-2.54562e-12
1.01695e-05
-3.37955e-12
1.01695e-05
-4.18028e-12
1.01695e-05
-4.85268e-12
1.01696e-05
-5.24635e-12
1.01696e-05
-5.29176e-12
1.01696e-05
-5.04813e-12
1.01696e-05
-4.64008e-12
1.01696e-05
-4.14247e-12
1.01696e-05
-3.53959e-12
1.01696e-05
-2.79162e-12
1.01696e-05
-1.93548e-12
1.01696e-05
-1.05953e-12
1.01696e-05
-2.55717e-13
1.01696e-05
4.8048e-13
1.01696e-05
1.15018e-12
1.01696e-05
1.844e-12
1.01696e-05
2.5559e-12
1.01696e-05
3.25361e-12
1.01696e-05
3.83033e-12
1.01696e-05
4.22098e-12
1.01696e-05
4.403e-12
1.01695e-05
4.4281e-12
1.01695e-05
4.38005e-12
1.01695e-05
4.28408e-12
1.01695e-05
4.06343e-12
1.01695e-05
3.6082e-12
1.01695e-05
2.86709e-12
1.01695e-05
1.90071e-12
1.01695e-05
8.47929e-13
1.01695e-05
-1.84841e-13
1.01695e-05
-1.18494e-12
1.01695e-05
-2.21966e-12
1.01695e-05
-3.30495e-12
1.01695e-05
-4.3343e-12
1.01695e-05
-5.13952e-12
1.01696e-05
-5.62851e-12
1.01696e-05
-5.83949e-12
1.01696e-05
-5.84822e-12
1.01696e-05
-5.69704e-12
1.01696e-05
-5.34637e-12
1.01696e-05
-4.74345e-12
1.01696e-05
-3.90368e-12
1.01696e-05
-2.96704e-12
1.01696e-05
-2.06451e-12
1.01696e-05
-1.2162e-12
1.01696e-05
-2.9755e-13
1.01696e-05
6.99409e-13
1.01696e-05
1.6998e-12
1.01696e-05
2.55392e-12
1.01696e-05
3.18926e-12
1.01696e-05
3.64072e-12
1.01696e-05
3.9847e-12
1.01696e-05
4.23709e-12
1.01696e-05
4.34966e-12
1.01696e-05
4.29284e-12
1.01696e-05
4.12292e-12
1.01696e-05
3.92633e-12
1.01696e-05
3.70448e-12
1.01696e-05
3.37869e-12
1.01696e-05
2.9054e-12
1.01695e-05
2.35419e-12
1.01695e-05
1.82851e-12
1.01695e-05
1.3447e-12
1.01695e-05
8.74528e-13
1.01695e-05
3.50434e-13
1.01695e-05
-1.68387e-13
1.01695e-05
-5.9777e-13
1.01695e-05
-8.73167e-13
1.01695e-05
-1.042e-12
1.01695e-05
-1.21778e-12
1.01695e-05
-1.44626e-12
1.01695e-05
-1.65187e-12
1.01695e-05
-1.69434e-12
1.01695e-05
-1.58269e-12
1.01695e-05
-1.46246e-12
1.01695e-05
-1.39391e-12
1.01695e-05
-1.32479e-12
1.01695e-05
-1.12395e-12
1.01695e-05
-6.27201e-13
1.01695e-05
2.06209e-13
1.01695e-05
1.23111e-12
1.01695e-05
2.25859e-12
1.01695e-05
3.20207e-12
1.01695e-05
4.07432e-12
1.01695e-05
4.8546e-12
1.01695e-05
5.38187e-12
1.01695e-05
5.59069e-12
1.01695e-05
5.35788e-12
4.85128e-12
1.12256e-05
1.81944e-12
1.12256e-05
1.51256e-12
1.12256e-05
1.67843e-12
1.12256e-05
1.34555e-12
1.12256e-05
1.44164e-12
1.12256e-05
1.44536e-12
1.12256e-05
1.59032e-12
1.12256e-05
1.69686e-12
1.12256e-05
1.52703e-12
1.12256e-05
1.11493e-12
1.12256e-05
5.4651e-13
1.12256e-05
2.93696e-13
1.12256e-05
3.38627e-13
1.12256e-05
5.02491e-13
1.12256e-05
3.65428e-13
1.12256e-05
1.06461e-14
1.12256e-05
-2.907e-13
1.12256e-05
-4.8904e-13
1.12256e-05
-6.17134e-13
1.12256e-05
-7.86852e-13
1.12256e-05
-9.55456e-13
1.12256e-05
-9.9387e-13
1.12256e-05
-9.53964e-13
1.12256e-05
-9.98315e-13
1.12256e-05
-1.25606e-12
1.12256e-05
-1.72963e-12
1.12256e-05
-2.25079e-12
1.12256e-05
-2.67078e-12
1.12256e-05
-2.92144e-12
1.12256e-05
-3.03504e-12
1.12256e-05
-3.1264e-12
1.12256e-05
-3.27008e-12
1.12256e-05
-3.44226e-12
1.12256e-05
-3.54878e-12
1.12256e-05
-3.50292e-12
1.12256e-05
-3.28567e-12
1.12256e-05
-2.90819e-12
1.12256e-05
-2.3997e-12
1.12256e-05
-1.81885e-12
1.12256e-05
-1.17379e-12
1.12256e-05
-4.23946e-13
1.12256e-05
4.53779e-13
1.12256e-05
1.44719e-12
1.12256e-05
2.52117e-12
1.12256e-05
3.60279e-12
1.12256e-05
4.59469e-12
1.12256e-05
5.42168e-12
1.12256e-05
6.06577e-12
1.12256e-05
6.59227e-12
1.12256e-05
7.00942e-12
1.12256e-05
7.19584e-12
1.12256e-05
7.00507e-12
1.12256e-05
6.40228e-12
1.12256e-05
5.46514e-12
1.12256e-05
4.32449e-12
1.12256e-05
3.05135e-12
1.12256e-05
1.63327e-12
1.12256e-05
9.16472e-14
1.12256e-05
-1.42977e-12
1.12256e-05
-2.72564e-12
1.12256e-05
-3.69959e-12
1.12256e-05
-4.41917e-12
1.12256e-05
-5.04347e-12
1.12256e-05
-5.63361e-12
1.12256e-05
-6.10232e-12
1.12256e-05
-6.32198e-12
1.12256e-05
-6.23829e-12
1.12256e-05
-5.90303e-12
1.12256e-05
-5.39625e-12
1.12256e-05
-4.72016e-12
1.12256e-05
-3.82954e-12
1.12256e-05
-2.7091e-12
1.12256e-05
-1.42802e-12
1.12256e-05
-1.35203e-13
1.12256e-05
1.13863e-12
1.12256e-05
2.24244e-12
1.12256e-05
3.22988e-12
1.12256e-05
4.03939e-12
1.12256e-05
4.60734e-12
1.12256e-05
4.93354e-12
1.12256e-05
5.07746e-12
1.12256e-05
5.141e-12
1.12256e-05
5.15735e-12
1.12256e-05
5.08251e-12
1.12256e-05
4.8667e-12
1.12256e-05
4.5026e-12
1.12256e-05
3.99288e-12
1.12256e-05
3.32259e-12
1.12256e-05
2.44702e-12
1.12256e-05
1.34441e-12
1.12256e-05
6.57464e-14
1.12256e-05
-1.24307e-12
1.12256e-05
-2.44875e-12
1.12256e-05
-3.51357e-12
1.12256e-05
-4.48866e-12
1.12256e-05
-5.39016e-12
1.12256e-05
-6.14751e-12
1.12256e-05
-6.6279e-12
1.12256e-05
-6.75456e-12
1.12256e-05
-6.55564e-12
1.12256e-05
-6.13578e-12
1.12256e-05
-5.57857e-12
1.12256e-05
-4.89397e-12
1.12256e-05
-4.02977e-12
1.12256e-05
-2.97313e-12
1.12256e-05
-1.7735e-12
1.12256e-05
-4.82331e-13
1.12256e-05
7.76068e-13
1.12256e-05
2.01942e-12
1.12256e-05
3.18613e-12
1.12256e-05
4.18013e-12
1.12256e-05
4.90902e-12
1.12256e-05
5.33049e-12
1.12256e-05
5.4721e-12
1.12256e-05
5.40042e-12
1.12256e-05
5.19875e-12
1.12256e-05
4.943e-12
1.12256e-05
4.67437e-12
1.12256e-05
4.38672e-12
1.12256e-05
4.01842e-12
1.12256e-05
3.50519e-12
1.12256e-05
2.83673e-12
1.12256e-05
2.07004e-12
1.12256e-05
1.3096e-12
1.12256e-05
6.60388e-13
1.12256e-05
6.17025e-14
1.12256e-05
-5.56218e-13
1.12256e-05
-1.23114e-12
1.12256e-05
-1.85418e-12
1.12256e-05
-2.31676e-12
1.12256e-05
-2.57619e-12
1.12256e-05
-2.67087e-12
1.12256e-05
-2.6921e-12
1.12256e-05
-2.65644e-12
1.12256e-05
-2.46167e-12
1.12256e-05
-2.02849e-12
1.12256e-05
-1.45218e-12
1.12256e-05
-9.96768e-13
1.12256e-05
-7.20305e-13
1.12256e-05
-3.13633e-13
1.12256e-05
4.55506e-13
1.12256e-05
1.45082e-12
1.12256e-05
2.34386e-12
1.12256e-05
3.09269e-12
1.12256e-05
3.72242e-12
1.12256e-05
4.10494e-12
1.12256e-05
4.57845e-12
1.12256e-05
4.57979e-12
1.12256e-05
4.38621e-12
4.27726e-12
1.18578e-05
3.19453e-12
1.18578e-05
3.30295e-12
1.18578e-05
3.39868e-12
1.18578e-05
3.58812e-12
1.18578e-05
3.56257e-12
1.18578e-05
3.12791e-12
1.18578e-05
2.72422e-12
1.18578e-05
2.25786e-12
1.18578e-05
1.85105e-12
1.18578e-05
1.57915e-12
1.18578e-05
1.23234e-12
1.18578e-05
8.39598e-13
1.18578e-05
4.58683e-13
1.18578e-05
4.72863e-14
1.18578e-05
-3.95977e-13
1.18578e-05
-7.73541e-13
1.18578e-05
-1.04199e-12
1.18578e-05
-1.1959e-12
1.18578e-05
-1.17425e-12
1.18578e-05
-1.1252e-12
1.18578e-05
-1.20536e-12
1.18578e-05
-1.336e-12
1.18578e-05
-1.37176e-12
1.18578e-05
-1.2893e-12
1.18578e-05
-1.22602e-12
1.18578e-05
-1.41612e-12
1.18578e-05
-1.90133e-12
1.18578e-05
-2.49597e-12
1.18578e-05
-2.98e-12
1.18578e-05
-3.27886e-12
1.18578e-05
-3.47319e-12
1.18578e-05
-3.64685e-12
1.18578e-05
-3.78527e-12
1.18578e-05
-3.78337e-12
1.18578e-05
-3.5509e-12
1.18578e-05
-3.12527e-12
1.18578e-05
-2.65949e-12
1.18578e-05
-2.256e-12
1.18578e-05
-1.86806e-12
1.18578e-05
-1.32458e-12
1.18578e-05
-4.96839e-13
1.18578e-05
5.73964e-13
1.18578e-05
1.71008e-12
1.18578e-05
2.83079e-12
1.18578e-05
3.94274e-12
1.18578e-05
5.11553e-12
1.18578e-05
6.32771e-12
1.18578e-05
7.37063e-12
1.18578e-05
7.99449e-12
1.18578e-05
8.10339e-12
1.18578e-05
7.74713e-12
1.18578e-05
7.05639e-12
1.18578e-05
6.15119e-12
1.18578e-05
5.08503e-12
1.18578e-05
3.91181e-12
1.18578e-05
2.68067e-12
1.18578e-05
1.44306e-12
1.18578e-05
1.94894e-13
1.18578e-05
-1.109e-12
1.18578e-05
-2.45471e-12
1.18578e-05
-3.74742e-12
1.18578e-05
-4.83651e-12
1.18578e-05
-5.64711e-12
1.18578e-05
-6.20441e-12
1.18578e-05
-6.56028e-12
1.18578e-05
-6.72411e-12
1.18578e-05
-6.63855e-12
1.18578e-05
-6.22765e-12
1.18578e-05
-5.47885e-12
1.18578e-05
-4.4773e-12
1.18578e-05
-3.35729e-12
1.18578e-05
-2.23301e-12
1.18578e-05
-1.13219e-12
1.18578e-05
-1.11964e-14
1.18578e-05
1.15192e-12
1.18578e-05
2.28509e-12
1.18578e-05
3.3002e-12
1.18578e-05
4.09577e-12
1.18578e-05
4.67389e-12
1.18578e-05
5.11518e-12
1.18578e-05
5.50019e-12
1.18578e-05
5.8345e-12
1.18578e-05
6.04844e-12
1.18578e-05
6.04293e-12
1.18578e-05
5.76528e-12
1.18578e-05
5.25816e-12
1.18578e-05
4.58651e-12
1.18578e-05
3.72932e-12
1.18578e-05
2.62446e-12
1.18578e-05
1.27127e-12
1.18578e-05
-1.89844e-13
1.18578e-05
-1.55102e-12
1.18578e-05
-2.67305e-12
1.18578e-05
-3.61742e-12
1.18578e-05
-4.54132e-12
1.18578e-05
-5.52215e-12
1.18578e-05
-6.43777e-12
1.18578e-05
-7.05086e-12
1.18578e-05
-7.21192e-12
1.18578e-05
-6.95593e-12
1.18578e-05
-6.42891e-12
1.18578e-05
-5.7346e-12
1.18578e-05
-4.86146e-12
1.18578e-05
-3.74657e-12
1.18578e-05
-2.41888e-12
1.18578e-05
-1.03283e-12
1.18578e-05
2.84126e-13
1.18578e-05
1.46512e-12
1.18578e-05
2.55913e-12
1.18578e-05
3.57769e-12
1.18578e-05
4.44768e-12
1.18578e-05
5.07414e-12
1.18578e-05
5.42124e-12
1.18578e-05
5.56745e-12
1.18578e-05
5.61261e-12
1.18578e-05
5.55112e-12
1.18578e-05
5.2934e-12
1.18578e-05
4.79448e-12
1.18578e-05
4.13136e-12
1.18578e-05
3.43927e-12
1.18578e-05
2.77974e-12
1.18578e-05
2.12839e-12
1.18578e-05
1.44043e-12
1.18578e-05
6.88869e-13
1.18578e-05
-8.74124e-14
1.18578e-05
-8.13455e-13
1.18578e-05
-1.43809e-12
1.18578e-05
-1.9913e-12
1.18578e-05
-2.47589e-12
1.18578e-05
-2.86323e-12
1.18578e-05
-3.09782e-12
1.18578e-05
-3.13974e-12
1.18578e-05
-3.03428e-12
1.18578e-05
-2.83443e-12
1.18578e-05
-2.50069e-12
1.18578e-05
-1.99075e-12
1.18578e-05
-1.33502e-12
1.18578e-05
-6.33626e-13
1.18578e-05
-2.54386e-14
1.18578e-05
4.55604e-13
1.18578e-05
9.23167e-13
1.18578e-05
1.28337e-12
1.18578e-05
1.61785e-12
1.18578e-05
2.03855e-12
1.18578e-05
2.58652e-12
1.18578e-05
3.10889e-12
1.18578e-05
3.48647e-12
1.18578e-05
3.5205e-12
1.18578e-05
3.62111e-12
3.38707e-12
1.20683e-05
5.39819e-12
1.20683e-05
5.94155e-12
1.20683e-05
5.73985e-12
1.20683e-05
5.57029e-12
1.20683e-05
5.17327e-12
1.20683e-05
4.58454e-12
1.20683e-05
3.93244e-12
1.20683e-05
3.32761e-12
1.20683e-05
2.93446e-12
1.20683e-05
2.43103e-12
1.20683e-05
1.76912e-12
1.20683e-05
1.01133e-12
1.20683e-05
2.05423e-13
1.20683e-05
-4.51191e-13
1.20683e-05
-8.29426e-13
1.20683e-05
-1.01825e-12
1.20683e-05
-1.12809e-12
1.20683e-05
-1.25996e-12
1.20683e-05
-1.32233e-12
1.20683e-05
-1.1963e-12
1.20683e-05
-9.64642e-13
1.20683e-05
-8.62481e-13
1.20683e-05
-1.05588e-12
1.20683e-05
-1.44515e-12
1.20683e-05
-1.81099e-12
1.20683e-05
-2.03091e-12
1.20683e-05
-2.14878e-12
1.20683e-05
-2.31831e-12
1.20683e-05
-2.66412e-12
1.20683e-05
-3.14935e-12
1.20683e-05
-3.58047e-12
1.20683e-05
-3.76838e-12
1.20683e-05
-3.72452e-12
1.20683e-05
-3.6284e-12
1.20683e-05
-3.58983e-12
1.20683e-05
-3.54439e-12
1.20683e-05
-3.34224e-12
1.20683e-05
-2.88728e-12
1.20683e-05
-2.18314e-12
1.20683e-05
-1.3202e-12
1.20683e-05
-3.42445e-13
1.20683e-05
7.17833e-13
1.20683e-05
1.84227e-12
1.20683e-05
3.01013e-12
1.20683e-05
4.17103e-12
1.20683e-05
5.27327e-12
1.20683e-05
6.30936e-12
1.20683e-05
7.23053e-12
1.20683e-05
7.88069e-12
1.20683e-05
8.11578e-12
1.20683e-05
7.88946e-12
1.20683e-05
7.27569e-12
1.20683e-05
6.41954e-12
1.20683e-05
5.45687e-12
1.20683e-05
4.41607e-12
1.20683e-05
3.28303e-12
1.20683e-05
2.03714e-12
1.20683e-05
7.19147e-13
1.20683e-05
-6.4759e-13
1.20683e-05
-1.9838e-12
1.20683e-05
-3.238e-12
1.20683e-05
-4.33386e-12
1.20683e-05
-5.1978e-12
1.20683e-05
-5.80777e-12
1.20683e-05
-6.17903e-12
1.20683e-05
-6.33775e-12
1.20683e-05
-6.28541e-12
1.20683e-05
-5.99448e-12
1.20683e-05
-5.4479e-12
1.20683e-05
-4.67287e-12
1.20683e-05
-3.7295e-12
1.20683e-05
-2.69009e-12
1.20683e-05
-1.62978e-12
1.20683e-05
-6.02817e-13
1.20683e-05
3.95922e-13
1.20683e-05
1.40522e-12
1.20683e-05
2.4565e-12
1.20683e-05
3.50498e-12
1.20683e-05
4.45512e-12
1.20683e-05
5.19532e-12
1.20683e-05
5.66118e-12
1.20683e-05
5.87277e-12
1.20683e-05
5.9176e-12
1.20683e-05
5.86344e-12
1.20683e-05
5.67727e-12
1.20683e-05
5.25618e-12
1.20683e-05
4.54959e-12
1.20683e-05
3.62607e-12
1.20683e-05
2.59822e-12
1.20683e-05
1.53565e-12
1.20683e-05
4.11231e-13
1.20683e-05
-8.31354e-13
1.20683e-05
-2.20162e-12
1.20683e-05
-3.57122e-12
1.20683e-05
-4.77978e-12
1.20683e-05
-5.73659e-12
1.20683e-05
-6.4423e-12
1.20683e-05
-6.91986e-12
1.20683e-05
-7.12701e-12
1.20683e-05
-6.99413e-12
1.20683e-05
-6.49992e-12
1.20683e-05
-5.71794e-12
1.20683e-05
-4.75886e-12
1.20683e-05
-3.69493e-12
1.20683e-05
-2.51854e-12
1.20683e-05
-1.20234e-12
1.20683e-05
1.92897e-13
1.20683e-05
1.55798e-12
1.20683e-05
2.76826e-12
1.20683e-05
3.76889e-12
1.20683e-05
4.59461e-12
1.20683e-05
5.28179e-12
1.20683e-05
5.80181e-12
1.20683e-05
6.08133e-12
1.20683e-05
6.07808e-12
1.20683e-05
5.80894e-12
1.20683e-05
5.30835e-12
1.20683e-05
4.60067e-12
1.20683e-05
3.73808e-12
1.20683e-05
2.8337e-12
1.20683e-05
1.99229e-12
1.20683e-05
1.26009e-12
1.20683e-05
6.32727e-13
1.20683e-05
6.97442e-14
1.20683e-05
-4.90207e-13
1.20683e-05
-1.03134e-12
1.20683e-05
-1.50395e-12
1.20683e-05
-1.8898e-12
1.20683e-05
-2.23389e-12
1.20683e-05
-2.5666e-12
1.20683e-05
-2.84544e-12
1.20683e-05
-2.93592e-12
1.20683e-05
-2.77123e-12
1.20683e-05
-2.44454e-12
1.20683e-05
-2.08476e-12
1.20683e-05
-1.73864e-12
1.20683e-05
-1.34673e-12
1.20683e-05
-7.99106e-13
1.20683e-05
-1.45212e-13
1.20683e-05
4.46586e-13
1.20683e-05
6.98928e-13
1.20683e-05
6.8675e-13
1.20683e-05
8.87307e-13
1.20683e-05
1.36666e-12
1.20683e-05
1.64196e-12
1.20683e-05
1.84648e-12
1.20683e-05
1.73318e-12
1.20683e-05
1.86993e-12
1.20683e-05
2.1063e-12
1.81818e-12
1.18578e-05
6.94157e-12
1.18578e-05
6.90994e-12
1.18578e-05
7.17565e-12
1.18578e-05
7.17325e-12
1.18578e-05
6.69937e-12
1.18578e-05
6.11349e-12
1.18578e-05
5.30637e-12
1.18578e-05
4.66359e-12
1.18578e-05
3.89951e-12
1.18578e-05
2.75339e-12
1.18578e-05
1.53953e-12
1.18578e-05
6.69378e-13
1.18578e-05
1.5362e-13
1.18578e-05
-1.37852e-13
1.18578e-05
-2.65215e-13
1.18578e-05
-3.54912e-13
1.18578e-05
-4.06534e-13
1.18578e-05
-4.63167e-13
1.18578e-05
-5.39887e-13
1.18578e-05
-5.99545e-13
1.18578e-05
-6.5e-13
1.18578e-05
-7.66146e-13
1.18578e-05
-1.0271e-12
1.18578e-05
-1.36419e-12
1.18578e-05
-1.65467e-12
1.18578e-05
-1.80837e-12
1.18578e-05
-1.86929e-12
1.18578e-05
-1.96787e-12
1.18578e-05
-2.17812e-12
1.18578e-05
-2.45374e-12
1.18578e-05
-2.70771e-12
1.18578e-05
-2.89309e-12
1.18578e-05
-3.00926e-12
1.18578e-05
-3.09098e-12
1.18578e-05
-3.13872e-12
1.18578e-05
-3.07225e-12
1.18578e-05
-2.8047e-12
1.18578e-05
-2.29514e-12
1.18578e-05
-1.58406e-12
1.18578e-05
-7.69127e-13
1.18578e-05
1.11212e-13
1.18578e-05
1.06453e-12
1.18578e-05
2.08697e-12
1.18578e-05
3.13932e-12
1.18578e-05
4.14835e-12
1.18578e-05
5.06516e-12
1.18578e-05
5.88425e-12
1.18578e-05
6.5836e-12
1.18578e-05
7.06972e-12
1.18578e-05
7.23375e-12
1.18578e-05
7.07833e-12
1.18578e-05
6.69331e-12
1.18578e-05
6.17083e-12
1.18578e-05
5.51172e-12
1.18578e-05
4.62066e-12
1.18578e-05
3.42288e-12
1.18578e-05
1.97444e-12
1.18578e-05
4.64449e-13
1.18578e-05
-9.6663e-13
1.18578e-05
-2.15792e-12
1.18578e-05
-3.21141e-12
1.18578e-05
-4.15695e-12
1.18578e-05
-4.96459e-12
1.18578e-05
-5.56365e-12
1.18578e-05
-5.90926e-12
1.18578e-05
-6.03759e-12
1.18578e-05
-6.03305e-12
1.18578e-05
-5.91611e-12
1.18578e-05
-5.62635e-12
1.18578e-05
-5.07613e-12
1.18578e-05
-4.26538e-12
1.18578e-05
-3.25955e-12
1.18578e-05
-2.1657e-12
1.18578e-05
-1.03979e-12
1.18578e-05
9.04988e-14
1.18578e-05
1.20224e-12
1.18578e-05
2.25159e-12
1.18578e-05
3.1645e-12
1.18578e-05
3.85961e-12
1.18578e-05
4.32516e-12
1.18578e-05
4.61057e-12
1.18578e-05
4.77278e-12
1.18578e-05
4.84205e-12
1.18578e-05
4.81296e-12
1.18578e-05
4.66794e-12
1.18578e-05
4.37964e-12
1.18578e-05
3.92374e-12
1.18578e-05
3.28124e-12
1.18578e-05
2.4577e-12
1.18578e-05
1.46683e-12
1.18578e-05
3.44573e-13
1.18578e-05
-9.0164e-13
1.18578e-05
-2.18672e-12
1.18578e-05
-3.46279e-12
1.18578e-05
-4.63558e-12
1.18578e-05
-5.60323e-12
1.18578e-05
-6.30292e-12
1.18578e-05
-6.72857e-12
1.18578e-05
-6.90397e-12
1.18578e-05
-6.84427e-12
1.18578e-05
-6.54474e-12
1.18578e-05
-5.99944e-12
1.18578e-05
-5.22433e-12
1.18578e-05
-4.23536e-12
1.18578e-05
-3.04922e-12
1.18578e-05
-1.69346e-12
1.18578e-05
-2.38269e-13
1.18578e-05
1.19537e-12
1.18578e-05
2.54392e-12
1.18578e-05
3.73784e-12
1.18578e-05
4.732e-12
1.18578e-05
5.48198e-12
1.18578e-05
5.93573e-12
1.18578e-05
6.06819e-12
1.18578e-05
5.91635e-12
1.18578e-05
5.57529e-12
1.18578e-05
5.14171e-12
1.18578e-05
4.63722e-12
1.18578e-05
4.03371e-12
1.18578e-05
3.33292e-12
1.18578e-05
2.58588e-12
1.18578e-05
1.83476e-12
1.18578e-05
1.12854e-12
1.18578e-05
4.76044e-13
1.18578e-05
-1.31952e-13
1.18578e-05
-7.10589e-13
1.18578e-05
-1.28116e-12
1.18578e-05
-1.82488e-12
1.18578e-05
-2.28148e-12
1.18578e-05
-2.58115e-12
1.18578e-05
-2.69214e-12
1.18578e-05
-2.60866e-12
1.18578e-05
-2.3667e-12
1.18578e-05
-2.04157e-12
1.18578e-05
-1.62719e-12
1.18578e-05
-1.14818e-12
1.18578e-05
-7.52497e-13
1.18578e-05
-5.44984e-13
1.18578e-05
-4.60389e-13
1.18578e-05
-3.49508e-13
1.18578e-05
-1.1283e-14
1.18578e-05
3.93436e-13
1.18578e-05
6.1065e-13
1.18578e-05
5.78833e-13
1.18578e-05
4.06511e-13
1.18578e-05
5.48601e-13
1.18578e-05
5.44788e-13
1.18578e-05
7.02865e-13
1.18578e-05
4.82573e-13
7.52637e-13
1.12256e-05
7.17015e-12
1.12256e-05
7.81774e-12
1.12256e-05
8.23506e-12
1.12256e-05
7.90223e-12
1.12256e-05
7.47356e-12
1.12256e-05
7.01738e-12
1.12256e-05
6.13484e-12
1.12256e-05
5.0398e-12
1.12256e-05
3.74109e-12
1.12256e-05
2.35571e-12
1.12256e-05
1.42125e-12
1.12256e-05
1.0327e-12
1.12256e-05
8.04771e-13
1.12256e-05
5.28608e-13
1.12256e-05
2.53185e-13
1.12256e-05
-1.82251e-15
1.12256e-05
-1.94037e-13
1.12256e-05
-3.13439e-13
1.12256e-05
-4.00985e-13
1.12256e-05
-5.25272e-13
1.12256e-05
-7.17645e-13
1.12256e-05
-9.05621e-13
1.12256e-05
-9.83992e-13
1.12256e-05
-9.56442e-13
1.12256e-05
-9.44225e-13
1.12256e-05
-1.02894e-12
1.12256e-05
-1.17714e-12
1.12256e-05
-1.3437e-12
1.12256e-05
-1.55115e-12
1.12256e-05
-1.85399e-12
1.12256e-05
-2.27826e-12
1.12256e-05
-2.75879e-12
1.12256e-05
-3.12016e-12
1.12256e-05
-3.20917e-12
1.12256e-05
-3.01983e-12
1.12256e-05
-2.66603e-12
1.12256e-05
-2.26619e-12
1.12256e-05
-1.83445e-12
1.12256e-05
-1.30181e-12
1.12256e-05
-6.27771e-13
1.12256e-05
1.48121e-13
1.12256e-05
9.22794e-13
1.12256e-05
1.69319e-12
1.12256e-05
2.46189e-12
1.12256e-05
3.2621e-12
1.12256e-05
4.06563e-12
1.12256e-05
4.77012e-12
1.12256e-05
5.29309e-12
1.12256e-05
5.58674e-12
1.12256e-05
5.63533e-12
1.12256e-05
5.4718e-12
1.12256e-05
5.1347e-12
1.12256e-05
4.65611e-12
1.12256e-05
4.02673e-12
1.12256e-05
3.22583e-12
1.12256e-05
2.26071e-12
1.12256e-05
1.17866e-12
1.12256e-05
6.81388e-14
1.12256e-05
-1.02077e-12
1.12256e-05
-2.03199e-12
1.12256e-05
-2.99185e-12
1.12256e-05
-3.87155e-12
1.12256e-05
-4.60736e-12
1.12256e-05
-5.12397e-12
1.12256e-05
-5.39287e-12
1.12256e-05
-5.43512e-12
1.12256e-05
-5.29019e-12
1.12256e-05
-4.98718e-12
1.12256e-05
-4.50655e-12
1.12256e-05
-3.85271e-12
1.12256e-05
-3.04542e-12
1.12256e-05
-2.1633e-12
1.12256e-05
-1.26029e-12
1.12256e-05
-3.58938e-13
1.12256e-05
5.31892e-13
1.12256e-05
1.36379e-12
1.12256e-05
2.05232e-12
1.12256e-05
2.59997e-12
1.12256e-05
3.0692e-12
1.12256e-05
3.53836e-12
1.12256e-05
4.02347e-12
1.12256e-05
4.44657e-12
1.12256e-05
4.69704e-12
1.12256e-05
4.72297e-12
1.12256e-05
4.55535e-12
1.12256e-05
4.24428e-12
1.12256e-05
3.77525e-12
1.12256e-05
3.07399e-12
1.12256e-05
2.1059e-12
1.12256e-05
9.5818e-13
1.12256e-05
-2.05837e-13
1.12256e-05
-1.2013e-12
1.12256e-05
-2.06162e-12
1.12256e-05
-2.87872e-12
1.12256e-05
-3.72973e-12
1.12256e-05
-4.55968e-12
1.12256e-05
-5.23192e-12
1.12256e-05
-5.64723e-12
1.12256e-05
-5.81975e-12
1.12256e-05
-5.81916e-12
1.12256e-05
-5.656e-12
1.12256e-05
-5.23596e-12
1.12256e-05
-4.46455e-12
1.12256e-05
-3.39065e-12
1.12256e-05
-2.15532e-12
1.12256e-05
-8.97487e-13
1.12256e-05
3.30202e-13
1.12256e-05
1.49361e-12
1.12256e-05
2.55789e-12
1.12256e-05
3.44596e-12
1.12256e-05
4.07727e-12
1.12256e-05
4.445e-12
1.12256e-05
4.61823e-12
1.12256e-05
4.66911e-12
1.12256e-05
4.62918e-12
1.12256e-05
4.48799e-12
1.12256e-05
4.24049e-12
1.12256e-05
3.90097e-12
1.12256e-05
3.44522e-12
1.12256e-05
2.83319e-12
1.12256e-05
2.08104e-12
1.12256e-05
1.27011e-12
1.12256e-05
5.0143e-13
1.12256e-05
-1.42913e-13
1.12256e-05
-6.97753e-13
1.12256e-05
-1.21731e-12
1.12256e-05
-1.67798e-12
1.12256e-05
-2.02632e-12
1.12256e-05
-2.2312e-12
1.12256e-05
-2.24936e-12
1.12256e-05
-2.09166e-12
1.12256e-05
-1.87193e-12
1.12256e-05
-1.66651e-12
1.12256e-05
-1.43672e-12
1.12256e-05
-1.18188e-12
1.12256e-05
-1.02856e-12
1.12256e-05
-1.12291e-12
1.12256e-05
-1.37e-12
1.12256e-05
-1.33882e-12
1.12256e-05
-9.58727e-13
1.12256e-05
-5.09952e-13
1.12256e-05
-1.70537e-13
1.12256e-05
9.88069e-15
1.12256e-05
1.3341e-13
1.12256e-05
1.69193e-13
1.12256e-05
6.75425e-14
1.12256e-05
-1.65049e-13
1.12256e-05
-4.87866e-13
1.12256e-05
-1.02264e-12
-1.127e-12
1.01696e-05
6.69667e-12
1.01696e-05
7.41808e-12
1.01696e-05
7.77952e-12
1.01696e-05
7.3928e-12
1.01696e-05
7.01108e-12
1.01696e-05
6.16892e-12
1.01696e-05
5.10225e-12
1.01696e-05
4.01229e-12
1.01696e-05
3.03284e-12
1.01696e-05
2.34984e-12
1.01696e-05
1.80786e-12
1.01696e-05
1.33909e-12
1.01696e-05
9.37779e-13
1.01696e-05
6.03399e-13
1.01696e-05
4.06878e-13
1.01696e-05
3.26566e-13
1.01696e-05
2.33487e-13
1.01696e-05
5.38077e-14
1.01696e-05
-1.33722e-13
1.01696e-05
-2.08772e-13
1.01696e-05
-1.65023e-13
1.01696e-05
-1.06861e-13
1.01696e-05
-1.13538e-13
1.01696e-05
-2.06511e-13
1.01696e-05
-3.24234e-13
1.01696e-05
-4.5379e-13
1.01696e-05
-6.34309e-13
1.01696e-05
-9.56455e-13
1.01696e-05
-1.46488e-12
1.01696e-05
-2.06514e-12
1.01696e-05
-2.55859e-12
1.01696e-05
-2.82573e-12
1.01695e-05
-2.86286e-12
1.01695e-05
-2.75967e-12
1.01695e-05
-2.62294e-12
1.01695e-05
-2.45256e-12
1.01695e-05
-2.16113e-12
1.01695e-05
-1.71519e-12
1.01695e-05
-1.15262e-12
1.01695e-05
-5.55776e-13
1.01695e-05
6.05357e-15
1.01695e-05
5.2224e-13
1.01695e-05
1.09736e-12
1.01695e-05
1.7558e-12
1.01695e-05
2.43013e-12
1.01696e-05
2.98247e-12
1.01696e-05
3.29149e-12
1.01696e-05
3.38625e-12
1.01696e-05
3.40518e-12
1.01696e-05
3.43674e-12
1.01696e-05
3.42955e-12
1.01696e-05
3.27244e-12
1.01696e-05
2.90163e-12
1.01696e-05
2.39051e-12
1.01696e-05
1.86487e-12
1.01696e-05
1.36719e-12
1.01696e-05
8.23382e-13
1.01696e-05
1.2348e-13
1.01696e-05
-7.47069e-13
1.01696e-05
-1.6272e-12
1.01696e-05
-2.38549e-12
1.01696e-05
-2.95862e-12
1.01696e-05
-3.36721e-12
1.01696e-05
-3.66515e-12
1.01696e-05
-3.85917e-12
1.01696e-05
-3.89434e-12
1.01696e-05
-3.72994e-12
1.01696e-05
-3.41322e-12
1.01696e-05
-3.04409e-12
1.01696e-05
-2.66211e-12
1.01696e-05
-2.22532e-12
1.01696e-05
-1.66054e-12
1.01696e-05
-9.7817e-13
1.01696e-05
-2.63202e-13
1.01696e-05
3.96365e-13
1.01696e-05
1.01396e-12
1.01696e-05
1.64783e-12
1.01696e-05
2.33149e-12
1.01696e-05
3.02909e-12
1.01696e-05
3.62916e-12
1.01696e-05
4.02695e-12
1.01696e-05
4.20164e-12
1.01696e-05
4.20531e-12
1.01696e-05
4.09358e-12
1.01696e-05
3.83888e-12
1.01696e-05
3.38243e-12
1.01696e-05
2.72283e-12
1.01696e-05
1.97593e-12
1.01696e-05
1.28738e-12
1.01696e-05
7.38771e-13
1.01696e-05
2.49227e-13
1.01696e-05
-2.86252e-13
1.01696e-05
-9.17503e-13
1.01696e-05
-1.5991e-12
1.01696e-05
-2.24618e-12
1.01696e-05
-2.81435e-12
1.01696e-05
-3.30706e-12
1.01696e-05
-3.72338e-12
1.01696e-05
-4.00889e-12
1.01696e-05
-4.0718e-12
1.01696e-05
-3.86021e-12
1.01696e-05
-3.41138e-12
1.01696e-05
-2.80561e-12
1.01696e-05
-2.10021e-12
1.01696e-05
-1.32588e-12
1.01696e-05
-4.95783e-13
1.01696e-05
3.52927e-13
1.01696e-05
1.0915e-12
1.01696e-05
1.66402e-12
1.01696e-05
2.02657e-12
1.01696e-05
2.25818e-12
1.01696e-05
2.46989e-12
1.01696e-05
2.70084e-12
1.01696e-05
2.90956e-12
1.01696e-05
3.02539e-12
1.01696e-05
2.99324e-12
1.01696e-05
2.80292e-12
1.01696e-05
2.49317e-12
1.01696e-05
2.09957e-12
1.01696e-05
1.61444e-12
1.01696e-05
1.04497e-12
1.01696e-05
4.62937e-13
1.01696e-05
-5.06123e-14
1.01696e-05
-4.42469e-13
1.01696e-05
-7.23753e-13
1.01696e-05
-9.2626e-13
1.01696e-05
-1.1021e-12
1.01696e-05
-1.26477e-12
1.01696e-05
-1.41158e-12
1.01696e-05
-1.49676e-12
1.01696e-05
-1.49701e-12
1.01696e-05
-1.43606e-12
1.01696e-05
-1.32637e-12
1.01696e-05
-1.22547e-12
1.01696e-05
-1.24895e-12
1.01696e-05
-1.38791e-12
1.01696e-05
-1.48685e-12
1.01696e-05
-1.25962e-12
1.01696e-05
-8.45467e-13
1.01696e-05
-5.10868e-13
1.01696e-05
-3.16475e-13
1.01696e-05
-1.07583e-13
1.01696e-05
-5.23425e-14
1.01696e-05
-9.78644e-14
1.01696e-05
-1.31401e-13
1.01696e-05
-5.91271e-13
1.01696e-05
-1.11837e-12
1.01696e-05
-1.5205e-12
1.01696e-05
-1.63778e-12
-1.80977e-12
8.68631e-06
5.91752e-12
8.68631e-06
6.27895e-12
8.68631e-06
6.11168e-12
8.68631e-06
5.78958e-12
8.68631e-06
4.97991e-12
8.68632e-06
4.05996e-12
8.68632e-06
3.49414e-12
8.68632e-06
3.0578e-12
8.68632e-06
2.52841e-12
8.68632e-06
1.89955e-12
8.68632e-06
1.25288e-12
8.68632e-06
8.14403e-13
8.68632e-06
6.80976e-13
8.68632e-06
6.84479e-13
8.68632e-06
6.66094e-13
8.68632e-06
6.27349e-13
8.68632e-06
5.40204e-13
8.68632e-06
3.95984e-13
8.68632e-06
2.16078e-13
8.68632e-06
4.60743e-14
8.68632e-06
-7.14024e-14
8.68632e-06
-1.33499e-13
8.68632e-06
-1.76157e-13
8.68632e-06
-2.52647e-13
8.68632e-06
-3.62718e-13
8.68632e-06
-5.29524e-13
8.68632e-06
-7.90608e-13
8.68631e-06
-1.13579e-12
8.68631e-06
-1.48626e-12
8.68631e-06
-1.75956e-12
8.68631e-06
-1.89895e-12
8.68631e-06
-1.97837e-12
8.68631e-06
-2.07685e-12
8.68631e-06
-2.14552e-12
8.68631e-06
-2.09583e-12
8.68631e-06
-1.85775e-12
8.68631e-06
-1.44425e-12
8.68631e-06
-9.49235e-13
8.68631e-06
-4.88426e-13
8.68631e-06
-8.63188e-14
8.68631e-06
2.4503e-13
8.68631e-06
5.55817e-13
8.68631e-06
8.96393e-13
8.68631e-06
1.25669e-12
8.68631e-06
1.57889e-12
8.68631e-06
1.8068e-12
8.68631e-06
1.89642e-12
8.68631e-06
1.85357e-12
8.68632e-06
1.78648e-12
8.68632e-06
1.83033e-12
8.68632e-06
2.00839e-12
8.68632e-06
2.21327e-12
8.68632e-06
2.28066e-12
8.68632e-06
2.12503e-12
8.68632e-06
1.7952e-12
8.68633e-06
1.39442e-12
8.68633e-06
9.78511e-13
8.68633e-06
5.17287e-13
8.68633e-06
-5.47307e-14
8.68633e-06
-7.03174e-13
8.68633e-06
-1.31818e-12
8.68632e-06
-1.80363e-12
8.68632e-06
-2.1417e-12
8.68632e-06
-2.37282e-12
8.68632e-06
-2.54784e-12
8.68632e-06
-2.66882e-12
8.68632e-06
-2.7e-12
8.68631e-06
-2.58987e-12
8.68631e-06
-2.36435e-12
8.68631e-06
-2.09434e-12
8.68631e-06
-1.81167e-12
8.68631e-06
-1.4671e-12
8.68631e-06
-9.86936e-13
8.68631e-06
-3.56926e-13
8.68631e-06
3.72134e-13
8.68631e-06
1.09966e-12
8.68631e-06
1.775e-12
8.68631e-06
2.32261e-12
8.68631e-06
2.73792e-12
8.68631e-06
2.99985e-12
8.68631e-06
3.09987e-12
8.68631e-06
3.04113e-12
8.68632e-06
2.85458e-12
8.68632e-06
2.58567e-12
8.68632e-06
2.27816e-12
8.68632e-06
1.93498e-12
8.68632e-06
1.55621e-12
8.68632e-06
1.14648e-12
8.68632e-06
7.75263e-13
8.68632e-06
4.86927e-13
8.68632e-06
2.12761e-13
8.68632e-06
-8.65191e-14
8.68632e-06
-4.37269e-13
8.68632e-06
-8.07618e-13
8.68632e-06
-1.13865e-12
8.68632e-06
-1.4189e-12
8.68632e-06
-1.68253e-12
8.68632e-06
-1.95323e-12
8.68632e-06
-2.19693e-12
8.68631e-06
-2.34655e-12
8.68631e-06
-2.358e-12
8.68631e-06
-2.23786e-12
8.68631e-06
-2.03085e-12
8.68631e-06
-1.76303e-12
8.68631e-06
-1.44114e-12
8.68631e-06
-1.07545e-12
8.68631e-06
-6.50778e-13
8.68631e-06
-2.88174e-13
8.68631e-06
4.77374e-14
8.68631e-06
3.66219e-13
8.68631e-06
6.67507e-13
8.68631e-06
9.45568e-13
8.68632e-06
1.19802e-12
8.68632e-06
1.41389e-12
8.68632e-06
1.56545e-12
8.68632e-06
1.60896e-12
8.68632e-06
1.53031e-12
8.68632e-06
1.37882e-12
8.68632e-06
1.23515e-12
8.68632e-06
1.12988e-12
8.68632e-06
1.054e-12
8.68632e-06
9.65635e-13
8.68632e-06
7.99828e-13
8.68632e-06
5.69451e-13
8.68632e-06
3.54761e-13
8.68632e-06
1.83726e-13
8.68632e-06
1.14421e-14
8.68632e-06
-2.08862e-13
8.68632e-06
-4.95496e-13
8.68632e-06
-7.69074e-13
8.68632e-06
-9.04174e-13
8.68632e-06
-9.58465e-13
8.68632e-06
-1.06241e-12
8.68632e-06
-1.21736e-12
8.68632e-06
-1.26657e-12
8.68632e-06
-1.09044e-12
8.68632e-06
-7.08098e-13
8.68632e-06
-5.02248e-13
8.68632e-06
-5.93264e-13
8.68632e-06
-7.56701e-13
8.68632e-06
-6.2698e-13
8.68631e-06
-2.5183e-13
8.68631e-06
1.66195e-14
8.68631e-06
-9.2418e-14
8.68631e-06
-4.41503e-13
8.68631e-06
-9.11715e-13
8.68632e-06
-1.20222e-12
8.68632e-06
-1.84529e-12
8.68632e-06
-1.77689e-12
-1.07248e-12
6.77127e-06
4.0249e-12
6.77127e-06
3.80888e-12
6.77127e-06
3.65215e-12
6.77128e-06
3.91165e-12
6.77128e-06
3.66454e-12
6.77128e-06
3.1345e-12
6.77128e-06
2.5339e-12
6.77128e-06
1.78547e-12
6.77128e-06
1.11255e-12
6.77128e-06
7.4858e-13
6.77129e-06
6.11585e-13
6.77129e-06
5.61871e-13
6.77129e-06
5.73638e-13
6.77129e-06
5.71951e-13
6.77129e-06
4.69742e-13
6.77129e-06
3.57125e-13
6.77129e-06
3.36493e-13
6.77129e-06
4.18312e-13
6.77129e-06
4.77948e-13
6.77129e-06
3.8907e-13
6.77129e-06
1.89542e-13
6.77129e-06
5.03634e-14
6.77129e-06
6.3854e-14
6.77128e-06
1.06875e-13
6.77128e-06
-9.04115e-15
6.77128e-06
-3.14007e-13
6.77128e-06
-6.56741e-13
6.77128e-06
-8.4942e-13
6.77128e-06
-8.56305e-13
6.77128e-06
-8.22776e-13
6.77128e-06
-8.99349e-13
6.77128e-06
-1.1186e-12
6.77128e-06
-1.3792e-12
6.77128e-06
-1.51106e-12
6.77128e-06
-1.42452e-12
6.77128e-06
-1.17036e-12
6.77128e-06
-8.74016e-13
6.77128e-06
-6.25128e-13
6.77128e-06
-3.98612e-13
6.77128e-06
-7.92256e-14
6.77128e-06
3.19707e-13
6.77128e-06
6.68296e-13
6.77128e-06
8.14584e-13
6.77128e-06
6.99262e-13
6.77128e-06
4.0226e-13
6.77128e-06
8.22368e-14
6.77128e-06
-1.34443e-13
6.77128e-06
-2.23158e-13
6.77128e-06
-1.91597e-13
6.77129e-06
-2.79525e-14
6.77129e-06
2.6382e-13
6.77129e-06
5.85298e-13
6.77129e-06
7.54004e-13
6.77129e-06
6.25001e-13
6.77129e-06
2.18138e-13
6.77129e-06
-2.61929e-13
6.77129e-06
-5.87616e-13
6.77129e-06
-6.85138e-13
6.77129e-06
-6.72302e-13
6.77129e-06
-7.0873e-13
6.77129e-06
-8.38057e-13
6.77129e-06
-9.76863e-13
6.77129e-06
-1.0241e-12
6.77129e-06
-9.70877e-13
6.77129e-06
-9.08241e-13
6.77129e-06
-9.26265e-13
6.77128e-06
-1.00943e-12
6.77128e-06
-1.0819e-12
6.77128e-06
-1.05649e-12
6.77128e-06
-9.35816e-13
6.77128e-06
-7.73576e-13
6.77128e-06
-5.89106e-13
6.77128e-06
-3.05091e-13
6.77128e-06
1.3866e-13
6.77128e-06
6.98448e-13
6.77128e-06
1.23164e-12
6.77128e-06
1.62419e-12
6.77128e-06
1.80512e-12
6.77128e-06
1.85049e-12
6.77128e-06
1.86289e-12
6.77128e-06
1.88907e-12
6.77128e-06
1.84943e-12
6.77128e-06
1.68714e-12
6.77128e-06
1.43834e-12
6.77129e-06
1.2123e-12
6.77129e-06
1.08812e-12
6.77129e-06
1.03174e-12
6.77129e-06
9.40011e-13
6.77129e-06
7.25591e-13
6.77129e-06
4.53699e-13
6.77129e-06
2.41727e-13
6.77129e-06
1.4308e-13
6.77129e-06
8.2948e-14
6.77129e-06
-3.83519e-14
6.77129e-06
-2.26367e-13
6.77129e-06
-3.85133e-13
6.77129e-06
-4.32848e-13
6.77129e-06
-3.99107e-13
6.77128e-06
-3.90635e-13
6.77128e-06
-4.83911e-13
6.77128e-06
-6.54996e-13
6.77128e-06
-8.0587e-13
6.77128e-06
-8.37565e-13
6.77128e-06
-7.30459e-13
6.77128e-06
-5.27731e-13
6.77128e-06
-3.02398e-13
6.77128e-06
-5.18917e-14
6.77128e-06
1.91646e-13
6.77128e-06
4.27724e-13
6.77128e-06
5.86567e-13
6.77128e-06
6.10788e-13
6.77128e-06
4.91836e-13
6.77129e-06
3.20524e-13
6.77129e-06
2.21421e-13
6.77129e-06
2.49451e-13
6.77129e-06
3.5945e-13
6.77129e-06
4.31521e-13
6.77129e-06
3.91613e-13
6.77129e-06
2.79778e-13
6.77129e-06
1.96077e-13
6.77129e-06
1.65062e-13
6.77129e-06
1.43876e-13
6.77129e-06
8.46159e-14
6.77129e-06
-4.70939e-14
6.77129e-06
-1.98507e-13
6.77129e-06
-2.88347e-13
6.77129e-06
-3.35981e-13
6.77129e-06
-4.5092e-13
6.77129e-06
-6.06604e-13
6.77129e-06
-5.82398e-13
6.77129e-06
-3.25535e-13
6.77129e-06
-1.42154e-13
6.77129e-06
-2.23162e-13
6.77128e-06
-4.04028e-13
6.77128e-06
-4.50706e-13
6.77128e-06
-5.03476e-13
6.77128e-06
-6.09941e-13
6.77128e-06
-6.58417e-13
6.77128e-06
-5.77269e-13
6.77128e-06
-3.23812e-13
6.77128e-06
4.32191e-14
6.77128e-06
1.28736e-13
6.77128e-06
-1.49055e-14
6.77128e-06
-3.86751e-13
6.77128e-06
-7.19306e-13
6.77128e-06
-1.12565e-12
6.77128e-06
-1.18303e-12
6.77128e-06
-1.2882e-12
6.77128e-06
-1.22881e-12
-1.16003e-12
4.41892e-06
1.64815e-12
4.41893e-06
1.54556e-12
4.41893e-06
1.50429e-12
4.41893e-06
1.36481e-12
4.41893e-06
1.33206e-12
4.41894e-06
1.35989e-12
4.41894e-06
1.12246e-12
4.41894e-06
7.12214e-13
4.41894e-06
3.47137e-13
4.41894e-06
2.18837e-13
4.41894e-06
2.83047e-13
4.41894e-06
3.59569e-13
4.41894e-06
4.28139e-13
4.41894e-06
5.20776e-13
4.41894e-06
5.6768e-13
4.41894e-06
4.58596e-13
4.41894e-06
1.9442e-13
4.41894e-06
-7.11956e-14
4.41894e-06
-1.47321e-13
4.41894e-06
5.33309e-18
4.41894e-06
2.25718e-13
4.41894e-06
3.27546e-13
4.41894e-06
2.37189e-13
4.41894e-06
5.14796e-14
4.41894e-06
-8.9887e-14
4.41894e-06
-1.22021e-13
4.41894e-06
-9.49881e-14
4.41894e-06
-8.58821e-14
4.41894e-06
-1.33126e-13
4.41894e-06
-2.3049e-13
4.41894e-06
-3.64166e-13
4.41894e-06
-4.66358e-13
4.41894e-06
-4.90711e-13
4.41894e-06
-4.42877e-13
4.41894e-06
-3.53283e-13
4.41894e-06
-2.67544e-13
4.41894e-06
-2.19341e-13
4.41894e-06
-2.55346e-13
4.41894e-06
-3.7016e-13
4.41894e-06
-4.84556e-13
4.41894e-06
-4.7543e-13
4.41894e-06
-2.86194e-13
4.41894e-06
2.64343e-15
4.41894e-06
2.01925e-13
4.41894e-06
1.82544e-13
4.41894e-06
-1.12455e-14
4.41894e-06
-1.93692e-13
4.41894e-06
-2.11183e-13
4.41894e-06
-6.7772e-14
4.41894e-06
9.77505e-14
4.41894e-06
1.59035e-13
4.41894e-06
9.70758e-14
4.41894e-06
-4.44519e-15
4.41894e-06
-6.23544e-14
4.41894e-06
-5.66344e-14
4.41894e-06
-5.22519e-14
4.41895e-06
-8.63309e-14
4.41895e-06
-1.41905e-13
4.41894e-06
-2.03023e-13
4.41894e-06
-2.5998e-13
4.41894e-06
-3.34448e-13
4.41894e-06
-4.21486e-13
4.41894e-06
-4.78744e-13
4.41894e-06
-4.51265e-13
4.41894e-06
-3.28995e-13
4.41894e-06
-1.91191e-13
4.41894e-06
-1.44754e-13
4.41894e-06
-2.27014e-13
4.41894e-06
-3.74194e-13
4.41894e-06
-4.53027e-13
4.41893e-06
-4.01394e-13
4.41893e-06
-2.37067e-13
4.41893e-06
-5.79599e-14
4.41893e-06
6.83852e-14
4.41893e-06
1.40415e-13
4.41893e-06
2.03283e-13
4.41893e-06
3.06564e-13
4.41893e-06
4.2476e-13
4.41894e-06
5.08865e-13
4.41894e-06
5.24241e-13
4.41894e-06
5.1926e-13
4.41894e-06
5.42938e-13
4.41894e-06
5.83646e-13
4.41894e-06
5.75282e-13
4.41894e-06
4.44794e-13
4.41894e-06
2.21007e-13
4.41894e-06
6.31023e-15
4.41894e-06
-6.85776e-14
4.41894e-06
7.32952e-15
4.41894e-06
1.33427e-13
4.41894e-06
2.22057e-13
4.41894e-06
2.54649e-13
4.41894e-06
2.6193e-13
4.41894e-06
2.50989e-13
4.41894e-06
2.02438e-13
4.41894e-06
9.88453e-14
4.41894e-06
-4.79056e-14
4.41894e-06
-1.90243e-13
4.41894e-06
-2.7609e-13
4.41894e-06
-3.09979e-13
4.41894e-06
-3.33032e-13
4.41894e-06
-3.90876e-13
4.41894e-06
-4.76361e-13
4.41894e-06
-5.24755e-13
4.41894e-06
-4.78603e-13
4.41894e-06
-3.5593e-13
4.41894e-06
-1.90805e-13
4.41894e-06
-4.42933e-14
4.41894e-06
6.80068e-14
4.41894e-06
1.60156e-13
4.41894e-06
2.49607e-13
4.41894e-06
3.17364e-13
4.41894e-06
3.50724e-13
4.41894e-06
3.46944e-13
4.41895e-06
3.17694e-13
4.41895e-06
3.2364e-13
4.41895e-06
3.90108e-13
4.41895e-06
4.54382e-13
4.41895e-06
4.1907e-13
4.41895e-06
2.71233e-13
4.41895e-06
7.84175e-14
4.41895e-06
-6.80351e-14
4.41895e-06
-1.10996e-13
4.41895e-06
-7.56082e-14
4.41895e-06
1.85549e-14
4.41894e-06
1.19102e-13
4.41894e-06
1.26545e-13
4.41894e-06
5.07076e-14
4.41894e-06
-2.38229e-15
4.41894e-06
-7.48104e-14
4.41894e-06
-2.56135e-13
4.41894e-06
-4.50117e-13
4.41894e-06
-4.52344e-13
4.41894e-06
-2.74956e-13
4.41894e-06
-2.70026e-13
4.41894e-06
-3.3717e-13
4.41894e-06
-2.56415e-13
4.41894e-06
-8.56216e-14
4.41894e-06
-3.38833e-14
4.41894e-06
3.91327e-14
4.41894e-06
3.40384e-13
4.41894e-06
2.46215e-13
4.41894e-06
-9.81979e-14
4.41894e-06
-1.04171e-14
4.41894e-06
4.03464e-13
4.41894e-06
1.94374e-13
4.41893e-06
-4.98685e-13
4.41893e-06
-3.27771e-13
4.41893e-06
-1.14096e-12
-6.69037e-13
1.62304e-06
1.62305e-06
1.62305e-06
1.62305e-06
1.62305e-06
1.62305e-06
1.62305e-06
1.62305e-06
1.62305e-06
1.62305e-06
1.62305e-06
1.62305e-06
1.62305e-06
1.62305e-06
1.62305e-06
1.62306e-06
1.62306e-06
1.62306e-06
1.62306e-06
1.62306e-06
1.62306e-06
1.62306e-06
1.62306e-06
1.62306e-06
1.62305e-06
1.62305e-06
1.62305e-06
1.62305e-06
1.62305e-06
1.62305e-06
1.62305e-06
1.62305e-06
1.62305e-06
1.62305e-06
1.62305e-06
1.62305e-06
1.62305e-06
1.62305e-06
1.62305e-06
1.62305e-06
1.62305e-06
1.62305e-06
1.62305e-06
1.62305e-06
1.62305e-06
1.62305e-06
1.62305e-06
1.62305e-06
1.62305e-06
1.62305e-06
1.62305e-06
1.62305e-06
1.62305e-06
1.62305e-06
1.62305e-06
1.62305e-06
1.62305e-06
1.62305e-06
1.62305e-06
1.62305e-06
1.62305e-06
1.62305e-06
1.62305e-06
1.62305e-06
1.62305e-06
1.62305e-06
1.62305e-06
1.62305e-06
1.62305e-06
1.62305e-06
1.62305e-06
1.62305e-06
1.62305e-06
1.62305e-06
1.62305e-06
1.62305e-06
1.62305e-06
1.62305e-06
1.62305e-06
1.62305e-06
1.62305e-06
1.62305e-06
1.62305e-06
1.62305e-06
1.62305e-06
1.62305e-06
1.62305e-06
1.62305e-06
1.62305e-06
1.62305e-06
1.62305e-06
1.62305e-06
1.62305e-06
1.62305e-06
1.62305e-06
1.62305e-06
1.62306e-06
1.62306e-06
1.62306e-06
1.62306e-06
1.62306e-06
1.62306e-06
1.62306e-06
1.62306e-06
1.62306e-06
1.62306e-06
1.62306e-06
1.62306e-06
1.62306e-06
1.62306e-06
1.62306e-06
1.62306e-06
1.62306e-06
1.62306e-06
1.62306e-06
1.62306e-06
1.62306e-06
1.62306e-06
1.62306e-06
1.62306e-06
1.62306e-06
1.62306e-06
1.62306e-06
1.62306e-06
1.62305e-06
1.62305e-06
1.62305e-06
1.62305e-06
1.62305e-06
1.62305e-06
1.62305e-06
1.62305e-06
1.62305e-06
1.62305e-06
1.62305e-06
1.62305e-06
1.62305e-06
1.62305e-06
1.62305e-06
1.62305e-06
1.62305e-06
1.62305e-06
1.62305e-06
1.62305e-06
1.62305e-06
1.62305e-06
1.62305e-06
1.62305e-06
1.62305e-06
)
;

boundaryField
{
    inlet
    {
        type            calculated;
        value           nonuniform List<scalar> 
15
(
-1.62305e-06
-4.41893e-06
-6.77128e-06
-8.68632e-06
-1.01696e-05
-1.12256e-05
-1.18578e-05
-1.20683e-05
-1.18578e-05
-1.12256e-05
-1.01696e-05
-8.68631e-06
-6.77127e-06
-4.41892e-06
-1.62304e-06
)
;
    }
    outlet
    {
        type            calculated;
        value           nonuniform List<scalar> 
15
(
1.62304e-06
4.41892e-06
6.77126e-06
8.6863e-06
1.01695e-05
1.12256e-05
1.18578e-05
1.20683e-05
1.18578e-05
1.12256e-05
1.01696e-05
8.68632e-06
6.77128e-06
4.41893e-06
1.62305e-06
)
;
    }
    walls
    {
        type            calculated;
        value           uniform 0;
    }
    frontAndBack
    {
        type            empty;
    }
}


// ************************************************************************* //
