/*--------------------------------*- C++ -*----------------------------------*\
| =========                 |                                                 |
| \\      /  F ield         | OpenFOAM: The Open Source CFD Toolbox           |
|  \\    /   O peration     | Version:  2406                                  |
|   \\  /    A nd           | Website:  www.openfoam.com                      |
|    \\/     M anipulation  |                                                 |
\*---------------------------------------------------------------------------*/
FoamFile
{
    version     2.0;
    format      ascii;
    arch        "LSB;label=32;scalar=64";
    class       volVectorField;
    location    "0.1";
    object      U;
}
// * * * * * * * * * * * * * * * * * * * * * * * * * * * * * * * * * * * * * //

dimensions      [0 1 -1 0 0 0 0];

internalField   nonuniform List<vector> 
2250
(
(0.44187 -4.74889e-05 0)
(0.441962 -3.50941e-05 0)
(0.442041 -2.32543e-05 0)
(0.442098 -1.68012e-05 0)
(0.442146 -1.46633e-05 0)
(0.442193 -1.44985e-05 0)
(0.442242 -1.52958e-05 0)
(0.442293 -1.62805e-05 0)
(0.442345 -1.72779e-05 0)
(0.4424 -1.77589e-05 0)
(0.442456 -1.81352e-05 0)
(0.442511 -1.80251e-05 0)
(0.442566 -1.73869e-05 0)
(0.442617 -1.66074e-05 0)
(0.442666 -1.53207e-05 0)
(0.44271 -1.37178e-05 0)
(0.442749 -1.20356e-05 0)
(0.442783 -1.02795e-05 0)
(0.442812 -8.51338e-06 0)
(0.442836 -6.94522e-06 0)
(0.442855 -5.60451e-06 0)
(0.442871 -4.35228e-06 0)
(0.442882 -3.239e-06 0)
(0.442891 -2.41056e-06 0)
(0.442897 -1.77795e-06 0)
(0.442902 -1.17547e-06 0)
(0.442905 -6.66759e-07 0)
(0.442907 -3.95913e-07 0)
(0.442908 -3.04606e-07 0)
(0.442908 -2.28436e-07 0)
(0.442908 -1.11941e-07 0)
(0.442908 -1.78475e-08 0)
(0.442908 1.00278e-08 0)
(0.442907 1.93498e-08 0)
(0.442907 7.8121e-08 0)
(0.442906 1.86905e-07 0)
(0.442905 2.82117e-07 0)
(0.442904 3.17229e-07 0)
(0.442903 3.24805e-07 0)
(0.442901 3.76212e-07 0)
(0.4429 4.89747e-07 0)
(0.442898 6.06694e-07 0)
(0.442896 6.57937e-07 0)
(0.442895 6.32773e-07 0)
(0.442893 5.71657e-07 0)
(0.442891 5.04197e-07 0)
(0.44289 4.16587e-07 0)
(0.442889 2.81491e-07 0)
(0.442889 9.84967e-08 0)
(0.442889 -1.00382e-07 0)
(0.44289 -2.92893e-07 0)
(0.442892 -4.92352e-07 0)
(0.442894 -7.26468e-07 0)
(0.442898 -1.00036e-06 0)
(0.442902 -1.2898e-06 0)
(0.442906 -1.56621e-06 0)
(0.442912 -1.81833e-06 0)
(0.442919 -2.04851e-06 0)
(0.442926 -2.25546e-06 0)
(0.442934 -2.42821e-06 0)
(0.442942 -2.55615e-06 0)
(0.44295 -2.63743e-06 0)
(0.442958 -2.67086e-06 0)
(0.442966 -2.64229e-06 0)
(0.442974 -2.52837e-06 0)
(0.442981 -2.31881e-06 0)
(0.442988 -2.03005e-06 0)
(0.442994 -1.69234e-06 0)
(0.442998 -1.32765e-06 0)
(0.443001 -9.45868e-07 0)
(0.443003 -5.57622e-07 0)
(0.443004 -1.80325e-07 0)
(0.443004 1.74909e-07 0)
(0.443003 4.94748e-07 0)
(0.443001 7.63021e-07 0)
(0.442998 9.58302e-07 0)
(0.442995 1.07062e-06 0)
(0.442991 1.11257e-06 0)
(0.442987 1.1031e-06 0)
(0.442984 1.04562e-06 0)
(0.442981 9.33046e-07 0)
(0.442979 7.70881e-07 0)
(0.442977 5.79253e-07 0)
(0.442976 3.69458e-07 0)
(0.442975 1.32817e-07 0)
(0.442975 -1.4254e-07 0)
(0.442976 -4.45391e-07 0)
(0.442978 -7.4974e-07 0)
(0.442981 -1.03062e-06 0)
(0.442985 -1.26665e-06 0)
(0.442989 -1.43721e-06 0)
(0.442993 -1.52894e-06 0)
(0.442998 -1.54043e-06 0)
(0.443002 -1.47111e-06 0)
(0.443006 -1.31101e-06 0)
(0.44301 -1.05124e-06 0)
(0.443012 -6.94877e-07 0)
(0.443013 -2.40759e-07 0)
(0.443013 2.86678e-07 0)
(0.44301 8.62476e-07 0)
(0.443006 1.45046e-06 0)
(0.443001 2.02129e-06 0)
(0.442993 2.56367e-06 0)
(0.442984 3.05747e-06 0)
(0.442974 3.45877e-06 0)
(0.442963 3.73988e-06 0)
(0.44295 3.92307e-06 0)
(0.442938 4.03476e-06 0)
(0.442925 4.04249e-06 0)
(0.442913 3.88784e-06 0)
(0.442901 3.5763e-06 0)
(0.442891 3.17945e-06 0)
(0.442882 2.74397e-06 0)
(0.442874 2.25675e-06 0)
(0.442868 1.7153e-06 0)
(0.442863 1.17513e-06 0)
(0.44286 6.97114e-07 0)
(0.442859 2.89931e-07 0)
(0.442858 -7.07531e-08 0)
(0.442859 -3.81992e-07 0)
(0.442861 -6.31553e-07 0)
(0.442863 -8.16715e-07 0)
(0.442866 -9.41676e-07 0)
(0.442869 -1.0095e-06 0)
(0.442872 -1.0242e-06 0)
(0.442876 -9.86446e-07 0)
(0.442878 -8.9027e-07 0)
(0.442881 -7.4305e-07 0)
(0.442883 -5.84603e-07 0)
(0.442885 -4.60147e-07 0)
(0.442887 -3.72037e-07 0)
(0.442888 -2.83555e-07 0)
(0.442889 -1.73675e-07 0)
(0.44289 -6.19483e-08 0)
(0.44289 2.88738e-08 0)
(0.44289 1.10118e-07 0)
(0.44289 2.01559e-07 0)
(0.442889 2.72454e-07 0)
(0.442889 2.72029e-07 0)
(0.442889 2.15904e-07 0)
(0.442888 1.91481e-07 0)
(0.442887 2.24359e-07 0)
(0.442887 2.4501e-07 0)
(0.442887 1.90533e-07 0)
(0.442887 4.05308e-08 0)
(0.442888 -2.81704e-07 0)
(0.44289 -9.60564e-07 0)
(0.442895 -2.25536e-06 0)
(0.442905 -4.60082e-06 0)
(0.442921 -8.24148e-06 0)
(1.16335 -0.000164266 0)
(1.16346 -0.000139178 0)
(1.1636 -0.000114899 0)
(1.16372 -0.000100535 0)
(1.16383 -9.54939e-05 0)
(1.16395 -9.55863e-05 0)
(1.16407 -9.85657e-05 0)
(1.16419 -0.000102405 0)
(1.16432 -0.000106023 0)
(1.16445 -0.000108047 0)
(1.16458 -0.000108537 0)
(1.16471 -0.000106874 0)
(1.16484 -0.000102775 0)
(1.16496 -9.69351e-05 0)
(1.16507 -8.92096e-05 0)
(1.16518 -8.0188e-05 0)
(1.16527 -7.04659e-05 0)
(1.16535 -6.04091e-05 0)
(1.16541 -5.05852e-05 0)
(1.16547 -4.15525e-05 0)
(1.16552 -3.34386e-05 0)
(1.16555 -2.61385e-05 0)
(1.16558 -1.97957e-05 0)
(1.1656 -1.46443e-05 0)
(1.16562 -1.05349e-05 0)
(1.16563 -7.16752e-06 0)
(1.16564 -4.57205e-06 0)
(1.16564 -2.8709e-06 0)
(1.16564 -1.81744e-06 0)
(1.16565 -9.92187e-07 0)
(1.16565 -2.47172e-07 0)
(1.16565 3.21948e-07 0)
(1.16564 6.90879e-07 0)
(1.16564 1.00365e-06 0)
(1.16564 1.38692e-06 0)
(1.16564 1.82375e-06 0)
(1.16564 2.23133e-06 0)
(1.16563 2.58379e-06 0)
(1.16563 2.92888e-06 0)
(1.16562 3.30733e-06 0)
(1.16562 3.67762e-06 0)
(1.16561 3.92295e-06 0)
(1.16561 3.93328e-06 0)
(1.1656 3.68651e-06 0)
(1.1656 3.24654e-06 0)
(1.1656 2.67674e-06 0)
(1.16559 1.96656e-06 0)
(1.16559 1.05527e-06 0)
(1.16559 -8.37566e-08 0)
(1.16559 -1.39089e-06 0)
(1.1656 -2.78948e-06 0)
(1.1656 -4.25882e-06 0)
(1.16561 -5.82746e-06 0)
(1.16562 -7.50172e-06 0)
(1.16563 -9.22193e-06 0)
(1.16564 -1.08907e-05 0)
(1.16566 -1.24276e-05 0)
(1.16567 -1.37893e-05 0)
(1.16569 -1.4946e-05 0)
(1.16571 -1.58512e-05 0)
(1.16573 -1.64384e-05 0)
(1.16576 -1.66468e-05 0)
(1.16578 -1.64399e-05 0)
(1.1658 -1.57999e-05 0)
(1.16582 -1.47199e-05 0)
(1.16583 -1.32183e-05 0)
(1.16585 -1.13632e-05 0)
(1.16586 -9.26341e-06 0)
(1.16587 -7.02688e-06 0)
(1.16588 -4.73579e-06 0)
(1.16588 -2.46145e-06 0)
(1.16588 -2.8519e-07 0)
(1.16588 1.7107e-06 0)
(1.16588 3.45354e-06 0)
(1.16587 4.88e-06 0)
(1.16586 5.92351e-06 0)
(1.16585 6.53589e-06 0)
(1.16585 6.72546e-06 0)
(1.16584 6.55006e-06 0)
(1.16583 6.06351e-06 0)
(1.16582 5.28646e-06 0)
(1.16581 4.23887e-06 0)
(1.16581 2.97619e-06 0)
(1.16581 1.56987e-06 0)
(1.16581 6.46474e-08 0)
(1.16581 -1.51598e-06 0)
(1.16581 -3.13142e-06 0)
(1.16582 -4.70769e-06 0)
(1.16582 -6.15239e-06 0)
(1.16583 -7.36437e-06 0)
(1.16584 -8.23384e-06 0)
(1.16585 -8.66174e-06 0)
(1.16586 -8.58622e-06 0)
(1.16587 -7.9759e-06 0)
(1.16588 -6.80461e-06 0)
(1.16589 -5.06216e-06 0)
(1.1659 -2.7847e-06 0)
(1.1659 -4.12627e-08 0)
(1.1659 3.0653e-06 0)
(1.16589 6.42636e-06 0)
(1.16588 9.88934e-06 0)
(1.16587 1.32756e-05 0)
(1.16585 1.64404e-05 0)
(1.16582 1.92621e-05 0)
(1.1658 2.15798e-05 0)
(1.16577 2.32265e-05 0)
(1.16574 2.41463e-05 0)
(1.16571 2.4398e-05 0)
(1.16568 2.40072e-05 0)
(1.16565 2.29075e-05 0)
(1.16562 2.10891e-05 0)
(1.1656 1.87173e-05 0)
(1.16558 1.60174e-05 0)
(1.16556 1.31105e-05 0)
(1.16554 1.00548e-05 0)
(1.16553 6.9864e-06 0)
(1.16552 4.10536e-06 0)
(1.16552 1.54426e-06 0)
(1.16552 -6.64208e-07 0)
(1.16552 -2.49801e-06 0)
(1.16553 -3.93091e-06 0)
(1.16553 -4.96224e-06 0)
(1.16554 -5.61847e-06 0)
(1.16555 -5.93392e-06 0)
(1.16556 -5.96025e-06 0)
(1.16556 -5.76614e-06 0)
(1.16557 -5.39433e-06 0)
(1.16558 -4.84761e-06 0)
(1.16558 -4.15463e-06 0)
(1.16559 -3.41599e-06 0)
(1.16559 -2.73273e-06 0)
(1.1656 -2.11374e-06 0)
(1.1656 -1.50955e-06 0)
(1.1656 -9.21529e-07 0)
(1.1656 -4.14525e-07 0)
(1.1656 -6.26619e-09 0)
(1.1656 3.74874e-07 0)
(1.1656 7.57438e-07 0)
(1.1656 1.01363e-06 0)
(1.1656 1.02626e-06 0)
(1.1656 8.68733e-07 0)
(1.1656 6.40697e-07 0)
(1.1656 2.54013e-07 0)
(1.1656 -4.94183e-07 0)
(1.1656 -1.81775e-06 0)
(1.16561 -4.00234e-06 0)
(1.16561 -7.48792e-06 0)
(1.16562 -1.27898e-05 0)
(1.16564 -2.02571e-05 0)
(1.16567 -2.97381e-05 0)
(1.7401 -0.000285092 0)
(1.74019 -0.000260272 0)
(1.7403 -0.000242588 0)
(1.74042 -0.000233398 0)
(1.74054 -0.000231744 0)
(1.74067 -0.000235615 0)
(1.7408 -0.000242773 0)
(1.74094 -0.000251466 0)
(1.74108 -0.000258644 0)
(1.74123 -0.000262927 0)
(1.74138 -0.000263357 0)
(1.74152 -0.000258639 0)
(1.74166 -0.000248798 0)
(1.7418 -0.000234413 0)
(1.74192 -0.000216006 0)
(1.74204 -0.000194684 0)
(1.74214 -0.00017168 0)
(1.74223 -0.000148037 0)
(1.74231 -0.000124878 0)
(1.74238 -0.000103037 0)
(1.74243 -8.29958e-05 0)
(1.74247 -6.51834e-05 0)
(1.74251 -4.98551e-05 0)
(1.74253 -3.70093e-05 0)
(1.74255 -2.65394e-05 0)
(1.74256 -1.83186e-05 0)
(1.74257 -1.21455e-05 0)
(1.74258 -7.65462e-06 0)
(1.74258 -4.35099e-06 0)
(1.74258 -1.82528e-06 0)
(1.74258 1.0489e-07 0)
(1.74258 1.5259e-06 0)
(1.74258 2.63156e-06 0)
(1.74258 3.64195e-06 0)
(1.74257 4.62779e-06 0)
(1.74257 5.56084e-06 0)
(1.74256 6.48612e-06 0)
(1.74256 7.50541e-06 0)
(1.74255 8.59649e-06 0)
(1.74255 9.56614e-06 0)
(1.74254 1.02078e-05 0)
(1.74253 1.04335e-05 0)
(1.74252 1.02382e-05 0)
(1.74252 9.60803e-06 0)
(1.74251 8.509e-06 0)
(1.74251 6.93011e-06 0)
(1.7425 4.88698e-06 0)
(1.7425 2.38567e-06 0)
(1.7425 -5.80696e-07 0)
(1.7425 -3.98837e-06 0)
(1.7425 -7.76379e-06 0)
(1.74251 -1.1806e-05 0)
(1.74252 -1.60217e-05 0)
(1.74253 -2.03311e-05 0)
(1.74255 -2.46445e-05 0)
(1.74256 -2.88407e-05 0)
(1.74259 -3.27639e-05 0)
(1.74261 -3.62412e-05 0)
(1.74263 -3.91067e-05 0)
(1.74266 -4.12126e-05 0)
(1.74269 -4.24219e-05 0)
(1.74271 -4.26086e-05 0)
(1.74274 -4.16848e-05 0)
(1.74277 -3.96344e-05 0)
(1.74279 -3.65188e-05 0)
(1.74281 -3.24569e-05 0)
(1.74283 -2.76114e-05 0)
(1.74284 -2.21865e-05 0)
(1.74285 -1.64139e-05 0)
(1.74286 -1.0525e-05 0)
(1.74286 -4.7383e-06 0)
(1.74286 7.32996e-07 0)
(1.74286 5.67818e-06 0)
(1.74285 9.92021e-06 0)
(1.74284 1.33301e-05 0)
(1.74283 1.58086e-05 0)
(1.74282 1.7271e-05 0)
(1.74281 1.76797e-05 0)
(1.74279 1.70901e-05 0)
(1.74278 1.56348e-05 0)
(1.74277 1.3454e-05 0)
(1.74276 1.06547e-05 0)
(1.74276 7.34044e-06 0)
(1.74276 3.64803e-06 0)
(1.74275 -2.68861e-07 0)
(1.74276 -4.26936e-06 0)
(1.74276 -8.22915e-06 0)
(1.74277 -1.20098e-05 0)
(1.74278 -1.54444e-05 0)
(1.74279 -1.83394e-05 0)
(1.7428 -2.04692e-05 0)
(1.74281 -2.15882e-05 0)
(1.74283 -2.14834e-05 0)
(1.74284 -2.00228e-05 0)
(1.74285 -1.71498e-05 0)
(1.74286 -1.28597e-05 0)
(1.74287 -7.22027e-06 0)
(1.74288 -4.04974e-07 0)
(1.74288 7.3292e-06 0)
(1.74287 1.56902e-05 0)
(1.74286 2.43375e-05 0)
(1.74284 3.28631e-05 0)
(1.74282 4.0851e-05 0)
(1.74279 4.79524e-05 0)
(1.74276 5.38563e-05 0)
(1.74273 5.82259e-05 0)
(1.74269 6.07738e-05 0)
(1.74266 6.14172e-05 0)
(1.74262 6.02665e-05 0)
(1.74258 5.74464e-05 0)
(1.74255 5.30358e-05 0)
(1.74251 4.72221e-05 0)
(1.74249 4.03929e-05 0)
(1.74246 3.29912e-05 0)
(1.74245 2.53517e-05 0)
(1.74243 1.77414e-05 0)
(1.74242 1.04685e-05 0)
(1.74242 3.84692e-06 0)
(1.74242 -1.90702e-06 0)
(1.74242 -6.6837e-06 0)
(1.74243 -1.04253e-05 0)
(1.74244 -1.31208e-05 0)
(1.74245 -1.48278e-05 0)
(1.74246 -1.56543e-05 0)
(1.74247 -1.57339e-05 0)
(1.74248 -1.52264e-05 0)
(1.74249 -1.42936e-05 0)
(1.7425 -1.30384e-05 0)
(1.74251 -1.15029e-05 0)
(1.74252 -9.75972e-06 0)
(1.74253 -7.95812e-06 0)
(1.74253 -6.23221e-06 0)
(1.74254 -4.60913e-06 0)
(1.74254 -3.07255e-06 0)
(1.74254 -1.68719e-06 0)
(1.74254 -5.56973e-07 0)
(1.74254 3.40688e-07 0)
(1.74254 1.13607e-06 0)
(1.74254 1.8059e-06 0)
(1.74254 2.13911e-06 0)
(1.74254 1.97702e-06 0)
(1.74254 1.30435e-06 0)
(1.74254 4.44429e-08 0)
(1.74254 -2.10314e-06 0)
(1.74254 -5.56693e-06 0)
(1.74254 -1.08106e-05 0)
(1.74255 -1.84479e-05 0)
(1.74256 -2.89284e-05 0)
(1.74258 -4.16412e-05 0)
(1.7426 -5.4284e-05 0)
(2.18826 -0.000360543 0)
(2.18829 -0.000338312 0)
(2.18834 -0.000333639 0)
(2.18841 -0.000337784 0)
(2.18848 -0.000345418 0)
(2.18856 -0.000356494 0)
(2.18864 -0.000369776 0)
(2.18874 -0.000383546 0)
(2.18883 -0.00039482 0)
(2.18893 -0.000401338 0)
(2.18902 -0.00040181 0)
(2.18912 -0.000394705 0)
(2.18921 -0.000380283 0)
(2.1893 -0.00035903 0)
(2.18939 -0.000331676 0)
(2.18947 -0.000299746 0)
(2.18954 -0.000265195 0)
(2.1896 -0.000229609 0)
(2.18965 -0.000194379 0)
(2.1897 -0.000160771 0)
(2.18974 -0.000129864 0)
(2.18977 -0.000102444 0)
(2.18979 -7.87536e-05 0)
(2.18981 -5.87046e-05 0)
(2.18982 -4.22707e-05 0)
(2.18983 -2.93343e-05 0)
(2.18984 -1.94188e-05 0)
(2.18984 -1.1869e-05 0)
(2.18984 -6.15166e-06 0)
(2.18984 -1.88237e-06 0)
(2.18984 1.28517e-06 0)
(2.18984 3.69002e-06 0)
(2.18983 5.65615e-06 0)
(2.18983 7.42596e-06 0)
(2.18982 9.11988e-06 0)
(2.18982 1.07904e-05 0)
(2.18981 1.24986e-05 0)
(2.1898 1.42783e-05 0)
(2.1898 1.60219e-05 0)
(2.18979 1.74758e-05 0)
(2.18978 1.83922e-05 0)
(2.18977 1.86612e-05 0)
(2.18976 1.82761e-05 0)
(2.18976 1.72065e-05 0)
(2.18975 1.53496e-05 0)
(2.18974 1.26054e-05 0)
(2.18974 8.96139e-06 0)
(2.18973 4.48454e-06 0)
(2.18973 -7.48193e-07 0)
(2.18973 -6.68275e-06 0)
(2.18974 -1.32415e-05 0)
(2.18974 -2.02745e-05 0)
(2.18975 -2.75762e-05 0)
(2.18976 -3.49452e-05 0)
(2.18978 -4.22171e-05 0)
(2.1898 -4.92332e-05 0)
(2.18982 -5.57789e-05 0)
(2.18984 -6.15594e-05 0)
(2.18986 -6.62402e-05 0)
(2.18989 -6.95168e-05 0)
(2.18991 -7.11544e-05 0)
(2.18994 -7.09897e-05 0)
(2.18997 -6.89335e-05 0)
(2.18999 -6.49967e-05 0)
(2.19001 -5.93064e-05 0)
(2.19003 -5.20846e-05 0)
(2.19004 -4.36123e-05 0)
(2.19005 -3.42187e-05 0)
(2.19006 -2.42831e-05 0)
(2.19006 -1.42155e-05 0)
(2.19006 -4.41725e-06 0)
(2.19006 4.74176e-06 0)
(2.19005 1.29222e-05 0)
(2.19004 1.9826e-05 0)
(2.19003 2.52296e-05 0)
(2.19001 2.89988e-05 0)
(2.19 3.10658e-05 0)
(2.18998 3.14116e-05 0)
(2.18997 3.00948e-05 0)
(2.18996 2.72854e-05 0)
(2.18995 2.32364e-05 0)
(2.18994 1.8209e-05 0)
(2.18993 1.24316e-05 0)
(2.18993 6.11843e-06 0)
(2.18993 -5.0698e-07 0)
(2.18993 -7.22148e-06 0)
(2.18993 -1.38135e-05 0)
(2.18994 -2.00622e-05 0)
(2.18995 -2.57154e-05 0)
(2.18996 -3.04919e-05 0)
(2.18997 -3.40846e-05 0)
(2.18998 -3.61558e-05 0)
(2.19 -3.63634e-05 0)
(2.19001 -3.44298e-05 0)
(2.19003 -3.01955e-05 0)
(2.19004 -2.36187e-05 0)
(2.19005 -1.47741e-05 0)
(2.19006 -3.89462e-06 0)
(2.19006 8.63169e-06 0)
(2.19006 2.23052e-05 0)
(2.19005 3.65616e-05 0)
(2.19004 5.07566e-05 0)
(2.19003 6.41802e-05 0)
(2.19001 7.6171e-05 0)
(2.18998 8.62031e-05 0)
(2.18995 9.38307e-05 0)
(2.18992 9.86254e-05 0)
(2.18989 0.000100284 0)
(2.18986 9.87888e-05 0)
(2.18982 9.43687e-05 0)
(2.18979 8.73188e-05 0)
(2.18976 7.79615e-05 0)
(2.18974 6.67756e-05 0)
(2.18972 5.44245e-05 0)
(2.1897 4.15912e-05 0)
(2.18969 2.88433e-05 0)
(2.18968 1.66628e-05 0)
(2.18968 5.49654e-06 0)
(2.18968 -4.28714e-06 0)
(2.18969 -1.24567e-05 0)
(2.18969 -1.89016e-05 0)
(2.18971 -2.36073e-05 0)
(2.18972 -2.66526e-05 0)
(2.18973 -2.81895e-05 0)
(2.18974 -2.84065e-05 0)
(2.18976 -2.75241e-05 0)
(2.18977 -2.58049e-05 0)
(2.18978 -2.35117e-05 0)
(2.18979 -2.08359e-05 0)
(2.1898 -1.79021e-05 0)
(2.18981 -1.48401e-05 0)
(2.18981 -1.18033e-05 0)
(2.18982 -8.9022e-06 0)
(2.18982 -6.1691e-06 0)
(2.18982 -3.6353e-06 0)
(2.18983 -1.41162e-06 0)
(2.18983 3.9574e-07 0)
(2.18983 1.80019e-06 0)
(2.18982 2.86167e-06 0)
(2.18982 3.50604e-06 0)
(2.18982 3.50522e-06 0)
(2.18982 2.62463e-06 0)
(2.18982 6.62744e-07 0)
(2.18982 -2.70339e-06 0)
(2.18982 -7.93079e-06 0)
(2.18982 -1.55891e-05 0)
(2.18982 -2.62889e-05 0)
(2.18982 -4.02882e-05 0)
(2.18983 -5.64233e-05 0)
(2.18984 -7.03862e-05 0)
(2.52175 -0.000368929 0)
(2.52172 -0.000348639 0)
(2.52169 -0.000353231 0)
(2.52168 -0.000368445 0)
(2.52167 -0.000384714 0)
(2.52167 -0.000401783 0)
(2.52166 -0.000419824 0)
(2.52166 -0.000436462 0)
(2.52166 -0.000450199 0)
(2.52166 -0.000458116 0)
(2.52167 -0.000458651 0)
(2.52167 -0.000451201 0)
(2.52167 -0.000435457 0)
(2.52167 -0.00041165 0)
(2.52167 -0.000381053 0)
(2.52167 -0.000345395 0)
(2.52167 -0.000306402 0)
(2.52168 -0.000265757 0)
(2.52168 -0.00022532 0)
(2.52168 -0.000186769 0)
(2.52168 -0.000151218 0)
(2.52168 -0.000119413 0)
(2.52168 -9.17832e-05 0)
(2.52168 -6.83716e-05 0)
(2.52168 -4.90299e-05 0)
(2.52168 -3.35304e-05 0)
(2.52168 -2.14333e-05 0)
(2.52168 -1.21236e-05 0)
(2.52167 -5.03571e-06 0)
(2.52167 2.88619e-07 0)
(2.52167 4.2862e-06 0)
(2.52166 7.39922e-06 0)
(2.52166 1.00085e-05 0)
(2.52165 1.24057e-05 0)
(2.52165 1.47844e-05 0)
(2.52164 1.72208e-05 0)
(2.52164 1.9682e-05 0)
(2.52163 2.20674e-05 0)
(2.52162 2.42323e-05 0)
(2.52161 2.59846e-05 0)
(2.5216 2.71119e-05 0)
(2.52159 2.74452e-05 0)
(2.52159 2.68856e-05 0)
(2.52158 2.53548e-05 0)
(2.52157 2.27353e-05 0)
(2.52156 1.88909e-05 0)
(2.52156 1.37558e-05 0)
(2.52155 7.38888e-06 0)
(2.52155 -6.38886e-08 0)
(2.52155 -8.44288e-06 0)
(2.52155 -1.75898e-05 0)
(2.52156 -2.73129e-05 0)
(2.52156 -3.73675e-05 0)
(2.52157 -4.7484e-05 0)
(2.52158 -5.74021e-05 0)
(2.5216 -6.68633e-05 0)
(2.52161 -7.55655e-05 0)
(2.52163 -8.31265e-05 0)
(2.52165 -8.91034e-05 0)
(2.52167 -9.30695e-05 0)
(2.52169 -9.46938e-05 0)
(2.5217 -9.37775e-05 0)
(2.52172 -9.02515e-05 0)
(2.52174 -8.41739e-05 0)
(2.52175 -7.57378e-05 0)
(2.52176 -6.5263e-05 0)
(2.52176 -5.31621e-05 0)
(2.52177 -3.99112e-05 0)
(2.52177 -2.60427e-05 0)
(2.52176 -1.21339e-05 0)
(2.52175 1.23913e-06 0)
(2.52174 1.35558e-05 0)
(2.52173 2.4369e-05 0)
(2.52172 3.32976e-05 0)
(2.5217 4.00403e-05 0)
(2.52168 4.4417e-05 0)
(2.52167 4.63857e-05 0)
(2.52165 4.60126e-05 0)
(2.52164 4.34435e-05 0)
(2.52163 3.89137e-05 0)
(2.52162 3.2759e-05 0)
(2.52161 2.53718e-05 0)
(2.52161 1.71284e-05 0)
(2.5216 8.351e-06 0)
(2.5216 -6.79528e-07 0)
(2.5216 -9.71179e-06 0)
(2.52161 -1.85135e-05 0)
(2.52161 -2.6848e-05 0)
(2.52162 -3.44363e-05 0)
(2.52163 -4.09459e-05 0)
(2.52164 -4.60077e-05 0)
(2.52165 -4.92261e-05 0)
(2.52166 -5.01841e-05 0)
(2.52167 -4.84911e-05 0)
(2.52169 -4.38643e-05 0)
(2.5217 -3.61771e-05 0)
(2.52171 -2.54641e-05 0)
(2.52172 -1.19425e-05 0)
(2.52173 3.95418e-06 0)
(2.52174 2.15982e-05 0)
(2.52174 4.02477e-05 0)
(2.52174 5.90826e-05 0)
(2.52174 7.71868e-05 0)
(2.52173 9.36063e-05 0)
(2.52172 0.000107511 0)
(2.5217 0.000118279 0)
(2.52169 0.000125421 0)
(2.52167 0.000128531 0)
(2.52165 0.000127412 0)
(2.52163 0.000122214 0)
(2.52161 0.000113355 0)
(2.52159 0.000101355 0)
(2.52158 8.68116e-05 0)
(2.52156 7.04907e-05 0)
(2.52155 5.3289e-05 0)
(2.52155 3.6069e-05 0)
(2.52155 1.9558e-05 0)
(2.52155 4.36772e-06 0)
(2.52155 -8.99769e-06 0)
(2.52156 -2.01854e-05 0)
(2.52157 -2.90171e-05 0)
(2.52158 -3.54669e-05 0)
(2.52159 -3.96366e-05 0)
(2.52161 -4.173e-05 0)
(2.52162 -4.20077e-05 0)
(2.52163 -4.0744e-05 0)
(2.52165 -3.82342e-05 0)
(2.52166 -3.48164e-05 0)
(2.52167 -3.0829e-05 0)
(2.52168 -2.65292e-05 0)
(2.52169 -2.20803e-05 0)
(2.52169 -1.76274e-05 0)
(2.5217 -1.33449e-05 0)
(2.5217 -9.36611e-06 0)
(2.5217 -5.70605e-06 0)
(2.5217 -2.35897e-06 0)
(2.5217 5.56369e-07 0)
(2.5217 2.87886e-06 0)
(2.5217 4.57161e-06 0)
(2.5217 5.64526e-06 0)
(2.52169 5.96968e-06 0)
(2.52169 5.2604e-06 0)
(2.52169 3.21302e-06 0)
(2.52168 -4.56496e-07 0)
(2.52168 -6.15917e-06 0)
(2.52167 -1.44505e-05 0)
(2.52167 -2.58062e-05 0)
(2.52166 -4.02315e-05 0)
(2.52166 -5.6553e-05 0)
(2.52164 -6.98357e-05 0)
(2.75176 -0.000306902 0)
(2.75168 -0.00029034 0)
(2.75158 -0.000297731 0)
(2.75149 -0.000315687 0)
(2.75141 -0.000333359 0)
(2.75131 -0.000350608 0)
(2.75122 -0.000367836 0)
(2.75112 -0.000383181 0)
(2.75101 -0.000395345 0)
(2.75091 -0.000402257 0)
(2.7508 -0.000402709 0)
(2.75069 -0.000396423 0)
(2.75058 -0.000382666 0)
(2.75048 -0.000361747 0)
(2.75038 -0.000335227 0)
(2.7503 -0.000304268 0)
(2.75022 -0.000269964 0)
(2.75015 -0.000234078 0)
(2.75009 -0.000198496 0)
(2.75004 -0.000164523 0)
(2.75 -0.000132944 0)
(2.74996 -0.000104471 0)
(2.74993 -7.96581e-05 0)
(2.74991 -5.85627e-05 0)
(2.74989 -4.09526e-05 0)
(2.74988 -2.66367e-05 0)
(2.74987 -1.53544e-05 0)
(2.74986 -6.61624e-06 0)
(2.74985 1.28618e-07 0)
(2.74984 5.31176e-06 0)
(2.74984 9.3131e-06 0)
(2.74983 1.25617e-05 0)
(2.74983 1.54664e-05 0)
(2.74982 1.83011e-05 0)
(2.74982 2.11812e-05 0)
(2.74981 2.41039e-05 0)
(2.7498 2.69885e-05 0)
(2.7498 2.97091e-05 0)
(2.74979 3.21199e-05 0)
(2.74978 3.40566e-05 0)
(2.74977 3.53251e-05 0)
(2.74977 3.57117e-05 0)
(2.74976 3.50175e-05 0)
(2.74975 3.30804e-05 0)
(2.74975 2.97662e-05 0)
(2.74974 2.49625e-05 0)
(2.74973 1.86109e-05 0)
(2.74973 1.07599e-05 0)
(2.74973 1.57941e-06 0)
(2.74973 -8.6872e-06 0)
(2.74973 -1.97819e-05 0)
(2.74973 -3.1456e-05 0)
(2.74973 -4.34545e-05 0)
(2.74974 -5.54909e-05 0)
(2.74974 -6.72332e-05 0)
(2.74975 -7.83024e-05 0)
(2.74976 -8.82763e-05 0)
(2.74976 -9.66948e-05 0)
(2.74977 -0.000103073 0)
(2.74978 -0.000106947 0)
(2.74979 -0.000107941 0)
(2.7498 -0.000105836 0)
(2.7498 -0.000100589 0)
(2.74981 -9.23113e-05 0)
(2.74981 -8.12652e-05 0)
(2.7498 -6.78556e-05 0)
(2.7498 -5.26157e-05 0)
(2.74979 -3.61696e-05 0)
(2.74978 -1.91988e-05 0)
(2.74977 -2.4187e-06 0)
(2.74976 1.34603e-05 0)
(2.74974 2.7794e-05 0)
(2.74972 4.00519e-05 0)
(2.74971 4.9819e-05 0)
(2.74969 5.67834e-05 0)
(2.74967 6.0759e-05 0)
(2.74966 6.17308e-05 0)
(2.74964 5.98603e-05 0)
(2.74963 5.54367e-05 0)
(2.74962 4.88292e-05 0)
(2.74962 4.04732e-05 0)
(2.74961 3.08558e-05 0)
(2.74961 2.04612e-05 0)
(2.74961 9.70571e-06 0)
(2.74961 -1.08587e-06 0)
(2.74961 -1.16675e-05 0)
(2.74961 -2.18464e-05 0)
(2.74961 -3.14506e-05 0)
(2.74962 -4.02732e-05 0)
(2.74962 -4.80258e-05 0)
(2.74963 -5.43394e-05 0)
(2.74963 -5.87912e-05 0)
(2.74964 -6.09215e-05 0)
(2.74965 -6.02614e-05 0)
(2.74966 -5.64092e-05 0)
(2.74967 -4.91198e-05 0)
(2.74968 -3.83418e-05 0)
(2.7497 -2.42245e-05 0)
(2.74971 -7.15084e-06 0)
(2.74972 1.22402e-05 0)
(2.74974 3.31146e-05 0)
(2.74975 5.45432e-05 0)
(2.74976 7.55231e-05 0)
(2.74976 9.49644e-05 0)
(2.74977 0.00011179 0)
(2.74977 0.000125119 0)
(2.74977 0.000134338 0)
(2.74977 0.000139009 0)
(2.74977 0.000138847 0)
(2.74977 0.000133851 0)
(2.74977 0.000124393 0)
(2.74977 0.000111111 0)
(2.74976 9.47557e-05 0)
(2.74976 7.61775e-05 0)
(2.74977 5.63551e-05 0)
(2.74977 3.63102e-05 0)
(2.74977 1.69708e-05 0)
(2.74978 -8.88799e-07 0)
(2.74979 -1.6649e-05 0)
(2.7498 -2.98653e-05 0)
(2.74981 -4.02893e-05 0)
(2.74982 -4.78511e-05 0)
(2.74983 -5.26322e-05 0)
(2.74984 -5.48591e-05 0)
(2.74986 -5.48706e-05 0)
(2.74987 -5.30363e-05 0)
(2.74988 -4.97028e-05 0)
(2.74989 -4.52234e-05 0)
(2.7499 -3.99846e-05 0)
(2.7499 -3.43392e-05 0)
(2.74991 -2.85253e-05 0)
(2.74991 -2.27017e-05 0)
(2.74992 -1.70582e-05 0)
(2.74992 -1.18048e-05 0)
(2.74992 -7.0228e-06 0)
(2.74992 -2.66432e-06 0)
(2.74992 1.23535e-06 0)
(2.74992 4.50967e-06 0)
(2.74992 7.03542e-06 0)
(2.74991 8.79212e-06 0)
(2.74991 9.73825e-06 0)
(2.74991 9.67609e-06 0)
(2.7499 8.33346e-06 0)
(2.74989 5.52294e-06 0)
(2.74989 8.92723e-07 0)
(2.74988 -5.87855e-06 0)
(2.74986 -1.50879e-05 0)
(2.74985 -2.66332e-05 0)
(2.74982 -3.97082e-05 0)
(2.74979 -5.00754e-05 0)
(2.88647 -0.000186952 0)
(2.88636 -0.000176979 0)
(2.8862 -0.000181526 0)
(2.88606 -0.000193087 0)
(2.88592 -0.000203481 0)
(2.88576 -0.000213776 0)
(2.88559 -0.000223369 0)
(2.88542 -0.000231833 0)
(2.88523 -0.000238048 0)
(2.88504 -0.000241286 0)
(2.88485 -0.00024082 0)
(2.88465 -0.00023618 0)
(2.88446 -0.000227123 0)
(2.88428 -0.000214073 0)
(2.88411 -0.000197836 0)
(2.88395 -0.000178817 0)
(2.88381 -0.000157785 0)
(2.88368 -0.000135999 0)
(2.88357 -0.000114437 0)
(2.88348 -9.37058e-05 0)
(2.8834 -7.43355e-05 0)
(2.88334 -5.68235e-05 0)
(2.88328 -4.14774e-05 0)
(2.88324 -2.8327e-05 0)
(2.88321 -1.72716e-05 0)
(2.88319 -8.23094e-06 0)
(2.88317 -1.04082e-06 0)
(2.88315 4.65017e-06 0)
(2.88314 9.21877e-06 0)
(2.88313 1.29069e-05 0)
(2.88313 1.59368e-05 0)
(2.88312 1.86539e-05 0)
(2.88311 2.14035e-05 0)
(2.88311 2.43169e-05 0)
(2.8831 2.73184e-05 0)
(2.8831 3.03041e-05 0)
(2.88309 3.32266e-05 0)
(2.88309 3.60231e-05 0)
(2.88308 3.85421e-05 0)
(2.88308 4.05662e-05 0)
(2.88307 4.18669e-05 0)
(2.88307 4.22174e-05 0)
(2.88306 4.13815e-05 0)
(2.88306 3.91332e-05 0)
(2.88305 3.53018e-05 0)
(2.88305 2.9801e-05 0)
(2.88304 2.26303e-05 0)
(2.88304 1.38775e-05 0)
(2.88304 3.72761e-06 0)
(2.88304 -7.55221e-06 0)
(2.88304 -1.96597e-05 0)
(2.88303 -3.23021e-05 0)
(2.88303 -4.51989e-05 0)
(2.88303 -5.80448e-05 0)
(2.88303 -7.04652e-05 0)
(2.88303 -8.20016e-05 0)
(2.88303 -9.21404e-05 0)
(2.88303 -0.00010036 0)
(2.88303 -0.000106168 0)
(2.88303 -0.000109125 0)
(2.88302 -0.000108883 0)
(2.88302 -0.000105239 0)
(2.88301 -9.81735e-05 0)
(2.883 -8.78529e-05 0)
(2.88299 -7.46056e-05 0)
(2.88298 -5.89139e-05 0)
(2.88297 -4.14082e-05 0)
(2.88295 -2.28356e-05 0)
(2.88293 -4.00357e-06 0)
(2.88291 1.4273e-05 0)
(2.8829 3.12096e-05 0)
(2.88288 4.60961e-05 0)
(2.88286 5.83526e-05 0)
(2.88284 6.75623e-05 0)
(2.88283 7.34644e-05 0)
(2.88281 7.59435e-05 0)
(2.8828 7.50529e-05 0)
(2.88279 7.10437e-05 0)
(2.88278 6.43425e-05 0)
(2.88278 5.54809e-05 0)
(2.88277 4.50297e-05 0)
(2.88277 3.3565e-05 0)
(2.88277 2.16304e-05 0)
(2.88277 9.67879e-06 0)
(2.88277 -1.9698e-06 0)
(2.88277 -1.31206e-05 0)
(2.88277 -2.36679e-05 0)
(2.88278 -3.35522e-05 0)
(2.88278 -4.27018e-05 0)
(2.88278 -5.09611e-05 0)
(2.88278 -5.8049e-05 0)
(2.88278 -6.35738e-05 0)
(2.88278 -6.70681e-05 0)
(2.88279 -6.80208e-05 0)
(2.88279 -6.59349e-05 0)
(2.8828 -6.04297e-05 0)
(2.88281 -5.13233e-05 0)
(2.88283 -3.86516e-05 0)
(2.88284 -2.26787e-05 0)
(2.88286 -3.94126e-06 0)
(2.88288 1.67517e-05 0)
(2.88289 3.84228e-05 0)
(2.88291 6.00348e-05 0)
(2.88293 8.04996e-05 0)
(2.88295 9.86753e-05 0)
(2.88297 0.000113497 0)
(2.88299 0.000124159 0)
(2.88301 0.000130151 0)
(2.88302 0.000131172 0)
(2.88304 0.000127131 0)
(2.88305 0.000118264 0)
(2.88307 0.000105168 0)
(2.88308 8.8671e-05 0)
(2.88309 6.97063e-05 0)
(2.8831 4.92825e-05 0)
(2.88311 2.84639e-05 0)
(2.88312 8.27278e-06 0)
(2.88313 -1.04144e-05 0)
(2.88314 -2.69072e-05 0)
(2.88316 -4.07125e-05 0)
(2.88317 -5.15395e-05 0)
(2.88318 -5.92829e-05 0)
(2.88319 -6.3998e-05 0)
(2.8832 -6.58924e-05 0)
(2.8832 -6.53149e-05 0)
(2.88321 -6.26949e-05 0)
(2.88322 -5.84576e-05 0)
(2.88323 -5.29915e-05 0)
(2.88323 -4.66769e-05 0)
(2.88323 -3.98895e-05 0)
(2.88324 -3.29404e-05 0)
(2.88324 -2.60323e-05 0)
(2.88324 -1.93166e-05 0)
(2.88324 -1.29758e-05 0)
(2.88324 -7.17652e-06 0)
(2.88324 -1.96744e-06 0)
(2.88324 2.67162e-06 0)
(2.88324 6.70588e-06 0)
(2.88324 1.00433e-05 0)
(2.88323 1.26139e-05 0)
(2.88323 1.4417e-05 0)
(2.88322 1.53978e-05 0)
(2.88322 1.54566e-05 0)
(2.88321 1.44868e-05 0)
(2.8832 1.23364e-05 0)
(2.88318 8.91222e-06 0)
(2.88317 4.11882e-06 0)
(2.88314 -1.90802e-06 0)
(2.88311 -8.8369e-06 0)
(2.88306 -1.42746e-05 0)
(2.93083 -3.37593e-05 0)
(2.9307 -3.24328e-05 0)
(2.93053 -3.12512e-05 0)
(2.93037 -3.00583e-05 0)
(2.9302 -2.82211e-05 0)
(2.93002 -2.64172e-05 0)
(2.92982 -2.42372e-05 0)
(2.92962 -2.20523e-05 0)
(2.9294 -1.94713e-05 0)
(2.92918 -1.70328e-05 0)
(2.92895 -1.46328e-05 0)
(2.92873 -1.19935e-05 0)
(2.9285 -9.31471e-06 0)
(2.92829 -6.7851e-06 0)
(2.92809 -4.32543e-06 0)
(2.9279 -1.78176e-06 0)
(2.92773 6.83601e-07 0)
(2.92759 2.9381e-06 0)
(2.92746 5.13111e-06 0)
(2.92735 7.31637e-06 0)
(2.92725 9.34795e-06 0)
(2.92718 1.11754e-05 0)
(2.92712 1.28653e-05 0)
(2.92707 1.44176e-05 0)
(2.92704 1.5769e-05 0)
(2.92701 1.69207e-05 0)
(2.92699 1.79798e-05 0)
(2.92697 1.90788e-05 0)
(2.92696 2.02637e-05 0)
(2.92695 2.15126e-05 0)
(2.92694 2.28844e-05 0)
(2.92694 2.45675e-05 0)
(2.92694 2.67056e-05 0)
(2.92693 2.92257e-05 0)
(2.92693 3.19137e-05 0)
(2.92693 3.46255e-05 0)
(2.92692 3.73435e-05 0)
(2.92692 4.0032e-05 0)
(2.92692 4.25083e-05 0)
(2.92692 4.44807e-05 0)
(2.92691 4.56661e-05 0)
(2.92691 4.58404e-05 0)
(2.92691 4.47993e-05 0)
(2.92691 4.23272e-05 0)
(2.92691 3.82356e-05 0)
(2.9269 3.24341e-05 0)
(2.9269 2.49632e-05 0)
(2.9269 1.59745e-05 0)
(2.9269 5.69075e-06 0)
(2.9269 -5.627e-06 0)
(2.9269 -1.77008e-05 0)
(2.92689 -3.02445e-05 0)
(2.92689 -4.2952e-05 0)
(2.92689 -5.54722e-05 0)
(2.92688 -6.73871e-05 0)
(2.92687 -7.82088e-05 0)
(2.92687 -8.74064e-05 0)
(2.92686 -9.44574e-05 0)
(2.92685 -9.88973e-05 0)
(2.92684 -0.000100345 0)
(2.92682 -9.85184e-05 0)
(2.92681 -9.32587e-05 0)
(2.92679 -8.45755e-05 0)
(2.92677 -7.26704e-05 0)
(2.92676 -5.79303e-05 0)
(2.92674 -4.09086e-05 0)
(2.92672 -2.2309e-05 0)
(2.92669 -2.95647e-06 0)
(2.92667 1.62664e-05 0)
(2.92665 3.44951e-05 0)
(2.92663 5.09347e-05 0)
(2.92662 6.48855e-05 0)
(2.9266 7.57776e-05 0)
(2.92659 8.32186e-05 0)
(2.92658 8.70194e-05 0)
(2.92657 8.7183e-05 0)
(2.92656 8.38863e-05 0)
(2.92656 7.7486e-05 0)
(2.92655 6.85152e-05 0)
(2.92655 5.76329e-05 0)
(2.92656 4.55359e-05 0)
(2.92656 3.2884e-05 0)
(2.92656 2.02489e-05 0)
(2.92656 8.06672e-06 0)
(2.92656 -3.40081e-06 0)
(2.92657 -1.40623e-05 0)
(2.92657 -2.39459e-05 0)
(2.92656 -3.31378e-05 0)
(2.92656 -4.17217e-05 0)
(2.92656 -4.97074e-05 0)
(2.92656 -5.69578e-05 0)
(2.92655 -6.3168e-05 0)
(2.92655 -6.7901e-05 0)
(2.92655 -7.06376e-05 0)
(2.92655 -7.08269e-05 0)
(2.92655 -6.79713e-05 0)
(2.92656 -6.17376e-05 0)
(2.92657 -5.20189e-05 0)
(2.92658 -3.89372e-05 0)
(2.9266 -2.28626e-05 0)
(2.92662 -4.45556e-06 0)
(2.92664 1.53654e-05 0)
(2.92667 3.5562e-05 0)
(2.92669 5.50816e-05 0)
(2.92672 7.28536e-05 0)
(2.92675 8.78025e-05 0)
(2.92678 9.89941e-05 0)
(2.92681 0.000105792 0)
(2.92683 0.000107864 0)
(2.92686 0.000105102 0)
(2.92689 9.76475e-05 0)
(2.92691 8.5967e-05 0)
(2.92693 7.08328e-05 0)
(2.92695 5.31846e-05 0)
(2.92697 3.40247e-05 0)
(2.92699 1.43836e-05 0)
(2.927 -4.7323e-06 0)
(2.92701 -2.24317e-05 0)
(2.92702 -3.80029e-05 0)
(2.92703 -5.09333e-05 0)
(2.92704 -6.09134e-05 0)
(2.92705 -6.78341e-05 0)
(2.92705 -7.17589e-05 0)
(2.92706 -7.28834e-05 0)
(2.92706 -7.15144e-05 0)
(2.92706 -6.80612e-05 0)
(2.92707 -6.29859e-05 0)
(2.92707 -5.67218e-05 0)
(2.92707 -4.9639e-05 0)
(2.92707 -4.20812e-05 0)
(2.92707 -3.43869e-05 0)
(2.92707 -2.68261e-05 0)
(2.92707 -1.95365e-05 0)
(2.92707 -1.2606e-05 0)
(2.92707 -6.1913e-06 0)
(2.92707 -4.44049e-07 0)
(2.92706 4.6329e-06 0)
(2.92706 9.12862e-06 0)
(2.92706 1.30493e-05 0)
(2.92706 1.63316e-05 0)
(2.92705 1.90052e-05 0)
(2.92705 2.11755e-05 0)
(2.92704 2.29661e-05 0)
(2.92703 2.43411e-05 0)
(2.92702 2.54065e-05 0)
(2.92701 2.63358e-05 0)
(2.92699 2.72271e-05 0)
(2.92697 2.8127e-05 0)
(2.92693 2.90504e-05 0)
(2.92688 2.98061e-05 0)
(2.88649 0.0001215 0)
(2.88637 0.000114075 0)
(2.88621 0.00012074 0)
(2.88607 0.000134787 0)
(2.88592 0.000148706 0)
(2.88576 0.000162801 0)
(2.88559 0.000176597 0)
(2.88541 0.000189522 0)
(2.88522 0.000200687 0)
(2.88503 0.000208633 0)
(2.88483 0.00021296 0)
(2.88463 0.000213336 0)
(2.88444 0.000209299 0)
(2.88426 0.000201076 0)
(2.88408 0.000189508 0)
(2.88392 0.000175321 0)
(2.88378 0.000159116 0)
(2.88365 0.00014181 0)
(2.88354 0.000124501 0)
(2.88345 0.00010792 0)
(2.88337 9.24185e-05 0)
(2.88331 7.83703e-05 0)
(2.88326 6.61515e-05 0)
(2.88322 5.58485e-05 0)
(2.88319 4.73325e-05 0)
(2.88317 4.05325e-05 0)
(2.88316 3.54275e-05 0)
(2.88314 3.18613e-05 0)
(2.88314 2.9545e-05 0)
(2.88313 2.82452e-05 0)
(2.88313 2.7877e-05 0)
(2.88312 2.84015e-05 0)
(2.88312 2.9687e-05 0)
(2.88312 3.15012e-05 0)
(2.88312 3.36223e-05 0)
(2.88312 3.593e-05 0)
(2.88312 3.83724e-05 0)
(2.88312 4.08462e-05 0)
(2.88312 4.31204e-05 0)
(2.88313 4.48788e-05 0)
(2.88313 4.5828e-05 0)
(2.88313 4.57604e-05 0)
(2.88313 4.45236e-05 0)
(2.88313 4.19586e-05 0)
(2.88314 3.79e-05 0)
(2.88314 3.22533e-05 0)
(2.88314 2.50698e-05 0)
(2.88314 1.65397e-05 0)
(2.88314 6.91676e-06 0)
(2.88314 -3.55315e-06 0)
(2.88313 -1.46451e-05 0)
(2.88313 -2.61157e-05 0)
(2.88312 -3.76552e-05 0)
(2.88312 -4.88701e-05 0)
(2.88311 -5.93045e-05 0)
(2.8831 -6.84768e-05 0)
(2.88308 -7.59089e-05 0)
(2.88307 -8.11512e-05 0)
(2.88305 -8.38108e-05 0)
(2.88304 -8.35765e-05 0)
(2.88302 -8.02327e-05 0)
(2.883 -7.36743e-05 0)
(2.88298 -6.39409e-05 0)
(2.88295 -5.1257e-05 0)
(2.88293 -3.60473e-05 0)
(2.88291 -1.89151e-05 0)
(2.88289 -6.02664e-07 0)
(2.88287 1.80497e-05 0)
(2.88285 3.61592e-05 0)
(2.88284 5.28758e-05 0)
(2.88282 6.74459e-05 0)
(2.88281 7.92422e-05 0)
(2.8828 8.77735e-05 0)
(2.8828 9.27151e-05 0)
(2.8828 9.39518e-05 0)
(2.88279 9.15931e-05 0)
(2.8828 8.5947e-05 0)
(2.8828 7.74845e-05 0)
(2.8828 6.68202e-05 0)
(2.88281 5.46781e-05 0)
(2.88281 4.18169e-05 0)
(2.88282 2.89348e-05 0)
(2.88282 1.65958e-05 0)
(2.88283 5.18301e-06 0)
(2.88283 -5.1293e-06 0)
(2.88283 -1.43718e-05 0)
(2.88283 -2.27249e-05 0)
(2.88283 -3.04349e-05 0)
(2.88282 -3.77393e-05 0)
(2.88282 -4.47978e-05 0)
(2.88281 -5.16194e-05 0)
(2.8828 -5.80098e-05 0)
(2.88279 -6.35883e-05 0)
(2.88279 -6.78507e-05 0)
(2.88278 -7.02299e-05 0)
(2.88278 -7.01602e-05 0)
(2.88278 -6.71812e-05 0)
(2.88279 -6.10429e-05 0)
(2.88279 -5.17386e-05 0)
(2.88281 -3.94867e-05 0)
(2.88282 -2.47477e-05 0)
(2.88284 -8.25825e-06 0)
(2.88286 9.03461e-06 0)
(2.88289 2.6124e-05 0)
(2.88292 4.20337e-05 0)
(2.88295 5.5805e-05 0)
(2.88298 6.65259e-05 0)
(2.88301 7.34758e-05 0)
(2.88304 7.62463e-05 0)
(2.88307 7.47205e-05 0)
(2.8831 6.90104e-05 0)
(2.88313 5.94742e-05 0)
(2.88316 4.67475e-05 0)
(2.88318 3.16752e-05 0)
(2.8832 1.51881e-05 0)
(2.88321 -1.77457e-06 0)
(2.88323 -1.83034e-05 0)
(2.88324 -3.3577e-05 0)
(2.88325 -4.69252e-05 0)
(2.88325 -5.78578e-05 0)
(2.88325 -6.607e-05 0)
(2.88325 -7.14513e-05 0)
(2.88325 -7.40738e-05 0)
(2.88325 -7.41409e-05 0)
(2.88325 -7.19362e-05 0)
(2.88325 -6.78157e-05 0)
(2.88324 -6.22053e-05 0)
(2.88324 -5.55412e-05 0)
(2.88324 -4.81867e-05 0)
(2.88323 -4.04318e-05 0)
(2.88323 -3.25728e-05 0)
(2.88323 -2.49112e-05 0)
(2.88322 -1.76219e-05 0)
(2.88322 -1.07339e-05 0)
(2.88322 -4.31224e-06 0)
(2.88322 1.4895e-06 0)
(2.88322 6.61771e-06 0)
(2.88321 1.11894e-05 0)
(2.88321 1.53101e-05 0)
(2.88321 1.8983e-05 0)
(2.88321 2.22701e-05 0)
(2.88321 2.54289e-05 0)
(2.8832 2.86756e-05 0)
(2.8832 3.22499e-05 0)
(2.88319 3.64968e-05 0)
(2.88318 4.17079e-05 0)
(2.88317 4.82273e-05 0)
(2.88315 5.6039e-05 0)
(2.88312 6.47991e-05 0)
(2.88308 7.17475e-05 0)
(2.75179 0.000247324 0)
(2.7517 0.000232513 0)
(2.7516 0.000242259 0)
(2.7515 0.000263025 0)
(2.75141 0.000284074 0)
(2.75131 0.000305268 0)
(2.75121 0.000326329 0)
(2.7511 0.000346221 0)
(2.75099 0.00036261 0)
(2.75088 0.000373747 0)
(2.75076 0.000378772 0)
(2.75065 0.000376711 0)
(2.75054 0.000367083 0)
(2.75043 0.000350562 0)
(2.75034 0.000328329 0)
(2.75025 0.000301474 0)
(2.75017 0.000271317 0)
(2.7501 0.000239574 0)
(2.75004 0.000207924 0)
(2.74999 0.000177562 0)
(2.74995 0.00014929 0)
(2.74992 0.000123808 0)
(2.74989 0.000101636 0)
(2.74988 8.28964e-05 0)
(2.74986 6.74366e-05 0)
(2.74985 5.50922e-05 0)
(2.74985 4.5663e-05 0)
(2.74984 3.8768e-05 0)
(2.74984 3.39326e-05 0)
(2.74984 3.07996e-05 0)
(2.74984 2.91436e-05 0)
(2.74984 2.87153e-05 0)
(2.74984 2.91912e-05 0)
(2.74985 3.02838e-05 0)
(2.74985 3.18273e-05 0)
(2.74985 3.37282e-05 0)
(2.74986 3.58592e-05 0)
(2.74986 3.80095e-05 0)
(2.74987 3.99091e-05 0)
(2.74987 4.12872e-05 0)
(2.74988 4.1922e-05 0)
(2.74988 4.16547e-05 0)
(2.74989 4.03624e-05 0)
(2.7499 3.79182e-05 0)
(2.7499 3.41953e-05 0)
(2.7499 2.91309e-05 0)
(2.74991 2.27904e-05 0)
(2.74991 1.5362e-05 0)
(2.74991 7.07929e-06 0)
(2.74991 -1.84819e-06 0)
(2.74991 -1.12402e-05 0)
(2.7499 -2.08883e-05 0)
(2.7499 -3.04979e-05 0)
(2.74989 -3.96775e-05 0)
(2.74988 -4.7983e-05 0)
(2.74987 -5.49805e-05 0)
(2.74985 -6.02839e-05 0)
(2.74983 -6.3557e-05 0)
(2.74981 -6.45068e-05 0)
(2.74979 -6.28924e-05 0)
(2.74977 -5.85478e-05 0)
(2.74975 -5.14076e-05 0)
(2.74973 -4.15392e-05 0)
(2.74971 -2.91807e-05 0)
(2.74969 -1.47657e-05 0)
(2.74967 1.09765e-06 0)
(2.74966 1.76818e-05 0)
(2.74965 3.41997e-05 0)
(2.74964 4.98534e-05 0)
(2.74963 6.38835e-05 0)
(2.74963 7.56272e-05 0)
(2.74962 8.45603e-05 0)
(2.74963 9.03093e-05 0)
(2.74963 9.2657e-05 0)
(2.74964 9.15672e-05 0)
(2.74965 8.72146e-05 0)
(2.74965 7.99805e-05 0)
(2.74966 7.04088e-05 0)
(2.74967 5.91578e-05 0)
(2.74968 4.69572e-05 0)
(2.74969 3.45479e-05 0)
(2.7497 2.25942e-05 0)
(2.74971 1.16006e-05 0)
(2.74971 1.86569e-06 0)
(2.74971 -6.53253e-06 0)
(2.74971 -1.37279e-05 0)
(2.74971 -2.00198e-05 0)
(2.74971 -2.57849e-05 0)
(2.7497 -3.13815e-05 0)
(2.74969 -3.70757e-05 0)
(2.74968 -4.298e-05 0)
(2.74967 -4.90004e-05 0)
(2.74966 -5.48281e-05 0)
(2.74965 -5.9995e-05 0)
(2.74964 -6.39504e-05 0)
(2.74963 -6.61215e-05 0)
(2.74963 -6.5987e-05 0)
(2.74962 -6.31884e-05 0)
(2.74962 -5.76081e-05 0)
(2.74963 -4.93582e-05 0)
(2.74964 -3.87421e-05 0)
(2.74965 -2.62742e-05 0)
(2.74966 -1.27011e-05 0)
(2.74968 1.08641e-06 0)
(2.7497 1.42025e-05 0)
(2.74973 2.5828e-05 0)
(2.74975 3.51912e-05 0)
(2.74978 4.16115e-05 0)
(2.74981 4.46316e-05 0)
(2.74984 4.40928e-05 0)
(2.74986 4.00915e-05 0)
(2.74989 3.29235e-05 0)
(2.74991 2.30846e-05 0)
(2.74993 1.12557e-05 0)
(2.74995 -1.77724e-06 0)
(2.74996 -1.52113e-05 0)
(2.74997 -2.82759e-05 0)
(2.74997 -4.02745e-05 0)
(2.74997 -5.06383e-05 0)
(2.74997 -5.89529e-05 0)
(2.74997 -6.49557e-05 0)
(2.74996 -6.85383e-05 0)
(2.74996 -6.97558e-05 0)
(2.74995 -6.88071e-05 0)
(2.74994 -6.59727e-05 0)
(2.74993 -6.15648e-05 0)
(2.74992 -5.59278e-05 0)
(2.74991 -4.9435e-05 0)
(2.74991 -4.24327e-05 0)
(2.7499 -3.51848e-05 0)
(2.74989 -2.79052e-05 0)
(2.74989 -2.08196e-05 0)
(2.74988 -1.41167e-05 0)
(2.74988 -7.86575e-06 0)
(2.74988 -2.07594e-06 0)
(2.74988 3.20783e-06 0)
(2.74987 7.93947e-06 0)
(2.74987 1.21557e-05 0)
(2.74987 1.59912e-05 0)
(2.74987 1.9565e-05 0)
(2.74988 2.30095e-05 0)
(2.74988 2.66376e-05 0)
(2.74988 3.07198e-05 0)
(2.74988 3.57247e-05 0)
(2.74988 4.21929e-05 0)
(2.74987 5.05666e-05 0)
(2.74987 6.13014e-05 0)
(2.74986 7.45382e-05 0)
(2.74984 8.9456e-05 0)
(2.74982 0.000101509 0)
(2.52179 0.000317406 0)
(2.52175 0.000298802 0)
(2.52171 0.000306196 0)
(2.52169 0.000324655 0)
(2.52167 0.00034435 0)
(2.52166 0.000365087 0)
(2.52165 0.00038685 0)
(2.52164 0.000407531 0)
(2.52163 0.000424463 0)
(2.52162 0.000435837 0)
(2.52162 0.000440107 0)
(2.52161 0.000436056 0)
(2.52161 0.000423493 0)
(2.52161 0.000403165 0)
(2.52161 0.000376129 0)
(2.52161 0.000343739 0)
(2.52161 0.000307842 0)
(2.52161 0.00027044 0)
(2.52162 0.000233233 0)
(2.52162 0.000197575 0)
(2.52162 0.000164589 0)
(2.52163 0.000135115 0)
(2.52163 0.000109589 0)
(2.52164 8.80584e-05 0)
(2.52164 7.03659e-05 0)
(2.52165 5.62866e-05 0)
(2.52165 4.5498e-05 0)
(2.52166 3.7532e-05 0)
(2.52166 3.18764e-05 0)
(2.52167 2.81157e-05 0)
(2.52167 2.59279e-05 0)
(2.52168 2.49857e-05 0)
(2.52168 2.4949e-05 0)
(2.52169 2.55606e-05 0)
(2.5217 2.66846e-05 0)
(2.5217 2.82157e-05 0)
(2.52171 2.99707e-05 0)
(2.52172 3.16843e-05 0)
(2.52172 3.30947e-05 0)
(2.52173 3.40194e-05 0)
(2.52174 3.43524e-05 0)
(2.52175 3.4005e-05 0)
(2.52176 3.28608e-05 0)
(2.52177 3.07857e-05 0)
(2.52177 2.7683e-05 0)
(2.52178 2.35473e-05 0)
(2.52179 1.84754e-05 0)
(2.52179 1.26276e-05 0)
(2.52179 6.16879e-06 0)
(2.52179 -7.57367e-07 0)
(2.52179 -8.00703e-06 0)
(2.52179 -1.53882e-05 0)
(2.52178 -2.26305e-05 0)
(2.52177 -2.93941e-05 0)
(2.52176 -3.53132e-05 0)
(2.52175 -4.00508e-05 0)
(2.52173 -4.33309e-05 0)
(2.52171 -4.4932e-05 0)
(2.5217 -4.46599e-05 0)
(2.52168 -4.2337e-05 0)
(2.52166 -3.78283e-05 0)
(2.52164 -3.10865e-05 0)
(2.52162 -2.21939e-05 0)
(2.52161 -1.13888e-05 0)
(2.5216 9.2246e-07 0)
(2.52159 1.41874e-05 0)
(2.52158 2.77629e-05 0)
(2.52158 4.09827e-05 0)
(2.52158 5.32028e-05 0)
(2.52158 6.38258e-05 0)
(2.52159 7.23291e-05 0)
(2.5216 7.83061e-05 0)
(2.52161 8.1495e-05 0)
(2.52162 8.17828e-05 0)
(2.52164 7.92055e-05 0)
(2.52166 7.39631e-05 0)
(2.52167 6.64324e-05 0)
(2.52169 5.71439e-05 0)
(2.5217 4.6728e-05 0)
(2.52172 3.58552e-05 0)
(2.52173 2.51772e-05 0)
(2.52174 1.52561e-05 0)
(2.52174 6.49209e-06 0)
(2.52174 -9.18555e-07 0)
(2.52175 -6.98554e-06 0)
(2.52174 -1.19061e-05 0)
(2.52174 -1.60283e-05 0)
(2.52174 -1.97805e-05 0)
(2.52173 -2.35721e-05 0)
(2.52172 -2.77105e-05 0)
(2.52171 -3.23516e-05 0)
(2.5217 -3.74671e-05 0)
(2.52168 -4.28268e-05 0)
(2.52167 -4.80291e-05 0)
(2.52166 -5.25776e-05 0)
(2.52165 -5.5954e-05 0)
(2.52163 -5.76685e-05 0)
(2.52162 -5.73294e-05 0)
(2.52161 -5.47348e-05 0)
(2.52161 -4.99096e-05 0)
(2.52161 -4.30604e-05 0)
(2.52161 -3.45352e-05 0)
(2.52161 -2.48466e-05 0)
(2.52162 -1.46735e-05 0)
(2.52163 -4.76275e-06 0)
(2.52165 4.19317e-06 0)
(2.52167 1.1588e-05 0)
(2.52168 1.68864e-05 0)
(2.5217 1.96784e-05 0)
(2.52172 1.9777e-05 0)
(2.52174 1.72412e-05 0)
(2.52176 1.23123e-05 0)
(2.52178 5.36468e-06 0)
(2.52179 -3.10437e-06 0)
(2.5218 -1.25008e-05 0)
(2.5218 -2.21937e-05 0)
(2.5218 -3.15738e-05 0)
(2.5218 -4.00972e-05 0)
(2.5218 -4.7324e-05 0)
(2.52179 -5.29407e-05 0)
(2.52178 -5.67572e-05 0)
(2.52176 -5.86973e-05 0)
(2.52175 -5.88023e-05 0)
(2.52174 -5.72353e-05 0)
(2.52172 -5.42448e-05 0)
(2.52171 -5.00976e-05 0)
(2.5217 -4.50501e-05 0)
(2.52169 -3.93765e-05 0)
(2.52168 -3.33758e-05 0)
(2.52167 -2.73001e-05 0)
(2.52166 -2.12891e-05 0)
(2.52165 -1.54396e-05 0)
(2.52165 -9.89661e-06 0)
(2.52164 -4.79039e-06 0)
(2.52164 -1.32552e-07 0)
(2.52164 4.14341e-06 0)
(2.52164 8.0298e-06 0)
(2.52164 1.1475e-05 0)
(2.52164 1.45903e-05 0)
(2.52165 1.75726e-05 0)
(2.52165 2.06873e-05 0)
(2.52165 2.40922e-05 0)
(2.52166 2.814e-05 0)
(2.52166 3.34288e-05 0)
(2.52167 4.05253e-05 0)
(2.52167 5.0105e-05 0)
(2.52168 6.27564e-05 0)
(2.52168 7.87705e-05 0)
(2.52169 9.68973e-05 0)
(2.52169 0.000112142 0)
(2.18831 0.000319597 0)
(2.18833 0.000299355 0)
(2.18837 0.000297444 0)
(2.18842 0.000305104 0)
(2.18848 0.000315904 0)
(2.18855 0.000330186 0)
(2.18863 0.000346906 0)
(2.18871 0.000363173 0)
(2.18879 0.000376867 0)
(2.18888 0.000386076 0)
(2.18897 0.000388867 0)
(2.18906 0.000384242 0)
(2.18915 0.000372261 0)
(2.18924 0.00035339 0)
(2.18932 0.00032844 0)
(2.1894 0.000298852 0)
(2.18947 0.000266477 0)
(2.18953 0.000233012 0)
(2.18959 0.00019983 0)
(2.18964 0.00016818 0)
(2.18968 0.000139166 0)
(2.18971 0.000113468 0)
(2.18974 9.1298e-05 0)
(2.18976 7.26235e-05 0)
(2.18978 5.73419e-05 0)
(2.1898 4.52617e-05 0)
(2.18981 3.6043e-05 0)
(2.18982 2.92362e-05 0)
(2.18983 2.43919e-05 0)
(2.18984 2.11362e-05 0)
(2.18985 1.91659e-05 0)
(2.18986 1.82085e-05 0)
(2.18986 1.80161e-05 0)
(2.18987 1.83972e-05 0)
(2.18988 1.92209e-05 0)
(2.18989 2.03603e-05 0)
(2.18989 2.16319e-05 0)
(2.1899 2.281e-05 0)
(2.18991 2.37091e-05 0)
(2.18992 2.42422e-05 0)
(2.18993 2.43878e-05 0)
(2.18994 2.40998e-05 0)
(2.18995 2.32629e-05 0)
(2.18996 2.17424e-05 0)
(2.18997 1.94738e-05 0)
(2.18998 1.65015e-05 0)
(2.18998 1.29409e-05 0)
(2.18999 8.90961e-06 0)
(2.18999 4.49276e-06 0)
(2.18999 -2.38971e-07 0)
(2.18999 -5.18117e-06 0)
(2.18999 -1.01648e-05 0)
(2.18998 -1.49597e-05 0)
(2.18997 -1.93089e-05 0)
(2.18996 -2.29677e-05 0)
(2.18995 -2.57308e-05 0)
(2.18994 -2.74394e-05 0)
(2.18992 -2.79655e-05 0)
(2.18991 -2.7185e-05 0)
(2.18989 -2.49646e-05 0)
(2.18988 -2.1189e-05 0)
(2.18986 -1.58159e-05 0)
(2.18985 -8.92952e-06 0)
(2.18984 -7.45514e-07 0)
(2.18984 8.39498e-06 0)
(2.18984 1.80572e-05 0)
(2.18984 2.77551e-05 0)
(2.18985 3.70017e-05 0)
(2.18986 4.53461e-05 0)
(2.18987 5.23871e-05 0)
(2.18989 5.77755e-05 0)
(2.1899 6.12326e-05 0)
(2.18993 6.25827e-05 0)
(2.18995 6.17725e-05 0)
(2.18997 5.88704e-05 0)
(2.18999 5.40627e-05 0)
(2.19001 4.76611e-05 0)
(2.19003 4.0098e-05 0)
(2.19005 3.18879e-05 0)
(2.19006 2.35674e-05 0)
(2.19007 1.56367e-05 0)
(2.19008 8.5086e-06 0)
(2.19008 2.45891e-06 0)
(2.19008 -2.40646e-06 0)
(2.19008 -6.15126e-06 0)
(2.19008 -8.98299e-06 0)
(2.19008 -1.122e-05 0)
(2.19007 -1.32434e-05 0)
(2.19006 -1.5423e-05 0)
(2.19005 -1.80389e-05 0)
(2.19004 -2.12375e-05 0)
(2.19003 -2.50189e-05 0)
(2.19002 -2.92288e-05 0)
(2.19001 -3.35654e-05 0)
(2.18999 -3.76325e-05 0)
(2.18998 -4.10167e-05 0)
(2.18996 -4.33367e-05 0)
(2.18994 -4.42654e-05 0)
(2.18993 -4.35805e-05 0)
(2.18992 -4.12311e-05 0)
(2.18991 -3.73441e-05 0)
(2.1899 -3.21637e-05 0)
(2.18989 -2.60166e-05 0)
(2.18989 -1.93352e-05 0)
(2.18989 -1.26505e-05 0)
(2.1899 -6.5007e-06 0)
(2.18991 -1.34224e-06 0)
(2.18991 2.46024e-06 0)
(2.18992 4.624e-06 0)
(2.18994 4.99243e-06 0)
(2.18995 3.58279e-06 0)
(2.18995 5.61319e-07 0)
(2.18996 -3.81637e-06 0)
(2.18997 -9.22454e-06 0)
(2.18997 -1.52624e-05 0)
(2.18996 -2.14845e-05 0)
(2.18996 -2.74606e-05 0)
(2.18995 -3.28164e-05 0)
(2.18994 -3.72482e-05 0)
(2.18993 -4.05386e-05 0)
(2.18991 -4.25711e-05 0)
(2.1899 -4.33227e-05 0)
(2.18988 -4.28409e-05 0)
(2.18986 -4.1234e-05 0)
(2.18985 -3.86697e-05 0)
(2.18983 -3.5347e-05 0)
(2.18982 -3.14604e-05 0)
(2.1898 -2.71955e-05 0)
(2.18979 -2.275e-05 0)
(2.18978 -1.83121e-05 0)
(2.18977 -1.39929e-05 0)
(2.18977 -9.83103e-06 0)
(2.18976 -5.89107e-06 0)
(2.18976 -2.27716e-06 0)
(2.18976 9.75773e-07 0)
(2.18976 3.93705e-06 0)
(2.18976 6.63687e-06 0)
(2.18976 9.04534e-06 0)
(2.18977 1.12334e-05 0)
(2.18977 1.33404e-05 0)
(2.18978 1.5604e-05 0)
(2.18978 1.81475e-05 0)
(2.18979 2.13925e-05 0)
(2.1898 2.57798e-05 0)
(2.18981 3.18971e-05 0)
(2.18982 4.04691e-05 0)
(2.18983 5.22424e-05 0)
(2.18985 6.77019e-05 0)
(2.18987 8.55678e-05 0)
(2.18989 0.000101748 0)
(1.74016 0.000256631 0)
(1.74023 0.000233858 0)
(1.74033 0.000219258 0)
(1.74044 0.000213252 0)
(1.74054 0.000214015 0)
(1.74066 0.000220379 0)
(1.74078 0.00022973 0)
(1.74091 0.00023963 0)
(1.74105 0.000248474 0)
(1.74119 0.000254495 0)
(1.74133 0.000256071 0)
(1.74147 0.000252618 0)
(1.74161 0.000244288 0)
(1.74174 0.000231323 0)
(1.74187 0.00021427 0)
(1.74198 0.000194212 0)
(1.74208 0.000172438 0)
(1.74218 0.000150055 0)
(1.74226 0.000127988 0)
(1.74232 0.000107122 0)
(1.74238 8.81793e-05 0)
(1.74243 7.15005e-05 0)
(1.74246 5.71215e-05 0)
(1.7425 4.50212e-05 0)
(1.74252 3.51898e-05 0)
(1.74254 2.75045e-05 0)
(1.74255 2.16778e-05 0)
(1.74257 1.73653e-05 0)
(1.74258 1.42804e-05 0)
(1.74259 1.22035e-05 0)
(1.74259 1.09432e-05 0)
(1.7426 1.03263e-05 0)
(1.74261 1.02085e-05 0)
(1.74262 1.04739e-05 0)
(1.74262 1.1015e-05 0)
(1.74263 1.17121e-05 0)
(1.74264 1.24329e-05 0)
(1.74265 1.30596e-05 0)
(1.74266 1.35235e-05 0)
(1.74267 1.38079e-05 0)
(1.74268 1.3905e-05 0)
(1.74269 1.37633e-05 0)
(1.7427 1.32843e-05 0)
(1.7427 1.23791e-05 0)
(1.74271 1.1031e-05 0)
(1.74272 9.30219e-06 0)
(1.74273 7.28159e-06 0)
(1.74273 5.03051e-06 0)
(1.74273 2.57305e-06 0)
(1.74273 -6.85034e-08 0)
(1.74273 -2.82782e-06 0)
(1.74273 -5.58027e-06 0)
(1.74272 -8.16401e-06 0)
(1.74272 -1.0423e-05 0)
(1.74271 -1.22405e-05 0)
(1.7427 -1.3541e-05 0)
(1.74269 -1.42676e-05 0)
(1.74268 -1.43548e-05 0)
(1.74267 -1.37127e-05 0)
(1.74265 -1.22342e-05 0)
(1.74264 -9.82641e-06 0)
(1.74264 -6.45897e-06 0)
(1.74263 -2.20614e-06 0)
(1.74263 2.76352e-06 0)
(1.74263 8.2125e-06 0)
(1.74263 1.38689e-05 0)
(1.74264 1.9452e-05 0)
(1.74265 2.46876e-05 0)
(1.74267 2.93255e-05 0)
(1.74269 3.31493e-05 0)
(1.74271 3.59735e-05 0)
(1.74273 3.76419e-05 0)
(1.74275 3.80436e-05 0)
(1.74278 3.71401e-05 0)
(1.7428 3.49796e-05 0)
(1.74282 3.16943e-05 0)
(1.74284 2.74944e-05 0)
(1.74286 2.26627e-05 0)
(1.74287 1.7534e-05 0)
(1.74288 1.24524e-05 0)
(1.74289 7.72656e-06 0)
(1.7429 3.6e-06 0)
(1.7429 2.27951e-07 0)
(1.7429 -2.34228e-06 0)
(1.7429 -4.17651e-06 0)
(1.7429 -5.43402e-06 0)
(1.74289 -6.33763e-06 0)
(1.74289 -7.14341e-06 0)
(1.74288 -8.10337e-06 0)
(1.74287 -9.41467e-06 0)
(1.74287 -1.11824e-05 0)
(1.74286 -1.34137e-05 0)
(1.74284 -1.60231e-05 0)
(1.74283 -1.88325e-05 0)
(1.74282 -2.1589e-05 0)
(1.7428 -2.40193e-05 0)
(1.74279 -2.58819e-05 0)
(1.74277 -2.69759e-05 0)
(1.74275 -2.71403e-05 0)
(1.74274 -2.62938e-05 0)
(1.74272 -2.44809e-05 0)
(1.74271 -2.18526e-05 0)
(1.7427 -1.86061e-05 0)
(1.74269 -1.49695e-05 0)
(1.74269 -1.1231e-05 0)
(1.74268 -7.72391e-06 0)
(1.74268 -4.74987e-06 0)
(1.74269 -2.5253e-06 0)
(1.74269 -1.19247e-06 0)
(1.74269 -8.34297e-07 0)
(1.74269 -1.45861e-06 0)
(1.7427 -2.99149e-06 0)
(1.7427 -5.29885e-06 0)
(1.7427 -8.19548e-06 0)
(1.74269 -1.14412e-05 0)
(1.74269 -1.47679e-05 0)
(1.74268 -1.79293e-05 0)
(1.74267 -2.07219e-05 0)
(1.74265 -2.29745e-05 0)
(1.74264 -2.45573e-05 0)
(1.74262 -2.5411e-05 0)
(1.7426 -2.55497e-05 0)
(1.74259 -2.50202e-05 0)
(1.74257 -2.38703e-05 0)
(1.74256 -2.2173e-05 0)
(1.74254 -2.00597e-05 0)
(1.74253 -1.76839e-05 0)
(1.74252 -1.51494e-05 0)
(1.74251 -1.25207e-05 0)
(1.7425 -9.89848e-06 0)
(1.74249 -7.39491e-06 0)
(1.74249 -5.03962e-06 0)
(1.74248 -2.82257e-06 0)
(1.74248 -7.83444e-07 0)
(1.74248 1.04318e-06 0)
(1.74248 2.67025e-06 0)
(1.74248 4.1343e-06 0)
(1.74249 5.48751e-06 0)
(1.74249 6.71249e-06 0)
(1.7425 7.88068e-06 0)
(1.7425 9.08776e-06 0)
(1.74251 1.05176e-05 0)
(1.74252 1.24931e-05 0)
(1.74252 1.51868e-05 0)
(1.74254 1.91099e-05 0)
(1.74255 2.48887e-05 0)
(1.74257 3.32465e-05 0)
(1.74259 4.48724e-05 0)
(1.74262 5.92571e-05 0)
(1.74265 7.43047e-05 0)
(1.1634 0.000148975 0)
(1.1635 0.000126138 0)
(1.16362 0.000104487 0)
(1.16373 9.19921e-05 0)
(1.16384 8.85597e-05 0)
(1.16394 9.00309e-05 0)
(1.16406 9.36632e-05 0)
(1.16418 9.81214e-05 0)
(1.1643 0.000102261 0)
(1.16442 0.000105088 0)
(1.16455 0.00010599 0)
(1.16468 0.000104732 0)
(1.1648 0.000101304 0)
(1.16492 9.58008e-05 0)
(1.16503 8.85272e-05 0)
(1.16513 8.00018e-05 0)
(1.16523 7.0769e-05 0)
(1.16531 6.13024e-05 0)
(1.16538 5.20374e-05 0)
(1.16543 4.33653e-05 0)
(1.16548 3.55395e-05 0)
(1.16552 2.86355e-05 0)
(1.16555 2.26606e-05 0)
(1.16558 1.76608e-05 0)
(1.1656 1.36734e-05 0)
(1.16561 1.06154e-05 0)
(1.16563 8.29755e-06 0)
(1.16564 6.54621e-06 0)
(1.16564 5.27245e-06 0)
(1.16565 4.42655e-06 0)
(1.16566 3.93779e-06 0)
(1.16566 3.72025e-06 0)
(1.16567 3.70727e-06 0)
(1.16567 3.85125e-06 0)
(1.16568 4.09587e-06 0)
(1.16568 4.3691e-06 0)
(1.16569 4.61122e-06 0)
(1.1657 4.80401e-06 0)
(1.1657 4.96459e-06 0)
(1.16571 5.10691e-06 0)
(1.16572 5.20676e-06 0)
(1.16572 5.20244e-06 0)
(1.16573 5.02973e-06 0)
(1.16574 4.66146e-06 0)
(1.16574 4.12026e-06 0)
(1.16575 3.45595e-06 0)
(1.16575 2.7083e-06 0)
(1.16575 1.88638e-06 0)
(1.16576 9.79701e-07 0)
(1.16576 -1.20573e-08 0)
(1.16576 -1.05681e-06 0)
(1.16575 -2.08363e-06 0)
(1.16575 -3.00938e-06 0)
(1.16575 -3.77189e-06 0)
(1.16574 -4.3504e-06 0)
(1.16573 -4.75585e-06 0)
(1.16573 -4.996e-06 0)
(1.16572 -5.04349e-06 0)
(1.16571 -4.83162e-06 0)
(1.16571 -4.27778e-06 0)
(1.1657 -3.32149e-06 0)
(1.1657 -1.95358e-06 0)
(1.16569 -2.09029e-07 0)
(1.16569 1.80173e-06 0)
(1.1657 3.95484e-06 0)
(1.1657 6.13734e-06 0)
(1.16571 8.25337e-06 0)
(1.16572 1.02175e-05 0)
(1.16574 1.19481e-05 0)
(1.16575 1.33704e-05 0)
(1.16577 1.4418e-05 0)
(1.16579 1.50288e-05 0)
(1.16581 1.51448e-05 0)
(1.16583 1.47287e-05 0)
(1.16584 1.37861e-05 0)
(1.16586 1.23729e-05 0)
(1.16587 1.05881e-05 0)
(1.16589 8.56138e-06 0)
(1.1659 6.44193e-06 0)
(1.1659 4.37981e-06 0)
(1.16591 2.50327e-06 0)
(1.16591 9.05659e-07 0)
(1.16591 -3.53915e-07 0)
(1.16591 -1.25776e-06 0)
(1.16591 -1.83756e-06 0)
(1.16591 -2.17087e-06 0)
(1.16591 -2.36076e-06 0)
(1.1659 -2.51701e-06 0)
(1.1659 -2.74641e-06 0)
(1.16589 -3.13975e-06 0)
(1.16589 -3.75145e-06 0)
(1.16588 -4.58984e-06 0)
(1.16588 -5.6249e-06 0)
(1.16587 -6.79354e-06 0)
(1.16586 -7.99566e-06 0)
(1.16584 -9.1064e-06 0)
(1.16583 -1.00119e-05 0)
(1.16582 -1.06311e-05 0)
(1.16581 -1.09022e-05 0)
(1.16579 -1.0773e-05 0)
(1.16578 -1.02294e-05 0)
(1.16577 -9.32228e-06 0)
(1.16576 -8.14496e-06 0)
(1.16575 -6.7939e-06 0)
(1.16574 -5.36955e-06 0)
(1.16574 -3.99912e-06 0)
(1.16573 -2.8187e-06 0)
(1.16573 -1.92489e-06 0)
(1.16573 -1.36057e-06 0)
(1.16573 -1.14605e-06 0)
(1.16573 -1.29949e-06 0)
(1.16573 -1.82094e-06 0)
(1.16573 -2.66828e-06 0)
(1.16572 -3.75452e-06 0)
(1.16572 -4.96718e-06 0)
(1.16571 -6.19625e-06 0)
(1.16571 -7.35087e-06 0)
(1.1657 -8.35649e-06 0)
(1.16569 -9.14882e-06 0)
(1.16567 -9.68083e-06 0)
(1.16566 -9.93499e-06 0)
(1.16565 -9.92172e-06 0)
(1.16564 -9.65722e-06 0)
(1.16562 -9.1489e-06 0)
(1.16561 -8.42119e-06 0)
(1.1656 -7.54398e-06 0)
(1.16559 -6.5969e-06 0)
(1.16558 -5.61158e-06 0)
(1.16558 -4.58963e-06 0)
(1.16557 -3.57027e-06 0)
(1.16557 -2.6165e-06 0)
(1.16556 -1.74411e-06 0)
(1.16556 -9.44644e-07 0)
(1.16556 -2.03427e-07 0)
(1.16556 4.95916e-07 0)
(1.16556 1.08969e-06 0)
(1.16556 1.57687e-06 0)
(1.16557 2.0872e-06 0)
(1.16557 2.52597e-06 0)
(1.16557 2.90451e-06 0)
(1.16558 3.28812e-06 0)
(1.16558 3.79487e-06 0)
(1.16559 4.41838e-06 0)
(1.16559 5.37369e-06 0)
(1.1656 6.87224e-06 0)
(1.16561 9.30413e-06 0)
(1.16563 1.31805e-05 0)
(1.16565 1.9131e-05 0)
(1.16567 2.79195e-05 0)
(1.16571 3.95566e-05 0)
(0.441895 4.33379e-05 0)
(0.441979 3.20326e-05 0)
(0.442051 2.10824e-05 0)
(0.442103 1.51786e-05 0)
(0.442147 1.36407e-05 0)
(0.442191 1.37954e-05 0)
(0.442237 1.45872e-05 0)
(0.442286 1.56599e-05 0)
(0.442337 1.66404e-05 0)
(0.44239 1.73336e-05 0)
(0.442444 1.77165e-05 0)
(0.442498 1.7718e-05 0)
(0.442551 1.72649e-05 0)
(0.442602 1.63772e-05 0)
(0.44265 1.51546e-05 0)
(0.442694 1.37056e-05 0)
(0.442733 1.21152e-05 0)
(0.442767 1.04721e-05 0)
(0.442797 8.87267e-06 0)
(0.442821 7.38428e-06 0)
(0.442842 6.02826e-06 0)
(0.442858 4.80795e-06 0)
(0.442871 3.74455e-06 0)
(0.442881 2.87422e-06 0)
(0.44289 2.20814e-06 0)
(0.442896 1.7096e-06 0)
(0.442901 1.32177e-06 0)
(0.442904 1.01194e-06 0)
(0.442907 7.80303e-07 0)
(0.44291 6.32249e-07 0)
(0.442912 5.56021e-07 0)
(0.442914 5.28955e-07 0)
(0.442916 5.33669e-07 0)
(0.442918 5.60184e-07 0)
(0.44292 5.97045e-07 0)
(0.442922 6.29967e-07 0)
(0.442924 6.52576e-07 0)
(0.442926 6.73768e-07 0)
(0.442929 7.08456e-07 0)
(0.442931 7.58956e-07 0)
(0.442934 8.0743e-07 0)
(0.442937 8.27556e-07 0)
(0.442939 8.0341e-07 0)
(0.442942 7.38023e-07 0)
(0.442944 6.46719e-07 0)
(0.442946 5.4401e-07 0)
(0.442948 4.34769e-07 0)
(0.442949 3.14172e-07 0)
(0.44295 1.75169e-07 0)
(0.44295 1.71487e-08 0)
(0.44295 -1.52598e-07 0)
(0.442949 -3.14096e-07 0)
(0.442948 -4.49401e-07 0)
(0.442947 -5.51919e-07 0)
(0.442945 -6.29412e-07 0)
(0.442943 -6.9638e-07 0)
(0.44294 -7.5935e-07 0)
(0.442937 -8.06747e-07 0)
(0.442935 -8.12082e-07 0)
(0.442932 -7.47052e-07 0)
(0.44293 -5.97452e-07 0)
(0.442928 -3.68656e-07 0)
(0.442928 -6.13369e-08 0)
(0.442928 2.84068e-07 0)
(0.44293 6.38653e-07 0)
(0.442932 9.8474e-07 0)
(0.442936 1.31481e-06 0)
(0.44294 1.62582e-06 0)
(0.442946 1.91158e-06 0)
(0.442952 2.1611e-06 0)
(0.442959 2.36102e-06 0)
(0.442967 2.49613e-06 0)
(0.442975 2.54872e-06 0)
(0.442982 2.50275e-06 0)
(0.44299 2.35238e-06 0)
(0.442997 2.10697e-06 0)
(0.443003 1.78799e-06 0)
(0.443008 1.42304e-06 0)
(0.443011 1.04221e-06 0)
(0.443014 6.75457e-07 0)
(0.443016 3.47433e-07 0)
(0.443017 7.30843e-08 0)
(0.443017 -1.37194e-07 0)
(0.443017 -2.78657e-07 0)
(0.443016 -3.5425e-07 0)
(0.443015 -3.77508e-07 0)
(0.443014 -3.68942e-07 0)
(0.443013 -3.50212e-07 0)
(0.443011 -3.41727e-07 0)
(0.44301 -3.6249e-07 0)
(0.443008 -4.26526e-07 0)
(0.443006 -5.39022e-07 0)
(0.443004 -6.98095e-07 0)
(0.443001 -8.97303e-07 0)
(0.442997 -1.12179e-06 0)
(0.442993 -1.34556e-06 0)
(0.442988 -1.54104e-06 0)
(0.442983 -1.69158e-06 0)
(0.442977 -1.78896e-06 0)
(0.442972 -1.82139e-06 0)
(0.442966 -1.7754e-06 0)
(0.442961 -1.65154e-06 0)
(0.442956 -1.46862e-06 0)
(0.442952 -1.24913e-06 0)
(0.442949 -1.00969e-06 0)
(0.442946 -7.69183e-07 0)
(0.442945 -5.53708e-07 0)
(0.442943 -3.84601e-07 0)
(0.442943 -2.67513e-07 0)
(0.442942 -2.02149e-07 0)
(0.442942 -1.96742e-07 0)
(0.442941 -2.64034e-07 0)
(0.44294 -4.02793e-07 0)
(0.442939 -5.90296e-07 0)
(0.442937 -7.96042e-07 0)
(0.442934 -9.9884e-07 0)
(0.442931 -1.18812e-06 0)
(0.442927 -1.35415e-06 0)
(0.442922 -1.48487e-06 0)
(0.442917 -1.57227e-06 0)
(0.442912 -1.61637e-06 0)
(0.442907 -1.61977e-06 0)
(0.442902 -1.57947e-06 0)
(0.442897 -1.49044e-06 0)
(0.442893 -1.36051e-06 0)
(0.442888 -1.21084e-06 0)
(0.442885 -1.05534e-06 0)
(0.442881 -8.93596e-07 0)
(0.442879 -7.27157e-07 0)
(0.442876 -5.66697e-07 0)
(0.442875 -4.16852e-07 0)
(0.442874 -2.78456e-07 0)
(0.442873 -1.67743e-07 0)
(0.442873 -6.53562e-08 0)
(0.442873 6.41943e-08 0)
(0.442873 1.54368e-07 0)
(0.442874 1.9284e-07 0)
(0.442875 2.95626e-07 0)
(0.442876 3.6234e-07 0)
(0.442877 3.78698e-07 0)
(0.442879 4.1132e-07 0)
(0.44288 4.66484e-07 0)
(0.442882 4.62707e-07 0)
(0.442884 5.55835e-07 0)
(0.442887 7.28775e-07 0)
(0.442891 1.11718e-06 0)
(0.442896 1.94015e-06 0)
(0.442903 3.44713e-06 0)
(0.442917 6.31043e-06 0)
(0.442939 1.08586e-05 0)
)
;

boundaryField
{
    inlet
    {
        type            zeroGradient;
    }
    outlet
    {
        type            zeroGradient;
    }
    walls
    {
        type            noSlip;
    }
    frontAndBack
    {
        type            empty;
    }
}


// ************************************************************************* //
