/*--------------------------------*- C++ -*----------------------------------*\
| =========                 |                                                 |
| \\      /  F ield         | OpenFOAM: The Open Source CFD Toolbox           |
|  \\    /   O peration     | Version:  2406                                  |
|   \\  /    A nd           | Website:  www.openfoam.com                      |
|    \\/     M anipulation  |                                                 |
\*---------------------------------------------------------------------------*/
FoamFile
{
    version     2.0;
    format      ascii;
    arch        "LSB;label=32;scalar=64";
    class       volScalarField;
    location    "1083";
    object      epsilon;
}
// * * * * * * * * * * * * * * * * * * * * * * * * * * * * * * * * * * * * * //

dimensions      [0 2 -3 0 0 0 0];

internalField   nonuniform List<scalar> 
5619
(
2.07758
2.07898
2.07937
2.08403
2.09155
2.10194
2.11497
2.13049
2.14842
2.16871
2.19136
2.21643
2.244
2.27417
2.30709
2.34289
2.38175
2.42381
2.46921
2.51802
2.57016
2.62536
2.68304
2.74233
2.80221
2.86181
2.92087
2.9802
3.04199
3.10971
3.1875
3.27931
3.38794
3.51448
3.65814
3.81649
3.98587
4.16191
4.33989
4.515
4.68261
4.83839
4.97842
5.0993
5.19822
5.27303
5.32223
5.34504
5.34133
5.31163
5.25702
5.17906
5.07969
4.96112
4.82576
4.67601
4.51778
4.35587
4.19277
4.03047
3.87062
3.71452
3.56317
3.4173
3.27742
3.14385
3.01674
2.89612
2.78192
2.674
2.57213
2.47609
2.3856
2.30037
2.2201
2.1445
2.07328
2.00614
1.94282
1.88305
1.82658
1.77318
1.72261
1.67466
1.62915
1.58589
1.5447
1.50542
1.4679
1.43201
1.39761
1.36459
1.33282
1.30222
1.27267
1.24409
1.2164
1.18952
1.16337
1.1379
1.11305
1.08632
1.05775
1.02748
0.995683
0.9626
0.928527
0.893805
0.85881
0.823933
0.789569
0.756091
0.723837
0.693096
0.664094
0.636995
0.611897
0.588838
0.567805
0.548741
0.531555
0.516137
0.502359
0.490089
0.479194
0.469544
0.461014
0.453485
0.446861
0.440417
0.434114
0.427918
0.421798
0.415727
0.40968
0.403635
0.397572
0.391476
0.38533
0.379125
0.37285
0.366501
0.360073
0.353567
0.346985
0.340335
0.333625
0.32687
0.320086
0.313294
0.306518
0.299785
0.293128
0.286579
0.280174
0.273953
0.267953
0.262216
0.25678
0.251683
0.24696
0.242642
0.238756
0.235321
0.232349
0.229847
0.22781
0.226228
0.225082
0.224345
0.223986
0.223966
0.224256
0.224817
0.225618
0.226655
0.227982
0.229762
0.232344
0.236364
0.242826
0.253082
0.268508
0.289481
0.31234
0.320609
0.265784
0.794206
0.795251
0.797605
0.80124
0.806446
0.813209
0.821542
0.831453
0.842962
0.856113
0.870972
0.887624
0.906174
0.926738
0.949442
0.974412
1.00178
1.03164
1.0641
1.09915
1.13666
1.17624
1.21709
1.25787
1.29652
1.33035
1.35619
1.37087
1.37184
1.35779
1.32909
1.28783
1.2373
1.18135
1.12357
1.06681
1.0129
0.962794
0.916676
0.874262
0.834991
0.798192
0.763195
0.729398
0.696311
0.663571
0.630951
0.598358
0.565829
0.533516
0.501668
0.470613
0.440739
0.412471
0.386803
0.36436
0.343949
0.324716
0.306652
0.289739
0.273951
0.259254
0.245609
0.232969
0.221286
0.210505
0.200573
0.191432
0.183028
0.175307
0.168215
0.161702
0.15572
0.150223
0.14517
0.140521
0.13624
0.132294
0.128651
0.125284
0.122168
0.119279
0.116596
0.114101
0.111776
0.109606
0.107576
0.105674
0.103889
0.10221
0.100628
0.0991343
0.0977213
0.0963822
0.0951108
0.0939016
0.0927494
0.0916499
0.0905994
0.0895924
0.0886273
0.0876051
0.0865302
0.0854119
0.0842609
0.0830906
0.081916
0.0807532
0.0796187
0.0785286
0.0774977
0.0765383
0.0756603
0.07487
0.0741706
0.0735618
0.0730408
0.0726023
0.0722395
0.0719445
0.0717091
0.0715251
0.0713848
0.0712811
0.0712073
0.071158
0.0711284
0.0711132
0.0711092
0.0711142
0.0711272
0.0711482
0.0711771
0.071214
0.0712594
0.0713135
0.0713771
0.0714507
0.0715353
0.0716316
0.0717409
0.0718641
0.0720025
0.0721574
0.0723301
0.072522
0.0727345
0.0729689
0.0732264
0.0735081
0.0738149
0.0741473
0.0745056
0.0748895
0.0752983
0.0757304
0.0761839
0.0766558
0.0771427
0.0776404
0.0781437
0.0786474
0.0791452
0.0796308
0.0800973
0.0805371
0.0809416
0.0813007
0.0816012
0.0818258
0.0819503
0.0819409
0.0818401
0.0815969
0.0811312
0.0803304
0.0790468
0.0771032
0.0743204
0.0705794
0.0659253
0.0606806
0.0554702
0.0510174
0.0475961
0.0440459
0.0357099
0.390936
0.392031
0.394009
0.396664
0.400185
0.404586
0.409867
0.416001
0.422949
0.43067
0.43911
0.44821
0.457883
0.468012
0.478424
0.488874
0.499021
0.508414
0.516486
0.522564
0.525912
0.525786
0.521527
0.512663
0.499005
0.48072
0.458365
0.432837
0.405279
0.376917
0.3489
0.322152
0.297298
0.274648
0.254245
0.235947
0.219501
0.204618
0.191016
0.178449
0.166724
0.155698
0.145278
0.135412
0.126081
0.117288
0.10905
0.101392
0.0943403
0.0879155
0.0821333
0.0770005
0.0725536
0.0688306
0.0654024
0.062214
0.059222
0.0564026
0.0537468
0.0512461
0.0488926
0.0466788
0.0445976
0.0426423
0.0408066
0.0390844
0.03747
0.0359579
0.0345429
0.0332201
0.0319845
0.0308315
0.0297566
0.0287554
0.0278237
0.0269573
0.0261522
0.0254045
0.0247106
0.0240668
0.0234696
0.0229159
0.0224025
0.0219265
0.0214851
0.0210757
0.0206958
0.0203433
0.0200161
0.0197122
0.0194298
0.0191674
0.0189233
0.0186964
0.0184853
0.018289
0.0181063
0.0179366
0.0177794
0.0176327
0.0174969
0.0173594
0.017221
0.0170857
0.0169568
0.0168386
0.0167352
0.0166509
0.0165899
0.0165557
0.016551
0.0165776
0.016636
0.0167256
0.0168444
0.0169895
0.0171571
0.0173428
0.0175419
0.0177497
0.0179616
0.0181734
0.0183817
0.0185833
0.0187759
0.0189579
0.0191283
0.0192858
0.0194307
0.0195779
0.0197276
0.0198809
0.0200384
0.0202009
0.0203693
0.0205444
0.0207272
0.0209186
0.0211196
0.0213312
0.0215545
0.0217905
0.0220403
0.0223049
0.0225854
0.0228825
0.0231973
0.0235303
0.023882
0.0242525
0.0246417
0.0250488
0.0254727
0.0259115
0.0263623
0.0268215
0.0272846
0.0277456
0.0281976
0.0286324
0.0290409
0.0294127
0.0297367
0.0300014
0.0301947
0.0303045
0.0303193
0.0302279
0.0300203
0.0296882
0.0292262
0.0286546
0.0279515
0.027103
0.0260959
0.0249183
0.0235651
0.0220435
0.0203821
0.0186388
0.0169057
0.0153029
0.0139533
0.0129303
0.0121633
0.0112655
0.0091252
0.220924
0.221876
0.223116
0.224523
0.226171
0.228061
0.230148
0.232344
0.23453
0.236555
0.238247
0.239411
0.239837
0.239312
0.237636
0.234643
0.230218
0.224321
0.216998
0.20838
0.198682
0.188173
0.177161
0.165956
0.154856
0.144115
0.133939
0.124476
0.115812
0.107975
0.100945
0.094659
0.0890329
0.0839693
0.0793724
0.0751559
0.0712491
0.0675982
0.0641661
0.0609303
0.0578794
0.0550107
0.052326
0.04983
0.0475271
0.0454203
0.0435098
0.0417923
0.040261
0.0389054
0.0377119
0.0366676
0.0357307
0.0348474
0.0339976
0.0331738
0.0323702
0.0315825
0.0308073
0.0300419
0.0292844
0.0285333
0.0277878
0.0270478
0.0263135
0.0255857
0.0248654
0.0241539
0.0234525
0.0227628
0.0220863
0.0214243
0.0207782
0.0201491
0.019538
0.0189457
0.0183729
0.0178199
0.017287
0.0167743
0.0162816
0.0158087
0.0153553
0.014921
0.0145051
0.0141071
0.0137263
0.013362
0.0130136
0.0126801
0.0123611
0.0120556
0.0117629
0.0114825
0.0112136
0.0109556
0.0107078
0.0104698
0.0102415
0.0100208
0.00980811
0.0095835
0.00934645
0.00910008
0.00884733
0.00859199
0.00833839
0.00809124
0.00785536
0.00763534
0.00743526
0.00725836
0.00710684
0.00698176
0.00688304
0.0068096
0.0067595
0.00673022
0.00671887
0.00672242
0.00673788
0.00676242
0.00679352
0.00682897
0.0068669
0.00690586
0.00694479
0.00698239
0.00701837
0.00705611
0.00709551
0.00713688
0.00718037
0.00722623
0.00727468
0.00732601
0.00738052
0.00743852
0.00750037
0.00756641
0.00763705
0.00771265
0.00779361
0.00788031
0.00797312
0.00807237
0.00817833
0.0082912
0.00841105
0.00853783
0.00867127
0.0088109
0.0089559
0.00910514
0.00925706
0.00940961
0.00956026
0.00970591
0.00984294
0.00996719
0.0100741
0.010159
0.0102168
0.0102429
0.0102332
0.0101844
0.0100942
0.009962
0.00978917
0.00957916
0.00933807
0.0090638
0.00875245
0.00840927
0.00804026
0.00765294
0.00725676
0.00686349
0.0064873
0.00614424
0.00585072
0.00562007
0.00545597
0.00534027
0.00521047
0.0049233
0.0042058
0.124488
0.124623
0.124604
0.124313
0.123741
0.122877
0.121688
0.120131
0.118164
0.115752
0.112877
0.109549
0.1058
0.101694
0.097313
0.0927596
0.0881419
0.0835674
0.0791332
0.0749197
0.070986
0.0673694
0.064086
0.0611345
0.0585
0.0561582
0.0540789
0.0522293
0.0505754
0.049084
0.047724
0.0464675
0.0452913
0.0441773
0.043113
0.0420916
0.041111
0.0401728
0.0392814
0.0384426
0.0376621
0.0369453
0.0362961
0.0357165
0.0352063
0.0347633
0.0343833
0.03406
0.033786
0.0335526
0.0333502
0.033151
0.0329383
0.0327046
0.0324448
0.0321553
0.0318332
0.0314763
0.0310837
0.030655
0.0301907
0.0296923
0.0291617
0.0286016
0.0280152
0.0274059
0.0267775
0.0261336
0.0254782
0.024815
0.0241475
0.0234791
0.0228129
0.0221516
0.0214978
0.0208536
0.0202208
0.0196008
0.0189951
0.0184044
0.0178295
0.0172708
0.0167288
0.0162033
0.0156944
0.0152019
0.0147256
0.0142649
0.0138194
0.0133887
0.0129721
0.0125692
0.0121792
0.0118016
0.0114358
0.0110811
0.010737
0.010403
0.0100791
0.00976298
0.00945414
0.00912488
0.00877338
0.00840273
0.0080162
0.00761828
0.00721438
0.00681063
0.00641359
0.00602984
0.00566549
0.00532578
0.00501469
0.00473477
0.00448707
0.00427129
0.00408599
0.00392891
0.00379729
0.00368809
0.00359829
0.00352499
0.00346553
0.00341753
0.00337895
0.00334804
0.00332344
0.00330358
0.0032877
0.00327379
0.00326138
0.00325049
0.00324099
0.00323284
0.003226
0.00322048
0.0032163
0.00321348
0.00321209
0.00321221
0.00321392
0.00321734
0.00322259
0.00322978
0.00323904
0.00325049
0.00326425
0.00328041
0.00329902
0.00332012
0.00334367
0.00336955
0.00339758
0.00342746
0.00345877
0.00349097
0.00352336
0.00355512
0.0035853
0.00361285
0.00363663
0.00365554
0.00366852
0.00367465
0.00367327
0.00366402
0.00364694
0.00362251
0.00359167
0.0035558
0.00351665
0.00347392
0.00342379
0.00337
0.00331531
0.00326258
0.00321483
0.00317517
0.00314669
0.00313211
0.00313316
0.0031494
0.00317611
0.003201
0.00319956
0.00313229
0.00295543
0.0660375
0.0648959
0.0636097
0.0621443
0.0605092
0.0587378
0.0568589
0.0549043
0.0529089
0.0509111
0.0489504
0.047065
0.0452898
0.043654
0.0421794
0.0408802
0.0397627
0.0388258
0.0380623
0.0374599
0.0370027
0.0366728
0.0364512
0.036319
0.0362584
0.0362528
0.0362876
0.03635
0.0364295
0.0365176
0.0366084
0.0366979
0.0367845
0.0368685
0.0369519
0.0370378
0.0371301
0.0372327
0.0373492
0.0374824
0.0376343
0.0378054
0.0379948
0.0382007
0.0384197
0.0386477
0.0388793
0.0391089
0.0393302
0.0395366
0.0397091
0.039819
0.0398612
0.0398311
0.0397255
0.0395426
0.0392819
0.0389443
0.0385322
0.038049
0.0374993
0.0368886
0.0362232
0.0355095
0.0347547
0.0339656
0.0331492
0.0323121
0.0314605
0.0306002
0.0297365
0.0288741
0.0280171
0.027169
0.0263328
0.0255112
0.024706
0.0239189
0.023151
0.0224033
0.0216762
0.0209701
0.0202851
0.0196209
0.0189775
0.0183542
0.0177507
0.0171662
0.0166002
0.0160519
0.0155206
0.0150056
0.0145059
0.0140209
0.0135498
0.0130918
0.0126462
0.0122124
0.0117904
0.0113774
0.0109718
0.0105385
0.0100745
0.00958322
0.00906853
0.00853594
0.00799225
0.00744535
0.00690384
0.00637654
0.00587186
0.00539719
0.00495839
0.00455945
0.00420235
0.00388718
0.00361245
0.00337547
0.00317281
0.00300067
0.0028552
0.00273271
0.0026298
0.00254345
0.002471
0.00241022
0.00235926
0.00231618
0.00227975
0.0022459
0.0022139
0.00218359
0.00215477
0.00212727
0.00210096
0.00207576
0.00205158
0.0020284
0.00200618
0.00198492
0.00196466
0.00194543
0.0019273
0.00191034
0.00189463
0.00188028
0.0018674
0.00185608
0.00184645
0.00183859
0.00183259
0.00182853
0.00182644
0.00182633
0.00182817
0.00183188
0.00183733
0.00184436
0.00185275
0.00186224
0.00187254
0.00188338
0.00189447
0.00190557
0.00191649
0.00192713
0.0019375
0.0019477
0.00195797
0.00196863
0.0019801
0.00199285
0.0020061
0.00202043
0.00203703
0.00205696
0.00208127
0.00211098
0.002147
0.00218997
0.00224012
0.00229686
0.00235841
0.00242146
0.00248143
0.00253543
0.00259216
0.0413216
0.0395732
0.0377626
0.0359584
0.0342261
0.0326323
0.0312236
0.0300281
0.0290568
0.0283072
0.0277683
0.0274245
0.0272584
0.0272524
0.0273893
0.0276531
0.0280284
0.0285008
0.0290571
0.0296847
0.0303726
0.0311102
0.0318886
0.0326996
0.0335364
0.034393
0.0352646
0.0361474
0.0370385
0.0379357
0.0388376
0.0397434
0.0406527
0.0415653
0.042481
0.0433993
0.0443196
0.0452403
0.0461594
0.0470743
0.0479815
0.048877
0.049756
0.0506133
0.0514432
0.0522397
0.0529964
0.0537068
0.0543643
0.0549623
0.0554596
0.055821
0.0560379
0.0561047
0.0560181
0.0557776
0.0553854
0.0548464
0.0541678
0.0533593
0.0524324
0.0514001
0.0502763
0.0490757
0.0478129
0.0465024
0.045158
0.0437925
0.0424178
0.0410441
0.0396807
0.0383353
0.0370141
0.0357222
0.0344637
0.0332414
0.0320572
0.0309124
0.0298074
0.0287422
0.0277164
0.0267292
0.0257795
0.0248659
0.0239872
0.0231417
0.0223279
0.0215442
0.0207891
0.0200608
0.0193579
0.0186788
0.0180221
0.0173864
0.0167703
0.0161727
0.0155921
0.0150277
0.014479
0.0139429
0.013416
0.0128537
0.0122521
0.0116152
0.010948
0.0102574
0.00955202
0.0088419
0.00813797
0.00745151
0.0067934
0.00617335
0.00559921
0.00507647
0.00460804
0.00419433
0.00383358
0.00352238
0.00325623
0.00303012
0.00283893
0.00267776
0.00254213
0.00242806
0.00233208
0.00225127
0.00218325
0.00212558
0.00207658
0.00203092
0.00198763
0.00194644
0.00190706
0.00186925
0.00183284
0.00179769
0.00176367
0.00173071
0.00169875
0.00166778
0.00163779
0.00160881
0.00158088
0.00155406
0.00152845
0.00150413
0.00148121
0.00145983
0.00144009
0.00142212
0.00140605
0.00139198
0.00138002
0.00137024
0.0013627
0.00135743
0.00135442
0.00135365
0.00135505
0.00135852
0.00136395
0.0013712
0.00138014
0.00139063
0.00140257
0.00141587
0.00143051
0.0014465
0.00146393
0.00148293
0.0015037
0.00152651
0.00155169
0.00157918
0.00160957
0.00164348
0.00168151
0.00172433
0.0017726
0.00182703
0.00188834
0.00195731
0.00203492
0.00212267
0.0022234
0.0023431
0.0024938
0.0411853
0.0397531
0.0381412
0.0364095
0.0346276
0.0328761
0.0312357
0.0297799
0.0285672
0.0276365
0.0270059
0.0266747
0.0266273
0.0268387
0.0272795
0.0279197
0.0287313
0.0296896
0.0307737
0.0319663
0.0332534
0.0346241
0.0360696
0.0375831
0.0391591
0.0407936
0.0424828
0.0442241
0.0460145
0.0478515
0.0497322
0.0516536
0.0536119
0.0556029
0.0576216
0.0596621
0.061718
0.0637817
0.0658451
0.0678994
0.069935
0.0719418
0.0739092
0.075826
0.0776809
0.079462
0.0811575
0.0827555
0.0842443
0.0856125
0.0867976
0.0877306
0.0883935
0.0887732
0.0888612
0.0886533
0.0881507
0.0873597
0.0862915
0.0849621
0.0833916
0.0816036
0.0796247
0.0774832
0.0752086
0.0728306
0.0703781
0.0678788
0.0653584
0.0628401
0.0603445
0.0578892
0.0554887
0.0531549
0.0508968
0.0487208
0.0466313
0.0446304
0.0427189
0.0408961
0.03916
0.0375083
0.0359374
0.0344439
0.0330237
0.0316727
0.0303868
0.0291618
0.0279938
0.0268788
0.0258131
0.0247932
0.0238158
0.0228777
0.021976
0.021108
0.0202711
0.0194632
0.0186828
0.0179254
0.0171858
0.0164002
0.0155649
0.0146861
0.0137714
0.0128311
0.0118772
0.0109232
0.00998353
0.00907259
0.00820395
0.00738938
0.00663817
0.0059566
0.00534776
0.00481168
0.00434573
0.00394521
0.00360404
0.00331544
0.00307252
0.00286865
0.00269782
0.00255469
0.00243468
0.00233392
0.00224928
0.00217771
0.00211697
0.00206057
0.00200722
0.00195651
0.00190807
0.0018616
0.00181687
0.00177368
0.00173188
0.00169137
0.00165206
0.00161391
0.00157691
0.00154106
0.00150641
0.00147301
0.00144095
0.00141033
0.00138124
0.00135383
0.0013282
0.00130451
0.00128287
0.0012634
0.00124622
0.00123142
0.00121907
0.00120923
0.00120192
0.00119713
0.00119482
0.00119494
0.00119741
0.00120211
0.00120895
0.00121782
0.00122862
0.00124127
0.00125573
0.00127201
0.00129015
0.00131025
0.00133247
0.00135703
0.0013842
0.00141432
0.00144765
0.00148473
0.00152618
0.00157267
0.00162505
0.0016843
0.00175169
0.0018288
0.00191775
0.00202148
0.0021441
0.00229154
0.00247204
0.0571676
0.0571422
0.0568218
0.0561649
0.055162
0.0538311
0.0522157
0.0503837
0.0484246
0.0464423
0.0445463
0.0428404
0.0414134
0.0403319
0.0396372
0.039346
0.0394549
0.0399449
0.0407883
0.0419531
0.0434072
0.0451208
0.0470679
0.0492264
0.0515782
0.0541088
0.0568063
0.0596609
0.0626643
0.0658087
0.0690868
0.0724909
0.0760126
0.0796427
0.0833706
0.0871843
0.0910705
0.0950142
0.0989989
0.103007
0.107018
0.111013
0.114968
0.118862
0.122671
0.12637
0.129936
0.133342
0.136565
0.139582
0.142348
0.144722
0.146664
0.148144
0.149135
0.149619
0.149584
0.149025
0.147949
0.146367
0.144302
0.141781
0.138842
0.135524
0.131874
0.127942
0.123779
0.119437
0.114967
0.110418
0.105837
0.101265
0.0967391
0.0922928
0.0879531
0.0837422
0.0796775
0.0757715
0.0720327
0.0684657
0.065072
0.0618505
0.0587976
0.0559083
0.0531761
0.0505938
0.0481533
0.0458464
0.0436648
0.0416002
0.0396444
0.0377897
0.0360285
0.034354
0.0327595
0.0312388
0.0297863
0.028397
0.0270671
0.0257886
0.0245533
0.0232505
0.0218784
0.0204505
0.0189822
0.0174924
0.0160025
0.0145352
0.0131136
0.011759
0.01049
0.00932115
0.00826176
0.00731604
0.00648343
0.00575941
0.00513665
0.00460602
0.00415745
0.00378067
0.00346569
0.00320318
0.00298472
0.00280292
0.00265144
0.00252501
0.00241933
0.00233044
0.00225534
0.00218601
0.00212076
0.00205898
0.00200017
0.00194393
0.00188997
0.00183803
0.00178791
0.00173946
0.00169257
0.00164718
0.00160324
0.00156077
0.00151979
0.00148034
0.00144251
0.00140639
0.00137209
0.00133973
0.00130943
0.00128132
0.00125553
0.00123218
0.00121136
0.00119318
0.00117769
0.00116495
0.00115496
0.00114772
0.0011432
0.00114132
0.00114201
0.00114516
0.00115066
0.0011584
0.00116829
0.00118025
0.00119423
0.00121022
0.00122826
0.00124845
0.00127093
0.00129591
0.00132367
0.00135455
0.00138897
0.00142739
0.00147045
0.00151892
0.00157371
0.00163597
0.00170713
0.00178897
0.00188379
0.00199459
0.00212525
0.00228091
0.0024683
0.0844153
0.0872141
0.0898764
0.0922627
0.0942643
0.0958012
0.0968028
0.0972133
0.0969983
0.0961516
0.094702
0.0927177
0.0903055
0.0876053
0.0847793
0.0819984
0.0794273
0.0772113
0.0754675
0.07428
0.0736998
0.0737485
0.0744241
0.0757071
0.0775674
0.0799691
0.0828746
0.0862472
0.0900523
0.0942581
0.0988354
0.103757
0.108998
0.114532
0.120336
0.126383
0.132648
0.139103
0.145719
0.152463
0.159305
0.166208
0.173137
0.180052
0.186914
0.193681
0.20031
0.206757
0.212978
0.218929
0.224646
0.229873
0.234533
0.238565
0.241916
0.24454
0.246399
0.247464
0.247717
0.247148
0.245763
0.243574
0.240609
0.236905
0.232508
0.227474
0.221867
0.215757
0.209217
0.202322
0.195151
0.187779
0.180278
0.172719
0.165164
0.157672
0.150293
0.143071
0.136041
0.129234
0.122672
0.11637
0.110338
0.104582
0.0991024
0.0938958
0.0889562
0.0842752
0.0798424
0.0756463
0.0716745
0.067914
0.0643518
0.060975
0.0577709
0.0547274
0.0518328
0.0490766
0.0464503
0.0439383
0.041528
0.0389926
0.0363363
0.0335885
0.0307821
0.027957
0.025157
0.0224291
0.0198197
0.0173721
0.0151228
0.0130984
0.011313
0.00976778
0.008452
0.0073457
0.00642368
0.00565927
0.00502722
0.00450524
0.00407447
0.00371914
0.00342606
0.0031842
0.00298431
0.00281876
0.00268138
0.00256668
0.00247046
0.00238236
0.00230008
0.00222264
0.00214935
0.00207967
0.00201317
0.00194951
0.00188842
0.00182967
0.00177312
0.00171865
0.0016662
0.00161575
0.00156729
0.00152088
0.00147656
0.00143443
0.00139457
0.0013571
0.00132213
0.00128978
0.00126014
0.00123333
0.00120942
0.00118849
0.00117058
0.0011557
0.00114386
0.00113502
0.00112911
0.00112606
0.00112575
0.00112807
0.00113289
0.00114009
0.00114956
0.0011612
0.00117497
0.00119085
0.00120888
0.00122914
0.00125177
0.00127699
0.00130508
0.00133637
0.0013713
0.00141039
0.00145426
0.0015037
0.00155964
0.00162325
0.00169596
0.00177957
0.00187634
0.00198917
0.00212182
0.00227919
0.00246778
0.116188
0.122797
0.12975
0.136908
0.144136
0.151348
0.158443
0.165307
0.171813
0.177822
0.183187
0.187761
0.191406
0.194008
0.19549
0.195823
0.195043
0.193245
0.190588
0.18728
0.183562
0.17969
0.175913
0.172462
0.169532
0.16728
0.165821
0.165232
0.165555
0.166804
0.16897
0.172031
0.17595
0.180685
0.18619
0.192414
0.199304
0.206807
0.214867
0.223428
0.23243
0.241813
0.251512
0.261461
0.271594
0.28184
0.292129
0.302387
0.312543
0.322522
0.332253
0.341764
0.350589
0.358628
0.3658
0.372035
0.377269
0.381451
0.384541
0.386508
0.387334
0.387013
0.385552
0.382969
0.379296
0.374577
0.368866
0.36223
0.354741
0.346483
0.337543
0.328015
0.317993
0.307573
0.296849
0.285912
0.274849
0.263743
0.252667
0.241689
0.230867
0.220254
0.209892
0.199817
0.190055
0.180628
0.17155
0.162829
0.15447
0.14647
0.138827
0.131531
0.124574
0.117944
0.111625
0.105605
0.0998657
0.0943935
0.0891747
0.0841812
0.0793934
0.0743522
0.0690671
0.0635945
0.0579961
0.0523454
0.0467235
0.0412175
0.0359173
0.0309121
0.026286
0.0221113
0.0184415
0.0153033
0.0126925
0.0105741
0.00888919
0.00756528
0.00652862
0.00571325
0.00506593
0.00454662
0.00412631
0.00378396
0.00350383
0.00327382
0.00308442
0.00292756
0.00279708
0.00267877
0.00256926
0.00246701
0.00237097
0.00228035
0.00219452
0.00211299
0.00203533
0.00196123
0.00189044
0.00182279
0.00175814
0.00169642
0.00163759
0.00158167
0.00152867
0.00147865
0.00143166
0.0013878
0.00134714
0.00130975
0.0012757
0.00124506
0.00121786
0.00119413
0.00117387
0.00115704
0.00114361
0.00113349
0.00112657
0.00112273
0.00112182
0.00112371
0.00112821
0.0011352
0.00114454
0.00115612
0.00116987
0.00118577
0.00120385
0.00122419
0.00124694
0.00127229
0.00130053
0.001332
0.00136714
0.00140647
0.00145063
0.00150038
0.00155668
0.00162067
0.00169379
0.00177783
0.00187504
0.00198828
0.00212129
0.00227893
0.00246771
0.144289
0.154559
0.165737
0.177781
0.190593
0.204174
0.218503
0.23355
0.249263
0.265571
0.282375
0.299548
0.316933
0.334343
0.35156
0.368338
0.384413
0.399504
0.413336
0.425654
0.43624
0.444934
0.451646
0.456366
0.459162
0.460172
0.459591
0.457657
0.454629
0.450776
0.446361
0.441637
0.436841
0.432191
0.427892
0.424132
0.421089
0.418925
0.417787
0.417804
0.419083
0.421702
0.425709
0.431116
0.437902
0.446004
0.455329
0.46575
0.477116
0.489253
0.501975
0.515341
0.528664
0.540908
0.551898
0.561556
0.569818
0.576631
0.581962
0.585789
0.5881
0.588891
0.588171
0.585962
0.582296
0.577216
0.570778
0.563049
0.554109
0.544046
0.532958
0.52095
0.508134
0.494625
0.480539
0.465993
0.4511
0.435968
0.420699
0.405388
0.390118
0.374965
0.359993
0.345257
0.3308
0.316657
0.302856
0.289416
0.27635
0.26367
0.251379
0.239482
0.227981
0.216874
0.206163
0.195843
0.18591
0.176361
0.167193
0.15837
0.149869
0.1409
0.131466
0.121666
0.111605
0.101402
0.0911827
0.0810717
0.0711903
0.0616571
0.052593
0.0441255
0.0363887
0.0295132
0.0236041
0.0187149
0.0148273
0.0118498
0.00963583
0.00801628
0.00683105
0.00594963
0.00527748
0.00475168
0.00433208
0.0039928
0.00371628
0.00348929
0.00330209
0.003134
0.00297983
0.00283711
0.00270419
0.00257985
0.00246313
0.00235323
0.00224952
0.00215149
0.00205873
0.00197092
0.00188784
0.00180931
0.0017352
0.00166544
0.00159999
0.00153882
0.00148192
0.00142931
0.00138098
0.00133694
0.00129719
0.00126169
0.00123043
0.00120333
0.00118032
0.0011613
0.00114615
0.0011347
0.0011268
0.00112226
0.00112088
0.00112245
0.00112678
0.00113369
0.00114301
0.00115463
0.00116844
0.00118442
0.00120258
0.001223
0.00124583
0.00127126
0.00129957
0.00133112
0.00136633
0.00140573
0.00144995
0.00149978
0.00155615
0.00162023
0.00169343
0.00177754
0.00187482
0.00198813
0.00212119
0.00227888
0.00246769
0.162936
0.175726
0.189818
0.205308
0.222147
0.240439
0.260266
0.281718
0.304879
0.329824
0.356616
0.385302
0.41591
0.448444
0.48288
0.51916
0.55719
0.596835
0.63792
0.680225
0.723485
0.767395
0.811609
0.855747
0.899403
0.942151
0.983554
1.02317
1.06056
1.09529
1.12694
1.15507
1.17928
1.19916
1.21434
1.22449
1.22935
1.22877
1.22273
1.2114
1.19514
1.17454
1.15046
1.12393
1.09615
1.06841
1.04198
1.01802
0.997516
0.981217
0.969584
0.962772
0.961681
0.96696
0.97157
0.975075
0.977402
0.978209
0.977419
0.974974
0.970831
0.964962
0.957368
0.948064
0.937073
0.924429
0.910172
0.894357
0.877053
0.858343
0.838327
0.817123
0.794865
0.771704
0.747804
0.723337
0.698485
0.673432
0.648358
0.623439
0.598838
0.574703
0.551159
0.528311
0.506238
0.484988
0.464587
0.445033
0.426302
0.408351
0.391124
0.374556
0.358581
0.343137
0.328174
0.313652
0.299546
0.285851
0.272582
0.259702
0.247184
0.233957
0.220009
0.2055
0.190605
0.175515
0.160414
0.145456
0.13075
0.116359
0.102317
0.0886543
0.0754404
0.0628214
0.051036
0.040393
0.0312041
0.0236882
0.0178915
0.013667
0.0107255
0.00872694
0.00736337
0.00640342
0.00569618
0.0051526
0.00472221
0.00437505
0.00409239
0.00384122
0.00361308
0.00340381
0.00321071
0.00303177
0.0028654
0.00271029
0.0025654
0.00242986
0.00230297
0.00218417
0.00207302
0.00196915
0.00187227
0.00178214
0.00169856
0.00162136
0.0015504
0.00148553
0.00142661
0.0013735
0.00132606
0.00128412
0.00124751
0.00121605
0.00118953
0.00116774
0.00115044
0.00113737
0.00112828
0.00112289
0.00112094
0.00112216
0.0011263
0.00113312
0.00114243
0.00115408
0.00116795
0.001184
0.00120224
0.00122273
0.00124562
0.0012711
0.00129945
0.00133103
0.00136627
0.00140569
0.00144993
0.00149976
0.00155614
0.00162022
0.00169342
0.00177754
0.00187482
0.00198813
0.00212119
0.00227888
0.00246769
0.170794
0.184621
0.199887
0.216815
0.235386
0.255775
0.278135
0.302641
0.329472
0.358819
0.390876
0.425842
0.46392
0.50531
0.550208
0.598802
0.651264
0.707748
0.76838
0.833252
0.902415
0.975875
1.05358
1.13543
1.22127
1.31086
1.40393
1.50015
1.59915
1.7005
1.80376
1.90844
2.01401
2.1199
2.22548
2.33006
2.43278
2.53265
2.62838
2.71836
2.80055
2.87256
2.93176
2.9754
3.00087
3.006
2.98934
2.95053
2.89051
2.81166
2.71771
2.61353
2.50455
2.396
2.30137
2.22466
2.16414
2.10582
2.04978
1.99636
1.9452
1.89563
1.84725
1.79974
1.75279
1.70615
1.65958
1.61287
1.56584
1.51832
1.47018
1.42132
1.37168
1.32124
1.27005
1.21819
1.16582
1.11312
1.06034
1.00778
0.955772
0.904678
0.854878
0.806749
0.76065
0.716903
0.675771
0.637447
0.602036
0.569548
0.539898
0.512904
0.488303
0.46577
0.444945
0.425468
0.407012
0.389324
0.372247
0.355644
0.339395
0.322251
0.304224
0.285601
0.26673
0.247994
0.229753
0.212279
0.195712
0.180018
0.164991
0.150283
0.135486
0.120238
0.104356
0.0879576
0.0715334
0.0558969
0.0419892
0.0305787
0.0219953
0.0160531
0.0122004
0.00977916
0.00823296
0.00718739
0.00642906
0.00584787
0.00538872
0.00498781
0.00462884
0.00430384
0.00400771
0.00373664
0.00348761
0.00325818
0.00304638
0.0028506
0.00266952
0.00250206
0.00234731
0.00220451
0.00207302
0.00195227
0.00184176
0.00174101
0.0016496
0.00156711
0.00149311
0.00142722
0.00136903
0.00131815
0.00127417
0.00123671
0.00120536
0.00117973
0.00115942
0.00114405
0.00113321
0.00112654
0.00112366
0.00112423
0.00112792
0.00113444
0.00114357
0.0011551
0.00116891
0.00118492
0.00120313
0.00122361
0.00124647
0.00127194
0.00130027
0.00133181
0.00136701
0.00140638
0.00145056
0.00150034
0.00155665
0.00162065
0.00169378
0.00177783
0.00187503
0.00198828
0.00212129
0.00227893
0.00246771
0.170244
0.18387
0.198866
0.215542
0.233893
0.254123
0.27641
0.300964
0.328004
0.357771
0.39052
0.426524
0.466072
0.50947
0.557037
0.609106
0.666013
0.728101
0.795706
0.869153
0.94875
1.03477
1.12745
1.22698
1.33347
1.44698
1.56747
1.69484
1.82887
1.96927
2.11565
2.26754
2.42438
2.58557
2.75047
2.91842
3.08884
3.26127
3.43541
3.61093
3.7875
3.96483
4.14273
4.32106
4.49962
4.67787
4.85449
5.02696
5.19116
5.34096
5.46822
5.56323
5.61599
5.61835
5.56392
5.44989
5.283
5.09489
4.90054
4.71174
4.52913
4.34704
4.16751
3.99293
3.8246
3.6629
3.50786
3.3593
3.21687
3.08004
2.94818
2.82063
2.69671
2.57575
2.45714
2.3403
2.22473
2.11002
1.99584
1.882
1.76847
1.65539
1.54312
1.43219
1.32338
1.21759
1.11588
1.0194
0.929249
0.84648
0.771921
0.706092
0.649116
0.600662
0.559948
0.52581
0.496827
0.471523
0.448597
0.427016
0.406007
0.383837
0.360466
0.336332
0.312082
0.288482
0.266315
0.24627
0.228842
0.214248
0.202365
0.192707
0.184435
0.17641
0.167295
0.15575
0.140752
0.122012
0.100349
0.0777164
0.056672
0.0394173
0.0269612
0.0189521
0.0142084
0.0114543
0.00976343
0.00861729
0.00777397
0.00706338
0.00644281
0.00589253
0.00540027
0.00495718
0.00455646
0.00419277
0.00386182
0.00356018
0.00328501
0.00303398
0.00280514
0.00259683
0.00240761
0.00223621
0.00208147
0.00194234
0.00181781
0.00170693
0.0016088
0.00152252
0.00144724
0.00138215
0.00132645
0.00127938
0.00124023
0.00120832
0.00118298
0.00116361
0.00114963
0.00114048
0.00113566
0.00113471
0.00113722
0.00114282
0.00115121
0.00116216
0.00117548
0.0011911
0.00120897
0.00122914
0.00125174
0.00127695
0.00130503
0.00133632
0.00137126
0.00141034
0.00145423
0.00150367
0.00155962
0.00162324
0.00169595
0.00177956
0.00187633
0.00198917
0.00212182
0.00227919
0.00246778
0.165368
0.178061
0.191951
0.207387
0.22437
0.243103
0.26376
0.286547
0.311682
0.339406
0.369977
0.403679
0.440815
0.48171
0.526715
0.576198
0.630548
0.690168
0.755471
0.826874
0.904788
0.989607
1.0817
1.18139
1.28894
1.40456
1.52833
1.66026
1.80024
1.94801
2.1032
2.26529
2.43364
2.60748
2.78593
2.96807
3.15299
3.34003
3.52888
3.7193
3.91094
4.10359
4.29719
4.49183
4.68788
4.88577
5.08588
5.28853
5.49412
5.70311
5.91618
6.1343
6.35865
6.59011
6.82792
7.06915
7.30955
7.53886
7.7386
7.88143
7.95503
7.96557
7.91613
7.81201
7.66119
7.47073
7.24851
7.00338
6.74307
6.47362
6.19948
5.9241
5.65009
5.37935
5.1132
4.85249
4.59759
4.34841
4.10444
3.86487
3.62869
3.39483
3.16233
2.93048
2.69895
2.46787
2.23798
2.01067
1.78813
1.57342
1.37037
1.18331
1.01657
0.873713
0.756784
0.665607
0.597537
0.547832
0.510699
0.480597
0.453338
0.425183
0.395366
0.364211
0.332587
0.301638
0.27258
0.246544
0.224468
0.207022
0.194577
0.187183
0.184546
0.185974
0.19027
0.195609
0.199426
0.198502
0.189498
0.170231
0.141367
0.107285
0.0746034
0.0488574
0.0319468
0.02235
0.0172613
0.0144214
0.0126142
0.0112025
0.0100228
0.00900771
0.00812019
0.00733611
0.0066383
0.00601395
0.00545321
0.00494832
0.00449308
0.00408242
0.00371217
0.00337878
0.00307921
0.0028108
0.00257115
0.00235807
0.00216952
0.00200357
0.00185838
0.00173217
0.00162327
0.00153005
0.00145098
0.00138462
0.00132964
0.00128477
0.00124889
0.00122095
0.0012
0.0011852
0.00117578
0.00117108
0.0011705
0.00117357
0.00117985
0.00118904
0.00120088
0.00121523
0.00123201
0.00125123
0.00127297
0.00129738
0.0013247
0.00135523
0.00138938
0.00142763
0.00147059
0.00151899
0.00157375
0.00163599
0.00170713
0.00178897
0.00188379
0.00199458
0.00212525
0.00228091
0.0024683
0.160255
0.171768
0.184283
0.198159
0.213395
0.230179
0.248666
0.26904
0.2915
0.31626
0.343557
0.373645
0.406803
0.443331
0.483551
0.527808
0.57647
0.629919
0.688555
0.752785
0.823017
0.899651
0.983068
1.07361
1.17157
1.27719
1.39059
1.51181
1.64076
1.77723
1.92084
2.07108
2.22725
2.38855
2.55398
2.72244
2.89269
3.06371
3.23504
3.40628
3.57679
3.74616
3.91401
4.08035
4.24534
4.40911
4.57218
4.73494
4.89801
5.06217
5.22817
5.39706
5.57072
5.75111
5.93986
6.13802
6.34644
6.5648
6.7902
7.0203
7.25825
7.51195
7.78842
8.08737
8.39899
8.71025
9.00562
9.26654
9.482
9.64202
9.73782
9.76455
9.72075
9.60754
9.42877
9.19118
8.90344
8.57488
8.2146
7.83072
7.42977
7.01653
6.59414
6.16437
5.72811
5.28588
4.83792
4.38409
3.92448
3.46039
2.99537
2.53608
2.09312
1.68122
1.31812
1.02098
0.800538
0.654843
0.568202
0.516969
0.480341
0.44632
0.411093
0.374141
0.336396
0.299292
0.264323
0.232767
0.205595
0.183451
0.166737
0.155719
0.150636
0.151735
0.159212
0.173023
0.192547
0.216029
0.239815
0.257574
0.260554
0.240716
0.197281
0.141277
0.0900759
0.0550713
0.0361598
0.027113
0.0224989
0.019417
0.0170549
0.0151212
0.0134823
0.0120636
0.0108181
0.00971372
0.00872784
0.00784359
0.0070482
0.00633177
0.0056864
0.00510568
0.00458424
0.00411744
0.0037012
0.00333177
0.00300563
0.00271944
0.00246992
0.00225389
0.00206823
0.00190992
0.00177604
0.00166384
0.00157071
0.00149426
0.00143231
0.0013829
0.00134428
0.00131493
0.00129352
0.00127891
0.00127012
0.00126635
0.00126693
0.00127132
0.00127913
0.00129006
0.00130391
0.0013206
0.00134011
0.00136253
0.00138802
0.00141682
0.00144926
0.00148574
0.00152678
0.00157302
0.00162524
0.0016844
0.00175174
0.00182882
0.00191776
0.00202148
0.0021441
0.00229154
0.00247204
0.158339
0.168764
0.180022
0.192464
0.206092
0.221071
0.237537
0.255649
0.275578
0.297511
0.32165
0.348215
0.377445
0.4096
0.444957
0.483813
0.526484
0.573303
0.624612
0.680766
0.742118
0.809018
0.881796
0.960754
1.04615
1.13818
1.23697
1.34253
1.45479
1.57352
1.69839
1.82889
1.96439
2.10414
2.2472
2.39254
2.53884
2.68494
2.83016
2.97385
3.11508
3.2534
3.38789
3.51903
3.64694
3.77079
3.89168
4.01001
4.1265
4.2423
4.35756
4.47188
4.58696
4.70383
4.82312
4.94517
5.07054
5.19984
5.33304
5.47043
5.6145
5.76968
5.93935
6.12443
6.32382
6.53718
6.76776
7.02469
7.30955
7.62128
7.95983
8.33152
8.74721
9.20469
9.68636
10.176
10.649
11.0761
11.4282
11.6796
11.8111
11.8102
11.672
11.3974
10.9936
10.4761
9.86473
9.17664
8.42334
7.61229
6.74976
5.84296
4.90339
3.95057
3.01837
2.15865
1.44251
0.935828
0.655692
0.536519
0.480093
0.439239
0.399974
0.359312
0.318208
0.278325
0.241352
0.208473
0.180375
0.157277
0.139127
0.125785
0.117223
0.113672
0.115742
0.124461
0.141198
0.16742
0.204168
0.250939
0.303436
0.349958
0.369175
0.338053
0.25616
0.159893
0.0905995
0.0563478
0.0419836
0.0345101
0.0296476
0.0260303
0.0231336
0.0207055
0.0186076
0.0167573
0.0151024
0.0136081
0.0122507
0.0110139
0.00988598
0.00885827
0.00792397
0.00707749
0.00631395
0.00562882
0.0050177
0.00447614
0.00399955
0.00358321
0.00322221
0.00291162
0.00264644
0.0024218
0.00223298
0.00207554
0.00194533
0.00183858
0.00175192
0.00168237
0.00162731
0.00158453
0.00155213
0.0015285
0.00151234
0.00150257
0.00149834
0.00149896
0.00150393
0.00151291
0.00152566
0.00154209
0.00156219
0.0015861
0.00161401
0.00164624
0.00168317
0.00172529
0.00177314
0.00182732
0.00188848
0.00195738
0.00203495
0.00212268
0.00222341
0.0023431
0.0024938
0.162762
0.17238
0.182703
0.194078
0.206509
0.220143
0.235098
0.251514
0.269538
0.289331
0.311068
0.334938
0.361145
0.389909
0.421464
0.456063
0.49397
0.535461
0.580822
0.630345
0.68432
0.743028
0.806735
0.875679
0.950057
1.03001
1.11562
1.20687
1.30365
1.40575
1.51283
1.62442
1.73996
1.85878
1.98011
2.10313
2.22675
2.35013
2.47216
2.59168
2.70738
2.81922
2.92518
3.02702
3.12516
3.21738
3.30565
3.39038
3.47208
3.55134
3.62855
3.70395
3.7782
3.85189
3.92539
3.99898
4.07299
4.14776
4.22336
4.29991
4.37838
4.46058
4.54807
4.64157
4.74134
4.84805
4.96304
5.08845
5.22609
5.37907
5.55445
5.75691
5.98782
6.24719
6.5379
6.86345
7.22913
7.64367
8.12023
8.67613
9.33009
10.0968
10.9843
11.9914
12.9848
13.853
14.4976
14.8316
14.7908
14.3496
13.5245
12.3557
10.8937
9.18595
7.3003
5.32697
3.43878
1.87393
0.908033
0.560521
0.456741
0.406225
0.364071
0.321473
0.279699
0.240298
0.205003
0.174618
0.149388
0.129043
0.113096
0.101026
0.0924408
0.0872022
0.0855387
0.088177
0.0964913
0.112636
0.13959
0.181028
0.240758
0.32076
0.415504
0.500305
0.521443
0.426735
0.257536
0.131618
0.0797687
0.0594031
0.0490889
0.0426274
0.0380086
0.034379
0.031327
0.0286415
0.0262082
0.0239624
0.0218683
0.0199075
0.0180721
0.0163591
0.0147669
0.0132944
0.0119403
0.0107027
0.00957861
0.00856438
0.00765534
0.00684603
0.0061303
0.0055015
0.00495265
0.00447658
0.00406615
0.00371437
0.00341455
0.00316037
0.00294599
0.00276609
0.00261589
0.00249112
0.00238807
0.00230349
0.00223461
0.00217906
0.00213485
0.00210034
0.00207417
0.00205526
0.00204281
0.00203621
0.00203511
0.00203936
0.00204901
0.00206429
0.0020856
0.00211345
0.00214835
0.00219068
0.00224048
0.00229703
0.00235849
0.0024215
0.00248144
0.00253544
0.00259216
0.17771
0.186898
0.196701
0.207486
0.219258
0.232152
0.246274
0.261751
0.278714
0.297308
0.317688
0.340021
0.364487
0.391277
0.420597
0.452663
0.4877
0.525943
0.567632
0.613005
0.662299
0.715737
0.773526
0.83584
0.902818
0.974545
1.05104
1.13225
1.21804
1.30815
1.40225
1.49989
1.60053
1.70359
1.80842
1.91444
2.02103
2.12846
2.2347
2.33743
2.43497
2.52805
2.6137
2.69436
2.7704
2.84161
2.90862
2.97177
3.03142
3.08799
3.1419
3.19344
3.24301
3.29098
3.33766
3.38324
3.42796
3.47204
3.51558
3.55869
3.60181
3.64576
3.69129
3.73883
3.78864
3.84113
3.89692
3.95677
4.02157
4.09261
4.17174
4.26071
4.36156
4.4781
4.61047
4.75927
4.92748
5.11962
5.34222
5.60398
5.91567
6.29009
6.74248
7.29338
7.9677
8.80724
9.87345
11.2376
12.9586
15.0713
17.2951
18.8165
19.1617
18.123
15.8479
12.488
8.5168
4.55295
1.66865
0.643233
0.42147
0.356505
0.312947
0.270423
0.23089
0.195041
0.164303
0.138822
0.118352
0.102254
0.0898304
0.0804348
0.0735797
0.0689806
0.0666145
0.0668024
0.0703539
0.0787857
0.094602
0.12157
0.164923
0.231368
0.328183
0.458592
0.607132
0.707096
0.621103
0.340775
0.154523
0.0948664
0.0725569
0.0617941
0.0556628
0.0515356
0.0482568
0.0453386
0.0425748
0.0398764
0.0372078
0.034569
0.0319846
0.0294844
0.0270911
0.0248215
0.0226875
0.0206962
0.0188511
0.0171523
0.0155978
0.0141831
0.0129023
0.0117485
0.0107137
0.00978954
0.00896744
0.00823875
0.00759493
0.00702773
0.00652926
0.00609208
0.00570923
0.00537427
0.00508128
0.00482485
0.0046001
0.00440261
0.00422843
0.00407408
0.00393649
0.00381306
0.00370164
0.00360052
0.00350851
0.00342495
0.00334975
0.00328337
0.00322689
0.00318188
0.00315026
0.00313393
0.00313404
0.00314981
0.00317629
0.00320108
0.00319959
0.0031323
0.00295543
0.211772
0.220973
0.230731
0.241482
0.253224
0.266093
0.280188
0.295632
0.312549
0.331075
0.351359
0.373556
0.397835
0.424375
0.453364
0.485
0.519487
0.557035
0.597852
0.642146
0.690114
0.741939
0.79778
0.857762
0.921971
0.990438
1.06313
1.13994
1.22067
1.30503
1.39266
1.48308
1.57576
1.6701
1.76555
1.86171
1.9585
2.0588
2.15852
2.25321
2.34092
2.42193
2.49659
2.56594
2.63036
2.69015
2.74554
2.79683
2.84429
2.88828
2.92921
2.96739
3.00314
3.03679
3.06858
3.09873
3.12742
3.15483
3.18107
3.20625
3.2306
3.25453
3.27848
3.30274
3.32752
3.3531
3.37977
3.40786
3.43781
3.47016
3.50564
3.54501
3.58916
3.6392
3.69615
3.7618
3.83674
3.92234
4.02077
4.13491
4.26836
4.4256
4.61243
4.83725
5.11253
5.4573
5.90009
6.48272
7.26695
8.35274
9.90477
12.1638
15.4601
20.1532
24.4384
23.8308
18.8772
10.8468
3.44862
0.876757
0.386727
0.300136
0.256029
0.216307
0.181812
0.152033
0.127562
0.107919
0.0925173
0.080598
0.0714857
0.0646114
0.0595612
0.0560771
0.05408
0.0537133
0.0554418
0.0602323
0.0698454
0.0872341
0.116969
0.165546
0.241347
0.353317
0.505945
0.686723
0.832487
0.711108
0.302584
0.135545
0.0900253
0.0747182
0.0687083
0.0661575
0.0644898
0.0627907
0.0608386
0.0586275
0.0561535
0.053445
0.0505878
0.0476983
0.0448447
0.0420722
0.0394102
0.0368775
0.0344855
0.0322403
0.0301438
0.0281949
0.0263907
0.0247261
0.0231953
0.0217913
0.0205067
0.0193335
0.0182638
0.0172893
0.0164018
0.0155933
0.0148558
0.0141816
0.0135631
0.012993
0.0124644
0.0119703
0.0115042
0.0110598
0.0106311
0.0102126
0.00979935
0.00938718
0.00897294
0.00855489
0.00813307
0.0077098
0.0072901
0.00688212
0.00649716
0.00614918
0.00585305
0.00562111
0.00545641
0.00534045
0.00521054
0.00492333
0.0042058
0.289281
0.299036
0.30935
0.320783
0.333332
0.347143
0.36232
0.37899
0.397283
0.417342
0.439319
0.463375
0.489685
0.518431
0.549804
0.584003
0.621233
0.661697
0.705597
0.753128
0.80447
0.859781
0.919189
0.982781
1.0506
1.12261
1.19872
1.27876
1.36245
1.44944
1.53925
1.63134
1.7251
1.81988
1.91509
2.01041
2.10636
2.21178
2.31773
2.41503
2.50366
2.5852
2.66024
2.72915
2.79243
2.85059
2.90377
2.9522
2.99612
3.03591
3.07197
3.1047
3.13443
3.16149
3.18613
3.20858
3.22905
3.24771
3.26469
3.28009
3.29407
3.3069
3.31886
3.3302
3.34113
3.35186
3.3626
3.37355
3.38495
3.39707
3.41024
3.42483
3.44125
3.45997
3.48152
3.5066
3.53603
3.57079
3.61185
3.66025
3.71723
3.78434
3.8636
3.95789
4.07144
4.21053
4.38433
4.6063
4.89696
5.29097
5.85187
6.69554
8.03943
10.3437
14.5129
22.174
30.6872
22.4191
6.60236
1.30803
0.364303
0.246895
0.200869
0.167117
0.139444
0.116873
0.0988117
0.0845588
0.0734593
0.064882
0.0583115
0.0533359
0.0496614
0.0471039
0.0456001
0.0452347
0.0463105
0.0494856
0.0560222
0.0681901
0.0898223
0.126887
0.187749
0.282201
0.416604
0.581739
0.744665
0.802454
0.460606
0.145208
0.0748366
0.0637379
0.0660232
0.0696852
0.0720562
0.0728069
0.0724129
0.0715112
0.070237
0.0686279
0.0666089
0.0644634
0.0622879
0.060136
0.0580369
0.0560088
0.0540626
0.0522052
0.0504403
0.0487696
0.0471937
0.0457119
0.0443229
0.0430247
0.0418145
0.0406893
0.0396451
0.0386777
0.0377818
0.0369521
0.0361823
0.0354655
0.0347944
0.0341606
0.0335553
0.0329684
0.0323891
0.0318052
0.031203
0.0305674
0.0298817
0.0291272
0.0282838
0.0273305
0.0262467
0.0250148
0.0236242
0.0220781
0.0204013
0.0186488
0.0169106
0.0153051
0.0139542
0.0129306
0.0121634
0.0112656
0.00912522
0.508041
0.519419
0.531684
0.545411
0.560669
0.577634
0.596442
0.617252
0.640225
0.665538
0.69338
0.723951
0.757465
0.794143
0.83422
0.877933
0.925525
0.977236
1.0333
1.09392
1.15931
1.22962
1.30497
1.3854
1.4709
1.56138
1.65662
1.75632
1.86005
1.96725
2.07724
2.18925
2.30241
2.41585
2.52876
2.64072
2.753
2.89151
3.03292
3.16111
3.27872
3.38713
3.487
3.57808
3.66123
3.73727
3.80622
3.86825
3.92365
3.97287
4.01652
4.05516
4.08925
4.1192
4.14536
4.16805
4.18751
4.20397
4.21761
4.22854
4.23691
4.24295
4.24697
4.24928
4.25014
4.24979
4.24844
4.2463
4.24354
4.24034
4.2369
4.23343
4.23016
4.22734
4.22528
4.22436
4.22508
4.22797
4.23463
4.24616
4.26245
4.28366
4.31019
4.34286
4.38299
4.43261
4.4947
4.57357
4.67556
4.8109
4.99796
5.27047
5.69328
6.41257
7.7857
10.706
17.2178
31.0529
9.8858
1.83007
0.357734
0.203462
0.154032
0.127696
0.107103
0.0911451
0.078383
0.0682813
0.0603238
0.0541049
0.049288
0.0456082
0.0428746
0.040969
0.0398551
0.0396007
0.0404319
0.0428412
0.0477931
0.0570901
0.0739548
0.1038
0.154918
0.238308
0.36365
0.524156
0.676054
0.69697
0.392779
0.118445
0.0601892
0.0475651
0.0491244
0.0580578
0.066781
0.0704913
0.0705951
0.0695308
0.068433
0.0689553
0.0690858
0.069287
0.0695632
0.0699161
0.0703319
0.0707975
0.0713004
0.0718293
0.0723741
0.0729263
0.0734791
0.0740268
0.0745652
0.0750915
0.0756036
0.0761005
0.0765814
0.0770464
0.0774954
0.0779288
0.0783467
0.0787492
0.0791363
0.079508
0.0798635
0.080202
0.0805214
0.0808186
0.0810878
0.0813199
0.0815003
0.0816058
0.081601
0.0814325
0.0810224
0.0802615
0.0790053
0.0770797
0.0743079
0.0705732
0.0659225
0.0606795
0.0554697
0.0510173
0.0475961
0.0440459
0.03571
1.54793
1.57491
1.60674
1.64085
1.67846
1.71976
1.76517
1.81502
1.8697
1.92961
1.99516
2.06682
2.14506
2.23038
2.32327
2.42428
2.53391
2.65268
2.78108
2.91955
3.06847
3.22813
3.39871
3.58022
3.77252
3.97523
4.18774
4.40914
4.63824
4.87357
5.11332
5.35547
5.59782
5.83809
6.07438
6.30529
6.53517
6.88331
7.26805
7.62709
7.96096
8.2726
8.56265
8.82815
9.07241
9.29768
9.50269
9.68765
9.85302
10
10.1305
10.2461
10.3478
10.4368
10.5138
10.5796
10.6349
10.68
10.7155
10.7415
10.7582
10.7663
10.7668
10.7606
10.7485
10.731
10.7087
10.682
10.6511
10.6163
10.5779
10.5362
10.4915
10.4442
10.3947
10.3437
10.292
10.2412
10.1952
10.1551
10.1184
10.084
10.0513
10.0202
9.99114
9.96525
9.94426
9.93052
9.92723
9.93927
9.97513
10.0499
10.1884
10.4349
10.8617
11.6403
12.4039
12.5467
6.81696
2.18553
0.359164
0.168616
0.118945
0.0990858
0.0846165
0.0736381
0.064643
0.0573751
0.0515163
0.0468551
0.0431904
0.0403615
0.038248
0.0367777
0.0359361
0.0357867
0.0365161
0.0385236
0.0425962
0.0502343
0.0642119
0.0894249
0.133866
0.209169
0.328087
0.490589
0.652829
0.643374
0.145324
0.123676
0.0900069
0.069271
0.0591093
0.0523176
0.0460292
0.0414941
0.0367681
0.0321399
0.0299642
0.0323497
0.0357657
0.0399077
0.0447107
0.0501098
0.0560484
0.0624726
0.0693298
0.0765656
0.0841229
0.0919414
0.0999575
0.108104
0.116314
0.124515
0.132639
0.140618
0.148386
0.155883
0.163055
0.169856
0.176248
0.182201
0.187699
0.192732
0.197304
0.201426
0.205122
0.208421
0.21136
0.21398
0.216324
0.218438
0.220363
0.222146
0.223835
0.2255
0.227257
0.229321
0.232086
0.236218
0.242747
0.253041
0.268488
0.289471
0.312336
0.320608
0.265784
1.56347
2.00426
2.14359
2.13958
2.08111
2.00902
1.94007
1.88014
1.83054
1.79087
1.76019
1.73753
1.72209
1.71254
1.70803
1.70858
1.714
1.72399
1.7382
1.75622
1.77762
1.80192
1.82866
1.85737
1.88759
1.91889
1.95088
1.98317
2.01544
2.04735
2.07859
2.10878
2.13752
2.16419
2.18797
2.20738
2.2209
2.22363
2.22277
0.238276
0.30651
0.334573
0.348396
0.358269
0.368284
0.379528
0.391878
0.40481
0.417751
0.430204
0.441792
0.452203
0.461259
0.468659
0.474003
0.477169
0.478208
0.47728
0.474606
0.470442
0.465049
0.458678
0.451559
0.443891
0.435842
0.427548
0.419112
0.410614
0.402111
0.393643
0.385245
0.376955
0.368847
0.361054
0.354005
0.348334
0.347294
0.35725
0.0741187
0.0954467
0.103998
0.107649
0.109796
0.111907
0.114494
0.117628
0.121188
0.124982
0.128797
0.132423
0.135648
0.138451
0.140921
0.14286
0.144146
0.144724
0.144597
0.14381
0.142439
0.140578
0.138328
0.135792
0.133066
0.130237
0.127384
0.124578
0.121885
0.119369
0.117102
0.115173
0.113704
0.112882
0.113007
0.114599
0.118581
0.126635
0.143603
0.0384789
0.0476523
0.0519022
0.0536584
0.0542904
0.0545194
0.054689
0.0549396
0.0553044
0.0557614
0.0562599
0.056735
0.0570889
0.057416
0.0576895
0.0578638
0.0579061
0.0577983
0.0575378
0.057135
0.0566114
0.0559962
0.0553236
0.0546303
0.0539547
0.0533353
0.0528123
0.052428
0.0522301
0.0522757
0.0526372
0.0534126
0.0547396
0.0568201
0.0599569
0.0646127
0.0715089
0.0816611
0.0969674
0.0275228
0.0316797
0.0339276
0.0349513
0.0352898
0.0352864
0.0351373
0.0349453
0.0347578
0.034589
0.0344341
0.0342767
0.0340959
0.0339212
0.0337407
0.0335445
0.0333266
0.0330858
0.0328263
0.0325572
0.0322921
0.0320479
0.0318444
0.0317039
0.0316506
0.0317115
0.0319169
0.0323025
0.0329114
0.0337977
0.0350318
0.0367078
0.038954
0.0419477
0.045937
0.0512667
0.0584168
0.0680142
0.08106
0.0233305
0.025023
0.026072
0.0265756
0.0267176
0.026648
0.0264671
0.0262357
0.0259878
0.0257391
0.0254945
0.0252472
0.0250067
0.024774
0.0245468
0.0243241
0.0241069
0.0238993
0.0237081
0.0235433
0.0234172
0.0233447
0.0233425
0.0234297
0.0236273
0.0239593
0.0244534
0.0251421
0.0260652
0.0272717
0.0288237
0.0308006
0.0333056
0.0364728
0.0404768
0.0455416
0.0519537
0.0600825
0.0705382
0.0215654
0.0219357
0.0222133
0.0223122
0.0222615
0.0221112
0.0219038
0.0216686
0.0214242
0.0211804
0.0209413
0.0207057
0.0204809
0.0202664
0.0200623
0.0198701
0.0196933
0.0195376
0.019411
0.0193236
0.019288
0.0193182
0.0194304
0.0196423
0.0199737
0.0204468
0.0210868
0.021923
0.0229898
0.0243286
0.0259893
0.0280334
0.0305369
0.0335938
0.0373203
0.0418589
0.0473869
0.0541442
0.0625624
0.0208064
0.0204545
0.0202317
0.0200225
0.0197952
0.0195502
0.0192963
0.0190422
0.018794
0.0185551
0.0183257
0.0181081
0.0179035
0.0177119
0.0175344
0.0173733
0.0172329
0.0171193
0.0170411
0.0170086
0.0170341
0.0171316
0.0173162
0.0176049
0.0180158
0.0185691
0.0192868
0.0201936
0.0213174
0.0226905
0.02435
0.0263401
0.028713
0.0315313
0.0348697
0.0388191
0.0434945
0.0490642
0.0558572
0.0204861
0.0197518
0.019216
0.0187847
0.0184109
0.0180734
0.0177635
0.0174774
0.0172126
0.0169675
0.0167396
0.0165296
0.0163364
0.0161596
0.0160004
0.0158611
0.0157463
0.0156625
0.015618
0.0156234
0.0156906
0.0158329
0.0160649
0.0164021
0.016861
0.0174589
0.0182141
0.0191465
0.0202773
0.02163
0.0232309
0.0251098
0.0273016
0.029847
0.032795
0.0362054
0.0401576
0.0447762
0.050317
0.0203558
0.0194305
0.0187115
0.0181319
0.0176476
0.0172319
0.0168681
0.0165458
0.0162579
0.0159986
0.0157646
0.0155534
0.015363
0.0151928
0.0150433
0.014917
0.0148184
0.0147539
0.0147318
0.0147624
0.0148572
0.015029
0.0152912
0.0156578
0.0161431
0.0167615
0.0175279
0.018457
0.0195641
0.0208654
0.0223785
0.0241228
0.026121
0.0283999
0.0309923
0.0339398
0.0373004
0.0411704
0.0457531
0.020305
0.0192907
0.0184726
0.0178023
0.0172431
0.0167686
0.0163605
0.0160054
0.0156938
0.0154182
0.0151737
0.0149565
0.0147637
0.0145942
0.0144485
0.0143287
0.0142392
0.0141864
0.0141783
0.014225
0.0143375
0.0145276
0.0148077
0.0151901
0.0156871
0.0163103
0.0170709
0.0179796
0.0190469
0.0202832
0.0216996
0.0233088
0.0251252
0.0271671
0.0294572
0.032026
0.0349178
0.038209
0.0420632
0.0202861
0.0192329
0.0183655
0.0176448
0.0170396
0.016526
0.0160858
0.0157054
0.0153739
0.0150836
0.0148284
0.0146036
0.0144062
0.0142346
0.0140891
0.0139718
0.0138869
0.0138406
0.0138408
0.0138972
0.0140201
0.0142208
0.0145103
0.0148994
0.0153983
0.0160162
0.0167613
0.017641
0.0186619
0.0198305
0.0211534
0.0226385
0.0242954
0.0261366
0.028179
0.0304459
0.0329723
0.0358205
0.0391242
0.0202793
0.0192102
0.0183202
0.0175741
0.0169436
0.0164068
0.0159465
0.0155489
0.0152036
0.0149022
0.0146383
0.0144071
0.0142051
0.0140307
0.0138842
0.0137674
0.0136846
0.0136418
0.0136468
0.0137088
0.0138377
0.0140438
0.0143373
0.0147274
0.0152227
0.0158301
0.0165557
0.0174042
0.0183796
0.0194853
0.0207253
0.0221041
0.0236284
0.0253071
0.0271533
0.0291855
0.0314325
0.0339456
0.0368361
0.020277
0.0192019
0.0183027
0.0175453
0.0169028
0.0163544
0.0158833
0.0154764
0.0151231
0.0148151
0.0145459
0.0143105
0.0141056
0.0139294
0.0137821
0.0136657
0.0135842
0.0135438
0.0135519
0.0136175
0.01375
0.013959
0.0142538
0.0146424
0.015132
0.0157279
0.0164344
0.0172543
0.0181897
0.0192422
0.0204137
0.021707
0.0231265
0.0246792
0.0263756
0.0282309
0.0302694
0.0325345
0.0351202
0.0202764
0.0191999
0.0182982
0.0175376
0.0168917
0.0163398
0.0158655
0.0154556
0.0150999
0.0147899
0.0145191
0.0142826
0.0140772
0.013901
0.0137544
0.0136393
0.0135599
0.0135221
0.0135334
0.0136024
0.0137382
0.0139498
0.0142457
0.0146331
0.015118
0.0157047
0.016396
0.0171936
0.0180982
0.0191103
0.0202304
0.0214602
0.022803
0.0242642
0.0258528
0.027582
0.0294727
0.0315624
0.0339321
0.020277
0.0192019
0.0183027
0.0175453
0.0169028
0.0163544
0.0158834
0.0154767
0.0151237
0.0148163
0.0145479
0.0143138
0.0141108
0.0139372
0.0137935
0.0136817
0.0136061
0.0135725
0.0135883
0.0136621
0.0138027
0.0140185
0.0143176
0.0147066
0.0151905
0.015773
0.0164561
0.0172405
0.0181263
0.0191131
0.0202009
0.0213907
0.0226849
0.0240885
0.0256093
0.0272596
0.029058
0.031038
0.033271
0.0202793
0.0192102
0.0183202
0.0175741
0.0169436
0.0164069
0.0159468
0.0155497
0.0152052
0.0149052
0.0146434
0.0144153
0.0142179
0.0140498
0.0139117
0.0138058
0.0137364
0.0137095
0.0137327
0.0138141
0.0139624
0.0141861
0.0144925
0.014888
0.0153773
0.0159634
0.0166479
0.0174313
0.0183131
0.0192928
0.0203701
0.0215457
0.0228222
0.0242041
0.0256994
0.0273198
0.0290835
0.0310215
0.0331991
0.0202861
0.0192329
0.0183655
0.0176448
0.0170397
0.0165263
0.0160865
0.015707
0.0153773
0.0150898
0.0148388
0.0146202
0.0144315
0.0142718
0.014142
0.0140449
0.0139848
0.013968
0.014002
0.0140951
0.0142559
0.0144928
0.014813
0.0152227
0.0157264
0.0163272
0.0170267
0.0178252
0.0187226
0.0197183
0.0208125
0.0220063
0.0233026
0.0247069
0.0262279
0.0278785
0.0296779
0.0316575
0.0338799
0.020305
0.0192907
0.0184726
0.0178024
0.0172433
0.0167692
0.0163619
0.0160085
0.0156999
0.0154295
0.0151927
0.0149864
0.0148088
0.0146599
0.0145411
0.0144556
0.0144083
0.0144056
0.0144552
0.0145658
0.0147459
0.0150041
0.0153478
0.0157833
0.0163155
0.0169478
0.0176822
0.0185197
0.0194608
0.020506
0.0216564
0.0229145
0.0242848
0.0257747
0.0273954
0.029163
0.0311007
0.0332437
0.0356573
0.0203558
0.0194305
0.0187115
0.018132
0.0176481
0.017233
0.0168707
0.0165513
0.0162683
0.0160176
0.0157966
0.0156037
0.0154385
0.015302
0.0151964
0.0151257
0.0150954
0.0151124
0.0151849
0.0153218
0.0155322
0.0158251
0.0162085
0.0166894
0.0172735
0.0179652
0.0187678
0.0196838
0.0207155
0.0218654
0.0231369
0.0245351
0.0260681
0.0277472
0.029589
0.0316161
0.0338599
0.0363657
0.0392086
0.0204861
0.0197518
0.0192161
0.0187851
0.0184117
0.0180754
0.017768
0.0174864
0.0172296
0.0169978
0.0167913
0.0166109
0.016458
0.0163352
0.0162459
0.016195
0.0161889
0.0162355
0.0163438
0.0165235
0.0167847
0.0171374
0.017591
0.0181541
0.0188341
0.0196378
0.020571
0.0216391
0.0228478
0.0242033
0.0257136
0.027389
0.0292437
0.0312968
0.033574
0.0361102
0.0389519
0.0421636
0.0458407
0.0208065
0.0204545
0.0202319
0.020023
0.0197966
0.0195536
0.0193036
0.0190566
0.0188211
0.018603
0.0184073
0.0182378
0.0180984
0.0179935
0.0179281
0.0179089
0.0179436
0.0180418
0.0182139
0.0184716
0.0188271
0.0192927
0.0198805
0.0206024
0.0214695
0.0224926
0.0236823
0.0250493
0.026605
0.0283625
0.0303371
0.0325482
0.0350204
0.0377855
0.040885
0.0443736
0.0483224
0.0528279
0.0580195
0.0215655
0.0219358
0.0222136
0.0223131
0.0222638
0.0221167
0.0219155
0.0216919
0.0214679
0.0212578
0.0210721
0.0209182
0.0208031
0.0207336
0.0207175
0.0207638
0.0208832
0.0210882
0.0213928
0.0218127
0.0223644
0.0230651
0.0239325
0.0249845
0.0262389
0.0277136
0.0294267
0.0313972
0.0336454
0.0361941
0.0390698
0.0423046
0.0459386
0.0500223
0.0546206
0.059817
0.0657186
0.0724666
0.080237
0.0233305
0.0250232
0.0260726
0.0265771
0.0267215
0.0266571
0.0264867
0.026275
0.026062
0.0258722
0.0257213
0.0256212
0.0255821
0.0256148
0.0257314
0.0259462
0.0262759
0.0267396
0.0273591
0.028158
0.0291617
0.0303969
0.0318908
0.0336709
0.0357646
0.038199
0.0410013
0.0441992
0.0478222
0.0519029
0.0564794
0.061598
0.0673165
0.0737087
0.080869
0.0889187
0.0980104
0.108341
0.120135
0.0275228
0.03168
0.0339286
0.034954
0.0352968
0.0353028
0.0351728
0.0350179
0.0348976
0.034844
0.0348762
0.035009
0.0352569
0.0356375
0.036172
0.0368861
0.0378094
0.0389753
0.0404199
0.0421815
0.0442989
0.0468108
0.0497544
0.0531647
0.0570737
0.0615112
0.0665046
0.0720812
0.0782696
0.0851033
0.0926242
0.100887
0.109965
0.119957
0.130991
0.143235
0.156898
0.17224
0.189503
0.038479
0.0476529
0.0519041
0.0536638
0.0543042
0.0545523
0.0547625
0.0550931
0.0556065
0.0563229
0.0572492
0.0583939
0.0597737
0.0614158
0.0633571
0.0656425
0.068322
0.0714476
0.0750705
0.0792382
0.0839925
0.0893682
0.0953918
0.102082
0.109451
0.117504
0.126245
0.13568
0.145816
0.156672
0.168281
0.180698
0.194007
0.208328
0.223832
0.240746
0.259355
0.28
0.302844
0.0741189
0.0954478
0.104002
0.107661
0.109825
0.111979
0.114656
0.117968
0.121859
0.126226
0.130979
0.136057
0.141441
0.147143
0.153202
0.159671
0.166607
0.174062
0.182082
0.190693
0.199909
0.209728
0.220134
0.231102
0.242598
0.254588
0.267038
0.279919
0.293212
0.306915
0.321044
0.335644
0.350798
0.366639
0.383367
0.401279
0.420754
0.442276
0.4657
0.238276
0.306512
0.334579
0.348411
0.358308
0.368371
0.379712
0.39224
0.405483
0.418933
0.43218
0.444951
0.457098
0.46857
0.479385
0.489597
0.499279
0.508499
0.517316
0.525771
0.53389
0.541684
0.549151
0.556282
0.563067
0.569492
0.575548
0.581229
0.586534
0.591472
0.596059
0.600325
0.604326
0.608153
0.611973
0.616097
0.621032
0.628006
0.637454
1.56347
2.00425
2.14356
2.13946
2.08081
2.00834
1.93863
1.87728
1.82523
1.78153
1.74457
1.71262
1.684
1.65724
1.63109
1.60451
1.57671
1.54712
1.5154
1.48137
1.44503
1.40651
1.36603
1.32387
1.28033
1.23574
1.19039
1.14455
1.09841
1.05214
1.00584
0.95953
0.913177
0.866677
0.819854
0.772443
0.724075
0.674143
0.624566
)
;

boundaryField
{
    frontandback
    {
        type            empty;
    }
    in1
    {
        type            turbulentMixingLengthDissipationRateInlet;
        mixingLength    0.014;
        phi             phi;
        k               k;
        value           uniform 0.00269526;
    }
    in2
    {
        type            turbulentMixingLengthDissipationRateInlet;
        mixingLength    0.014;
        phi             phi;
        k               k;
        value           uniform 0.0215621;
    }
    out
    {
        type            zeroGradient;
    }
    walls
    {
        type            epsilonWallFunction;
        blending        stepwise;
        value           nonuniform List<scalar> 
423
(
2.07758
2.07898
2.07937
2.08403
2.09155
2.10194
2.11497
2.13049
2.14842
2.16871
2.19136
2.21643
2.244
2.27417
2.30709
2.34289
2.38175
2.42381
2.46921
2.51802
2.57016
2.62536
2.68304
2.74233
2.80221
2.86181
2.92087
2.9802
3.04199
3.10971
3.1875
3.27931
3.38794
3.51448
3.65814
3.81649
3.98587
4.16191
4.33989
4.515
4.68261
4.83839
4.97842
5.0993
5.19822
5.27303
5.32223
5.34504
5.34133
5.31163
5.25702
5.17906
5.07969
4.96112
4.82576
4.67601
4.51778
4.35587
4.19277
4.03047
3.87062
3.71452
3.56317
3.4173
3.27742
3.14385
3.01674
2.89612
2.78192
2.674
2.57213
2.47609
2.3856
2.30037
2.2201
2.1445
2.07328
2.00614
1.94282
1.88305
1.82658
1.77318
1.72261
1.67466
1.62915
1.58589
1.5447
1.50542
1.4679
1.43201
1.39761
1.36459
1.33282
1.30222
1.27267
1.24409
1.2164
1.18952
1.16337
1.1379
1.11305
1.08632
1.05775
1.02748
0.995683
0.9626
0.928527
0.893805
0.85881
0.823933
0.789569
0.756091
0.723837
0.693096
0.664094
0.636995
0.611897
0.588838
0.567805
0.548741
0.531555
0.516137
0.502359
0.490089
0.479194
0.469544
0.461014
0.453485
0.446861
0.440417
0.434114
0.427918
0.421798
0.415727
0.40968
0.403635
0.397572
0.391476
0.38533
0.379125
0.37285
0.366501
0.360073
0.353567
0.346985
0.340335
0.333625
0.32687
0.320086
0.313294
0.306518
0.299785
0.293128
0.286579
0.280174
0.273953
0.267953
0.262216
0.25678
0.251683
0.24696
0.242642
0.238756
0.235321
0.232349
0.229847
0.22781
0.226228
0.225082
0.224345
0.223986
0.223966
0.224256
0.224817
0.225618
0.226655
0.227982
0.229762
0.232344
0.236364
0.242826
0.253082
0.268508
0.289481
0.31234
0.320609
0.265784
1.54793
1.57491
1.60674
1.64085
1.67846
1.71976
1.76517
1.81502
1.8697
1.92961
1.99516
2.06682
2.14506
2.23038
2.32327
2.42428
2.53391
2.65268
2.78108
2.91955
3.06847
3.22813
3.39871
3.58022
3.77252
3.97523
4.18774
4.40914
4.63824
4.87357
5.11332
5.35547
5.59782
5.83809
6.07438
6.30529
6.53517
6.88331
7.26805
7.62709
7.96096
8.2726
8.56265
8.82815
9.07241
9.29768
9.50269
9.68765
9.85302
10
10.1305
10.2461
10.3478
10.4368
10.5138
10.5796
10.6349
10.68
10.7155
10.7415
10.7582
10.7663
10.7668
10.7606
10.7485
10.731
10.7087
10.682
10.6511
10.6163
10.5779
10.5362
10.4915
10.4442
10.3947
10.3437
10.292
10.2412
10.1952
10.1551
10.1184
10.084
10.0513
10.0202
9.99114
9.96525
9.94426
9.93052
9.92723
9.93927
9.97513
10.0499
10.1884
10.4349
10.8617
11.6403
12.4039
12.5467
6.81696
0.145324
0.123676
0.0900069
0.069271
0.0591093
0.0523176
0.0460292
0.0414941
0.0367681
0.0321399
0.0299642
0.0323497
0.0357657
0.0399077
0.0447107
0.0501098
0.0560484
0.0624726
0.0693298
0.0765656
0.0841229
0.0919414
0.0999575
0.108104
0.116314
0.124515
0.132639
0.140618
0.148386
0.155883
0.163055
0.169856
0.176248
0.182201
0.187699
0.192732
0.197304
0.201426
0.205122
0.208421
0.21136
0.21398
0.216324
0.218438
0.220363
0.222146
0.223835
0.2255
0.227257
0.229321
0.232086
0.236218
0.242747
0.253041
0.268488
0.289471
0.312336
0.320608
0.265784
1.56347
2.00426
2.14359
2.13958
2.08111
2.00902
1.94007
1.88014
1.83054
1.79087
1.76019
1.73753
1.72209
1.71254
1.70803
1.70858
1.714
1.72399
1.7382
1.75622
1.77762
1.80192
1.82866
1.85737
1.88759
1.91889
1.95088
1.98317
2.01544
2.04735
2.07859
2.10878
2.13752
2.16419
2.18797
2.20738
2.2209
2.22363
2.22277
1.56347
2.00425
2.14356
2.13946
2.08081
2.00834
1.93863
1.87728
1.82523
1.78153
1.74457
1.71262
1.684
1.65724
1.63109
1.60451
1.57671
1.54712
1.5154
1.48137
1.44503
1.40651
1.36603
1.32387
1.28033
1.23574
1.19039
1.14455
1.09841
1.05214
1.00584
0.95953
0.913177
0.866677
0.819854
0.772443
0.724075
0.674143
0.624566
)
;
    }
}


// ************************************************************************* //
