/*--------------------------------*- C++ -*----------------------------------*\
| =========                 |                                                 |
| \\      /  F ield         | OpenFOAM: The Open Source CFD Toolbox           |
|  \\    /   O peration     | Version:  2406                                  |
|   \\  /    A nd           | Website:  www.openfoam.com                      |
|    \\/     M anipulation  |                                                 |
\*---------------------------------------------------------------------------*/
FoamFile
{
    version     2.0;
    format      ascii;
    arch        "LSB;label=32;scalar=64";
    class       volScalarField;
    location    "1083";
    object      k;
}
// * * * * * * * * * * * * * * * * * * * * * * * * * * * * * * * * * * * * * //

dimensions      [0 2 -2 0 0 0 0];

internalField   nonuniform List<scalar> 
5619
(
0.0299425
0.0299576
0.0299626
0.0300089
0.0300826
0.0301838
0.0303101
0.0304599
0.0306322
0.0308265
0.0310425
0.0312805
0.031541
0.0318249
0.0321329
0.0324662
0.0328257
0.0332127
0.0336276
0.0340707
0.0345408
0.0350348
0.0355471
0.0360697
0.0365934
0.0371107
0.0376195
0.038127
0.0386516
0.0392222
0.0398724
0.0406327
0.0415232
0.0425484
0.0436974
0.0449465
0.0462637
0.047613
0.0489578
0.0502632
0.0514969
0.0526304
0.0536389
0.0545018
0.0552028
0.0557298
0.0560749
0.0562341
0.0562075
0.0559985
0.0556138
0.0550624
0.0543558
0.0535067
0.0525291
0.051437
0.0502703
0.0490622
0.0478301
0.046588
0.0453482
0.0441209
0.0429144
0.0417353
0.0405888
0.0394785
0.0384073
0.0373768
0.0363878
0.0354406
0.0345349
0.0336699
0.0328445
0.0320576
0.0313075
0.0305927
0.0299116
0.0292624
0.0286434
0.0280529
0.0274892
0.0269508
0.0264359
0.0259431
0.0254709
0.025018
0.0245829
0.0241644
0.0237612
0.0233723
0.0229965
0.0226328
0.0222802
0.0219378
0.0216047
0.02128
0.0209631
0.0206531
0.0203493
0.0200512
0.0197583
0.0194406
0.0190983
0.0187321
0.0183436
0.017935
0.0175093
0.01707
0.0166215
0.0161684
0.0157156
0.0152682
0.0148308
0.0144079
0.0140031
0.0136195
0.0132594
0.0129242
0.0126145
0.0123306
0.0120718
0.0118372
0.0116256
0.0114355
0.0112654
0.0111136
0.0109786
0.0108587
0.0107527
0.0106491
0.0105473
0.0104467
0.0103468
0.0102473
0.0101477
0.0100476
0.00994675
0.0098448
0.0097415
0.00963663
0.00953001
0.0094215
0.00931102
0.00919852
0.009084
0.00896755
0.0088493
0.00872944
0.00860823
0.00848602
0.00836321
0.0082403
0.00811785
0.00799648
0.00787689
0.00775984
0.00764613
0.00753659
0.00743206
0.00733339
0.00724135
0.0071567
0.00708007
0.00701199
0.00695284
0.00690283
0.00686199
0.00683019
0.0068071
0.00679224
0.00678497
0.00678458
0.00679043
0.00680176
0.0068179
0.00683877
0.00686544
0.00690113
0.00695273
0.0070327
0.00716031
0.00736052
0.00765667
0.00805034
0.00846876
0.00861758
0.00760479
0.0322378
0.0322295
0.0322542
0.0323087
0.0324101
0.0325546
0.032741
0.0329663
0.0332283
0.0335249
0.0338544
0.0342157
0.0346076
0.0350291
0.035479
0.0359553
0.0364558
0.0369771
0.0375151
0.0380641
0.0386154
0.0391551
0.0396611
0.0400989
0.0404199
0.0405617
0.0404545
0.0400327
0.0392508
0.0380975
0.0366049
0.0348452
0.0329172
0.0309269
0.0289689
0.0271141
0.0254063
0.0238648
0.0224907
0.0212732
0.0201953
0.0192377
0.0183811
0.017608
0.0169027
0.0162524
0.0156463
0.0150759
0.014535
0.0140189
0.0135248
0.0130513
0.0125984
0.0121675
0.0117622
0.0113878
0.0110344
0.0106938
0.0103651
0.0100476
0.00974106
0.00944533
0.00916051
0.00888678
0.00862435
0.00837346
0.00813427
0.00790693
0.00769147
0.00748787
0.007296
0.00711567
0.00694658
0.00678839
0.00664068
0.006503
0.00637484
0.00625571
0.00614506
0.00604237
0.00594712
0.00585879
0.0057769
0.00570097
0.00563056
0.00556524
0.00550462
0.00544834
0.00539605
0.00534745
0.00530224
0.00526017
0.00522099
0.0051845
0.00515048
0.00511877
0.00508921
0.00506165
0.005036
0.00501206
0.00498979
0.00496701
0.004944
0.00492125
0.00489929
0.00487869
0.00486009
0.00484412
0.00483134
0.00482228
0.00481729
0.00481661
0.00482027
0.00482815
0.00483993
0.00485517
0.00487331
0.00489374
0.00491583
0.00493895
0.00496253
0.00498608
0.00500918
0.0050315
0.00505278
0.00507285
0.00509161
0.00510894
0.00512486
0.005141
0.00515741
0.00517416
0.00519132
0.00520898
0.00522722
0.00524611
0.00526576
0.00528625
0.00530767
0.00533011
0.00535368
0.00537846
0.00540453
0.005432
0.00546092
0.00549138
0.00552342
0.00555709
0.00559239
0.00562932
0.00566784
0.00570786
0.00574925
0.00579184
0.00583539
0.00587961
0.00592412
0.00596852
0.00601232
0.00605496
0.00609587
0.0061344
0.00616991
0.0062017
0.0062291
0.00625136
0.00626774
0.00627738
0.00627924
0.00627203
0.006254
0.00622274
0.00618029
0.00612498
0.00605095
0.00595037
0.00581315
0.00562746
0.00538163
0.00506868
0.00469374
0.00428274
0.00388677
0.00357551
0.00342087
0.003484
0.00379533
0.0290033
0.0289381
0.0289041
0.0288989
0.0289343
0.0290061
0.0291102
0.0292402
0.0293895
0.029551
0.0297178
0.0298826
0.0300377
0.0301745
0.030283
0.0303509
0.0303635
0.0303029
0.030148
0.0298758
0.029463
0.0288887
0.0281387
0.0272091
0.0261094
0.0248647
0.0235144
0.0221093
0.0207055
0.0193572
0.0181099
0.0169958
0.016032
0.0152212
0.0145554
0.0140199
0.0135963
0.0132657
0.0130101
0.0128134
0.0126617
0.0125433
0.0124486
0.0123697
0.0123004
0.012236
0.0121729
0.0121083
0.0120406
0.0119684
0.0118912
0.0118087
0.0117188
0.011619
0.0115089
0.0113877
0.0112542
0.0111082
0.0109497
0.010779
0.0105967
0.0104036
0.0102007
0.00998903
0.00976994
0.00954479
0.00931505
0.00908216
0.00884762
0.00861284
0.00837917
0.00814787
0.00792009
0.00769683
0.00747896
0.0072672
0.00706214
0.00686422
0.00667375
0.00649093
0.00631586
0.00614853
0.00598887
0.00583672
0.00569191
0.00555418
0.00542327
0.00529889
0.00518073
0.00506848
0.00496183
0.00486046
0.00476409
0.00467241
0.00458514
0.00450202
0.0044228
0.00434726
0.00427523
0.0042063
0.00414043
0.00407112
0.00399867
0.00392405
0.00384828
0.00377259
0.00369836
0.00362702
0.00355997
0.00349852
0.00344376
0.00339647
0.00335716
0.00332594
0.00330261
0.0032867
0.0032775
0.00327414
0.00327571
0.00328125
0.00328985
0.00330069
0.00331301
0.00332619
0.00333973
0.00335323
0.00336639
0.00337893
0.00339076
0.00340302
0.00341569
0.00342888
0.00344261
0.00345696
0.003472
0.00348781
0.00350447
0.00352205
0.00354067
0.0035604
0.00358136
0.00360363
0.00362731
0.0036525
0.00367927
0.00370772
0.00373788
0.00376982
0.00380353
0.00383899
0.00387613
0.00391482
0.00395488
0.00399602
0.0040379
0.00408004
0.00412188
0.00416272
0.00420176
0.00423808
0.00427064
0.00429832
0.00431993
0.00433422
0.00433995
0.00433588
0.0043208
0.00429361
0.00425331
0.00419906
0.00413033
0.00404852
0.0039544
0.00384704
0.00372575
0.00359044
0.00344212
0.00328366
0.00312063
0.0029623
0.00282217
0.00271814
0.00267186
0.00270798
0.00285261
0.00312709
0.00351414
0.0258505
0.0256699
0.0255045
0.0253546
0.025226
0.0251133
0.0250089
0.0249024
0.0247819
0.0246351
0.0244491
0.0242113
0.0239095
0.0235329
0.0230728
0.0225244
0.0218877
0.0211688
0.0203799
0.0195396
0.0186709
0.0178001
0.0169536
0.016156
0.015428
0.0147852
0.0142373
0.0137881
0.0134363
0.0131762
0.0129991
0.0128941
0.0128497
0.0128541
0.0128963
0.0129665
0.013056
0.0131577
0.0132657
0.0133755
0.0134836
0.0135876
0.0136856
0.0137766
0.0138601
0.0139357
0.0140033
0.014063
0.0141146
0.014158
0.0141929
0.0142167
0.0142266
0.0142235
0.0142062
0.0141738
0.0141256
0.0140608
0.0139789
0.0138796
0.013763
0.0136292
0.0134786
0.0133118
0.0131299
0.0129337
0.0127246
0.0125039
0.012273
0.0120336
0.011787
0.0115349
0.0112787
0.0110199
0.0107598
0.0104995
0.0102403
0.0099831
0.00972883
0.00947823
0.00923194
0.00899048
0.00875427
0.00852363
0.00829877
0.00807985
0.00786693
0.00766003
0.00745909
0.00726403
0.00707474
0.00689104
0.00671276
0.00653972
0.00637171
0.00620851
0.00604991
0.00589574
0.00574593
0.00559974
0.00545698
0.00530426
0.00514114
0.004969
0.00478938
0.0046044
0.00441661
0.00422889
0.00404433
0.00386602
0.00369682
0.00353917
0.00339494
0.00326529
0.00315073
0.00305112
0.00296577
0.00289365
0.00283344
0.00278374
0.00274312
0.0027102
0.00268373
0.00266258
0.00264578
0.0026325
0.00262207
0.00261383
0.00260736
0.00260178
0.00259693
0.0025928
0.00258935
0.00258656
0.00258441
0.00258291
0.00258207
0.00258192
0.00258248
0.00258379
0.0025859
0.00258886
0.00259273
0.00259756
0.00260341
0.00261034
0.00261838
0.00262758
0.00263795
0.00264948
0.00266214
0.00267585
0.00269047
0.00270584
0.00272171
0.00273775
0.00275357
0.00276871
0.00278259
0.00279462
0.00280412
0.0028104
0.00281279
0.00281065
0.00280346
0.00279084
0.00277261
0.00274886
0.00271999
0.00268677
0.00265042
0.00261188
0.00257193
0.00253187
0.00249329
0.00245825
0.00242928
0.00240958
0.0024031
0.00241463
0.00244992
0.00251563
0.00261925
0.00276859
0.00297001
0.00322295
0.00350598
0.0221935
0.0217786
0.0213662
0.0209569
0.0205529
0.0201498
0.019741
0.0193186
0.0188757
0.018408
0.0179141
0.0173963
0.0168605
0.016316
0.0157743
0.0152483
0.0147511
0.0142951
0.0138907
0.0135456
0.0132649
0.0130504
0.0129013
0.0128147
0.0127858
0.0128084
0.012876
0.0129814
0.0131177
0.0132783
0.0134568
0.0136476
0.0138456
0.0140466
0.0142469
0.0144438
0.0146351
0.0148194
0.0149957
0.0151638
0.0153236
0.0154755
0.01562
0.0157578
0.0158893
0.0160151
0.0161353
0.0162499
0.0163586
0.0164608
0.0165555
0.0166375
0.0167076
0.0167646
0.0168071
0.0168338
0.0168437
0.0168356
0.0168089
0.0167628
0.0166969
0.0166113
0.0165059
0.0163812
0.0162378
0.0160765
0.0158983
0.0157044
0.0154962
0.015275
0.0150422
0.0147993
0.0145478
0.0142892
0.0140248
0.0137559
0.0134838
0.0132097
0.0129345
0.0126592
0.0123847
0.0121116
0.0118406
0.0115723
0.011307
0.011045
0.0107868
0.0105324
0.0102819
0.0100356
0.0097933
0.00955508
0.00932086
0.00909056
0.00886407
0.00864125
0.00842195
0.00820607
0.00799373
0.00778383
0.00757572
0.00735097
0.00710774
0.0068472
0.00657087
0.00628118
0.00598137
0.00567548
0.00536812
0.0050643
0.00476905
0.00448706
0.00422238
0.00397806
0.00375609
0.00355735
0.0033817
0.00322819
0.00309531
0.00298116
0.00288369
0.00280085
0.00273067
0.00267132
0.00262119
0.00257886
0.00254316
0.00251285
0.00248712
0.00246302
0.00244014
0.00241837
0.00239757
0.00237763
0.00235847
0.00234001
0.0023222
0.00230501
0.00228843
0.00227244
0.00225708
0.00224235
0.00222829
0.00221496
0.0022024
0.00219069
0.00217988
0.00217005
0.00216125
0.00215355
0.00214699
0.00214161
0.00213742
0.00213441
0.00213254
0.00213174
0.00213192
0.00213294
0.00213464
0.00213685
0.00213938
0.00214207
0.00214474
0.00214731
0.00214973
0.00215205
0.00215444
0.00215716
0.00216064
0.00216543
0.0021722
0.00218155
0.0021938
0.00220983
0.00223075
0.00225782
0.00229251
0.00233653
0.00239191
0.002461
0.00254654
0.0026516
0.0027794
0.00293284
0.00311329
0.00331826
0.00353768
0.0193014
0.0185214
0.0177516
0.0170113
0.0163164
0.0156758
0.0150936
0.0145698
0.0141028
0.013691
0.0133334
0.0130297
0.0127799
0.012584
0.0124417
0.0123519
0.012313
0.0123222
0.0123762
0.0124711
0.0126027
0.0127663
0.0129573
0.0131713
0.0134039
0.0136509
0.0139083
0.0141727
0.0144407
0.0147095
0.0149765
0.0152396
0.0154969
0.0157471
0.0159894
0.0162232
0.0164483
0.0166648
0.0168731
0.0170738
0.0172674
0.0174546
0.0176359
0.0178117
0.017982
0.0181469
0.0183058
0.0184583
0.0186033
0.0187398
0.0188646
0.0189755
0.0190719
0.0191525
0.0192162
0.0192621
0.0192894
0.0192973
0.0192856
0.0192539
0.0192021
0.0191306
0.0190395
0.0189295
0.0188012
0.0186555
0.0184933
0.0183156
0.0181236
0.0179185
0.0177014
0.0174736
0.0172362
0.0169905
0.0167375
0.0164784
0.0162142
0.0159458
0.0156743
0.0154004
0.0151248
0.0148483
0.0145714
0.0142947
0.0140186
0.0137435
0.0134697
0.0131974
0.0129269
0.0126582
0.0123915
0.0121267
0.011864
0.0116032
0.0113443
0.0110873
0.010832
0.0105783
0.0103264
0.0100752
0.00982315
0.00954895
0.00924937
0.00892493
0.00857668
0.00820683
0.00781872
0.00741686
0.00700684
0.00659508
0.00618847
0.0057939
0.00541769
0.00506516
0.00474023
0.00444532
0.00418131
0.00394777
0.00374326
0.00356564
0.00341237
0.00328075
0.00316813
0.00307198
0.00299001
0.00292018
0.00286078
0.00280997
0.00276643
0.00272546
0.00268633
0.00264882
0.00261269
0.00257777
0.00254389
0.00251094
0.00247882
0.00244746
0.00241682
0.00238688
0.00235764
0.00232912
0.00230136
0.00227444
0.00224843
0.00222342
0.00219952
0.00217685
0.00215554
0.00213571
0.00211748
0.00210097
0.0020863
0.00207355
0.00206281
0.00205412
0.00204753
0.00204304
0.00204062
0.00204026
0.00204191
0.00204551
0.00205103
0.00205843
0.00206771
0.00207891
0.00209211
0.00210746
0.00212515
0.00214545
0.00216868
0.00219524
0.00222561
0.00226027
0.00229985
0.00234516
0.00239715
0.00245689
0.00252562
0.00260476
0.00269586
0.00280057
0.0029205
0.00305689
0.0032102
0.0033793
0.00356095
0.0198843
0.0188269
0.0177593
0.0167202
0.0157468
0.0148701
0.0141129
0.0134874
0.0129956
0.0126313
0.0123835
0.0122381
0.0121809
0.0121985
0.0122787
0.012411
0.0125866
0.0127978
0.0130381
0.0133021
0.013585
0.0138828
0.0141919
0.0145091
0.0148318
0.0151575
0.015484
0.0158094
0.0161319
0.0164502
0.0167629
0.0170691
0.0173679
0.0176588
0.0179415
0.0182157
0.0184814
0.0187386
0.0189875
0.0192281
0.0194605
0.0196847
0.0199006
0.0201079
0.0203062
0.020495
0.0206736
0.0208413
0.0209971
0.0211401
0.0212655
0.02137
0.0214524
0.021512
0.0215482
0.0215607
0.0215496
0.0215151
0.0214579
0.021379
0.0212793
0.0211601
0.0210229
0.0208691
0.0207003
0.020518
0.0203237
0.0201188
0.0199046
0.0196824
0.0194533
0.0192183
0.0189783
0.0187341
0.0184864
0.0182358
0.0179829
0.017728
0.0174717
0.0172142
0.0169558
0.0166967
0.0164373
0.0161777
0.0159179
0.0156581
0.0153985
0.0151389
0.0148795
0.0146203
0.0143612
0.0141021
0.013843
0.0135837
0.0133242
0.0130644
0.012804
0.0125429
0.0122815
0.0120181
0.0117512
0.0114582
0.0111347
0.0107804
0.0103953
0.00998068
0.00953913
0.00907476
0.0085932
0.00810148
0.00760778
0.00712085
0.00664941
0.00620138
0.00578327
0.0053997
0.00505326
0.00474459
0.00447272
0.00423549
0.00402999
0.00385295
0.00370103
0.00357099
0.00345986
0.00336498
0.00328409
0.00321479
0.00315521
0.00309922
0.00304572
0.00299436
0.00294483
0.00289687
0.00285026
0.00280485
0.0027605
0.0027171
0.0026746
0.00263296
0.00259217
0.00255228
0.00251332
0.00247539
0.00243857
0.00240301
0.00236884
0.00233622
0.00230532
0.00227632
0.00224941
0.00222474
0.00220249
0.0021828
0.00216581
0.00215161
0.00214027
0.00213184
0.00212633
0.00212371
0.00212396
0.00212699
0.00213276
0.00214119
0.00215222
0.00216582
0.002182
0.0022008
0.00222229
0.00224664
0.00227404
0.00230474
0.00233907
0.00237756
0.00242059
0.0024687
0.00252255
0.00258288
0.00265052
0.00272641
0.00281155
0.00290702
0.00301386
0.00313307
0.00326548
0.00341173
0.00357272
0.0250463
0.0239876
0.022851
0.0216636
0.0204605
0.0192796
0.0181607
0.0171402
0.0162481
0.0155044
0.0149185
0.0144891
0.0142068
0.0140564
0.01402
0.0140791
0.0142163
0.0144162
0.0146656
0.0149538
0.0152718
0.0156126
0.0159706
0.0163412
0.0167208
0.0171065
0.0174958
0.0178868
0.0182778
0.0186674
0.0190542
0.0194372
0.0198154
0.020188
0.0205541
0.0209131
0.0212641
0.0216066
0.0219399
0.0222633
0.022576
0.0228774
0.0231667
0.023443
0.0237054
0.0239529
0.0241847
0.0243997
0.0245968
0.024775
0.0249258
0.0250397
0.0251149
0.02515
0.0251446
0.0250985
0.0250124
0.0248875
0.0247256
0.024529
0.0243006
0.0240435
0.0237614
0.0234578
0.0231367
0.0228019
0.022457
0.0221054
0.0217505
0.0213949
0.0210413
0.0206916
0.0203475
0.0200104
0.0196811
0.0193602
0.019048
0.0187445
0.0184497
0.0181631
0.0178843
0.0176128
0.017348
0.0170892
0.0168357
0.016587
0.0163423
0.0161011
0.0158627
0.0156265
0.015392
0.0151586
0.0149259
0.0146933
0.0144604
0.0142267
0.0139917
0.0137551
0.0135169
0.0132753
0.0130286
0.0127556
0.0124511
0.0121137
0.0117419
0.0113354
0.0108949
0.0104226
0.00992241
0.0094002
0.00886359
0.00832188
0.00778532
0.00726441
0.00676884
0.00630667
0.00588364
0.00550289
0.00516514
0.00486906
0.00461191
0.00439011
0.00419971
0.0040368
0.00389765
0.00377893
0.00367776
0.00359118
0.00351675
0.003447
0.00338048
0.0033167
0.00325522
0.00319572
0.00313795
0.00308168
0.00302674
0.002973
0.00292039
0.00286886
0.00281839
0.00276901
0.00272078
0.0026738
0.00262819
0.00258409
0.00254168
0.00250114
0.00246267
0.00242648
0.00239279
0.0023618
0.0023337
0.00230866
0.00228684
0.00226835
0.00225327
0.00224164
0.00223345
0.00222868
0.00222725
0.00222906
0.002234
0.00224194
0.00225277
0.00226638
0.00228272
0.00230175
0.00232349
0.00234801
0.00237544
0.00240595
0.0024398
0.00247727
0.00251885
0.0025649
0.00261591
0.00267246
0.00273519
0.00280485
0.00288228
0.00296843
0.00306437
0.00317137
0.00329098
0.00342523
0.00357706
0.03446
0.0337958
0.0330038
0.0320735
0.0310101
0.0298274
0.0285487
0.0272054
0.0258357
0.024483
0.0231917
0.0220032
0.020952
0.0200628
0.0193485
0.0188114
0.0184443
0.0182334
0.0181611
0.0182082
0.018356
0.0185873
0.018887
0.0192423
0.0196427
0.0200796
0.020546
0.0210363
0.021546
0.0220712
0.0226089
0.0231562
0.0237107
0.0242701
0.0248324
0.0253953
0.0259568
0.0265146
0.0270666
0.0276105
0.028144
0.0286645
0.0291696
0.0296568
0.0301234
0.0305669
0.0309847
0.0313743
0.0317333
0.0320595
0.032347
0.0325758
0.032742
0.0328427
0.0328754
0.0328386
0.0327318
0.0325551
0.0323097
0.0319977
0.0316223
0.0311874
0.0306978
0.0301592
0.0295777
0.02896
0.028313
0.0276438
0.0269596
0.0262671
0.025573
0.0248832
0.0242033
0.023538
0.0228912
0.0222664
0.0216661
0.021092
0.0205454
0.0200267
0.0195359
0.0190726
0.0186359
0.0182246
0.0178374
0.0174726
0.0171286
0.0168036
0.016496
0.0162039
0.0159256
0.0156596
0.0154042
0.015158
0.0149195
0.0146873
0.0144603
0.0142371
0.0140171
0.013798
0.0135779
0.0133369
0.0130704
0.0127769
0.0124544
0.012101
0.0117154
0.0112966
0.010845
0.0103623
0.00985234
0.00932121
0.00877736
0.0082312
0.00769426
0.00717804
0.00669275
0.00624619
0.0058432
0.00548557
0.00517248
0.00490121
0.00466792
0.00446827
0.0042979
0.00415277
0.00402931
0.00392389
0.00383347
0.00374909
0.0036689
0.0035922
0.00351844
0.00344722
0.0033782
0.00331112
0.00324578
0.003182
0.00311968
0.00305876
0.00299923
0.0029411
0.00288443
0.00282934
0.00277594
0.0027244
0.0026749
0.00262766
0.00258288
0.00254079
0.00250162
0.00246558
0.00243288
0.00240369
0.00237816
0.0023564
0.00233846
0.00232438
0.00231411
0.0023076
0.00230472
0.00230534
0.00230928
0.00231637
0.00232644
0.00233934
0.00235494
0.00237318
0.002394
0.00241745
0.0024436
0.0024726
0.00250463
0.00253997
0.00257892
0.00262194
0.00266943
0.00272192
0.00278004
0.00284451
0.00291619
0.00299613
0.0030856
0.00318618
0.00329989
0.0034294
0.00357821
0.0469928
0.0471508
0.0472106
0.0471283
0.0468767
0.0464402
0.0458079
0.044974
0.0439397
0.042714
0.0413158
0.0397751
0.0381322
0.0364362
0.0347417
0.0331043
0.0315755
0.0301989
0.0290069
0.0280197
0.0272453
0.0266814
0.026318
0.0261393
0.0261271
0.0262617
0.0265242
0.0268971
0.0273644
0.0279121
0.0285283
0.0292024
0.0299252
0.0306887
0.0314858
0.0323098
0.0331546
0.0340145
0.034884
0.0357574
0.0366295
0.037495
0.0383486
0.039185
0.0399989
0.0407851
0.0415385
0.042254
0.0429267
0.0435519
0.0441368
0.0446542
0.0450965
0.0454584
0.0457351
0.0459224
0.0460164
0.0460142
0.0459132
0.0457121
0.0454103
0.0450082
0.0445076
0.0439112
0.0432229
0.0424478
0.0415922
0.0406633
0.0396693
0.0386192
0.0375226
0.0363893
0.0352296
0.0340536
0.0328713
0.0316919
0.0305245
0.0293771
0.0282567
0.0271697
0.026121
0.0251149
0.0241544
0.0232416
0.0223776
0.0215629
0.020797
0.0200791
0.0194076
0.0187805
0.0181958
0.017651
0.0171436
0.0166708
0.0162301
0.0158188
0.0154342
0.015074
0.0147361
0.0144169
0.0141137
0.0137982
0.0134693
0.0131291
0.0127791
0.0124199
0.0120513
0.0116718
0.0112786
0.0108685
0.0104382
0.0099854
0.00951008
0.00901528
0.00850751
0.00799638
0.00749349
0.0070108
0.00655889
0.00614556
0.00577523
0.005449
0.00516536
0.00492105
0.00471189
0.00453352
0.00438182
0.0042525
0.00414186
0.00403912
0.00394189
0.00384918
0.00376032
0.00367479
0.00359218
0.00351216
0.00343447
0.00335891
0.00328534
0.00321369
0.00314391
0.00307603
0.00301011
0.00294625
0.00288459
0.0028253
0.00276856
0.00271459
0.00266362
0.00261587
0.00257156
0.00253091
0.0024941
0.00246129
0.00243261
0.00240813
0.00238789
0.00237187
0.00235999
0.00235214
0.00234814
0.00234782
0.00235094
0.0023573
0.00236666
0.00237884
0.00239368
0.00241106
0.00243094
0.00245329
0.00247821
0.00250579
0.00253625
0.00256981
0.00260681
0.00264761
0.00269271
0.00274262
0.00279799
0.0028596
0.00292838
0.00300544
0.0030922
0.00319037
0.00330215
0.00343031
0.00357842
0.0603071
0.0615349
0.0627663
0.0639478
0.0650365
0.066009
0.0668411
0.0675085
0.0679863
0.0682496
0.0682745
0.0680398
0.0675289
0.066732
0.0656494
0.0642931
0.0626887
0.0608756
0.0589057
0.0568398
0.0547436
0.0526824
0.0507166
0.0488977
0.0472662
0.0458504
0.0446665
0.0437205
0.0430097
0.0425251
0.0422529
0.0421769
0.0422793
0.0425422
0.0429478
0.0434793
0.0441206
0.0448566
0.0456732
0.046557
0.0474955
0.0484766
0.0494891
0.0505219
0.0515647
0.0526077
0.0536412
0.0546565
0.0556448
0.0565982
0.057509
0.0583912
0.0592055
0.0599455
0.0606067
0.0611845
0.0616748
0.0620735
0.0623765
0.0625798
0.0626795
0.062672
0.0625539
0.062322
0.0619739
0.0615077
0.0609224
0.060218
0.0593954
0.0584571
0.0574065
0.0562486
0.0549896
0.0536372
0.0522003
0.0506887
0.0491135
0.0474863
0.0458192
0.0441247
0.0424153
0.040703
0.0389995
0.0373158
0.035662
0.034047
0.0324786
0.0309635
0.0295069
0.0281129
0.0267844
0.0255232
0.0243298
0.0232042
0.0221453
0.0211517
0.020221
0.0193509
0.018539
0.0177808
0.0170718
0.0163468
0.0156115
0.0148788
0.0141617
0.0134729
0.0128234
0.0122209
0.0116686
0.0111647
0.0107022
0.0102702
0.00985561
0.00944518
0.00902842
0.00859951
0.00815854
0.00771125
0.00726751
0.00683892
0.00643618
0.00606733
0.00573684
0.00544584
0.00519287
0.00497492
0.0047883
0.0046287
0.00449204
0.00436545
0.00424595
0.00413224
0.00402347
0.00391904
0.00381846
0.00372134
0.00362737
0.00353632
0.00344803
0.0033624
0.00327939
0.00319901
0.00312134
0.00304647
0.00297455
0.00290575
0.00284027
0.00277832
0.00272011
0.00266588
0.00261581
0.0025701
0.00252891
0.00249235
0.0024605
0.0024334
0.00241102
0.00239327
0.00238002
0.0023711
0.00236629
0.00236531
0.00236792
0.00237384
0.0023828
0.00239458
0.002409
0.00242592
0.00244526
0.00246702
0.00249125
0.00251809
0.00254772
0.00258038
0.00261642
0.00265621
0.00270023
0.00274904
0.00280331
0.00286384
0.00293159
0.00300772
0.00309367
0.00319121
0.00330253
0.00343043
0.00357844
0.0716905
0.0739486
0.0763259
0.0787846
0.0812776
0.083791
0.0863067
0.0888059
0.0912666
0.0936639
0.0959699
0.098154
0.100183
0.102022
0.103636
0.104988
0.106044
0.106772
0.107145
0.107143
0.106758
0.105992
0.10486
0.10339
0.101623
0.0996084
0.0974012
0.0950589
0.0926379
0.0901907
0.0877645
0.0853996
0.0831302
0.0809842
0.0789845
0.07715
0.075496
0.0740351
0.0727772
0.0717297
0.0708968
0.0702796
0.0698754
0.0696776
0.0696759
0.0698558
0.0702
0.0706883
0.0712985
0.0720077
0.0727922
0.073652
0.07453
0.075347
0.0760938
0.0767709
0.0773797
0.0779216
0.0783986
0.078812
0.0791623
0.079449
0.079671
0.0798258
0.0799102
0.0799202
0.0798505
0.0796954
0.0794487
0.0791035
0.0786532
0.0780911
0.077411
0.0766072
0.0756754
0.0746123
0.073416
0.0720865
0.0706256
0.0690371
0.0673268
0.0655025
0.0635739
0.0615523
0.0594509
0.0572838
0.0550661
0.0528136
0.0505423
0.0482681
0.0460061
0.0437709
0.0415757
0.0394323
0.0373509
0.0353399
0.033406
0.0315542
0.0297886
0.028108
0.026508
0.0248484
0.0231406
0.0214148
0.0197052
0.0180489
0.0164829
0.01504
0.013746
0.0126166
0.0116562
0.0108573
0.0102023
0.00966536
0.00921617
0.00882353
0.00845947
0.00810291
0.00774208
0.00737486
0.00700678
0.0066475
0.00630705
0.00599325
0.0057106
0.0054605
0.00524207
0.00505264
0.00488909
0.004737
0.00459298
0.00445555
0.00432381
0.00419715
0.0040751
0.00395729
0.00384341
0.00373326
0.00362669
0.00352363
0.00342407
0.00332805
0.00323566
0.00314704
0.00306236
0.0029818
0.00290557
0.00283389
0.00276697
0.00270501
0.00264817
0.00259662
0.00255045
0.00250972
0.00247446
0.0024446
0.00242006
0.00240066
0.00238621
0.00237642
0.00237102
0.00236968
0.00237206
0.00237785
0.00238675
0.00239849
0.00241286
0.0024297
0.00244895
0.00247057
0.00249463
0.00252126
0.00255064
0.00258304
0.00261878
0.00265827
0.00270198
0.00275048
0.00280445
0.0028647
0.00293219
0.00300811
0.0030939
0.00319131
0.00330256
0.00343042
0.00357843
0.0792302
0.0822547
0.0854795
0.0888987
0.0924661
0.0961827
0.100042
0.10404
0.108168
0.112414
0.116767
0.121208
0.125717
0.130272
0.134844
0.139403
0.143915
0.148343
0.152648
0.156789
0.160727
0.16442
0.167828
0.170916
0.17365
0.176
0.177942
0.179454
0.180521
0.181129
0.181268
0.180931
0.180107
0.178791
0.176975
0.174656
0.171834
0.168518
0.164729
0.160502
0.155888
0.150963
0.145822
0.140577
0.135352
0.130278
0.125479
0.121067
0.117131
0.113736
0.110914
0.108668
0.107052
0.106086
0.105206
0.104372
0.103577
0.102799
0.102039
0.1013
0.100586
0.0999016
0.0992521
0.0986428
0.0980775
0.0975583
0.0970854
0.0966572
0.09627
0.0959181
0.0955937
0.0952872
0.0949871
0.0946799
0.0943509
0.0939838
0.0935613
0.0930657
0.0924787
0.0917825
0.0909598
0.0899948
0.0888734
0.0875839
0.0861174
0.0844683
0.0826349
0.0806192
0.0784275
0.0760701
0.0735614
0.0709193
0.0681651
0.0653225
0.0624168
0.0594742
0.0565204
0.0535805
0.0506785
0.0478285
0.0450306
0.0420629
0.0389343
0.0356923
0.032398
0.0291235
0.0259455
0.0229386
0.0201674
0.0176809
0.0155087
0.0136611
0.0121306
0.0108961
0.00992558
0.00917897
0.0086109
0.00817352
0.00782056
0.00751242
0.00722096
0.00693193
0.00664332
0.00636057
0.00609131
0.00584191
0.0056161
0.00541484
0.00523796
0.00507138
0.0049118
0.00475788
0.00460895
0.00446461
0.00432458
0.00418864
0.00405665
0.00392853
0.00380427
0.00368393
0.0035676
0.00345545
0.00334768
0.00324452
0.00314621
0.00305303
0.00296524
0.00288307
0.00280677
0.00273653
0.00267251
0.00261481
0.00256349
0.00251854
0.00247989
0.0024474
0.00242089
0.00240009
0.00238469
0.00237436
0.00236869
0.00236731
0.0023698
0.0023758
0.00238495
0.00239696
0.0024116
0.0024287
0.00244816
0.00246997
0.00249418
0.00252093
0.00255041
0.00258288
0.00261867
0.0026582
0.00270193
0.00275045
0.00280443
0.00286469
0.00293219
0.00300811
0.00309389
0.00319131
0.00330256
0.00343042
0.00357843
0.0823063
0.0857444
0.0894127
0.093344
0.0974947
0.101879
0.106501
0.111368
0.116485
0.121856
0.127481
0.133362
0.139496
0.145877
0.152499
0.159349
0.166414
0.173675
0.18111
0.188693
0.196394
0.204179
0.212009
0.219845
0.227643
0.235359
0.242947
0.250363
0.257565
0.264509
0.271158
0.277474
0.283423
0.288972
0.294086
0.29873
0.302861
0.306426
0.309357
0.311558
0.312908
0.313261
0.312458
0.310336
0.306743
0.301563
0.294733
0.286272
0.276296
0.265029
0.252796
0.240005
0.227105
0.214531
0.203316
0.193755
0.185706
0.178171
0.171127
0.164586
0.158508
0.152847
0.147577
0.142678
0.138137
0.133939
0.130076
0.126538
0.123318
0.120406
0.117793
0.11547
0.113426
0.111648
0.110121
0.108831
0.107759
0.106882
0.106176
0.105615
0.105167
0.104799
0.104475
0.104154
0.103796
0.103357
0.102794
0.102066
0.101132
0.0999579
0.0985151
0.0967824
0.0947484
0.0924118
0.0897825
0.0868812
0.0837388
0.0803947
0.0768963
0.0732836
0.0695664
0.0654849
0.0610397
0.0562877
0.0513157
0.0462368
0.0411813
0.0362841
0.031669
0.0274341
0.0236425
0.0203198
0.01746
0.0150356
0.0130091
0.0113422
0.0100003
0.00895129
0.00815977
0.00758143
0.00716245
0.00684628
0.00658497
0.00634797
0.00612262
0.00590781
0.00570663
0.00552191
0.00535652
0.00519832
0.00504429
0.00489342
0.00474535
0.00459993
0.0044571
0.00431684
0.00417921
0.00404432
0.00391234
0.00378353
0.00365817
0.00353661
0.00341925
0.00330649
0.00319877
0.00309651
0.00300013
0.00290999
0.00282643
0.00274972
0.00268004
0.00261753
0.00256222
0.00251407
0.00247297
0.00243871
0.002411
0.00238952
0.00237386
0.00236358
0.00235823
0.00235733
0.00236043
0.00236709
0.00237693
0.00238963
0.00240493
0.00242265
0.0024427
0.00246506
0.00248979
0.00251702
0.00254695
0.00257985
0.00261606
0.00265598
0.00270008
0.00274895
0.00280326
0.00286381
0.00293157
0.00300771
0.00309367
0.00319121
0.00330253
0.00343043
0.00357844
0.0814145
0.0849422
0.0886885
0.0927216
0.0970016
0.101552
0.106382
0.111509
0.116944
0.122701
0.128792
0.135228
0.142022
0.149181
0.156713
0.164625
0.172918
0.181594
0.190649
0.200075
0.209859
0.219984
0.230428
0.241161
0.252149
0.263353
0.274727
0.286222
0.297785
0.309359
0.320887
0.332309
0.343566
0.354599
0.365351
0.375772
0.385818
0.395456
0.404665
0.413417
0.421677
0.429413
0.436599
0.443216
0.44925
0.454671
0.459412
0.463346
0.46626
0.467829
0.467614
0.465089
0.459706
0.451025
0.438716
0.422667
0.403417
0.383139
0.362899
0.3435
0.324965
0.306914
0.289487
0.272847
0.257084
0.242232
0.228306
0.215306
0.203219
0.192021
0.181683
0.172175
0.163467
0.155531
0.148339
0.141866
0.136084
0.130969
0.126494
0.122633
0.119361
0.116647
0.114463
0.112771
0.11153
0.110691
0.110195
0.109972
0.109943
0.110014
0.110087
0.110051
0.109801
0.109235
0.108267
0.106832
0.104894
0.10245
0.0995295
0.0961807
0.0924273
0.0880289
0.0829753
0.0773239
0.0711789
0.0646911
0.0580489
0.0514619
0.0451377
0.0392559
0.0339455
0.0292732
0.0252431
0.0218073
0.0188831
0.0163728
0.0141858
0.0122597
0.0105749
0.00915109
0.0080196
0.00718609
0.00660997
0.00621695
0.00593157
0.0057025
0.00550523
0.00533096
0.00517869
0.00503497
0.00489599
0.00476032
0.00462724
0.00449626
0.00436704
0.00423939
0.00411321
0.0039885
0.00386537
0.00374402
0.00362476
0.00350795
0.00339406
0.0032836
0.00317713
0.00307524
0.00297852
0.00288752
0.00280277
0.0027247
0.00265367
0.00258993
0.00253363
0.00248478
0.00244329
0.00240897
0.00238153
0.00236059
0.00234571
0.00233639
0.00233213
0.00233241
0.00233674
0.00234464
0.00235571
0.00236962
0.0023861
0.00240497
0.00242614
0.00244961
0.00247543
0.00250375
0.00253478
0.00256879
0.00260612
0.00264718
0.00269244
0.00274246
0.0027979
0.00285955
0.00292835
0.00300543
0.00309219
0.00319037
0.00330215
0.00343031
0.00357842
0.0776437
0.0810287
0.0845973
0.0884447
0.0925352
0.0968966
0.101542
0.10649
0.111758
0.117363
0.123322
0.129654
0.136374
0.143502
0.151052
0.15904
0.16748
0.176384
0.18576
0.195613
0.205945
0.216751
0.228021
0.239738
0.251878
0.264409
0.27729
0.290474
0.303905
0.317519
0.331247
0.345012
0.358736
0.372334
0.385721
0.398815
0.411541
0.42385
0.435726
0.447155
0.458109
0.468571
0.478536
0.48801
0.497019
0.505591
0.513744
0.521483
0.528804
0.535691
0.542124
0.548088
0.55358
0.558596
0.563068
0.566851
0.569767
0.571327
0.57056
0.566026
0.55728
0.544991
0.529582
0.511562
0.491374
0.469344
0.445971
0.421823
0.397402
0.373114
0.349278
0.326142
0.303902
0.282708
0.262671
0.243866
0.226339
0.210109
0.195171
0.181508
0.169098
0.157915
0.14794
0.139156
0.131546
0.125093
0.119775
0.115567
0.11243
0.110314
0.109139
0.10879
0.109103
0.109859
0.110795
0.111617
0.11204
0.111833
0.110853
0.109047
0.106428
0.102817
0.0981853
0.0925941
0.0861662
0.0790884
0.0715999
0.0639725
0.0564835
0.049386
0.0428845
0.0371188
0.0321581
0.0280048
0.0246009
0.0218366
0.0195564
0.0175709
0.0156863
0.0137628
0.0117861
0.00989207
0.00828744
0.00710442
0.00632216
0.00581866
0.00547235
0.0052117
0.00500679
0.00482751
0.00466575
0.00451723
0.00437887
0.00424843
0.00412421
0.00400494
0.00388967
0.00377769
0.00366848
0.00356169
0.00345713
0.00335474
0.00325463
0.00315701
0.00306221
0.00297068
0.00288293
0.00279955
0.00272113
0.00264824
0.00258142
0.00252109
0.00246759
0.0024211
0.00238168
0.00234923
0.00232354
0.00230428
0.00229104
0.00228334
0.00228067
0.00228251
0.00228837
0.00229778
0.00231034
0.00232573
0.0023437
0.00236407
0.00238679
0.00241186
0.00243935
0.00246945
0.00250236
0.00253839
0.00257789
0.00262127
0.00266901
0.00272167
0.0027799
0.00284443
0.00291615
0.00299611
0.00308559
0.00318617
0.00329989
0.0034294
0.00357821
0.0721564
0.0752666
0.0785184
0.0820242
0.0857523
0.0897319
0.0939767
0.0985054
0.103336
0.108486
0.113975
0.119821
0.126045
0.132666
0.139703
0.147175
0.155101
0.163496
0.172376
0.181752
0.191632
0.20202
0.212912
0.2243
0.236167
0.248489
0.261231
0.274348
0.287788
0.301487
0.315372
0.329364
0.343374
0.357309
0.371068
0.384546
0.397638
0.410266
0.42241
0.434053
0.445159
0.455704
0.465673
0.47508
0.483951
0.492306
0.500185
0.507613
0.514618
0.52123
0.527476
0.533397
0.539079
0.544616
0.550096
0.555576
0.561092
0.566588
0.571829
0.576592
0.580916
0.585005
0.588918
0.592275
0.594588
0.595548
0.594707
0.591521
0.585583
0.576498
0.563978
0.547938
0.528495
0.505958
0.480809
0.453655
0.425166
0.396002
0.366753
0.337914
0.309878
0.282953
0.257383
0.233369
0.211078
0.190633
0.172116
0.155587
0.141104
0.12874
0.118578
0.110691
0.10511
0.10181
0.100655
0.101313
0.103196
0.105498
0.107391
0.108259
0.10786
0.10606
0.102803
0.0981712
0.0923394
0.0855617
0.0781498
0.0704365
0.0627406
0.0553338
0.0484249
0.0421594
0.0366311
0.0318961
0.0279821
0.0248888
0.0225782
0.0209537
0.0198266
0.0188881
0.0177312
0.0159943
0.0136259
0.0110376
0.00883717
0.00733558
0.00641823
0.00583371
0.00542378
0.0050926
0.0048165
0.00458182
0.00437819
0.00419813
0.00403637
0.00388916
0.00375374
0.003628
0.00351032
0.00339942
0.00329429
0.00319419
0.00309854
0.00300695
0.00291922
0.00283528
0.00275524
0.00267932
0.00260784
0.00254121
0.00247985
0.00242418
0.00237457
0.00233129
0.00229448
0.00226415
0.0022402
0.00222238
0.00221033
0.00220366
0.00220189
0.00220454
0.00221116
0.00222132
0.00223464
0.00225084
0.00226968
0.00229105
0.00231489
0.00234125
0.00237025
0.00240207
0.002437
0.00247536
0.00251755
0.00256404
0.00261536
0.00267212
0.00273499
0.00280474
0.00288222
0.0029684
0.00306436
0.00317137
0.00329098
0.00342523
0.00357706
0.0658708
0.0686511
0.0715344
0.0746411
0.0779435
0.0814697
0.0852325
0.0892496
0.0935374
0.0981134
0.102995
0.108202
0.113751
0.119663
0.125955
0.132648
0.13976
0.147308
0.155307
0.163772
0.172712
0.182133
0.192037
0.202418
0.213264
0.224555
0.236263
0.248347
0.260759
0.27344
0.286323
0.299329
0.312375
0.32537
0.338214
0.350804
0.363016
0.374754
0.385982
0.396676
0.40678
0.416278
0.425118
0.433355
0.441018
0.44808
0.454627
0.460695
0.46633
0.471587
0.476488
0.481046
0.485346
0.489447
0.493393
0.497213
0.500945
0.504611
0.508182
0.511638
0.515064
0.518614
0.522363
0.526273
0.530271
0.534349
0.538576
0.543068
0.547729
0.552396
0.556872
0.561087
0.564982
0.568254
0.570374
0.570658
0.568281
0.562392
0.552228
0.537226
0.517106
0.491933
0.462168
0.428658
0.392624
0.355371
0.318051
0.281558
0.246569
0.21368
0.183499
0.15659
0.133394
0.114354
0.0999953
0.0907653
0.0867768
0.0874518
0.0910625
0.0950766
0.0976535
0.0983569
0.0970644
0.093897
0.0891577
0.0832196
0.076517
0.0694645
0.0624222
0.0556551
0.0493316
0.043536
0.0383002
0.0336353
0.0295611
0.0261213
0.0233856
0.0214349
0.0203301
0.0200528
0.020406
0.0208888
0.0206603
0.0188789
0.0155529
0.0119424
0.00934015
0.00784041
0.0069317
0.00625837
0.00573404
0.00531777
0.00497804
0.00469207
0.00444481
0.00422652
0.00403069
0.00385281
0.00368967
0.00353895
0.00339896
0.00326842
0.00314641
0.00303222
0.00292533
0.00282539
0.00273218
0.00264555
0.00256547
0.00249196
0.00242508
0.00236491
0.00231152
0.00226494
0.00222514
0.002192
0.00216534
0.00214486
0.00213021
0.00212099
0.00211674
0.00211702
0.00212138
0.00212942
0.00214081
0.00215525
0.00217257
0.00219264
0.00221545
0.00224105
0.0022696
0.00230134
0.00233658
0.00237573
0.00241928
0.0024678
0.00252195
0.0025825
0.00265029
0.00272627
0.00281148
0.00290698
0.00301384
0.00313307
0.00326547
0.00341173
0.00357272
0.059362
0.0618032
0.0643157
0.0670218
0.069897
0.0729673
0.076244
0.079743
0.0834789
0.0874674
0.0917246
0.0962667
0.101111
0.106274
0.111774
0.117627
0.123852
0.130463
0.137475
0.144901
0.15275
0.161029
0.169739
0.178877
0.188433
0.19839
0.208721
0.219393
0.230362
0.241575
0.252971
0.26448
0.276025
0.287526
0.298897
0.310048
0.320863
0.331241
0.341126
0.350467
0.35919
0.367307
0.374695
0.381496
0.387748
0.393372
0.398499
0.403165
0.407413
0.411282
0.41481
0.418036
0.421003
0.423753
0.426317
0.428721
0.430991
0.433149
0.43519
0.437111
0.438949
0.440783
0.442667
0.444614
0.446628
0.448737
0.45098
0.4534
0.45602
0.45891
0.462237
0.466041
0.470232
0.474689
0.479447
0.484531
0.489992
0.49593
0.502459
0.509632
0.517276
0.524791
0.531046
0.534282
0.532209
0.522961
0.504989
0.477393
0.440198
0.394767
0.344012
0.291617
0.240168
0.191587
0.148158
0.112291
0.0861533
0.0717069
0.0691286
0.0743693
0.0801783
0.0837145
0.0846388
0.0830641
0.0795589
0.0746454
0.068923
0.062882
0.0569122
0.0512579
0.0460435
0.0412976
0.0369934
0.0330827
0.0295268
0.0263188
0.0235018
0.0211771
0.019502
0.0186687
0.0188546
0.0201173
0.0221886
0.0241582
0.0243099
0.0211324
0.0158819
0.0118683
0.00974774
0.00840512
0.00744836
0.00675039
0.00622728
0.00581454
0.00547106
0.0051728
0.00490559
0.00466082
0.00443318
0.00421949
0.00401804
0.00382788
0.00364849
0.00347962
0.00332115
0.00317303
0.00303527
0.00290784
0.0027907
0.00268375
0.00258686
0.00249981
0.00242236
0.00235418
0.0022949
0.0022441
0.0022013
0.00216598
0.00213762
0.00211566
0.00209954
0.00208873
0.00208274
0.0020811
0.00208342
0.00208939
0.00209876
0.00211139
0.00212723
0.0021463
0.00216876
0.00219486
0.00222495
0.0022595
0.00229912
0.00234455
0.00239668
0.00245655
0.00252539
0.00260462
0.00269578
0.00280053
0.00292047
0.00305688
0.0032102
0.00337929
0.00356095
0.0528967
0.055008
0.0571656
0.0594904
0.0619601
0.064598
0.0674139
0.0704216
0.0736338
0.0770642
0.0807265
0.0846353
0.0888051
0.093251
0.0979881
0.103032
0.108396
0.114095
0.120141
0.126546
0.133317
0.140459
0.147975
0.15586
0.164105
0.172695
0.181606
0.190809
0.200265
0.209926
0.219738
0.22964
0.239565
0.249443
0.259205
0.268778
0.278073
0.287014
0.295498
0.303437
0.310739
0.317457
0.323432
0.328846
0.333739
0.338137
0.342088
0.345626
0.348784
0.351597
0.354105
0.356341
0.358337
0.360124
0.361728
0.363167
0.364461
0.365627
0.366669
0.36759
0.368412
0.369177
0.369917
0.370649
0.371382
0.372135
0.372932
0.373794
0.374746
0.375822
0.377067
0.378514
0.380208
0.38226
0.384609
0.387202
0.390111
0.393433
0.397295
0.401829
0.407153
0.413344
0.420455
0.428624
0.438105
0.449287
0.462387
0.476823
0.490375
0.498657
0.494022
0.470469
0.424825
0.358879
0.281506
0.203449
0.133308
0.0806847
0.0538123
0.0526005
0.0603746
0.0665749
0.0696994
0.0696177
0.0673412
0.0635214
0.0589163
0.0540414
0.0492776
0.0448293
0.0407835
0.0371381
0.0338447
0.0308349
0.0280456
0.0254348
0.0229979
0.0207817
0.0188993
0.0175386
0.0169524
0.0174166
0.0191398
0.0220862
0.0256349
0.027966
0.025826
0.0189548
0.0137326
0.011063
0.00944659
0.0083917
0.00770234
0.00722134
0.00684704
0.00652754
0.00623739
0.00596338
0.00569836
0.00543937
0.00518652
0.00494115
0.00470447
0.00447752
0.00426117
0.00405611
0.00386283
0.00368169
0.00351286
0.0033564
0.00321221
0.0030801
0.00295976
0.00285079
0.00275271
0.00266498
0.002587
0.00251815
0.00245777
0.00240519
0.00235976
0.00232083
0.00228781
0.00226015
0.00223734
0.00221896
0.00220466
0.0021942
0.00218743
0.00218431
0.00218493
0.00218952
0.00219847
0.00221237
0.00223197
0.00225829
0.0022926
0.00233646
0.00239179
0.0024609
0.00254647
0.00265155
0.00277937
0.00293282
0.00311328
0.00331826
0.00353768
0.0465066
0.0482936
0.0501079
0.0520661
0.0541475
0.0563725
0.0587494
0.0612898
0.0640046
0.0669052
0.0700035
0.0733117
0.0768423
0.080608
0.0846218
0.0888963
0.0934439
0.0982763
0.103404
0.108836
0.114579
0.120636
0.127009
0.133693
0.140681
0.147957
0.155501
0.163287
0.171279
0.179438
0.187714
0.196056
0.204405
0.212704
0.220894
0.228924
0.236734
0.244299
0.251448
0.258044
0.263993
0.269332
0.274097
0.278367
0.28219
0.285607
0.288639
0.291313
0.293656
0.295699
0.297477
0.299021
0.300354
0.301503
0.302486
0.30332
0.304019
0.304597
0.305059
0.30541
0.305662
0.30584
0.305965
0.306052
0.30611
0.306152
0.306192
0.306241
0.306311
0.30642
0.306589
0.306837
0.307187
0.307674
0.308327
0.309217
0.310302
0.311593
0.313137
0.314985
0.317188
0.319795
0.322876
0.326555
0.331049
0.336669
0.343791
0.352831
0.364232
0.378683
0.397376
0.421
0.447104
0.466331
0.447348
0.37009
0.253711
0.135979
0.0559096
0.0370801
0.042439
0.0502932
0.0551711
0.0563642
0.0552345
0.0525592
0.0491488
0.0454873
0.0419075
0.0385718
0.035545
0.0328201
0.030354
0.0280865
0.025958
0.0239212
0.0219523
0.0200634
0.0183177
0.0168485
0.0158728
0.0156764
0.0165463
0.018637
0.0217923
0.0254081
0.0282144
0.0262915
0.0184924
0.0129601
0.0106233
0.00935097
0.00862785
0.00821617
0.0079285
0.00768079
0.00744516
0.00721204
0.00697367
0.00672644
0.00647365
0.00622243
0.00597673
0.00573905
0.00551094
0.00529333
0.00508678
0.00489156
0.00470772
0.00453517
0.00437369
0.00422297
0.00408261
0.00395217
0.00383113
0.00371894
0.00361503
0.00351878
0.00342954
0.00334668
0.00326955
0.00319749
0.00312987
0.00306606
0.00300549
0.00294758
0.00289185
0.00283785
0.00278523
0.00273376
0.00268334
0.0026341
0.00258638
0.00254085
0.0024986
0.00246118
0.00243077
0.00241025
0.00240335
0.00241469
0.00244991
0.0025156
0.00261922
0.00276858
0.00297
0.00322294
0.00350598
0.0400394
0.0414806
0.0429351
0.0445117
0.0461912
0.0479909
0.0499175
0.0519803
0.0541882
0.0565507
0.0590774
0.0617782
0.0646634
0.0677437
0.0710294
0.074531
0.0782586
0.0822217
0.0864287
0.0908866
0.0956007
0.100574
0.105805
0.111292
0.117026
0.122994
0.129179
0.135557
0.142099
0.14877
0.155529
0.162332
0.16913
0.175876
0.182523
0.189036
0.195385
0.201612
0.207451
0.212696
0.217358
0.221532
0.225254
0.228561
0.231498
0.234107
0.236399
0.238392
0.240109
0.241575
0.242821
0.243873
0.24475
0.245473
0.246056
0.246513
0.246856
0.247093
0.247231
0.247273
0.247227
0.247108
0.246931
0.246709
0.246449
0.246161
0.245853
0.245532
0.245204
0.244879
0.244566
0.244274
0.244016
0.243805
0.24366
0.243609
0.243695
0.243915
0.244257
0.24474
0.245383
0.246208
0.247243
0.248537
0.250168
0.252254
0.254944
0.258422
0.262941
0.268935
0.277228
0.289121
0.306403
0.332135
0.370144
0.419502
0.402554
0.244707
0.0760562
0.0310282
0.0294776
0.0370367
0.0426413
0.0448788
0.0447546
0.0432205
0.0409668
0.0384277
0.0358772
0.0334562
0.0312272
0.0291957
0.0273359
0.0256054
0.0239577
0.022352
0.0207616
0.0191844
0.0176553
0.0162661
0.0151897
0.0146915
0.0150882
0.0166058
0.0191099
0.0218139
0.0236356
0.0237005
0.0209345
0.0116665
0.00879574
0.00813172
0.00809538
0.00810454
0.00803112
0.00788273
0.00770686
0.00754007
0.00737753
0.00720769
0.00702008
0.00683315
0.00665247
0.00648051
0.00631814
0.0061656
0.00602283
0.00588955
0.00576536
0.00564982
0.00554241
0.00544261
0.00534987
0.00526363
0.00518332
0.00510834
0.0050381
0.00497199
0.00490938
0.00484963
0.00479208
0.00473603
0.00468077
0.00462552
0.00456948
0.00451178
0.00445147
0.00438751
0.00431877
0.00424403
0.00416195
0.00407112
0.00397011
0.00385761
0.00373258
0.00359464
0.00344455
0.00328495
0.00312125
0.00296254
0.00282224
0.00271814
0.00267185
0.00270797
0.0028526
0.00312708
0.00351414
0.0331766
0.034169
0.0351681
0.0362633
0.0374385
0.0387076
0.0400749
0.0415476
0.0431322
0.0448357
0.0466653
0.0486284
0.0507326
0.0529858
0.0553958
0.0579703
0.0607166
0.0636419
0.066752
0.0700521
0.0735458
0.0772346
0.0811179
0.0851925
0.0894517
0.0938852
0.0984788
0.103214
0.108068
0.113013
0.118019
0.12305
0.128071
0.133044
0.137937
0.142726
0.147412
0.152126
0.156447
0.160254
0.163642
0.166672
0.169372
0.171751
0.173853
0.175712
0.17733
0.178721
0.179901
0.18089
0.181712
0.182386
0.182929
0.183354
0.183673
0.183895
0.184029
0.18408
0.184054
0.183954
0.183783
0.18355
0.183266
0.18294
0.18258
0.18219
0.181777
0.181345
0.180898
0.180438
0.179972
0.179502
0.179035
0.178578
0.178137
0.177726
0.177364
0.177082
0.176883
0.176745
0.17667
0.176666
0.176738
0.176904
0.177188
0.177631
0.178289
0.179235
0.180569
0.182454
0.185188
0.189303
0.1957
0.206128
0.224003
0.254642
0.30052
0.330646
0.0966535
0.0312613
0.0221468
0.0276588
0.0328536
0.0358198
0.0365341
0.0360129
0.0347413
0.033113
0.0313598
0.0296225
0.0279723
0.0264322
0.0249949
0.0236344
0.0223175
0.0210115
0.0196922
0.0183527
0.0170139
0.0157419
0.0146743
0.0140483
0.0141909
0.0154119
0.0177046
0.0202164
0.0210635
0.0178854
0.0165117
0.00904989
0.00676069
0.00603892
0.00604007
0.00649462
0.00682256
0.00676344
0.00654965
0.00633985
0.00618055
0.00613463
0.00606824
0.00601302
0.00597013
0.00593922
0.00591879
0.00590743
0.00590385
0.0059069
0.00591554
0.0059288
0.00594584
0.00596586
0.00598813
0.006012
0.00603685
0.00606212
0.00608731
0.00611194
0.00613558
0.00615786
0.00617843
0.00619697
0.00621321
0.00622688
0.00623771
0.00624542
0.0062497
0.00625012
0.00624612
0.00623685
0.00622111
0.00619712
0.00616222
0.00611259
0.00604273
0.00594512
0.00580994
0.00562558
0.00538058
0.00506812
0.00469346
0.0042826
0.00388671
0.00357548
0.00342086
0.00348399
0.00379533
0.0246214
0.0249076
0.0252432
0.0256003
0.0259913
0.026417
0.0268811
0.027386
0.0279344
0.0285291
0.0291727
0.029868
0.030618
0.0314253
0.0322926
0.0332223
0.0342168
0.0352778
0.0364069
0.0376049
0.038872
0.0402076
0.0416099
0.0430762
0.0446023
0.0461827
0.0478102
0.0494764
0.0511708
0.0528818
0.0545963
0.0563005
0.05798
0.0596209
0.0612126
0.0627482
0.0642581
0.0665226
0.0689703
0.0712168
0.0732751
0.0751712
0.0769154
0.0784955
0.079936
0.0812538
0.0824446
0.0835122
0.0844616
0.0853016
0.0860444
0.0866999
0.0872754
0.0877773
0.0882111
0.0885814
0.0888918
0.0891457
0.0893453
0.0894918
0.0895867
0.0896336
0.0896382
0.0896057
0.0895401
0.0894444
0.0893218
0.0891744
0.0890036
0.0888109
0.0885977
0.0883657
0.0881165
0.0878523
0.0875754
0.0872892
0.0869987
0.0867128
0.0864535
0.0862273
0.0860206
0.0858265
0.0856416
0.0854656
0.0853013
0.0851548
0.0850362
0.0849588
0.0849411
0.0850108
0.0852162
0.0856425
0.0864288
0.0878186
0.0901983
0.094461
0.0985515
0.0993108
0.0661296
0.0322685
0.0186957
0.0214619
0.0258434
0.0291645
0.0305555
0.0308117
0.0302744
0.029307
0.0281205
0.0268623
0.0256133
0.0244111
0.0232619
0.0221526
0.0210599
0.0199579
0.0188258
0.0176555
0.0164608
0.0152929
0.0142651
0.0135876
0.0135799
0.0146035
0.0167891
0.0194421
0.020335
0.014662
0.00508516
0.0045667
0.00369486
0.00310298
0.00279157
0.00257343
0.00236285
0.00220499
0.00203422
0.00185971
0.00177474
0.00186771
0.00199697
0.00214832
0.0023174
0.0025004
0.00269424
0.00289638
0.00310462
0.00331705
0.00353188
0.00374747
0.00396224
0.00417472
0.00438348
0.00458719
0.00478461
0.00497461
0.00515617
0.00532842
0.00549064
0.00564228
0.00578295
0.00591246
0.0060308
0.00613814
0.00623482
0.00632138
0.00639847
0.00646689
0.00652754
0.00658137
0.00662936
0.00667246
0.00671162
0.00674777
0.00678193
0.00681551
0.00685087
0.0068923
0.00694758
0.0070298
0.00715875
0.00735972
0.00765629
0.00805017
0.00846869
0.00861756
0.00760479
0.0247815
0.029244
0.0305841
0.0305459
0.0299868
0.0292903
0.0286163
0.0280238
0.0275288
0.0271297
0.0268189
0.0265882
0.0264305
0.0263326
0.0262865
0.0262921
0.0263476
0.0264499
0.0265951
0.0267786
0.0269956
0.0272411
0.02751
0.0277971
0.0280978
0.0284076
0.0287224
0.0290385
0.0293526
0.0296617
0.0299626
0.0302521
0.0305262
0.0307797
0.0310047
0.0311878
0.031315
0.0313407
0.0313326
0.015695
0.0144021
0.0135509
0.0131332
0.0130411
0.0131817
0.0134796
0.013876
0.0143259
0.0147963
0.0152642
0.015714
0.0161367
0.0165161
0.0168339
0.0170819
0.0172585
0.0173663
0.0174106
0.0173985
0.0173382
0.0172378
0.0171057
0.0169492
0.0167754
0.0165902
0.016399
0.0162061
0.0160157
0.0158315
0.0156576
0.0154987
0.0153613
0.0152559
0.0151995
0.0152276
0.0153997
0.0158987
0.0170894
0.0146772
0.0134671
0.0123945
0.0115882
0.0110271
0.010665
0.0104561
0.0103614
0.0103493
0.0103947
0.010478
0.0105837
0.0106994
0.0108168
0.0109288
0.0110261
0.0111029
0.0111564
0.0111862
0.0111937
0.0111819
0.0111547
0.0111167
0.0110726
0.0110273
0.0109855
0.0109524
0.0109332
0.0109338
0.0109613
0.0110246
0.0111363
0.0113145
0.0115865
0.011996
0.0126156
0.0135697
0.0150772
0.0176572
0.0144301
0.01357
0.0127258
0.0119965
0.0113992
0.0109233
0.0105506
0.0102623
0.0100418
0.00987477
0.00974923
0.00965529
0.00958536
0.00953511
0.0094992
0.00947309
0.00945346
0.00943833
0.00942689
0.00941944
0.00941725
0.00942237
0.00943755
0.00946618
0.00951226
0.0095805
0.00967655
0.00980732
0.00998151
0.0102105
0.0105094
0.0108992
0.0114094
0.0120825
0.0129805
0.0141948
0.0158607
0.018161
0.0214011
0.0144218
0.0137383
0.0130646
0.0124537
0.0119224
0.0114701
0.0110892
0.0107704
0.0105041
0.0102819
0.0100963
0.00994115
0.00981211
0.00970489
0.00961645
0.00954453
0.00948767
0.0094453
0.00941766
0.00940581
0.00941161
0.00943767
0.00948735
0.0095648
0.00967506
0.00982425
0.0100198
0.010271
0.0105894
0.0109897
0.0114911
0.0121188
0.012906
0.0138972
0.015152
0.0167485
0.0187888
0.0213976
0.0247636
0.0144496
0.0138695
0.0133067
0.0127885
0.0123257
0.0119195
0.0115666
0.0112614
0.0109982
0.0107716
0.0105765
0.0104094
0.0102662
0.0101444
0.010042
0.00995792
0.00989194
0.00984454
0.00981704
0.00981158
0.00983109
0.00987927
0.00996064
0.0100806
0.0102453
0.0104624
0.0107405
0.01109
0.0115237
0.0120568
0.0127083
0.0135014
0.0144653
0.0156362
0.0170587
0.0187867
0.0208852
0.0234341
0.0265658
0.0144766
0.0139614
0.0134723
0.0130215
0.0126144
0.0122518
0.0119313
0.0116496
0.0114026
0.0111864
0.0109977
0.0108338
0.0106917
0.0105696
0.0104666
0.0103823
0.0103175
0.0102734
0.0102524
0.0102576
0.010293
0.0103633
0.0104741
0.0106317
0.0108431
0.0111163
0.0114605
0.0118857
0.0124038
0.0130282
0.0137747
0.0146618
0.0157114
0.016949
0.0184051
0.0201147
0.0221198
0.0244775
0.0272945
0.014496
0.0140225
0.0135831
0.0131807
0.0128165
0.01249
0.012199
0.0119408
0.0117122
0.0115103
0.0113327
0.0111769
0.011041
0.0109239
0.010825
0.0107449
0.0106848
0.0106469
0.0106343
0.0106509
0.0107016
0.0107918
0.0109278
0.0111163
0.0113646
0.0116804
0.0120719
0.0125482
0.0131186
0.0137936
0.0145846
0.0155045
0.0165678
0.0177912
0.019194
0.0207988
0.0226344
0.0247452
0.027223
0.0145081
0.0140609
0.0136549
0.0132868
0.0129548
0.0126568
0.0123904
0.0121527
0.0119413
0.0117536
0.0115876
0.0114412
0.011313
0.0112023
0.0111092
0.0110346
0.0109803
0.010949
0.0109445
0.0109715
0.0110353
0.0111419
0.0112977
0.0115095
0.0117842
0.0121286
0.0125497
0.0130543
0.0136492
0.0143415
0.0151385
0.0160482
0.0170794
0.0182424
0.0195494
0.0210154
0.0226615
0.024524
0.0266813
0.0145149
0.0140837
0.0136992
0.0133549
0.0130463
0.01277
0.0125229
0.0123023
0.0121055
0.0119304
0.0117749
0.0116373
0.0115166
0.0114124
0.0113251
0.0112558
0.0112069
0.0111816
0.0111841
0.0112194
0.0112934
0.011412
0.0115819
0.0118091
0.0121
0.01246
0.0128946
0.0134084
0.0140057
0.0146904
0.0154666
0.0163385
0.0173111
0.0183903
0.0195841
0.0209029
0.0223631
0.0239952
0.0258659
0.0145185
0.0140963
0.0137251
0.0133964
0.0131041
0.0128435
0.012611
0.0124036
0.0122186
0.0120537
0.011907
0.0117771
0.0116629
0.0115644
0.011482
0.0114174
0.0113729
0.0113523
0.01136
0.0114014
0.0114822
0.0116087
0.0117868
0.0120223
0.0123203
0.0126853
0.0131207
0.0136295
0.0142135
0.0148747
0.0156143
0.0164343
0.0173368
0.0183255
0.0194053
0.0205841
0.0218748
0.023303
0.0249251
0.0145202
0.0141028
0.0137394
0.0134203
0.0131385
0.0128887
0.0126666
0.0124688
0.0122926
0.0121355
0.0119956
0.0118716
0.0117626
0.0116685
0.01159
0.0115288
0.0114875
0.0114701
0.0114811
0.011526
0.0116107
0.0117409
0.0119223
0.0121599
0.0124578
0.0128192
0.0132463
0.0137401
0.0143012
0.0149294
0.0156246
0.0163869
0.0172169
0.0181167
0.0190895
0.0201412
0.0212824
0.0225342
0.023944
0.014521
0.0141059
0.0137466
0.0134331
0.0131577
0.0129146
0.0126991
0.0125078
0.0123375
0.0121857
0.0120506
0.0119308
0.0118253
0.0117342
0.0116582
0.011599
0.0115596
0.0115437
0.0115561
0.0116022
0.0116877
0.0118181
0.0119986
0.0122333
0.0125255
0.0128773
0.0132896
0.0137624
0.0142949
0.0148857
0.0155337
0.0162379
0.0169979
0.0178146
0.0186903
0.0196293
0.0206401
0.0217402
0.0229687
0.0145213
0.0141073
0.0137499
0.0134391
0.013167
0.0129275
0.0127158
0.012528
0.012361
0.0122123
0.0120799
0.0119623
0.0118588
0.0117691
0.0116941
0.0116356
0.0115964
0.0115804
0.0115924
0.0116375
0.0117212
0.0118487
0.0120246
0.0122524
0.0125346
0.0128724
0.0132658
0.0137137
0.0142146
0.0147664
0.015367
0.0160148
0.016709
0.0174494
0.0182376
0.0190767
0.0199735
0.0209419
0.0220142
0.0145214
0.0141077
0.0137509
0.0134409
0.0131698
0.0129314
0.0127208
0.0125341
0.0123681
0.0122203
0.0120885
0.0119714
0.011868
0.0117782
0.0117028
0.0116434
0.011603
0.0115853
0.0115949
0.0116369
0.0117164
0.0118383
0.0120066
0.0122242
0.012493
0.0128134
0.0131847
0.0136054
0.014073
0.014585
0.015139
0.0157329
0.0163651
0.0170352
0.0177439
0.0184934
0.0192886
0.0201406
0.0210753
0.0145213
0.0141073
0.0137499
0.0134391
0.013167
0.0129274
0.0127156
0.0125277
0.0123604
0.0122113
0.0120782
0.0119597
0.0118548
0.0117633
0.0116858
0.0116242
0.011581
0.01156
0.0115655
0.0116024
0.0116755
0.0117893
0.0119472
0.0121517
0.0124041
0.0127043
0.013051
0.0134423
0.0138753
0.0143471
0.014855
0.0153965
0.0159698
0.0165738
0.0172087
0.0178758
0.0185785
0.0193249
0.0201355
0.014521
0.0141059
0.0137466
0.0134331
0.0131576
0.0129144
0.0126988
0.0125072
0.0123363
0.0121837
0.0120473
0.0119255
0.0118173
0.0117225
0.0116417
0.0115763
0.0115289
0.0115031
0.0115029
0.0115328
0.0115974
0.0117006
0.0118456
0.0120343
0.0122675
0.0125447
0.0128644
0.0132241
0.013621
0.0140517
0.0145133
0.0150031
0.0155189
0.0160595
0.0166242
0.0172135
0.0178296
0.0184779
0.0191738
0.0145202
0.0141028
0.0137393
0.0134203
0.0131384
0.0128885
0.0126661
0.0124679
0.0122908
0.0121324
0.0119906
0.0118637
0.0117506
0.0116511
0.0115654
0.011495
0.0114422
0.0114101
0.0114027
0.011424
0.0114781
0.0115686
0.0116982
0.0118684
0.0120797
0.0123313
0.0126214
0.0129473
0.0133059
0.013694
0.0141084
0.0145462
0.015005
0.0154832
0.0159797
0.0164942
0.0170276
0.0175833
0.0181717
0.0145185
0.0140963
0.0137251
0.0133964
0.0131039
0.0128432
0.0126104
0.0124024
0.0122163
0.0120497
0.0119003
0.0117666
0.0116471
0.0115415
0.0114498
0.0113733
0.011314
0.0112746
0.0112587
0.0112699
0.0113119
0.0113877
0.0114998
0.0116491
0.011836
0.0120593
0.0123172
0.0126068
0.0129252
0.0132689
0.0136347
0.0140198
0.0144215
0.0148379
0.0152676
0.0157097
0.0161641
0.0166322
0.0171207
0.0145149
0.0140837
0.0136992
0.0133548
0.0130461
0.0127696
0.0125222
0.0123008
0.0121028
0.0119255
0.0117667
0.0116244
0.0114973
0.0113846
0.0112861
0.0112028
0.0111362
0.0110888
0.0110636
0.0110638
0.0110925
0.0111522
0.011245
0.0113717
0.011532
0.0117249
0.0119485
0.0121999
0.0124762
0.0127741
0.0130906
0.0134227
0.0137678
0.0141239
0.0144892
0.0148627
0.0152433
0.0156315
0.0160305
0.0145081
0.0140609
0.0136548
0.0132867
0.0129546
0.0126564
0.0123895
0.012151
0.0119381
0.011748
0.0115781
0.0114263
0.0112908
0.0111704
0.0110649
0.0109746
0.0109008
0.0108454
0.0108108
0.0107997
0.0108147
0.010858
0.0109308
0.0110339
0.0111669
0.0113285
0.011517
0.0117296
0.0119637
0.0122163
0.0124845
0.0127656
0.0130572
0.0133573
0.0136643
0.0139769
0.0142941
0.0146158
0.0149431
0.0144959
0.0140225
0.0135831
0.0131806
0.0128163
0.0124895
0.012198
0.0119388
0.0117086
0.0115041
0.0113223
0.0111606
0.0110168
0.0108893
0.0107775
0.0106812
0.0106013
0.010539
0.0104963
0.0104753
0.0104779
0.0105059
0.0105601
0.0106411
0.0107482
0.0108804
0.0110359
0.0112126
0.0114079
0.0116195
0.011845
0.0120821
0.0123289
0.012584
0.0128461
0.0131144
0.0133886
0.0136688
0.013956
0.0144766
0.0139614
0.0134723
0.0130214
0.0126142
0.0122512
0.0119302
0.0116474
0.0113987
0.0111798
0.010987
0.010817
0.010667
0.010535
0.0104197
0.0103206
0.0102378
0.0101724
0.0101255
0.0100987
0.0100935
0.010111
0.010152
0.0102167
0.0103046
0.0104148
0.0105459
0.0106962
0.0108639
0.0110473
0.0112449
0.0114552
0.0116773
0.0119107
0.012155
0.0124109
0.0126789
0.0129609
0.0132588
0.0144496
0.0138695
0.0133067
0.0127884
0.0123254
0.011919
0.0115653
0.0112591
0.0109943
0.0107651
0.0105666
0.0103943
0.0102447
0.0101152
0.010004
0.00991002
0.00983307
0.00977355
0.0097323
0.00971038
0.00970888
0.0097287
0.00977042
0.0098342
0.00991983
0.0100267
0.0101541
0.0103009
0.0104663
0.0106494
0.0108498
0.0110672
0.0113018
0.0115545
0.0118266
0.01212
0.0124373
0.0127822
0.013158
0.0144218
0.0137383
0.0130645
0.0124536
0.0119221
0.0114694
0.011088
0.0107682
0.0105007
0.0102769
0.0100896
0.00993307
0.00980261
0.00969489
0.00960761
0.00953946
0.00948994
0.00945922
0.00944789
0.0094568
0.00948684
0.00953878
0.0096132
0.00971037
0.00983031
0.00997281
0.0101375
0.0103241
0.0105323
0.0107619
0.0110134
0.0112874
0.0115852
0.0119089
0.0122614
0.0126462
0.0130677
0.013531
0.0140387
0.0144301
0.01357
0.0127257
0.0119963
0.0113989
0.0109227
0.0105496
0.010261
0.0100406
0.00987474
0.00975267
0.0096661
0.00960892
0.00957688
0.00956725
0.00957853
0.00961015
0.00966215
0.009735
0.00982932
0.00994572
0.0100847
0.0102464
0.0104309
0.010638
0.0108673
0.0111183
0.0113906
0.011684
0.0119984
0.0123345
0.0126932
0.0130767
0.0134877
0.0139304
0.0144102
0.0149329
0.0155049
0.0161237
0.0146772
0.013467
0.0123944
0.011588
0.0110268
0.0106647
0.010456
0.0103622
0.0103526
0.0104038
0.0104981
0.010623
0.0107697
0.0109326
0.0111083
0.011295
0.0114923
0.0117
0.0119185
0.0121483
0.0123896
0.0126424
0.0129068
0.0131824
0.0134687
0.0137654
0.0140718
0.0143876
0.0147127
0.0150474
0.0153923
0.0157487
0.016119
0.0165065
0.016916
0.0173543
0.0178288
0.0183465
0.018891
0.015695
0.0144021
0.0135509
0.0131331
0.0130409
0.0131813
0.013479
0.0138748
0.0143238
0.0147928
0.0152583
0.0157049
0.0161232
0.0165082
0.016858
0.017173
0.0174549
0.017706
0.0179291
0.0181273
0.0183034
0.0184603
0.0186003
0.0187259
0.0188391
0.0189416
0.019035
0.0191208
0.0192
0.0192739
0.0193435
0.0194099
0.0194748
0.0195401
0.0196092
0.0196877
0.0197828
0.0199127
0.020063
0.0247815
0.0292439
0.0305838
0.0305448
0.029984
0.0292837
0.0286021
0.0279954
0.0274756
0.0270353
0.0266601
0.0263335
0.0260393
0.0257627
0.0254909
0.0252133
0.0249212
0.0246085
0.0242709
0.0239062
0.0235136
0.0230939
0.0226486
0.0221802
0.0216912
0.0211847
0.0206632
0.0201292
0.0195845
0.0190307
0.0184682
0.0178969
0.0173158
0.0167228
0.016115
0.0154876
0.0148341
0.0141441
0.0134419
)
;

boundaryField
{
    frontandback
    {
        type            empty;
    }
    in1
    {
        type            turbulentIntensityKineticEnergyInlet;
        intensity       0.05;
        value           uniform 0.00375;
    }
    in2
    {
        type            turbulentIntensityKineticEnergyInlet;
        intensity       0.05;
        value           uniform 0.015;
    }
    out
    {
        type            zeroGradient;
    }
    walls
    {
        type            kqRWallFunction;
        value           nonuniform List<scalar> 
423
(
0.0299425
0.0299576
0.0299626
0.0300089
0.0300826
0.0301838
0.0303101
0.0304599
0.0306322
0.0308265
0.0310425
0.0312805
0.031541
0.0318249
0.0321329
0.0324662
0.0328257
0.0332127
0.0336276
0.0340707
0.0345408
0.0350348
0.0355471
0.0360697
0.0365934
0.0371107
0.0376195
0.038127
0.0386516
0.0392222
0.0398724
0.0406327
0.0415232
0.0425484
0.0436974
0.0449465
0.0462637
0.047613
0.0489578
0.0502632
0.0514969
0.0526304
0.0536389
0.0545018
0.0552028
0.0557298
0.0560749
0.0562341
0.0562075
0.0559985
0.0556138
0.0550624
0.0543558
0.0535067
0.0525291
0.051437
0.0502703
0.0490622
0.0478301
0.046588
0.0453482
0.0441209
0.0429144
0.0417353
0.0405888
0.0394785
0.0384073
0.0373768
0.0363878
0.0354406
0.0345349
0.0336699
0.0328445
0.0320576
0.0313075
0.0305927
0.0299116
0.0292624
0.0286434
0.0280529
0.0274892
0.0269508
0.0264359
0.0259431
0.0254709
0.025018
0.0245829
0.0241644
0.0237612
0.0233723
0.0229965
0.0226328
0.0222802
0.0219378
0.0216047
0.02128
0.0209631
0.0206531
0.0203493
0.0200512
0.0197583
0.0194406
0.0190983
0.0187321
0.0183436
0.017935
0.0175093
0.01707
0.0166215
0.0161684
0.0157156
0.0152682
0.0148308
0.0144079
0.0140031
0.0136195
0.0132594
0.0129242
0.0126145
0.0123306
0.0120718
0.0118372
0.0116256
0.0114355
0.0112654
0.0111136
0.0109786
0.0108587
0.0107527
0.0106491
0.0105473
0.0104467
0.0103468
0.0102473
0.0101477
0.0100476
0.00994675
0.0098448
0.0097415
0.00963663
0.00953001
0.0094215
0.00931102
0.00919852
0.009084
0.00896755
0.0088493
0.00872944
0.00860823
0.00848602
0.00836321
0.0082403
0.00811785
0.00799648
0.00787689
0.00775984
0.00764613
0.00753659
0.00743206
0.00733339
0.00724135
0.0071567
0.00708007
0.00701199
0.00695284
0.00690283
0.00686199
0.00683019
0.0068071
0.00679224
0.00678497
0.00678458
0.00679043
0.00680176
0.0068179
0.00683877
0.00686544
0.00690113
0.00695273
0.0070327
0.00716031
0.00736052
0.00765667
0.00805034
0.00846876
0.00861758
0.00760479
0.0246214
0.0249076
0.0252432
0.0256003
0.0259913
0.026417
0.0268811
0.027386
0.0279344
0.0285291
0.0291727
0.029868
0.030618
0.0314253
0.0322926
0.0332223
0.0342168
0.0352778
0.0364069
0.0376049
0.038872
0.0402076
0.0416099
0.0430762
0.0446023
0.0461827
0.0478102
0.0494764
0.0511708
0.0528818
0.0545963
0.0563005
0.05798
0.0596209
0.0612126
0.0627482
0.0642581
0.0665226
0.0689703
0.0712168
0.0732751
0.0751712
0.0769154
0.0784955
0.079936
0.0812538
0.0824446
0.0835122
0.0844616
0.0853016
0.0860444
0.0866999
0.0872754
0.0877773
0.0882111
0.0885814
0.0888918
0.0891457
0.0893453
0.0894918
0.0895867
0.0896336
0.0896382
0.0896057
0.0895401
0.0894444
0.0893218
0.0891744
0.0890036
0.0888109
0.0885977
0.0883657
0.0881165
0.0878523
0.0875754
0.0872892
0.0869987
0.0867128
0.0864535
0.0862273
0.0860206
0.0858265
0.0856416
0.0854656
0.0853013
0.0851548
0.0850362
0.0849588
0.0849411
0.0850108
0.0852162
0.0856425
0.0864288
0.0878186
0.0901983
0.094461
0.0985515
0.0993108
0.0661296
0.00508516
0.0045667
0.00369486
0.00310298
0.00279157
0.00257343
0.00236285
0.00220499
0.00203422
0.00185971
0.00177474
0.00186771
0.00199697
0.00214832
0.0023174
0.0025004
0.00269424
0.00289638
0.00310462
0.00331705
0.00353188
0.00374747
0.00396224
0.00417472
0.00438348
0.00458719
0.00478461
0.00497461
0.00515617
0.00532842
0.00549064
0.00564228
0.00578295
0.00591246
0.0060308
0.00613814
0.00623482
0.00632138
0.00639847
0.00646689
0.00652754
0.00658137
0.00662936
0.00667246
0.00671162
0.00674777
0.00678193
0.00681551
0.00685087
0.0068923
0.00694758
0.0070298
0.00715875
0.00735972
0.00765629
0.00805017
0.00846869
0.00861756
0.00760479
0.0247815
0.029244
0.0305841
0.0305459
0.0299868
0.0292903
0.0286163
0.0280238
0.0275288
0.0271297
0.0268189
0.0265882
0.0264305
0.0263326
0.0262865
0.0262921
0.0263476
0.0264499
0.0265951
0.0267786
0.0269956
0.0272411
0.02751
0.0277971
0.0280978
0.0284076
0.0287224
0.0290385
0.0293526
0.0296617
0.0299626
0.0302521
0.0305262
0.0307797
0.0310047
0.0311878
0.031315
0.0313407
0.0313326
0.0247815
0.0292439
0.0305838
0.0305448
0.029984
0.0292837
0.0286021
0.0279954
0.0274756
0.0270353
0.0266601
0.0263335
0.0260393
0.0257627
0.0254909
0.0252133
0.0249212
0.0246085
0.0242709
0.0239062
0.0235136
0.0230939
0.0226486
0.0221802
0.0216912
0.0211847
0.0206632
0.0201292
0.0195845
0.0190307
0.0184682
0.0178969
0.0173158
0.0167228
0.016115
0.0154876
0.0148341
0.0141441
0.0134419
)
;
    }
}


// ************************************************************************* //
