/*--------------------------------*- C++ -*----------------------------------*\
| =========                 |                                                 |
| \\      /  F ield         | OpenFOAM: The Open Source CFD Toolbox           |
|  \\    /   O peration     | Version:  2406                                  |
|   \\  /    A nd           | Website:  www.openfoam.com                      |
|    \\/     M anipulation  |                                                 |
\*---------------------------------------------------------------------------*/
FoamFile
{
    version     2.0;
    format      ascii;
    arch        "LSB;label=32;scalar=64";
    class       volScalarField;
    location    "1083";
    object      nut;
}
// * * * * * * * * * * * * * * * * * * * * * * * * * * * * * * * * * * * * * //

dimensions      [0 2 -1 0 0 0 0];

internalField   nonuniform List<scalar> 
5619
(
3.88385e-05
3.88513e-05
3.88572e-05
3.88901e-05
3.89409e-05
3.90095e-05
3.90942e-05
3.9194e-05
3.9308e-05
3.94357e-05
3.95769e-05
3.97316e-05
3.98999e-05
4.00823e-05
4.02789e-05
4.04904e-05
4.0717e-05
4.09592e-05
4.12171e-05
4.14904e-05
4.1778e-05
4.20779e-05
4.23862e-05
4.2698e-05
4.30079e-05
4.33113e-05
4.36071e-05
4.38997e-05
4.41997e-05
4.45232e-05
4.48886e-05
4.53119e-05
4.58024e-05
4.63605e-05
4.69779e-05
4.76399e-05
4.83281e-05
4.90231e-05
4.9706e-05
5.036e-05
5.09703e-05
5.15246e-05
5.20128e-05
5.24268e-05
5.27606e-05
5.30099e-05
5.31723e-05
5.32465e-05
5.32331e-05
5.31334e-05
5.29502e-05
5.26869e-05
5.23477e-05
5.19373e-05
5.14609e-05
5.09235e-05
5.03431e-05
4.9735e-05
4.9107e-05
4.84658e-05
4.7817e-05
4.7166e-05
4.65171e-05
4.5874e-05
4.52399e-05
4.46172e-05
4.40081e-05
4.34139e-05
4.2836e-05
4.2275e-05
4.17315e-05
4.12058e-05
4.06978e-05
4.02074e-05
3.97344e-05
3.92783e-05
3.88386e-05
3.84149e-05
3.80065e-05
3.76128e-05
3.7233e-05
3.68666e-05
3.65128e-05
3.61709e-05
3.58402e-05
3.55201e-05
3.52099e-05
3.49089e-05
3.46165e-05
3.4332e-05
3.40549e-05
3.37846e-05
3.35204e-05
3.32618e-05
3.30083e-05
3.27594e-05
3.25145e-05
3.22732e-05
3.2035e-05
3.17994e-05
3.15663e-05
3.13115e-05
3.10347e-05
3.07357e-05
3.04153e-05
3.00747e-05
2.97156e-05
2.93405e-05
2.89524e-05
2.85551e-05
2.81525e-05
2.77488e-05
2.73485e-05
2.69557e-05
2.65744e-05
2.62079e-05
2.5859e-05
2.553e-05
2.52224e-05
2.49368e-05
2.46737e-05
2.44328e-05
2.42134e-05
2.40147e-05
2.38354e-05
2.36743e-05
2.353e-05
2.34012e-05
2.32867e-05
2.31742e-05
2.30632e-05
2.29529e-05
2.2843e-05
2.27328e-05
2.26221e-05
2.25102e-05
2.2397e-05
2.22819e-05
2.21647e-05
2.2045e-05
2.19227e-05
2.17976e-05
2.16694e-05
2.15381e-05
2.14036e-05
2.12659e-05
2.11252e-05
2.09817e-05
2.08355e-05
2.06871e-05
2.05368e-05
2.03854e-05
2.02333e-05
2.00815e-05
1.99307e-05
1.97821e-05
1.96366e-05
1.94955e-05
1.93598e-05
1.92308e-05
1.91098e-05
1.89977e-05
1.88957e-05
1.88047e-05
1.87252e-05
1.86577e-05
1.86024e-05
1.85593e-05
1.85279e-05
1.85076e-05
1.84977e-05
1.84972e-05
1.85052e-05
1.85206e-05
1.85426e-05
1.85709e-05
1.86071e-05
1.86554e-05
1.8725e-05
1.88324e-05
1.90025e-05
1.92663e-05
1.96501e-05
2.01489e-05
2.06659e-05
2.08467e-05
1.95834e-05
0.000117771
0.000117556
0.000117389
0.000117251
0.000117227
0.000117291
0.000117434
0.000117637
0.000117883
0.000118153
0.000118432
0.000118703
0.000118953
0.000119164
0.000119321
0.000119406
0.0001194
0.000119283
0.000119035
0.000118636
0.000118068
0.000117307
0.000116318
0.000115047
0.000113411
0.000111304
0.000108606
0.000105215
0.000101073
9.62064e-05
9.07331e-05
8.48535e-05
7.88156e-05
7.28682e-05
6.72212e-05
6.20225e-05
5.73532e-05
5.32384e-05
4.96628e-05
4.65871e-05
4.39604e-05
4.17293e-05
3.9843e-05
3.82557e-05
3.69278e-05
3.58253e-05
3.49196e-05
3.41861e-05
3.36037e-05
3.3153e-05
3.28162e-05
3.25751e-05
3.24109e-05
3.23038e-05
3.21909e-05
3.20327e-05
3.18601e-05
3.16962e-05
3.15316e-05
3.13591e-05
3.11733e-05
3.09707e-05
3.07495e-05
3.05093e-05
3.02512e-05
2.99771e-05
2.96899e-05
2.93929e-05
2.90899e-05
2.87846e-05
2.84805e-05
2.81812e-05
2.78896e-05
2.76083e-05
2.73395e-05
2.70849e-05
2.68458e-05
2.6623e-05
2.64169e-05
2.62277e-05
2.60555e-05
2.58997e-05
2.57601e-05
2.5636e-05
2.55268e-05
2.54318e-05
2.53502e-05
2.52814e-05
2.52246e-05
2.51792e-05
2.51445e-05
2.51199e-05
2.5105e-05
2.50991e-05
2.5102e-05
2.51131e-05
2.51322e-05
2.51591e-05
2.51935e-05
2.5235e-05
2.52837e-05
2.53457e-05
2.54233e-05
2.55197e-05
2.56379e-05
2.57808e-05
2.59515e-05
2.61524e-05
2.63854e-05
2.66513e-05
2.69501e-05
2.72801e-05
2.76387e-05
2.80218e-05
2.84242e-05
2.88402e-05
2.92634e-05
2.96876e-05
3.01066e-05
3.05151e-05
3.09083e-05
3.12826e-05
3.16352e-05
3.19642e-05
3.22685e-05
3.25479e-05
3.28027e-05
3.30335e-05
3.32415e-05
3.34489e-05
3.36565e-05
3.38655e-05
3.40768e-05
3.42912e-05
3.45097e-05
3.47333e-05
3.49628e-05
3.5199e-05
3.54429e-05
3.56953e-05
3.59568e-05
3.62281e-05
3.651e-05
3.68028e-05
3.7107e-05
3.74227e-05
3.77501e-05
3.8089e-05
3.84388e-05
3.8799e-05
3.91682e-05
3.95452e-05
3.99279e-05
4.03139e-05
4.07003e-05
4.10836e-05
4.14598e-05
4.18245e-05
4.21727e-05
4.24989e-05
4.27976e-05
4.30629e-05
4.32888e-05
4.34694e-05
4.35988e-05
4.36713e-05
4.3681e-05
4.36219e-05
4.3487e-05
4.32682e-05
4.29544e-05
4.2531e-05
4.20043e-05
4.13788e-05
4.06164e-05
3.96689e-05
3.84753e-05
3.69653e-05
3.50721e-05
3.27608e-05
3.00766e-05
2.72042e-05
2.4511e-05
2.25528e-05
2.21282e-05
2.48023e-05
3.63038e-05
0.000193656
0.000192248
0.000190834
0.000189488
0.000188281
0.000187159
0.000186076
0.000184974
0.000183797
0.000182492
0.00018101
0.000179308
0.000177347
0.000175092
0.000172515
0.000169585
0.000166275
0.000162552
0.000158381
0.000153724
0.000148553
0.000142853
0.000136639
0.000129969
0.000122951
0.000115748
0.000108567
0.000101641
9.52052e-05
8.94707e-05
8.46007e-05
8.06987e-05
7.78079e-05
7.5921e-05
7.49964e-05
7.49754e-05
7.57963e-05
7.74032e-05
7.97508e-05
8.28052e-05
8.65427e-05
9.09463e-05
9.60024e-05
0.000101695
0.000108002
0.000114887
0.000122293
0.000130138
0.000138305
0.000146639
0.000154944
0.000162987
0.000170354
0.000176522
0.000182271
0.000187596
0.000192483
0.000196894
0.000200768
0.000204052
0.000206702
0.000208686
0.000209986
0.000210595
0.000210521
0.000209784
0.000208415
0.000206456
0.000203956
0.000200971
0.000197563
0.000193792
0.000189723
0.000185416
0.00018093
0.00017632
0.000171636
0.000166922
0.000162218
0.000157557
0.000152968
0.000148473
0.00014409
0.000139834
0.000135713
0.000131735
0.000127903
0.000124219
0.000120683
0.000117291
0.00011404
0.000110927
0.000107945
0.000105091
0.000102358
9.97399e-05
9.72315e-05
9.48271e-05
9.25219e-05
9.03079e-05
8.81804e-05
8.59284e-05
8.35633e-05
8.11109e-05
7.86014e-05
7.60706e-05
7.35582e-05
7.11056e-05
6.87531e-05
6.65372e-05
6.44885e-05
6.26293e-05
6.09729e-05
5.95237e-05
5.82778e-05
5.72245e-05
5.63485e-05
5.56311e-05
5.50523e-05
5.45921e-05
5.42314e-05
5.39527e-05
5.37405e-05
5.35815e-05
5.34644e-05
5.33799e-05
5.33206e-05
5.32799e-05
5.32535e-05
5.3236e-05
5.32263e-05
5.32244e-05
5.323e-05
5.32429e-05
5.32632e-05
5.32911e-05
5.33268e-05
5.33705e-05
5.34229e-05
5.34841e-05
5.35549e-05
5.36357e-05
5.37271e-05
5.38296e-05
5.39435e-05
5.40693e-05
5.42072e-05
5.43571e-05
5.45188e-05
5.46915e-05
5.48743e-05
5.50655e-05
5.52629e-05
5.54635e-05
5.56635e-05
5.58583e-05
5.60422e-05
5.62086e-05
5.63499e-05
5.64576e-05
5.65221e-05
5.65334e-05
5.6481e-05
5.63539e-05
5.61413e-05
5.58328e-05
5.54182e-05
5.48884e-05
5.42353e-05
5.3452e-05
5.25339e-05
5.14802e-05
5.03499e-05
4.91447e-05
4.78738e-05
4.65606e-05
4.52509e-05
4.40228e-05
4.30011e-05
4.23723e-05
4.24011e-05
4.34522e-05
4.60463e-05
5.10419e-05
6.02112e-05
7.81215e-05
0.000121797
0.000272231
0.000267288
0.00026239
0.00025769
0.000253223
0.000248886
0.000244583
0.000240211
0.000235676
0.000230897
0.000225809
0.000220361
0.000214521
0.00020827
0.000201618
0.000194599
0.000187286
0.000179789
0.000172263
0.000164898
0.000157913
0.000151541
0.000146016
0.000141551
0.000138336
0.000136518
0.000136205
0.000137457
0.000140297
0.00014471
0.000150655
0.000158075
0.000166908
0.000177094
0.000188584
0.000201337
0.00021532
0.000230498
0.00024683
0.00026426
0.000282705
0.00030205
0.000322146
0.000342798
0.000363776
0.000384813
0.000405619
0.000425894
0.000445343
0.000463699
0.000480737
0.00049609
0.000509803
0.000522494
0.000534255
0.000545032
0.000554766
0.000563396
0.000570864
0.000577126
0.000582148
0.000585909
0.000588405
0.00058964
0.000589635
0.000588423
0.000586048
0.000582565
0.000578039
0.00057254
0.000566147
0.000558941
0.000551007
0.00054243
0.000533294
0.000523682
0.000513675
0.000503347
0.000492769
0.000482007
0.00047112
0.000460163
0.000449184
0.000438223
0.000427317
0.000416497
0.000405789
0.000395212
0.000384785
0.000374519
0.000364424
0.000354506
0.00034477
0.000335215
0.000325843
0.000316652
0.000307638
0.000298799
0.000290136
0.000281627
0.000273251
0.000264222
0.000254516
0.000244194
0.00023334
0.000222073
0.000210542
0.000198921
0.0001874
0.000176174
0.000165426
0.000155313
0.000145958
0.000137443
0.000129803
0.000123038
0.000117112
0.000111971
0.000107541
0.000103747
0.00010051
9.77561e-05
9.5417e-05
9.34316e-05
9.17463e-05
9.03151e-05
8.90991e-05
8.80629e-05
8.71782e-05
8.63411e-05
8.55419e-05
8.4776e-05
8.40383e-05
8.33249e-05
8.26325e-05
8.19584e-05
8.13003e-05
8.06567e-05
8.00263e-05
7.94084e-05
7.88026e-05
7.8209e-05
7.7628e-05
7.70603e-05
7.65068e-05
7.59688e-05
7.54474e-05
7.49442e-05
7.44605e-05
7.39976e-05
7.35566e-05
7.31382e-05
7.27429e-05
7.23704e-05
7.20199e-05
7.169e-05
7.13783e-05
7.1082e-05
7.07974e-05
7.05205e-05
7.0247e-05
6.99731e-05
6.96953e-05
6.94117e-05
6.91223e-05
6.883e-05
6.85408e-05
6.82653e-05
6.8019e-05
6.78229e-05
6.77043e-05
6.7739e-05
6.80192e-05
6.86065e-05
6.95856e-05
7.10666e-05
7.31904e-05
7.61343e-05
8.01165e-05
8.54038e-05
9.23288e-05
0.000101343
0.000113168
0.000129181
0.000152363
0.000189886
0.000263035
0.000356094
0.000342536
0.000329735
0.000317965
0.000307238
0.000297383
0.000288227
0.000279599
0.000271372
0.000263468
0.000255872
0.000248626
0.000241823
0.000235602
0.00023013
0.000225593
0.000222182
0.00022008
0.000219447
0.000220416
0.000223087
0.000227523
0.000233749
0.000241755
0.000251501
0.000262918
0.000275914
0.000290383
0.000306212
0.000323287
0.0003415
0.000360749
0.000380936
0.000401963
0.000423719
0.000446079
0.000468898
0.000492006
0.000515216
0.000538324
0.000561122
0.000583406
0.000604985
0.000625696
0.000645406
0.000664019
0.000681475
0.000697751
0.000712852
0.000726805
0.000739653
0.000751489
0.000762732
0.000773431
0.000783579
0.000793152
0.000802116
0.000810434
0.000818063
0.000824959
0.000831079
0.000836382
0.000840829
0.000844388
0.000847034
0.000848748
0.000849522
0.000849354
0.000848251
0.000846232
0.000843319
0.000839545
0.000834947
0.000829568
0.000823456
0.000816659
0.00080923
0.000801222
0.000792686
0.000783674
0.000774237
0.000764422
0.000754273
0.000743834
0.000733142
0.000722232
0.000711137
0.000699885
0.000688499
0.000677001
0.000665409
0.000653739
0.000642001
0.000630207
0.000618363
0.000606475
0.000594545
0.000582578
0.000570584
0.000558531
0.000546346
0.000532972
0.000518249
0.000502167
0.000484752
0.000466087
0.000446319
0.000425657
0.000404376
0.000382803
0.0003613
0.000340239
0.000319972
0.000300806
0.000282977
0.000266647
0.000251892
0.00023872
0.000227079
0.000216876
0.000207991
0.000200293
0.000193647
0.000187924
0.000183003
0.000178775
0.000175146
0.000172025
0.000169334
0.000166773
0.000164312
0.000161934
0.000159627
0.000157379
0.000155181
0.000153022
0.000150899
0.000148803
0.000146733
0.000144686
0.000142659
0.000140653
0.00013867
0.00013671
0.000134778
0.000132879
0.000131016
0.000129197
0.000127428
0.000125718
0.000124073
0.000122504
0.000121018
0.000119626
0.000118335
0.000117156
0.000116098
0.000115171
0.000114384
0.000113747
0.000113271
0.000112968
0.00011285
0.000112932
0.000113229
0.00011376
0.000114546
0.000115611
0.00011698
0.000118684
0.000120757
0.000123298
0.000126511
0.000130416
0.000135089
0.000140624
0.000147132
0.000154745
0.000163635
0.000174032
0.000186278
0.000200923
0.000218902
0.000241842
0.000272641
0.000316374
0.000381118
0.000507729
0.000475741
0.000445855
0.000419101
0.000395975
0.000376518
0.000360603
0.000347969
0.000338316
0.000331361
0.000326867
0.00032465
0.000324561
0.000326479
0.000330293
0.000335892
0.000343156
0.000351961
0.000362177
0.000373669
0.000386307
0.000399969
0.000414537
0.000429901
0.00044596
0.000462616
0.00047977
0.000497329
0.000515192
0.000533259
0.000551422
0.000569569
0.000587579
0.000605327
0.000622689
0.000639543
0.000655777
0.000671301
0.000686042
0.00069996
0.000713037
0.000725286
0.000736739
0.000747446
0.000757468
0.00076687
0.000775714
0.000784057
0.000791946
0.000799417
0.00080658
0.000813842
0.000821259
0.00082884
0.000836583
0.000844473
0.000852485
0.000860585
0.00086873
0.00087687
0.000884949
0.000892905
0.000900672
0.000908185
0.000915375
0.000922178
0.00092853
0.000934373
0.000939654
0.000944327
0.000948352
0.000951698
0.000954342
0.000956269
0.00095747
0.000957945
0.0009577
0.000956747
0.000955101
0.000952783
0.000949816
0.000946226
0.000942041
0.000937288
0.000931996
0.000926192
0.000919904
0.000913156
0.000905972
0.000898375
0.000890384
0.000882018
0.000873291
0.000864218
0.000854809
0.000845073
0.000835017
0.000824648
0.000813983
0.000802981
0.00079153
0.000778712
0.000764264
0.000748067
0.000730035
0.000710136
0.000688406
0.000664963
0.000640023
0.000613899
0.000586994
0.000559779
0.000532758
0.000506425
0.000481227
0.000457524
0.000435577
0.000415539
0.000397465
0.000381328
0.000367043
0.000354483
0.000343498
0.000333931
0.000325623
0.000318425
0.000312203
0.000306814
0.00030213
0.000297669
0.000293362
0.000289185
0.000285114
0.000281131
0.000277218
0.000273362
0.000269553
0.00026578
0.000262037
0.000258321
0.000254629
0.000250962
0.000247322
0.000243715
0.000240146
0.000236626
0.000233165
0.000229776
0.000226474
0.000223276
0.000220198
0.00021726
0.000214481
0.000211881
0.000209481
0.0002073
0.00020536
0.00020368
0.00020228
0.000201178
0.000200394
0.000199944
0.000199847
0.000200119
0.000200777
0.000201837
0.000203315
0.000205228
0.000207594
0.000210433
0.00021377
0.000217636
0.000222223
0.000227572
0.000233692
0.000240637
0.000248487
0.000257352
0.000267391
0.00027883
0.000291989
0.000307329
0.000325489
0.000347317
0.000373771
0.000405362
0.000440263
0.00086116
0.000806122
0.000751679
0.000699719
0.000652028
0.000609848
0.000574109
0.00054522
0.0005231
0.000507277
0.000497024
0.000491508
0.000489895
0.000491417
0.000495409
0.00050132
0.000508701
0.000517197
0.000526528
0.000536477
0.000546869
0.000557563
0.000568443
0.000579406
0.000590358
0.000601212
0.000611884
0.000622291
0.000632354
0.000642
0.00065116
0.000659777
0.000667802
0.000675206
0.000681971
0.000688101
0.000693613
0.000698544
0.00070294
0.000706857
0.000710357
0.000713503
0.000716355
0.000718967
0.00072139
0.000723663
0.00072582
0.000727885
0.000729875
0.0007318
0.000733867
0.000736298
0.000739118
0.000742346
0.000745996
0.000750081
0.000754612
0.000759593
0.000765028
0.000770914
0.000777241
0.000783998
0.000791161
0.000798703
0.000806589
0.000814775
0.000823214
0.000831849
0.000840621
0.000849466
0.000858317
0.000867106
0.000875769
0.000884238
0.000892453
0.000900357
0.000907895
0.000915023
0.000921698
0.000927885
0.000933556
0.000938686
0.000943259
0.00094726
0.00095068
0.000953514
0.00095576
0.000957417
0.000958488
0.000958974
0.000958879
0.000958208
0.000956963
0.000955148
0.000952766
0.000949816
0.000946297
0.000942211
0.000937567
0.000932318
0.000926363
0.000919273
0.000910735
0.00090051
0.00088835
0.00087403
0.000857363
0.000838237
0.00081665
0.000792733
0.00076678
0.00073924
0.000710693
0.0006818
0.000653239
0.000625631
0.000599488
0.00057518
0.000552931
0.000532832
0.000514869
0.000498952
0.000484942
0.000472674
0.000461974
0.000452668
0.0004446
0.000437593
0.00043147
0.000425652
0.000420034
0.00041458
0.000409259
0.000404047
0.000398921
0.000393866
0.000388866
0.00038391
0.000378991
0.000374102
0.000369243
0.000364413
0.000359617
0.000354862
0.000350158
0.000345516
0.000340953
0.000336486
0.000332136
0.000327925
0.000323875
0.000320013
0.000316363
0.00031295
0.000309801
0.000306939
0.000304387
0.000302166
0.000300295
0.000298792
0.000297671
0.000296944
0.000296623
0.000296715
0.000297229
0.00029817
0.000299545
0.000301358
0.000303617
0.000306331
0.000309511
0.000313173
0.00031734
0.000322162
0.000327623
0.000333746
0.000340583
0.000348202
0.000356693
0.000366168
0.000376752
0.000388578
0.000401737
0.000416199
0.000431635
0.000447095
0.000460657
0.00137084
0.00130271
0.00123214
0.00116008
0.00108805
0.00101756
0.000950288
0.000887878
0.000831727
0.000782837
0.000741706
0.000708314
0.000682196
0.000662571
0.000648491
0.000638972
0.000633082
0.000629997
0.000629019
0.000629581
0.000631226
0.000633598
0.000636416
0.000639464
0.000642572
0.000645611
0.000648481
0.000651105
0.000653427
0.00065541
0.000657029
0.000658277
0.000659155
0.000659677
0.000659865
0.00065975
0.000659365
0.00065875
0.000657944
0.000656985
0.000655909
0.000654751
0.00065354
0.000652303
0.000651061
0.000649831
0.000648628
0.00064746
0.000646336
0.000645258
0.00064422
0.000643208
0.00064222
0.000641263
0.000640351
0.000639504
0.000638746
0.000638108
0.000637629
0.000637349
0.000637314
0.000637572
0.000638171
0.000639161
0.000640588
0.000642496
0.000644922
0.000647897
0.000651446
0.000655582
0.000660312
0.00066563
0.000671524
0.000677969
0.000684935
0.000692383
0.000700266
0.000708534
0.000717133
0.000726006
0.000735095
0.000744342
0.000753689
0.000763082
0.000772467
0.000781793
0.000791015
0.000800088
0.000808971
0.000817627
0.000826021
0.000834121
0.000841895
0.000849315
0.000856353
0.000862981
0.00086917
0.000874896
0.000880139
0.000884832
0.000888938
0.000892884
0.000896423
0.000899265
0.000901027
0.000901256
0.000899439
0.000895039
0.00088755
0.000876566
0.000861865
0.000843485
0.000821765
0.000797342
0.000771079
0.000743953
0.000716921
0.000690804
0.000666219
0.000643563
0.000623032
0.000604665
0.000588396
0.000574089
0.000561575
0.000550672
0.000541209
0.000532986
0.000525786
0.000518967
0.000512396
0.000506024
0.000499813
0.000493735
0.000487765
0.000481883
0.000476073
0.000470322
0.000464621
0.000458966
0.000453353
0.000447786
0.00044227
0.000436812
0.000431426
0.000426127
0.000420934
0.000415867
0.000410951
0.00040621
0.000401672
0.000397363
0.000393312
0.000389545
0.000386086
0.000382959
0.000380183
0.000377774
0.000375744
0.000374103
0.000372854
0.000371999
0.000371534
0.000371455
0.000371756
0.000372429
0.000373466
0.000374859
0.000376603
0.000378693
0.000381128
0.000383908
0.000387036
0.000390519
0.000394445
0.000398782
0.000403538
0.00040872
0.000414335
0.00042038
0.000426833
0.00043364
0.000440688
0.000447784
0.00045462
0.00046078
0.000465842
0.00186949
0.00179892
0.00172526
0.00164843
0.00156895
0.00148745
0.0014048
0.00132209
0.00124056
0.00116161
0.00108667
0.00101709
0.000954012
0.000898205
0.000850031
0.000809436
0.000776005
0.000749057
0.000727762
0.000711233
0.000698614
0.000689125
0.000682093
0.000676956
0.000673256
0.000670634
0.000668808
0.000667564
0.000666738
0.000666211
0.000665893
0.000665721
0.000665648
0.000665642
0.000665681
0.000665749
0.000665834
0.000665924
0.00066601
0.000666081
0.000666126
0.00066613
0.000666079
0.000665957
0.000665745
0.000665425
0.00066498
0.000664391
0.000663641
0.000662715
0.000661542
0.000659932
0.000657854
0.000655292
0.000652234
0.000648673
0.000644612
0.000640059
0.000635033
0.000629559
0.000623673
0.000617421
0.000610856
0.000604043
0.000597053
0.000589965
0.000582863
0.000575837
0.000568977
0.000562375
0.00055612
0.000550299
0.000544992
0.000540272
0.000536204
0.000532843
0.000530234
0.000528413
0.000527402
0.000527215
0.000527857
0.000529323
0.000531599
0.000534668
0.000538503
0.000543075
0.000548352
0.000554298
0.000560876
0.000568048
0.000575777
0.000584026
0.000592757
0.000601935
0.000611524
0.00062149
0.000631797
0.000642413
0.00065331
0.000664424
0.000675772
0.000688528
0.000702756
0.000718439
0.000735428
0.00075342
0.000771912
0.000790165
0.0008072
0.00082184
0.000832809
0.000838913
0.000839262
0.000833475
0.000821811
0.00080515
0.000784822
0.000762337
0.000739125
0.000716338
0.000694785
0.000674943
0.000657029
0.000641078
0.00062701
0.00061469
0.000603959
0.000594618
0.000586426
0.000578686
0.000571246
0.000564041
0.000557026
0.000550171
0.000543448
0.000536835
0.000530316
0.000523876
0.000517507
0.000511204
0.000504965
0.000498794
0.000492697
0.000486686
0.000480775
0.000474981
0.000469326
0.000463834
0.00045853
0.000453442
0.000448598
0.000444026
0.000439755
0.000435808
0.000432209
0.000428976
0.000426124
0.000423661
0.00042159
0.000419909
0.000418611
0.000417682
0.000417108
0.000416867
0.000416941
0.000417306
0.000417942
0.000418831
0.000419954
0.000421296
0.000422846
0.000424594
0.000426531
0.000428651
0.00043095
0.000433456
0.000436143
0.000438996
0.000441998
0.000445124
0.000448342
0.000451609
0.000454872
0.000458068
0.00046114
0.000464056
0.000466849
0.00235442
0.00229421
0.00223191
0.00216661
0.00209802
0.0020261
0.0019509
0.00187258
0.0017914
0.00170776
0.00162224
0.00153569
0.00144914
0.00136389
0.00128131
0.00120283
0.00112973
0.00106303
0.00100343
0.000951256
0.00090648
0.000868775
0.000837595
0.00081226
0.000792035
0.000776185
0.000764023
0.000754932
0.000748373
0.000743892
0.000741109
0.000739709
0.000739433
0.000740069
0.00074144
0.000743396
0.000745811
0.000748574
0.000751587
0.00075476
0.000758012
0.000761268
0.000764456
0.00076751
0.000770365
0.000772964
0.00077525
0.000777173
0.000778686
0.000779747
0.000780453
0.00078069
0.000780413
0.000779587
0.000778176
0.000776142
0.000773445
0.000770039
0.000765883
0.000760934
0.000755153
0.000748506
0.000740968
0.00073252
0.000723157
0.000712888
0.000701735
0.000689737
0.00067695
0.000663447
0.000649317
0.000634664
0.000619605
0.000604268
0.000588788
0.000573305
0.000557959
0.000542887
0.00052822
0.000514083
0.000500585
0.000487827
0.000475893
0.000464854
0.000454764
0.000445667
0.000437592
0.000430557
0.000424571
0.000419634
0.00041574
0.00041288
0.00041104
0.000410208
0.00041037
0.000411512
0.000413625
0.000416703
0.000420747
0.000425739
0.000431702
0.000439448
0.000449355
0.000461875
0.000477469
0.000496583
0.000519581
0.000546643
0.00057764
0.000611973
0.000648427
0.000685104
0.000719506
0.000748868
0.000770705
0.000783422
0.000786731
0.000781659
0.00077015
0.000754479
0.000736732
0.000718513
0.000700889
0.000684475
0.000669561
0.00065623
0.000644454
0.000634104
0.000624966
0.000616323
0.000608007
0.000599944
0.000592088
0.000584406
0.000576872
0.000569464
0.000562166
0.000554966
0.000547855
0.000540831
0.000533893
0.000527048
0.000520304
0.000513674
0.000507177
0.000500832
0.000494663
0.000488696
0.000482961
0.000477485
0.000472298
0.000467429
0.000462903
0.000458745
0.000454974
0.000451603
0.000448641
0.000446089
0.000443942
0.000442188
0.000440808
0.00043978
0.000439075
0.000438664
0.000438514
0.000438596
0.000438881
0.00043934
0.000439953
0.000440699
0.000441562
0.000442532
0.000443598
0.000444754
0.000445994
0.000447315
0.000448722
0.000450207
0.000451763
0.000453386
0.000455072
0.00045682
0.000458633
0.000460523
0.000462515
0.000464652
0.000467002
0.0028172
0.00277522
0.00273267
0.00268822
0.00264109
0.00259102
0.0025378
0.00248124
0.0024212
0.00235753
0.00229016
0.00221903
0.0021442
0.00206581
0.00198418
0.00189979
0.00181339
0.00172592
0.00163856
0.00155259
0.00146935
0.00139011
0.00131596
0.00124775
0.00118602
0.00113105
0.00108284
0.00104116
0.00100562
0.000975724
0.000950923
0.000930648
0.000914342
0.000901485
0.000891596
0.000884243
0.000879042
0.00087565
0.000873765
0.000873122
0.000873483
0.000874638
0.000876401
0.000878606
0.000881105
0.000883766
0.000886473
0.000889123
0.000891624
0.000893896
0.000895868
0.000897864
0.000899846
0.000901804
0.000903731
0.000905612
0.000907418
0.000909109
0.000910629
0.00091191
0.000912869
0.000913408
0.000913416
0.000912771
0.000911343
0.000908993
0.000905582
0.000900971
0.00089503
0.000887637
0.000878688
0.000868103
0.000855827
0.000841835
0.000826138
0.000808785
0.000789859
0.000769481
0.000747807
0.000725021
0.000701333
0.000676972
0.000652175
0.000627188
0.000602248
0.000577585
0.000553412
0.000529921
0.00050728
0.00048563
0.000465088
0.00044574
0.000427652
0.000410866
0.000395407
0.000381284
0.000368493
0.000357027
0.000346876
0.000338009
0.000330381
0.000323455
0.000317584
0.000313297
0.000311223
0.000312095
0.000316749
0.000326113
0.000341175
0.000362915
0.000392159
0.000429327
0.000474039
0.00052466
0.000577989
0.000629427
0.000673915
0.000707402
0.000728104
0.000736773
0.000735936
0.0007287
0.000717838
0.000705386
0.000692652
0.000680393
0.00066901
0.000658649
0.00064927
0.000640273
0.000631516
0.000622935
0.000614497
0.00060618
0.000597969
0.000589853
0.000581823
0.000573874
0.000566005
0.000558219
0.000550523
0.000542928
0.000535449
0.000528105
0.000520919
0.000513918
0.00050713
0.000500585
0.000494317
0.000488355
0.000482733
0.000477479
0.00047262
0.000468176
0.000464165
0.000460596
0.000457472
0.000454788
0.000452531
0.000450681
0.000449212
0.000448093
0.000447286
0.000446757
0.000446465
0.000446376
0.000446456
0.000446676
0.000447012
0.000447443
0.000447955
0.000448538
0.000449184
0.000449889
0.000450654
0.000451478
0.000452364
0.000453318
0.000454346
0.000455454
0.000456654
0.00045796
0.00045939
0.000460972
0.00046274
0.000464736
0.000467019
0.00320577
0.00318426
0.00316349
0.00314224
0.00311944
0.00309483
0.00306813
0.00303911
0.00300752
0.00297308
0.00293553
0.00289463
0.00285013
0.00280183
0.00274958
0.00269326
0.00263281
0.00256824
0.00249966
0.00242727
0.00235137
0.00227244
0.00219109
0.00210807
0.00202424
0.0019405
0.0018578
0.001777
0.00169888
0.00162407
0.00155308
0.00148624
0.00142376
0.00136574
0.00131218
0.00126303
0.00121819
0.00117756
0.00114098
0.00110833
0.00107943
0.00105413
0.00103223
0.00101353
0.000997771
0.000984712
0.000974074
0.000965571
0.000958915
0.00095382
0.000950016
0.000947365
0.000945639
0.000944606
0.000944239
0.000944589
0.000945715
0.000947677
0.000950527
0.000954302
0.000959021
0.000964684
0.000971267
0.000978722
0.00098697
0.000995903
0.00100538
0.00101523
0.00102523
0.00103514
0.00104468
0.00105354
0.00106138
0.00106784
0.00107256
0.00107519
0.00107535
0.00107274
0.00106708
0.00105813
0.00104574
0.00102983
0.00101043
0.000987619
0.000961599
0.000932644
0.000901104
0.000867386
0.000831942
0.000795248
0.000757783
0.000720014
0.000682376
0.000645265
0.000609024
0.00057394
0.000540241
0.000508106
0.000477667
0.000448983
0.000421974
0.000394394
0.00036659
0.000339237
0.000313128
0.000289134
0.000268161
0.000251112
0.000238876
0.000232351
0.000232502
0.000240435
0.000257436
0.00028488
0.000323859
0.000374404
0.000434375
0.000498669
0.000559845
0.000610628
0.000646834
0.000668451
0.000678373
0.000680331
0.000677501
0.000672093
0.000665487
0.00065848
0.000651493
0.000644393
0.000637148
0.00062975
0.000622212
0.00061455
0.000606782
0.000598926
0.000590998
0.000583015
0.000574995
0.000566961
0.000558936
0.000550947
0.000543025
0.000535203
0.000527519
0.000520011
0.000512721
0.000505689
0.000498958
0.000492568
0.000486555
0.000480955
0.000475794
0.000471096
0.000466877
0.000463142
0.000459891
0.000457113
0.000454789
0.000452894
0.000451394
0.00045025
0.000449422
0.000448867
0.000448543
0.000448411
0.000448435
0.000448585
0.000448836
0.000449169
0.000449571
0.000450032
0.000450548
0.000451116
0.000451738
0.000452418
0.000453161
0.000453975
0.000454868
0.000455852
0.000456942
0.000458154
0.00045951
0.000461037
0.000462768
0.000464745
0.00046702
0.00346742
0.00346521
0.00346441
0.00346439
0.00346391
0.00346283
0.00346094
0.00345803
0.00345389
0.00344828
0.00344096
0.00343164
0.00342006
0.00340592
0.00338895
0.00336887
0.00334541
0.00331833
0.00328743
0.00325255
0.00321359
0.00317052
0.00312339
0.0030723
0.00301744
0.00295902
0.00289734
0.0028327
0.00276541
0.0026958
0.00262414
0.00255069
0.00247564
0.00239914
0.00232127
0.00224209
0.00216165
0.00208002
0.00199734
0.00191387
0.00183
0.00174629
0.00166348
0.00158245
0.00150419
0.00142971
0.00135996
0.00129579
0.00123785
0.00118651
0.00114191
0.00110389
0.00107251
0.00104749
0.00102531
0.00100548
0.00098786
0.000972278
0.000958734
0.000947267
0.000937944
0.000930845
0.000926068
0.00092371
0.000923863
0.000926611
0.000932025
0.000940157
0.00095104
0.000964679
0.000981043
0.00100006
0.00102159
0.00104546
0.00107139
0.00109903
0.00112792
0.00115752
0.00118716
0.0012161
0.00124346
0.00126834
0.00128976
0.00130677
0.00131847
0.00132403
0.00132282
0.0013144
0.00129856
0.00127537
0.00124517
0.00120853
0.00116622
0.00111918
0.00106842
0.00101497
0.00095982
0.000903892
0.000847995
0.000792756
0.00073831
0.00068062
0.000620107
0.00055793
0.000495616
0.000434925
0.00037768
0.000325569
0.000279963
0.000241796
0.000211566
0.000189458
0.000175552
0.000170091
0.000173731
0.000187726
0.000213859
0.000253821
0.000307661
0.000371646
0.000437536
0.000495551
0.000539431
0.00056862
0.000586246
0.000596109
0.000601128
0.000603158
0.000603379
0.000602597
0.000600961
0.000598554
0.00059545
0.000591717
0.000587417
0.000582604
0.000577329
0.00057164
0.000565585
0.000559213
0.000552575
0.000545725
0.00053872
0.000531621
0.000524492
0.000517399
0.000510408
0.000503585
0.000496996
0.0004907
0.000484753
0.000479203
0.000474092
0.00046945
0.000465297
0.000461644
0.000458489
0.000455822
0.000453619
0.000451851
0.00045048
0.000449464
0.000448759
0.000448317
0.000448096
0.000448054
0.000448155
0.00044837
0.000448675
0.00044905
0.000449485
0.000449972
0.000450506
0.000451088
0.00045172
0.000452407
0.000453154
0.000453971
0.000454866
0.000455851
0.000456941
0.000458153
0.00045951
0.000461037
0.000462768
0.000464745
0.00046702
0.00356974
0.00358405
0.00359962
0.00361682
0.00363433
0.00365219
0.00367025
0.0036884
0.00370651
0.00372441
0.00374193
0.00375888
0.00377503
0.00379018
0.00380406
0.00381644
0.00382705
0.00383564
0.00384195
0.00384573
0.00384674
0.00384475
0.00383957
0.00383101
0.00381892
0.00380319
0.00378374
0.00376054
0.00373359
0.00370294
0.00366866
0.00363086
0.00358966
0.00354519
0.00349758
0.00344694
0.00339333
0.00333672
0.00327698
0.00321377
0.00314653
0.00307458
0.00299707
0.00291314
0.00282192
0.00272276
0.00261532
0.00249977
0.00237694
0.00224837
0.00211631
0.00198361
0.00185339
0.00172876
0.00161658
0.00151874
0.00143419
0.00135673
0.0012858
0.0012212
0.00116247
0.00110919
0.00106109
0.00101801
0.000979785
0.000946328
0.000917571
0.000893486
0.000874073
0.000859358
0.0008494
0.000844287
0.000844138
0.000849099
0.000859342
0.000875055
0.00089643
0.000923652
0.000956868
0.000996155
0.00104147
0.00109261
0.00114911
0.0012102
0.00127473
0.0013411
0.00140728
0.00147082
0.00152896
0.00157887
0.00161784
0.00164361
0.00165461
0.00165016
0.0016305
0.00159672
0.00155056
0.00149412
0.00142963
0.00135907
0.00128332
0.00119765
0.00110223
0.000998411
0.000888527
0.000775846
0.000664328
0.000558173
0.000461205
0.000376278
0.000304908
0.00024727
0.000202506
0.000169217
0.000145956
0.000131632
0.000125823
0.000129011
0.000142712
0.000169171
0.000209911
0.00026278
0.000319871
0.00037086
0.00040979
0.000437044
0.000455883
0.000469271
0.000479206
0.000487595
0.000494733
0.000500738
0.000505687
0.00050964
0.000512648
0.000514754
0.000515997
0.000516412
0.00051604
0.000514919
0.000513097
0.000510628
0.000507574
0.000504007
0.000500007
0.000495663
0.00049107
0.000486327
0.000481534
0.000476789
0.000472183
0.0004678
0.00046371
0.000459973
0.000456631
0.000453712
0.000451229
0.000449179
0.000447548
0.00044631
0.000445429
0.000444866
0.000444577
0.000444517
0.000444644
0.000444921
0.000445314
0.000445795
0.000446345
0.000446947
0.000447594
0.000448281
0.000449005
0.000449768
0.000450575
0.000451428
0.000452336
0.000453303
0.000454338
0.00045545
0.000456652
0.000457959
0.00045939
0.000460972
0.00046274
0.000464736
0.000467019
0.00350408
0.00353166
0.00355972
0.00358981
0.00362062
0.00365236
0.00368493
0.00371832
0.00375246
0.0037873
0.00382273
0.00385865
0.00389492
0.00393142
0.00396798
0.00400442
0.00404057
0.0040762
0.00411111
0.00414505
0.00417778
0.00420902
0.00423852
0.00426599
0.00429116
0.00431377
0.00433356
0.00435031
0.00436379
0.00437384
0.00438029
0.00438301
0.00438189
0.00437683
0.00436774
0.00435456
0.00433722
0.00431571
0.00428999
0.00425991
0.00422523
0.0041857
0.00414115
0.00409151
0.00403685
0.0039773
0.00391294
0.00384369
0.00376907
0.00368805
0.00359892
0.00349935
0.0033867
0.00325863
0.00311335
0.0029502
0.00277249
0.00259311
0.00241864
0.0022538
0.00209846
0.00195021
0.00180977
0.00167799
0.00155527
0.00144172
0.00133732
0.00124196
0.00115541
0.00107742
0.00100766
0.000945879
0.000891804
0.000845227
0.000805984
0.000773974
0.000749168
0.000731629
0.000721531
0.000719184
0.000725049
0.000739762
0.000764136
0.000799157
0.000845942
0.000905658
0.000979362
0.00106774
0.00117069
0.00128684
0.00141299
0.00154373
0.00167161
0.00178788
0.00188401
0.0019535
0.00199314
0.00200337
0.00198742
0.00194973
0.00189369
0.00181696
0.001719
0.00159993
0.00146109
0.00130561
0.00113877
0.000967838
0.000801282
0.000647342
0.000512473
0.000400209
0.000310946
0.000242618
0.000191825
0.000154904
0.000128676
0.000110866
0.000100296
9.69785e-05
0.000102136
0.000117908
0.000145849
0.000183544
0.000222863
0.000255509
0.000279377
0.000296813
0.000310484
0.000323016
0.000334849
0.00034611
0.000356838
0.000367037
0.000376695
0.000385788
0.000394286
0.000402151
0.000409343
0.000415821
0.000421546
0.000426487
0.00043062
0.000433941
0.000436458
0.000438204
0.000439233
0.000439619
0.000439455
0.00043885
0.00043792
0.000436782
0.00043555
0.000434327
0.000433201
0.000432241
0.000431497
0.000430999
0.000430758
0.000430772
0.000431023
0.000431487
0.000432132
0.000432928
0.000433842
0.000434845
0.000435915
0.000437033
0.000438188
0.000439372
0.000440585
0.000441826
0.000443101
0.000444415
0.000445774
0.000447182
0.000448645
0.000450163
0.00045174
0.000453374
0.000455066
0.000456817
0.000458632
0.000460523
0.000462515
0.000464652
0.000467002
0.00328097
0.00331857
0.00335557
0.00339472
0.00343472
0.00347591
0.00351825
0.00356179
0.00360653
0.00365246
0.00369955
0.00374779
0.0037971
0.00384743
0.00389869
0.00395079
0.00400361
0.00405701
0.00411082
0.00416485
0.00421889
0.00427269
0.00432598
0.00437847
0.00442984
0.00447976
0.00452787
0.00457384
0.0046173
0.00465791
0.00469532
0.0047292
0.00475922
0.00478506
0.0048064
0.00482294
0.00483444
0.00484079
0.00484209
0.00483835
0.00482947
0.00481538
0.00479609
0.00477174
0.00474256
0.00470878
0.00467057
0.00462794
0.00458073
0.00452855
0.00447093
0.00440735
0.0043375
0.00426134
0.00417903
0.00409084
0.00399711
0.00389679
0.00378602
0.00365856
0.00351356
0.00335586
0.00318857
0.00301492
0.00283643
0.00265376
0.00246949
0.00228663
0.00210787
0.00193544
0.00177104
0.00161597
0.00147114
0.00133718
0.00121443
0.00110301
0.00100284
0.000913695
0.000835254
0.000767185
0.000709198
0.000661108
0.000622885
0.000594711
0.000577035
0.000570668
0.000576927
0.000597814
0.000636222
0.000696079
0.00078229
0.000900169
0.00105385
0.00124322
0.00145986
0.00168454
0.0018907
0.00205464
0.00216558
0.00222685
0.00224873
0.00223765
0.0021945
0.00211863
0.00200914
0.0018663
0.00169267
0.00149395
0.00127918
0.00106031
0.000850655
0.000662467
0.000504334
0.000379537
0.000286269
0.000219394
0.000172599
0.00013998
0.000116863
0.000100143
8.84369e-05
8.20877e-05
8.28561e-05
9.29755e-05
0.000112602
0.000136336
0.000156141
0.00016951
0.000178855
0.000187229
0.000195477
0.000203879
0.000212521
0.000221428
0.000230604
0.000240035
0.000249699
0.00025956
0.000269569
0.000279664
0.000289764
0.000299779
0.000309604
0.000319127
0.000328235
0.000336819
0.000344784
0.000352058
0.000358597
0.00036439
0.000369461
0.000373865
0.000377683
0.000381011
0.000383952
0.000386606
0.000389063
0.000391397
0.000393665
0.000395907
0.000398145
0.00040039
0.000402644
0.000404904
0.000407163
0.000409418
0.000411666
0.00041391
0.000416156
0.000418415
0.000420701
0.000423033
0.000425427
0.000427903
0.000430476
0.000433161
0.000435966
0.000438894
0.000441942
0.000445095
0.000448328
0.000451603
0.000454869
0.000458067
0.00046114
0.000464056
0.000466849
0.00292402
0.00296828
0.00301093
0.00305572
0.00310135
0.00314826
0.00319644
0.00324597
0.00329688
0.00334921
0.00340298
0.00345821
0.00351489
0.00357301
0.00363255
0.00369348
0.00375573
0.00381921
0.00388381
0.0039494
0.00401579
0.00408277
0.0041501
0.00421749
0.00428462
0.00435113
0.00441664
0.00448074
0.00454298
0.00460293
0.00466012
0.0047141
0.0047644
0.00481056
0.00485211
0.00488856
0.00491945
0.00494454
0.00496399
0.00497793
0.0049863
0.0049891
0.00498635
0.00497827
0.00496516
0.00494723
0.00492472
0.00489772
0.00486623
0.0048302
0.00478958
0.00474446
0.004695
0.00464165
0.00458504
0.00452585
0.00446458
0.00440104
0.00433403
0.00426211
0.00418443
0.00410025
0.00400777
0.00390375
0.00378833
0.00366476
0.00353455
0.00339833
0.00325477
0.00310221
0.00293971
0.00276728
0.00258597
0.00239805
0.00220665
0.00201522
0.00182727
0.00164592
0.00147368
0.00131236
0.00116319
0.00102695
0.000904156
0.000795135
0.000700032
0.000618756
0.000551094
0.000496945
0.000456601
0.000431064
0.000422477
0.000434813
0.000475043
0.000554873
0.000691757
0.000904808
0.00119725
0.00152965
0.00182674
0.00204034
0.00217977
0.00226828
0.00231375
0.00231833
0.00228121
0.00220143
0.00207952
0.0019183
0.00172317
0.00150211
0.00126575
0.00102728
0.000801701
0.000603437
0.000442617
0.000322214
0.000238279
0.000182916
0.000147524
0.000124657
0.000108598
9.56459e-05
8.47011e-05
7.76106e-05
7.80298e-05
8.79398e-05
0.000102529
0.000112968
0.000117675
0.00012021
0.000122421
0.000124949
0.000127958
0.000131485
0.000135542
0.000140142
0.0001453
0.00015103
0.000157347
0.000164258
0.000171763
0.00017985
0.00018849
0.000197637
0.00020722
0.00021715
0.000227314
0.000237581
0.000247812
0.000257864
0.000267605
0.000276923
0.000285733
0.000293984
0.000301658
0.000308766
0.000315341
0.000321431
0.000327091
0.000332374
0.000337333
0.000342011
0.000346448
0.00035068
0.000354738
0.000358653
0.000362458
0.000366187
0.000369877
0.000373567
0.000377302
0.000381125
0.000385084
0.000389226
0.000393598
0.000398245
0.000403209
0.000408527
0.000414226
0.000420321
0.000426804
0.000433626
0.000440682
0.000447781
0.000454619
0.00046078
0.000465842
0.00246627
0.00251338
0.00255827
0.00260525
0.00265303
0.00270211
0.00275247
0.00280421
0.00285738
0.00291203
0.00296821
0.00302596
0.00308531
0.00314629
0.00320891
0.00327317
0.00333906
0.00340652
0.0034755
0.00354588
0.00361755
0.00369031
0.00376395
0.0038382
0.00391277
0.0039873
0.00406139
0.00413461
0.00420649
0.00427655
0.00434427
0.00440914
0.00447061
0.00452817
0.00458125
0.00462927
0.00467154
0.0047076
0.00473767
0.00476206
0.00478072
0.00479371
0.004801
0.00480293
0.00479985
0.00479206
0.00477988
0.00476348
0.00474293
0.00471807
0.00468924
0.00465722
0.0046219
0.00458355
0.00454255
0.00449932
0.00445419
0.00440724
0.0043582
0.00430673
0.00425259
0.00419545
0.00413474
0.00407004
0.00400184
0.003931
0.00385738
0.00377854
0.00369389
0.00360342
0.0035063
0.00340078
0.00328429
0.00315732
0.00302275
0.00288016
0.00272935
0.00256999
0.00240161
0.00222397
0.00203757
0.00184415
0.00164702
0.00145097
0.00126199
0.00108494
0.000922889
0.000777487
0.000649581
0.000539829
0.000448975
0.000377694
0.000326602
0.000297909
0.000298147
0.000343479
0.000469821
0.000735503
0.00113821
0.00151637
0.00178769
0.00198222
0.00211997
0.00220838
0.00224827
0.00223945
0.00218327
0.00208314
0.00194421
0.0017725
0.00157428
0.00135616
0.00112624
0.000895738
0.000679502
0.000493401
0.000348588
0.000246989
0.000182194
0.000144219
0.000123507
0.000112215
0.00010406
9.4888e-05
8.49874e-05
8.02772e-05
8.66611e-05
9.81846e-05
0.000103001
0.000102145
9.98102e-05
9.77737e-05
9.64087e-05
9.56942e-05
9.55563e-05
9.5941e-05
9.6818e-05
9.81753e-05
0.000100013
0.000102341
0.000105175
0.000108535
0.000112442
0.000116918
0.000121981
0.000127639
0.000133892
0.000140725
0.000148103
0.000155974
0.000164263
0.000172878
0.000181709
0.000190642
0.000199559
0.00020835
0.000216921
0.000225194
0.000233117
0.000240657
0.000247803
0.00025456
0.000260946
0.000266993
0.000272739
0.00027823
0.000283518
0.000288661
0.000293722
0.000298767
0.000303867
0.000309097
0.000314536
0.000320264
0.000326369
0.000332943
0.000340085
0.000347904
0.000356522
0.000366073
0.000376703
0.000388553
0.000401725
0.000416194
0.000431634
0.000447095
0.000460657
0.00194853
0.00199425
0.00203766
0.00208304
0.00212923
0.00217668
0.00222539
0.00227544
0.00232689
0.0023798
0.00243421
0.00249017
0.00254774
0.00260696
0.00266785
0.00273046
0.00279477
0.0028608
0.0029285
0.00299781
0.00306863
0.00314083
0.00321422
0.00328858
0.00336363
0.00343905
0.00351446
0.00358945
0.00366355
0.00373628
0.00380711
0.00387551
0.00394094
0.00400285
0.00406066
0.00411372
0.0041611
0.00420184
0.00423637
0.00426537
0.00428887
0.00430696
0.00431962
0.00432719
0.00432982
0.00432861
0.00432355
0.0043148
0.00430251
0.00428675
0.00426785
0.00424625
0.0042221
0.0041956
0.00416701
0.00413659
0.00410456
0.00407102
0.00403592
0.00399913
0.00396057
0.00392014
0.00387766
0.00383305
0.00378646
0.00373817
0.00368816
0.00363597
0.00358125
0.00352363
0.00346203
0.00339548
0.00332351
0.0032462
0.00316435
0.00307853
0.00298906
0.00289588
0.00279818
0.00269419
0.00258108
0.00245488
0.00231064
0.00214247
0.00196323
0.0017768
0.0015831
0.00138295
0.00117909
0.000977428
0.000787531
0.000619443
0.000476538
0.000359624
0.000270616
0.000213037
0.000194259
0.000246951
0.000473649
0.000888052
0.00126673
0.00155266
0.00177091
0.00193164
0.00203671
0.00208689
0.00208551
0.00203801
0.00195136
0.00183244
0.00168706
0.00151936
0.00133238
0.00112958
0.000917301
0.000707002
0.000515176
0.000358343
0.000245215
0.00017327
0.000132891
0.000113553
0.000106642
0.000104987
0.000102001
9.41854e-05
8.81474e-05
9.6317e-05
0.000107206
0.000107034
0.000101714
9.62081e-05
9.18242e-05
8.85073e-05
8.59936e-05
8.40809e-05
8.26398e-05
8.159e-05
8.08829e-05
8.04908e-05
8.0401e-05
8.0612e-05
8.11298e-05
8.19666e-05
8.31384e-05
8.4664e-05
8.65635e-05
8.88562e-05
9.15596e-05
9.46866e-05
9.82438e-05
0.000102229
0.000106631
0.000111423
0.00011657
0.000122023
0.000127722
0.000133603
0.000139596
0.000145635
0.00015166
0.000157621
0.00016348
0.000169216
0.000174822
0.000180307
0.000185695
0.000191026
0.000196348
0.000201723
0.000207224
0.000212928
0.000218924
0.000225306
0.00023218
0.000239658
0.000247874
0.000256982
0.000267176
0.000278709
0.000291924
0.000307295
0.000325473
0.000347309
0.000373768
0.000405361
0.000440262
0.00141706
0.0014571
0.00149522
0.00153514
0.00157584
0.00161774
0.00166082
0.00170517
0.00175081
0.0017978
0.00184618
0.001896
0.00194732
0.00200016
0.00205458
0.00211061
0.00216828
0.0022276
0.00228855
0.00235112
0.00241523
0.00248079
0.00254768
0.0026157
0.00268464
0.00275422
0.00282412
0.00289399
0.0029634
0.00303191
0.00309904
0.0031643
0.00322718
0.00328716
0.00334372
0.00339617
0.00344339
0.00348323
0.00351668
0.0035452
0.00356894
0.00358778
0.00360209
0.0036122
0.00361837
0.00362128
0.00362102
0.00361777
0.00361168
0.00360293
0.00359181
0.00357862
0.00356351
0.00354668
0.00352829
0.0035085
0.00348746
0.00346524
0.00344186
0.00341727
0.00339148
0.00336452
0.00333636
0.00330699
0.00327643
0.00324477
0.00321203
0.0031781
0.00314283
0.00310603
0.00306734
0.00302639
0.00298292
0.00293676
0.00288759
0.00283516
0.00277967
0.00272111
0.00265917
0.00259316
0.00252205
0.00244461
0.00235973
0.00226708
0.00216803
0.00206277
0.00194888
0.00182089
0.00167009
0.00148489
0.00127002
0.00105868
0.000847671
0.000639599
0.000450034
0.000298303
0.000187793
0.000128686
0.000156185
0.000387127
0.000778366
0.00111892
0.00139711
0.00161301
0.00176766
0.0018619
0.00190137
0.00189338
0.00184656
0.00176883
0.00166643
0.00154326
0.00140109
0.00124051
0.00106268
0.000871581
0.000676598
0.000493351
0.000339807
0.000227722
0.000156827
0.000117995
0.000100461
9.57323e-05
9.74144e-05
9.95461e-05
9.66479e-05
9.4888e-05
0.000109839
0.000116111
0.000110691
0.000102564
9.59229e-05
9.10691e-05
8.74359e-05
8.45811e-05
8.22425e-05
8.02623e-05
7.85433e-05
7.70287e-05
7.56926e-05
7.45258e-05
7.35254e-05
7.26924e-05
7.20301e-05
7.15436e-05
7.12391e-05
7.11235e-05
7.12036e-05
7.14857e-05
7.19752e-05
7.2676e-05
7.35896e-05
7.47153e-05
7.6049e-05
7.75833e-05
7.93072e-05
8.12066e-05
8.32646e-05
8.54625e-05
8.77807e-05
9.02008e-05
9.27066e-05
9.52865e-05
9.79349e-05
0.000100654
0.000103454
0.000106357
0.000109396
0.000112615
0.000116071
0.000119832
0.000123983
0.000128618
0.000133847
0.000139792
0.000146593
0.00015441
0.000163434
0.000173916
0.000186214
0.00020089
0.000218885
0.000241834
0.000272637
0.000316373
0.000381118
0.000919184
0.000949911
0.000979374
0.00101034
0.00104206
0.00107484
0.00110866
0.00114358
0.00117963
0.00121685
0.00125525
0.00129489
0.00133579
0.001378
0.00142154
0.00146645
0.00151276
0.00156048
0.00160962
0.00166017
0.0017121
0.00176534
0.00181982
0.0018754
0.00193194
0.00198923
0.00204703
0.00210506
0.002163
0.00222049
0.00227715
0.00233258
0.00238637
0.00243809
0.00248731
0.00253346
0.00257537
0.00260898
0.00263622
0.00265968
0.00267942
0.00269562
0.00270834
0.0027179
0.00272466
0.00272901
0.00273102
0.00273085
0.00272864
0.00272459
0.00271894
0.00271188
0.00270355
0.00269408
0.00268358
0.00267215
0.00265986
0.00264678
0.00263292
0.00261826
0.00260282
0.00258667
0.00256988
0.00255245
0.00253441
0.00251578
0.00249657
0.00247677
0.00245632
0.00243515
0.00241317
0.00239023
0.00236622
0.00234109
0.00231482
0.00228757
0.00225865
0.00222778
0.00219484
0.00215952
0.00212135
0.00207977
0.00203415
0.00198407
0.00192927
0.00186926
0.00180291
0.0017283
0.00164304
0.00154513
0.00143483
0.0013114
0.00116371
0.000971152
0.000736991
0.000517272
0.000306891
0.00015342
8.15774e-05
0.000141139
0.000419148
0.000758476
0.00106998
0.00132184
0.00151022
0.00163532
0.0017043
0.00172554
0.00170845
0.00166134
0.00159067
0.00150042
0.00139223
0.00126605
0.00112137
0.000958797
0.000782286
0.000601481
0.00043236
0.000292873
0.000193857
0.000133603
0.000102095
8.84772e-05
8.44783e-05
8.46066e-05
8.60611e-05
8.74859e-05
0.000101715
0.000111527
0.000112822
0.000105324
9.75075e-05
9.18337e-05
8.77271e-05
8.45589e-05
8.19995e-05
7.98468e-05
7.7945e-05
7.61914e-05
7.45581e-05
7.30565e-05
7.169e-05
7.04576e-05
6.93562e-05
6.83816e-05
6.75293e-05
6.67942e-05
6.61709e-05
6.56537e-05
6.52362e-05
6.49116e-05
6.46724e-05
6.45105e-05
6.4417e-05
6.43829e-05
6.43984e-05
6.44537e-05
6.45389e-05
6.46447e-05
6.47622e-05
6.48838e-05
6.50034e-05
6.5117e-05
6.52232e-05
6.53236e-05
6.54242e-05
6.55352e-05
6.5673e-05
6.58606e-05
6.61298e-05
6.65229e-05
6.70951e-05
6.79183e-05
6.90845e-05
7.07109e-05
7.29453e-05
7.59708e-05
8.00114e-05
8.53391e-05
9.22908e-05
0.000101322
0.000113157
0.000129175
0.000152361
0.000189884
0.000263035
0.000498768
0.000517855
0.000536311
0.000555878
0.00057608
0.000597108
0.00061895
0.000641642
0.0006652
0.000689646
0.000714998
0.000741276
0.000768499
0.00079669
0.000825868
0.000856053
0.000887263
0.00091951
0.0009528
0.000987128
0.00102248
0.00105882
0.00109611
0.00113427
0.0011732
0.00121279
0.00125288
0.0012933
0.00133384
0.00137428
0.00141435
0.0014538
0.00149235
0.00152971
0.00156563
0.00159972
0.00163115
0.00165399
0.00167113
0.00168592
0.00169831
0.00170852
0.0017166
0.00172273
0.00172725
0.00173037
0.00173209
0.00173253
0.00173181
0.00173005
0.00172742
0.00172405
0.00172
0.00171537
0.0017102
0.00170455
0.00169845
0.00169194
0.00168502
0.00167769
0.00166995
0.00166187
0.00165351
0.00164491
0.00163608
0.00162703
0.00161777
0.00160831
0.00159862
0.0015887
0.00157852
0.00156804
0.00155726
0.00154617
0.00153477
0.00152315
0.00151154
0.00149953
0.00148665
0.0014728
0.00145785
0.00144164
0.00142396
0.00140462
0.00138344
0.00136014
0.00133422
0.00130482
0.00127067
0.00123027
0.00118201
0.00112361
0.001051
0.000959833
0.000849631
0.000714275
0.000475262
0.000240391
7.88521e-05
6.62426e-05
0.000214666
0.000500028
0.000814687
0.00108469
0.00129276
0.00143849
0.00152861
0.00157171
0.001577
0.00155264
0.00150507
0.00143833
0.00135423
0.0012527
0.00113284
0.000994036
0.000837695
0.000669361
0.000500765
0.000349213
0.000231184
0.000153094
0.000109128
8.79438e-05
7.88922e-05
7.36178e-05
6.75174e-05
6.29997e-05
8.56323e-05
8.4359e-05
9.30407e-05
9.33706e-05
8.93348e-05
8.48317e-05
8.05607e-05
7.68109e-05
7.38213e-05
7.15516e-05
6.97427e-05
6.81293e-05
6.65878e-05
6.51885e-05
6.39448e-05
6.28532e-05
6.19037e-05
6.10855e-05
6.03875e-05
5.97988e-05
5.93087e-05
5.89063e-05
5.85809e-05
5.83214e-05
5.81168e-05
5.79558e-05
5.7827e-05
5.77194e-05
5.76217e-05
5.75231e-05
5.74134e-05
5.72824e-05
5.71209e-05
5.69201e-05
5.66719e-05
5.63687e-05
5.60036e-05
5.557e-05
5.50617e-05
5.44729e-05
5.37981e-05
5.30323e-05
5.21712e-05
5.1212e-05
5.01546e-05
4.90041e-05
4.77735e-05
4.64897e-05
4.52011e-05
4.39883e-05
4.29775e-05
4.23566e-05
4.23909e-05
4.34459e-05
4.60426e-05
5.10398e-05
6.02101e-05
7.8121e-05
0.000121797
0.000194988
0.000202297
0.000209357
0.000216996
0.000224995
0.000233443
0.000242336
0.000251693
0.000261525
0.000271843
0.000282656
0.000293976
0.000305812
0.000318173
0.000331067
0.000344502
0.000358484
0.000373017
0.000388102
0.000403736
0.000419911
0.000436611
0.000453814
0.000471488
0.000489593
0.000508076
0.000526872
0.000545903
0.000565083
0.000584309
0.000603474
0.00062246
0.000641148
0.00065942
0.000677164
0.000694264
0.000710401
0.000720319
0.000726297
0.000731177
0.000735067
0.000738134
0.000740417
0.00074198
0.000742985
0.000743512
0.000743553
0.000743157
0.00074237
0.000741253
0.000739873
0.000738275
0.000736486
0.000734533
0.000732437
0.000730214
0.000727875
0.000725432
0.000722884
0.000720228
0.000717469
0.000714631
0.000711747
0.000708835
0.000705901
0.000702951
0.00069999
0.000697019
0.000694032
0.000691033
0.000688021
0.000684998
0.000681968
0.000678938
0.000675921
0.000672951
0.000670095
0.000667515
0.000664965
0.000662123
0.000659038
0.000655739
0.00065224
0.000648545
0.000644673
0.00064065
0.00063649
0.000632169
0.000627619
0.000622761
0.000617553
0.000611938
0.000605426
0.000596324
0.000580033
0.000545097
0.000472077
0.00031686
8.50483e-05
4.80607e-05
0.000123397
0.000338397
0.000630661
0.000904299
0.0011216
0.00128064
0.00138584
0.00144524
0.00146724
0.00145965
0.00142875
0.00137869
0.00131143
0.00122709
0.00112474
0.00100335
0.000863191
0.00070759
0.000545111
0.000390657
0.000262055
0.000171117
0.000116993
8.97055e-05
7.75769e-05
7.01759e-05
5.9064e-05
4.1307e-05
6.24706e-05
6.22318e-05
6.83448e-05
6.90037e-05
6.6839e-05
6.53868e-05
6.27313e-05
5.8404e-05
5.46895e-05
5.20264e-05
5.02379e-05
4.91192e-05
4.7971e-05
4.69652e-05
4.61138e-05
4.54072e-05
4.48287e-05
4.4363e-05
4.39968e-05
4.37181e-05
4.35159e-05
4.33803e-05
4.33017e-05
4.32712e-05
4.32801e-05
4.332e-05
4.3383e-05
4.34615e-05
4.35481e-05
4.36363e-05
4.37198e-05
4.3793e-05
4.38509e-05
4.3889e-05
4.39035e-05
4.38907e-05
4.38474e-05
4.37705e-05
4.36566e-05
4.35019e-05
4.33019e-05
4.30503e-05
4.27385e-05
4.23546e-05
4.18815e-05
4.12947e-05
4.05605e-05
3.96329e-05
3.84529e-05
3.69519e-05
3.50644e-05
3.27564e-05
3.00742e-05
2.7203e-05
2.45104e-05
2.25524e-05
2.2128e-05
2.48023e-05
3.63038e-05
3.52465e-05
3.54528e-05
3.56933e-05
3.59473e-05
3.62231e-05
3.65209e-05
3.68427e-05
3.71894e-05
3.75621e-05
3.79619e-05
3.83898e-05
3.88465e-05
3.93329e-05
3.98496e-05
4.03969e-05
4.09751e-05
4.15843e-05
4.22241e-05
4.2894e-05
4.35929e-05
4.43195e-05
4.50721e-05
4.58482e-05
4.66452e-05
4.74597e-05
4.82878e-05
4.91253e-05
4.99672e-05
5.08081e-05
5.16426e-05
5.24646e-05
5.32683e-05
5.40481e-05
5.47986e-05
5.55165e-05
5.62005e-05
5.68645e-05
5.78606e-05
5.89046e-05
5.98479e-05
6.07002e-05
6.14757e-05
6.21815e-05
6.28149e-05
6.33876e-05
6.3908e-05
6.43754e-05
6.47924e-05
6.51616e-05
6.54872e-05
6.57743e-05
6.60271e-05
6.62487e-05
6.64417e-05
6.66085e-05
6.67509e-05
6.68705e-05
6.69685e-05
6.7046e-05
6.71034e-05
6.71413e-05
6.71611e-05
6.71649e-05
6.71547e-05
6.7132e-05
6.70979e-05
6.70535e-05
6.69996e-05
6.69368e-05
6.68656e-05
6.67865e-05
6.67e-05
6.6607e-05
6.6508e-05
6.6404e-05
6.62962e-05
6.61865e-05
6.60783e-05
6.59801e-05
6.58945e-05
6.58164e-05
6.57431e-05
6.56733e-05
6.56068e-05
6.55448e-05
6.54897e-05
6.54452e-05
6.54166e-05
6.54109e-05
6.54389e-05
6.55192e-05
6.56842e-05
6.59864e-05
6.65164e-05
6.74128e-05
6.89897e-05
7.0471e-05
7.07468e-05
5.77356e-05
4.28787e-05
8.75861e-05
0.000245857
0.000505353
0.000772576
0.000993037
0.0011603
0.00127606
0.00134729
0.00138147
0.00138603
0.00136706
0.00132877
0.00127328
0.0012009
0.00111077
0.00100173
0.000873508
0.000728241
0.000572494
0.000419006
0.000285218
0.000185812
0.000123985
9.17614e-05
7.73233e-05
6.93441e-05
5.70073e-05
3.00721e-05
1.60145e-05
1.51762e-05
1.36509e-05
1.25098e-05
1.18654e-05
1.13925e-05
1.09164e-05
1.05456e-05
1.0129e-05
9.68481e-06
9.46041e-06
9.70487e-06
1.00351e-05
1.04084e-05
1.08102e-05
1.12289e-05
1.16561e-05
1.20854e-05
1.25124e-05
1.29334e-05
1.33457e-05
1.3747e-05
1.41354e-05
1.45095e-05
1.48679e-05
1.52095e-05
1.55333e-05
1.58388e-05
1.61252e-05
1.63924e-05
1.664e-05
1.68683e-05
1.70773e-05
1.72674e-05
1.74394e-05
1.75939e-05
1.77319e-05
1.78546e-05
1.79631e-05
1.80589e-05
1.81434e-05
1.82181e-05
1.82844e-05
1.83437e-05
1.83975e-05
1.84469e-05
1.84936e-05
1.85393e-05
1.85873e-05
1.86435e-05
1.87181e-05
1.88285e-05
1.90004e-05
1.92653e-05
1.96496e-05
2.01487e-05
2.06658e-05
2.08467e-05
1.95834e-05
3.53515e-05
3.84028e-05
3.92729e-05
3.92483e-05
3.88875e-05
3.84332e-05
3.79884e-05
3.75931e-05
3.72596e-05
3.69885e-05
3.6776e-05
3.66175e-05
3.65088e-05
3.64411e-05
3.64091e-05
3.6413e-05
3.64515e-05
3.65221e-05
3.66222e-05
3.67483e-05
3.6897e-05
3.70643e-05
3.72468e-05
3.74406e-05
3.76426e-05
3.78495e-05
3.80586e-05
3.82675e-05
3.84739e-05
3.86759e-05
3.88716e-05
3.90589e-05
3.92355e-05
3.93981e-05
3.95418e-05
3.96584e-05
3.97392e-05
3.97555e-05
3.97504e-05
9.30434e-05
6.09049e-05
4.93956e-05
4.45568e-05
4.27232e-05
4.24621e-05
4.30879e-05
4.42203e-05
4.56285e-05
4.71666e-05
4.87431e-05
5.03036e-05
5.1825e-05
5.32248e-05
5.44195e-05
5.54032e-05
5.61795e-05
5.67596e-05
5.71605e-05
5.74029e-05
5.75099e-05
5.75055e-05
5.74135e-05
5.7257e-05
5.70575e-05
5.68354e-05
5.66096e-05
5.63986e-05
5.6221e-05
5.60973e-05
5.60519e-05
5.61171e-05
5.63391e-05
5.67899e-05
5.75878e-05
5.89517e-05
6.12735e-05
6.55043e-05
7.35744e-05
0.000261577
0.000171013
0.000132947
0.00011227
9.96735e-05
9.14763e-05
8.59411e-05
8.21427e-05
7.95428e-05
7.78071e-05
7.6718e-05
7.613e-05
7.5954e-05
7.60576e-05
7.62798e-05
7.65908e-05
7.69693e-05
7.7402e-05
7.78834e-05
7.84145e-05
7.90028e-05
7.96609e-05
8.04057e-05
8.12586e-05
8.22454e-05
8.33971e-05
8.47517e-05
8.63569e-05
8.82747e-05
9.05882e-05
9.34125e-05
9.69121e-05
0.00010133
0.000107035
0.000114607
0.000124991
0.000139756
0.00016156
0.0001954
0.000487032
0.000347789
0.000280819
0.000241386
0.00021541
0.000196969
0.000183186
0.000172523
0.000164099
0.000157385
0.000152049
0.000147884
0.000144846
0.000142515
0.000140773
0.000139578
0.000138899
0.000138713
0.000139004
0.000139762
0.000140989
0.000142693
0.000144894
0.000147624
0.000150932
0.000154883
0.000159569
0.000165112
0.000171678
0.000179488
0.000188845
0.000200166
0.000214027
0.000231235
0.000252921
0.000280661
0.000316613
0.000363501
0.0004251
0.000680125
0.0005362
0.000452772
0.000399372
0.000362512
0.000335558
0.000314976
0.000298756
0.000285701
0.000275077
0.000266428
0.000259487
0.000254135
0.000249892
0.000246671
0.000244416
0.000243092
0.000242679
0.000243168
0.000244561
0.000246874
0.000250134
0.000254389
0.000259706
0.000266175
0.000273921
0.000283101
0.000293922
0.000306645
0.000321608
0.000339238
0.000360081
0.000384833
0.000414374
0.0004498
0.000492445
0.000543877
0.000605861
0.000680866
0.000805439
0.00069187
0.00061124
0.000553859
0.000511763
0.000479841
0.00045493
0.000435043
0.000418908
0.000405703
0.000394897
0.00038626
0.000379323
0.00037385
0.00036973
0.000366896
0.000365312
0.000364963
0.000365853
0.000368005
0.000371459
0.000376274
0.000382533
0.000390342
0.000399834
0.000411177
0.00042457
0.000440257
0.000458528
0.000479729
0.000504272
0.000532647
0.000565432
0.000603303
0.000647032
0.000697483
0.000755618
0.000822606
0.00090046
0.000874614
0.000799742
0.000735387
0.000683943
0.000643312
0.000610981
0.000584928
0.00056368
0.000546189
0.000531728
0.000519808
0.000510167
0.000502323
0.000496116
0.000491441
0.000488239
0.000486485
0.000486181
0.000487355
0.000490056
0.000494356
0.00050035
0.000508155
0.000517908
0.000529771
0.000543926
0.000560578
0.000579953
0.000602303
0.000627907
0.000657074
0.00069015
0.00072752
0.000769616
0.00081691
0.000869924
0.000929283
0.000995921
0.00107172
0.000908946
0.000865177
0.000820747
0.000780906
0.000746831
0.000718151
0.000694095
0.000673892
0.000656899
0.000642617
0.000630739
0.00062089
0.000612807
0.000606357
0.000601464
0.000598092
0.000596241
0.000595943
0.000597258
0.000600269
0.000605086
0.000611836
0.000620665
0.000631731
0.000645201
0.000661247
0.000680044
0.000701765
0.000726582
0.000754668
0.000786202
0.000821372
0.000860385
0.000903467
0.000950879
0.00100294
0.0010601
0.00112321
0.00119409
0.000924705
0.000900876
0.00087328
0.000845819
0.00082041
0.000797724
0.000777824
0.000760529
0.00074559
0.00073277
0.000721914
0.000712726
0.000705086
0.00069892
0.000694194
0.000690911
0.000689109
0.000688856
0.000690252
0.000693421
0.000698505
0.000705665
0.000715065
0.000726871
0.00074124
0.000758314
0.000778215
0.000801046
0.000826888
0.000855806
0.000887858
0.000923103
0.000961611
0.00100347
0.00104882
0.00109785
0.00115094
0.00120886
0.00127334
0.000931504
0.000918736
0.000902664
0.000885279
0.00086802
0.000851707
0.000836733
0.000823238
0.000811232
0.000800696
0.000791539
0.000783651
0.000776992
0.000771547
0.000767331
0.00076439
0.000762804
0.000762682
0.000764162
0.000767406
0.000772592
0.000779901
0.000789511
0.000801583
0.000816252
0.000833618
0.000853748
0.00087667
0.00090238
0.000930855
0.000962059
0.000995955
0.00103253
0.00107178
0.00111377
0.00115863
0.00120669
0.00125865
0.00131607
0.00093429
0.000927051
0.000917802
0.000907286
0.000896271
0.000885341
0.00087488
0.000865113
0.000856163
0.000848111
0.000840926
0.000834619
0.000829207
0.000824721
0.000821218
0.000818781
0.000817525
0.000817597
0.00081917
0.000822438
0.000827604
0.000834865
0.000844402
0.000856363
0.000870854
0.000887936
0.000907617
0.000929864
0.000954606
0.000981751
0.0010112
0.00104285
0.00107664
0.00111253
0.00115051
0.0011907
0.00123335
0.00127909
0.00132927
0.000935383
0.000930697
0.000925067
0.000918651
0.000911751
0.000904675
0.000897673
0.000890933
0.00088459
0.000878719
0.000873362
0.000868564
0.000864374
0.000860851
0.000858077
0.000856161
0.000855246
0.000855503
0.000857133
0.00086035
0.000865373
0.000872408
0.000881629
0.000893166
0.000907097
0.00092344
0.000942158
0.000963168
0.00098635
0.00101157
0.00103868
0.00106755
0.00109807
0.00113019
0.00116387
0.00119918
0.00123633
0.00127584
0.00131883
0.000935795
0.000932211
0.000928333
0.000924105
0.000919589
0.000914905
0.00091018
0.000905528
0.000901047
0.000896797
0.000892834
0.00088921
0.000885983
0.000883221
0.000881018
0.000879495
0.000878807
0.000879141
0.00088071
0.000883742
0.000888459
0.000895064
0.00090372
0.000914536
0.00092756
0.000942776
0.00096011
0.000979441
0.00100062
0.00102347
0.00104784
0.00107356
0.00110053
0.00112864
0.00115785
0.00118819
0.0012198
0.0012531
0.00128897
0.000935941
0.00093279
0.000929667
0.000926454
0.000923117
0.000919679
0.000916191
0.000912714
0.000909304
0.000906009
0.000902877
0.000899952
0.000897286
0.000894946
0.000893024
0.000891641
0.000890954
0.000891154
0.000892455
0.000895083
0.000899257
0.000905168
0.000912963
0.000922727
0.000934482
0.000948183
0.000963728
0.000980971
0.000999738
0.00101985
0.00104111
0.00106338
0.0010865
0.00111038
0.00113494
0.00116018
0.00118617
0.00121319
0.00124191
0.000935977
0.000932939
0.000930021
0.000927098
0.00092411
0.00092105
0.000917943
0.000914829
0.000911748
0.000908738
0.000905835
0.000903074
0.000900497
0.000898159
0.000896142
0.00089456
0.000893561
0.000893326
0.000894062
0.000895984
0.000899297
0.000904175
0.000910744
0.000919067
0.000929141
0.000940898
0.000954217
0.000968936
0.000984869
0.00100182
0.00101961
0.00103806
0.00105703
0.00107639
0.00109605
0.00111596
0.00113612
0.00115669
0.0011781
0.000935941
0.00093279
0.000929666
0.000926452
0.000923113
0.000919668
0.000916163
0.000912651
0.00090918
0.000905787
0.000902502
0.000899347
0.000896352
0.000893555
0.000891022
0.000888847
0.000887163
0.000886132
0.000885942
0.00088679
0.00088886
0.000892303
0.000897222
0.000903659
0.00091159
0.000920931
0.000931548
0.000943271
0.000955908
0.000969263
0.000983147
0.000997385
0.00101182
0.00102631
0.00104074
0.001055
0.00106905
0.00108289
0.00109674
0.000935795
0.00093221
0.000928332
0.000924101
0.00091958
0.00091488
0.000910119
0.000905396
0.000900781
0.000896316
0.000892023
0.000887912
0.000883987
0.000880266
0.000876786
0.000873616
0.00087086
0.000868655
0.000867161
0.000866547
0.00086697
0.000868557
0.000871386
0.000875478
0.000880794
0.000887239
0.000894672
0.00090292
0.000911793
0.000921096
0.00093064
0.000940247
0.000949749
0.000958994
0.000967834
0.000976124
0.000983733
0.00099057
0.000996624
0.000935383
0.000930696
0.000925066
0.000918645
0.000911734
0.00090463
0.00089757
0.000890713
0.000884149
0.000877916
0.000872014
0.000866419
0.000861104
0.000856045
0.000851242
0.000846727
0.000842566
0.000838858
0.00083573
0.000833315
0.000831739
0.000831099
0.00083145
0.000832794
0.000835079
0.000838203
0.000842026
0.000846377
0.000851073
0.000855924
0.000860745
0.000865356
0.000869585
0.000873266
0.000876227
0.000878288
0.000879259
0.000878951
0.000877184
0.00093429
0.000927051
0.000917799
0.000907276
0.000896243
0.000885271
0.000874721
0.000864779
0.000855516
0.000846919
0.000838931
0.000831468
0.000824442
0.000817776
0.000811416
0.000805343
0.000799576
0.000794169
0.000789206
0.000784779
0.000780979
0.00077787
0.000775484
0.000773805
0.000772772
0.000772282
0.000772199
0.000772362
0.0007726
0.000772734
0.000772588
0.000771993
0.000770776
0.000768768
0.000765787
0.000761636
0.000756093
0.000748919
0.000739837
0.000931504
0.000918735
0.000902659
0.000885263
0.000867977
0.000851604
0.000836504
0.00082277
0.000810343
0.000799088
0.000788833
0.000779396
0.000770605
0.000762307
0.000754384
0.000746757
0.000739389
0.000732285
0.000725479
0.000719019
0.000712957
0.000707326
0.000702133
0.000697347
0.000692904
0.000688705
0.000684626
0.000680526
0.000676254
0.000671659
0.000666588
0.000660895
0.000654429
0.000647039
0.000638563
0.000628822
0.000617614
0.000604717
0.000589866
0.000924705
0.000900874
0.000873272
0.000845796
0.00082035
0.000797583
0.00077752
0.000759922
0.000744454
0.000730764
0.000718514
0.000707392
0.000697124
0.000687476
0.000678258
0.000669331
0.000660602
0.000652024
0.000643582
0.000635282
0.000627135
0.000619147
0.000611303
0.000603568
0.000595882
0.000588162
0.000580313
0.000572231
0.00056381
0.000554944
0.000545535
0.000535484
0.000524696
0.000513072
0.000500509
0.000486891
0.000472094
0.000455983
0.000438405
0.000908946
0.000865174
0.000820736
0.000780875
0.000746753
0.000717973
0.000693721
0.00067316
0.000655551
0.000640269
0.000626789
0.00061467
0.000603545
0.000593104
0.000583102
0.000573347
0.0005637
0.000554068
0.000544395
0.000534652
0.000524821
0.00051489
0.00050484
0.000494646
0.000484275
0.000473687
0.000462844
0.000451707
0.000440244
0.000428427
0.000416233
0.000403643
0.000390634
0.000377183
0.000363261
0.000348832
0.000333858
0.000318303
0.00030213
0.000874613
0.000799738
0.000735372
0.000683905
0.00064322
0.000610776
0.000584507
0.000562866
0.000544707
0.000529167
0.000515581
0.000503423
0.000492267
0.000481767
0.000471645
0.000461683
0.000451713
0.000441621
0.000431327
0.000420789
0.000409986
0.000398913
0.00038758
0.000376006
0.000364218
0.000352251
0.000340146
0.000327949
0.000315709
0.000303473
0.00029128
0.000279165
0.000267148
0.000255241
0.000243444
0.000231751
0.000220148
0.000208629
0.000197187
0.000805438
0.000691865
0.000611223
0.000553817
0.000511665
0.000479629
0.000454499
0.000434217
0.000417414
0.000403133
0.000390678
0.000379519
0.00036924
0.000359505
0.000350047
0.000340657
0.000331179
0.000321508
0.000311581
0.00030138
0.000290917
0.000280236
0.000269404
0.000258503
0.000247627
0.000236869
0.000226321
0.000216061
0.000206157
0.000196654
0.000187584
0.000178957
0.000170773
0.000163015
0.00015566
0.00014868
0.000142043
0.000135725
0.000129703
0.000680123
0.000536194
0.000452756
0.000399333
0.000362422
0.000335365
0.000314587
0.000298016
0.000284369
0.000272795
0.000262702
0.000253647
0.000245291
0.000237367
0.000229668
0.000222038
0.000214373
0.000206616
0.000198755
0.000190814
0.000182849
0.000174937
0.000167166
0.000159621
0.000152384
0.00014552
0.000139077
0.000133084
0.000127553
0.000122483
0.000117858
0.000113656
0.000109848
0.000106405
0.000103295
0.000100488
9.7954e-05
9.56681e-05
9.36015e-05
0.00048703
0.000347785
0.000280806
0.000241356
0.000215343
0.000196828
0.000182907
0.000171999
0.000163168
0.000155815
0.000149527
0.000144005
0.000139021
0.000134403
0.000130024
0.000125793
0.000121658
0.000117599
0.000113617
0.000109737
0.000105992
0.00010242
9.90546e-05
9.59269e-05
9.30568e-05
9.04558e-05
8.81264e-05
8.60644e-05
8.42596e-05
8.26988e-05
8.13666e-05
8.02475e-05
7.93266e-05
7.85906e-05
7.8028e-05
7.76288e-05
7.73817e-05
7.7272e-05
7.726e-05
0.000261576
0.00017101
0.00013294
0.000112255
9.9642e-05
9.14121e-05
8.58175e-05
8.19181e-05
7.91563e-05
7.71746e-05
7.57294e-05
7.46475e-05
7.38033e-05
7.31053e-05
7.24888e-05
7.19104e-05
7.13446e-05
7.07794e-05
7.02135e-05
6.96527e-05
6.9107e-05
6.8588e-05
6.81074e-05
6.76751e-05
6.72991e-05
6.69852e-05
6.67369e-05
6.65559e-05
6.64426e-05
6.63967e-05
6.64175e-05
6.65049e-05
6.66593e-05
6.68824e-05
6.71774e-05
6.75479e-05
6.79921e-05
6.84946e-05
6.89682e-05
9.30432e-05
6.09043e-05
4.93943e-05
4.45541e-05
4.27173e-05
4.24497e-05
4.30627e-05
4.41717e-05
4.55393e-05
4.70107e-05
4.84831e-05
4.98886e-05
5.11842e-05
5.23438e-05
5.33544e-05
5.42121e-05
5.49202e-05
5.5487e-05
5.59249e-05
5.62488e-05
5.6475e-05
5.66203e-05
5.67011e-05
5.67326e-05
5.67285e-05
5.67006e-05
5.66589e-05
5.66118e-05
5.65656e-05
5.65259e-05
5.64966e-05
5.64812e-05
5.64829e-05
5.65047e-05
5.65498e-05
5.66216e-05
5.6716e-05
5.68247e-05
5.68312e-05
3.53515e-05
3.84028e-05
3.92726e-05
3.92476e-05
3.88856e-05
3.84289e-05
3.7979e-05
3.75741e-05
3.72236e-05
3.69241e-05
3.6667e-05
3.64417e-05
3.62376e-05
3.60446e-05
3.5854e-05
3.56582e-05
3.54511e-05
3.52279e-05
3.49855e-05
3.47216e-05
3.44354e-05
3.41267e-05
3.37961e-05
3.34448e-05
3.30741e-05
3.26857e-05
3.22809e-05
3.18611e-05
3.14271e-05
3.09796e-05
3.05183e-05
3.00426e-05
2.95509e-05
2.90406e-05
2.85079e-05
2.79475e-05
2.73516e-05
2.6708e-05
2.60366e-05
)
;

boundaryField
{
    frontandback
    {
        type            empty;
    }
    in1
    {
        type            calculated;
        value           uniform 0.000469574;
    }
    in2
    {
        type            calculated;
        value           uniform 0.000939149;
    }
    out
    {
        type            zeroGradient;
    }
    walls
    {
        type            nutkWallFunction;
        blending        stepwise;
        value           nonuniform List<scalar> 
423
(
4.68616e-06
4.68738e-06
4.68779e-06
4.69154e-06
4.6975e-06
4.70568e-06
4.71585e-06
4.7279e-06
4.74171e-06
4.75723e-06
4.77442e-06
4.79329e-06
4.81385e-06
4.83613e-06
4.8602e-06
4.88609e-06
4.91386e-06
4.94355e-06
4.97517e-06
5.00871e-06
5.04402e-06
5.08083e-06
5.1187e-06
5.15702e-06
5.19511e-06
5.23244e-06
5.26887e-06
5.30493e-06
5.34193e-06
5.38185e-06
5.42695e-06
5.47916e-06
5.53963e-06
5.60835e-06
5.68428e-06
5.76557e-06
5.84993e-06
5.93496e-06
6.01839e-06
6.09815e-06
6.17247e-06
6.23989e-06
6.29919e-06
6.34943e-06
6.38993e-06
6.42018e-06
6.4399e-06
6.44898e-06
6.44747e-06
6.43555e-06
6.41353e-06
6.38184e-06
6.34096e-06
6.29145e-06
6.2339e-06
6.16888e-06
6.09858e-06
6.02481e-06
5.94852e-06
5.87049e-06
5.79144e-06
5.71199e-06
5.63266e-06
5.55393e-06
5.47616e-06
5.39968e-06
5.32473e-06
5.25152e-06
5.18019e-06
5.11085e-06
5.04357e-06
4.97838e-06
4.9153e-06
4.85433e-06
4.79542e-06
4.73855e-06
4.68365e-06
4.63068e-06
4.57955e-06
4.53019e-06
4.48253e-06
4.43649e-06
4.39198e-06
4.34892e-06
4.30722e-06
4.26682e-06
4.22762e-06
4.18954e-06
4.15252e-06
4.11646e-06
4.0813e-06
4.04696e-06
4.01337e-06
3.98047e-06
3.94818e-06
3.91644e-06
3.88519e-06
3.85437e-06
3.82391e-06
3.79377e-06
3.76391e-06
3.73124e-06
3.69571e-06
3.6573e-06
3.61608e-06
3.5722e-06
3.52586e-06
3.4774e-06
3.42718e-06
3.37566e-06
3.32337e-06
3.27086e-06
3.21868e-06
3.16739e-06
3.1175e-06
3.06947e-06
3.02368e-06
2.98042e-06
2.9399e-06
2.90224e-06
2.86749e-06
2.83562e-06
2.80658e-06
2.78023e-06
2.75644e-06
2.73504e-06
2.71587e-06
2.69873e-06
2.68349e-06
2.66851e-06
2.6537e-06
2.639e-06
2.62433e-06
2.60962e-06
2.59482e-06
2.57987e-06
2.56472e-06
2.54931e-06
2.53361e-06
2.51757e-06
2.50117e-06
2.48437e-06
2.46714e-06
2.44949e-06
2.43139e-06
2.41286e-06
2.3939e-06
2.37453e-06
2.35479e-06
2.33473e-06
2.31441e-06
2.2939e-06
2.27329e-06
2.25269e-06
2.23222e-06
2.21202e-06
2.19222e-06
2.173e-06
2.1545e-06
2.13691e-06
2.12037e-06
2.10506e-06
2.09111e-06
2.07865e-06
2.06776e-06
2.05852e-06
2.05094e-06
2.04502e-06
2.04072e-06
2.03794e-06
2.03658e-06
2.03651e-06
2.0376e-06
2.03972e-06
2.04273e-06
2.04662e-06
2.05158e-06
2.0582e-06
2.06774e-06
2.08245e-06
2.10572e-06
2.14176e-06
2.19406e-06
2.26186e-06
2.33189e-06
2.35632e-06
2.18499e-06
4.2311e-06
4.25691e-06
4.28697e-06
4.31869e-06
4.35314e-06
4.39034e-06
4.4305e-06
4.47375e-06
4.52022e-06
4.57004e-06
4.6233e-06
4.68012e-06
4.74057e-06
4.80473e-06
4.87262e-06
4.94429e-06
5.01971e-06
5.09883e-06
5.18158e-06
5.26783e-06
5.35739e-06
5.45004e-06
5.54548e-06
5.64337e-06
5.74329e-06
5.84478e-06
5.94728e-06
6.05021e-06
6.15292e-06
6.25473e-06
6.35491e-06
6.45276e-06
6.54759e-06
6.63877e-06
6.72589e-06
6.80875e-06
6.88911e-06
7.0077e-06
7.13338e-06
7.24655e-06
7.34851e-06
7.44102e-06
7.52499e-06
7.60014e-06
7.66792e-06
7.72933e-06
7.78435e-06
7.8333e-06
7.87654e-06
7.91457e-06
7.94803e-06
7.97742e-06
8.00312e-06
8.02546e-06
8.04471e-06
8.0611e-06
8.07481e-06
8.08601e-06
8.0948e-06
8.10124e-06
8.10541e-06
8.10747e-06
8.10767e-06
8.10624e-06
8.10336e-06
8.09916e-06
8.09376e-06
8.08727e-06
8.07975e-06
8.07124e-06
8.06182e-06
8.05156e-06
8.04052e-06
8.02879e-06
8.01648e-06
8.00374e-06
7.99078e-06
7.978e-06
7.96639e-06
7.95624e-06
7.94696e-06
7.93823e-06
7.9299e-06
7.92197e-06
7.91456e-06
7.90794e-06
7.90258e-06
7.89908e-06
7.89827e-06
7.90143e-06
7.91072e-06
7.92994e-06
7.96528e-06
8.0273e-06
8.13223e-06
8.3164e-06
8.48883e-06
8.5204e-06
6.98728e-06
1.69257e-06
1.5749e-06
1.35849e-06
1.19444e-06
1.10091e-06
1.03179e-06
9.6182e-07
9.07003e-07
8.45119e-07
7.78733e-07
7.45117e-07
7.8185e-07
8.3123e-07
8.86778e-07
9.46258e-07
1.00791e-06
1.07046e-06
1.13302e-06
1.19492e-06
1.25568e-06
1.31491e-06
1.37232e-06
1.42768e-06
1.4808e-06
1.53151e-06
1.57969e-06
1.62523e-06
1.66807e-06
1.70815e-06
1.74544e-06
1.77993e-06
1.81166e-06
1.84066e-06
1.86701e-06
1.89081e-06
1.91216e-06
1.93122e-06
1.94813e-06
1.96309e-06
1.97628e-06
1.98791e-06
1.99817e-06
2.00729e-06
2.01544e-06
2.02282e-06
2.02961e-06
2.03601e-06
2.04229e-06
2.04887e-06
2.05657e-06
2.06679e-06
2.08192e-06
2.10543e-06
2.14161e-06
2.194e-06
2.26183e-06
2.33187e-06
2.35632e-06
2.18498e-06
4.24556e-06
4.62917e-06
4.73786e-06
4.7348e-06
4.68975e-06
4.63297e-06
4.57729e-06
4.52775e-06
4.4859e-06
4.45184e-06
4.42513e-06
4.40519e-06
4.39151e-06
4.38299e-06
4.37897e-06
4.37946e-06
4.3843e-06
4.3932e-06
4.40579e-06
4.42166e-06
4.44034e-06
4.46138e-06
4.48429e-06
4.50863e-06
4.53396e-06
4.5599e-06
4.5861e-06
4.61225e-06
4.63808e-06
4.66334e-06
4.68779e-06
4.71118e-06
4.73322e-06
4.75349e-06
4.77142e-06
4.78595e-06
4.79602e-06
4.79804e-06
4.79741e-06
4.24556e-06
4.62916e-06
4.73783e-06
4.73471e-06
4.68952e-06
4.63243e-06
4.57611e-06
4.52536e-06
4.48137e-06
4.44375e-06
4.41141e-06
4.38306e-06
4.35735e-06
4.33304e-06
4.309e-06
4.28429e-06
4.25813e-06
4.22994e-06
4.19927e-06
4.16587e-06
4.1296e-06
4.09044e-06
4.04846e-06
4.00379e-06
3.95659e-06
3.90706e-06
3.85537e-06
3.80168e-06
3.74608e-06
3.68865e-06
3.62934e-06
3.56807e-06
3.5046e-06
3.43859e-06
3.36954e-06
3.29671e-06
3.21907e-06
3.13497e-06
3.04697e-06
)
;
    }
}


// ************************************************************************* //
