/*--------------------------------*- C++ -*----------------------------------*\
| =========                 |                                                 |
| \\      /  F ield         | OpenFOAM: The Open Source CFD Toolbox           |
|  \\    /   O peration     | Version:  2406                                  |
|   \\  /    A nd           | Website:  www.openfoam.com                      |
|    \\/     M anipulation  |                                                 |
\*---------------------------------------------------------------------------*/
FoamFile
{
    version     2.0;
    format      ascii;
    arch        "LSB;label=32;scalar=64";
    class       volScalarField;
    location    "0.05";
    object      p_rgh;
}
// * * * * * * * * * * * * * * * * * * * * * * * * * * * * * * * * * * * * * //

dimensions      [1 -1 -2 0 0 0 0];

internalField   nonuniform List<scalar> 
6250
(
4999.93
4999.9
4999.92
4999.92
4999.91
4999.9
4999.9
4999.89
4999.89
4999.89
4999.88
4999.88
4999.87
4999.87
4999.87
4999.86
4999.86
4999.86
4999.85
4999.85
4999.85
4999.84
4999.84
4999.84
4999.84
4999.84
4999.84
4999.84
4999.83
4973.44
4907.56
4880.87
4835.39
4807.45
4792.43
4778.83
4764.83
4752.4
4741
4729.02
4715.67
4700.96
4685.05
4668.06
4650.13
4631.4
4612.01
4592.07
4571.68
4550.91
4529.82
4508.48
4486.92
4465.19
4443.31
4421.3
4399.2
4376.98
4354.68
4332.32
4309.9
4287.44
4264.94
4242.4
4219.82
4197.2
4174.56
4151.91
4129.24
4106.57
4083.87
4061.16
4038.43
4015.7
3992.96
3970.23
3947.49
3924.74
3901.97
3879.2
3856.43
3833.66
3810.89
3788.12
3765.36
3742.58
3719.79
3697
3674.2
3651.4
3628.61
3605.82
3583.03
3560.24
3537.44
3514.64
3491.85
3469.04
3446.23
3423.42
3400.61
3377.79
3354.98
3332.17
3309.37
3286.55
3263.74
3240.93
3218.13
3195.32
3172.51
3149.71
3126.9
3104.09
3081.3
3058.51
3035.71
3012.91
2990.11
2967.31
2944.5
2921.71
2898.91
2876.12
2853.33
2830.54
2807.75
2784.97
2762.2
2739.41
2716.62
2693.83
2671.04
2648.25
2625.45
2602.66
2579.88
2557.11
2534.34
2511.58
2488.81
2466.04
2443.27
2420.51
2397.75
2374.99
2352.23
2329.47
2306.71
2283.96
2261.21
2238.46
2215.71
2192.97
2170.23
2147.48
2124.74
2101.99
2079.25
2056.51
2033.76
2011.01
1988.27
1965.52
1942.77
1920.01
1897.26
1874.5
1851.74
1828.97
1806.21
1783.44
1760.66
1737.89
1715.12
1692.34
1669.57
1646.8
1624.03
1601.25
1578.49
1555.72
1532.95
1510.18
1487.4
1464.63
1441.85
1419.08
1396.29
1373.51
1350.72
1327.93
1305.13
1282.33
1259.54
1236.74
1213.94
1191.14
1168.34
1145.54
1122.74
1099.93
1077.13
1054.32
1031.51
1008.7
985.887
963.074
940.259
917.441
894.624
871.808
848.992
826.171
803.354
780.54
757.729
734.919
712.111
689.306
666.503
643.703
620.904
598.107
575.312
552.52
529.729
506.94
484.155
461.367
438.581
415.796
393.01
370.228
347.463
324.695
301.925
279.161
256.403
233.651
210.913
188.192
165.498
142.834
120.217
97.6707
75.1892
52.7623
30.5927
9.78844
4999.93
4999.89
4999.91
4999.92
4999.91
4999.9
4999.9
4999.89
4999.89
4999.89
4999.88
4999.88
4999.87
4999.87
4999.87
4999.86
4999.86
4999.86
4999.85
4999.85
4999.85
4999.84
4999.84
4999.84
4999.84
4999.84
4999.83
4999.83
4999.83
4999.32
4997.37
4996.68
4984.52
4911.22
4835.47
4794.37
4762.86
4746.51
4736.2
4725.91
4713.72
4699.79
4684.29
4667.51
4649.71
4631.06
4611.73
4591.83
4571.5
4550.77
4529.69
4508.37
4486.83
4465.11
4443.23
4421.23
4399.14
4376.94
4354.66
4332.29
4309.86
4287.4
4264.89
4242.35
4219.77
4197.17
4174.54
4151.9
4129.24
4106.56
4083.85
4061.13
4038.4
4015.67
3992.94
3970.21
3947.47
3924.72
3901.96
3879.19
3856.42
3833.66
3810.9
3788.14
3765.4
3742.64
3719.85
3697.06
3674.24
3651.43
3628.64
3605.84
3583.05
3560.25
3537.44
3514.63
3491.82
3469.01
3446.2
3423.39
3400.58
3377.77
3354.96
3332.15
3309.34
3286.52
3263.71
3240.89
3218.08
3195.27
3172.47
3149.67
3126.87
3104.07
3081.27
3058.47
3035.67
3012.87
2990.07
2967.27
2944.48
2921.68
2898.88
2876.08
2853.29
2830.49
2807.7
2784.91
2762.12
2739.33
2716.54
2693.76
2670.97
2648.19
2625.41
2602.63
2579.86
2557.09
2534.32
2511.55
2488.81
2466.06
2443.3
2420.54
2397.79
2375.03
2352.27
2329.48
2306.72
2283.97
2261.21
2238.46
2215.73
2192.98
2170.24
2147.5
2124.75
2102.01
2079.25
2056.51
2033.76
2011.01
1988.26
1965.51
1942.76
1920.01
1897.25
1874.49
1851.73
1828.97
1806.2
1783.43
1760.66
1737.88
1715.11
1692.33
1669.56
1646.78
1624.01
1601.24
1578.47
1555.7
1532.93
1510.16
1487.39
1464.61
1441.84
1419.06
1396.27
1373.49
1350.7
1327.91
1305.12
1282.32
1259.52
1236.73
1213.93
1191.13
1168.33
1145.53
1122.73
1099.92
1077.12
1054.31
1031.5
1008.69
985.877
963.063
940.248
917.432
894.615
871.801
848.985
826.167
803.352
780.538
757.725
734.914
712.105
689.298
666.494
643.693
620.893
598.097
575.303
552.511
529.721
506.934
484.149
461.365
438.584
415.804
393.027
370.251
347.481
324.713
301.95
279.198
256.448
233.708
210.998
188.293
165.6
142.921
120.292
97.7109
75.1526
52.5159
30.0449
9.533
4999.92
4999.89
4999.91
4999.92
4999.91
4999.9
4999.9
4999.89
4999.89
4999.89
4999.88
4999.88
4999.87
4999.87
4999.87
4999.86
4999.86
4999.85
4999.85
4999.85
4999.84
4999.84
4999.84
4999.83
4999.83
4999.83
4999.83
4999.82
4999.82
4999.82
4999.78
4999.3
4998.81
4997.75
4994.16
4986.25
4944.9
4836.21
4762.46
4738.08
4721.28
4705.62
4689.1
4671.32
4652.72
4633.48
4613.69
4593.45
4572.8
4551.79
4530.54
4509.07
4487.41
4465.6
4443.65
4421.57
4399.4
4377.15
4354.83
4332.45
4310.01
4287.53
4265
4242.44
4219.85
4197.23
4174.6
4151.95
4129.29
4106.6
4083.9
4061.18
4038.45
4015.71
3992.97
3970.23
3947.48
3924.72
3901.96
3879.19
3856.42
3833.65
3810.89
3788.12
3765.34
3742.57
3719.78
3697
3674.21
3651.42
3628.64
3605.84
3583.05
3560.25
3537.45
3514.64
3491.83
3469.01
3446.21
3423.4
3400.62
3377.82
3355.01
3332.2
3309.39
3286.55
3263.73
3240.91
3218.1
3195.3
3172.49
3149.69
3126.89
3104.1
3081.31
3058.51
3035.71
3012.91
2990.11
2967.31
2944.52
2921.72
2898.91
2876.12
2853.33
2830.54
2807.75
2784.95
2762.16
2739.37
2716.6
2693.82
2671.03
2648.24
2625.46
2602.68
2579.9
2557.1
2534.33
2511.56
2488.79
2466.04
2443.31
2420.54
2397.76
2375
2352.24
2329.48
2306.72
2283.96
2261.21
2238.46
2215.71
2192.96
2170.22
2147.49
2124.75
2102.01
2079.25
2056.51
2033.77
2011.02
1988.27
1965.52
1942.77
1920.01
1897.26
1874.5
1851.73
1828.97
1806.2
1783.43
1760.66
1737.89
1715.12
1692.34
1669.57
1646.8
1624.03
1601.26
1578.49
1555.72
1532.95
1510.18
1487.4
1464.63
1441.85
1419.07
1396.29
1373.51
1350.72
1327.93
1305.14
1282.34
1259.55
1236.74
1213.95
1191.15
1168.34
1145.54
1122.74
1099.94
1077.13
1054.32
1031.51
1008.7
985.883
963.068
940.261
917.444
894.627
871.81
848.994
826.179
803.365
780.553
757.734
734.92
712.115
689.309
666.505
643.703
620.904
598.107
575.313
552.52
529.73
506.942
484.156
461.373
438.593
415.818
393.043
370.267
347.492
324.722
301.965
279.232
256.485
233.745
211.015
188.298
165.595
142.91
120.249
97.6173
74.9537
52.1256
29.4604
9.28421
4999.92
4999.89
4999.91
4999.92
4999.91
4999.9
4999.9
4999.89
4999.89
4999.89
4999.88
4999.88
4999.87
4999.87
4999.86
4999.86
4999.86
4999.85
4999.85
4999.84
4999.84
4999.84
4999.83
4999.83
4999.82
4999.82
4999.81
4999.8
4999.79
4999.78
4999.76
4999.73
4999.64
4999.38
4998.61
4996.66
4992.84
4981.64
4935.17
4810.11
4738.39
4718.12
4698.76
4678.91
4658.8
4638.37
4617.65
4596.67
4575.44
4553.98
4532.34
4510.56
4488.66
4466.65
4444.53
4422.32
4400.03
4377.68
4355.28
4332.83
4310.34
4287.8
4265.24
4242.65
4220.04
4197.4
4174.75
4152.07
4129.38
4106.67
4083.96
4061.23
4038.49
4015.75
3993.01
3970.26
3947.51
3924.75
3901.99
3879.22
3856.46
3833.69
3810.91
3788.14
3765.37
3742.59
3719.8
3697.02
3674.23
3651.44
3628.65
3605.85
3583.05
3560.24
3537.43
3514.62
3491.81
3469
3446.2
3423.4
3400.59
3377.79
3354.98
3332.16
3309.35
3286.53
3263.71
3240.9
3218.09
3195.28
3172.48
3149.68
3126.87
3104.07
3081.27
3058.47
3035.67
3012.87
2990.07
2967.28
2944.49
2921.69
2898.9
2876.11
2853.31
2830.52
2807.72
2784.93
2762.14
2739.34
2716.55
2693.77
2670.98
2648.2
2625.42
2602.64
2579.87
2557.09
2534.33
2511.56
2488.8
2466.06
2443.31
2420.54
2397.78
2375.02
2352.26
2329.5
2306.72
2283.96
2261.21
2238.46
2215.71
2192.96
2170.23
2147.49
2124.75
2102.01
2079.26
2056.51
2033.77
2011.02
1988.27
1965.52
1942.77
1920.01
1897.26
1874.5
1851.73
1828.97
1806.2
1783.43
1760.66
1737.88
1715.11
1692.34
1669.56
1646.79
1624.02
1601.25
1578.48
1555.71
1532.94
1510.17
1487.4
1464.62
1441.84
1419.06
1396.28
1373.49
1350.71
1327.92
1305.12
1282.33
1259.53
1236.73
1213.94
1191.14
1168.34
1145.53
1122.73
1099.93
1077.12
1054.31
1031.5
1008.69
985.877
963.063
940.247
917.43
894.613
871.797
848.985
826.178
803.353
780.538
757.727
734.919
712.111
689.305
666.501
643.7
620.9
598.103
575.309
552.516
529.725
506.937
484.15
461.365
438.583
415.803
393.025
370.25
347.476
324.706
301.94
279.183
256.44
233.682
210.938
188.201
165.472
142.765
120.064
97.3735
74.6215
51.6502
28.8508
9.04692
4999.92
4999.88
4999.91
4999.92
4999.91
4999.9
4999.9
4999.89
4999.89
4999.88
4999.88
4999.88
4999.87
4999.87
4999.86
4999.86
4999.85
4999.85
4999.85
4999.84
4999.84
4999.83
4999.83
4999.82
4999.82
4999.81
4999.8
4999.8
4999.79
4999.78
4999.77
4999.75
4999.7
4999.59
4999.25
4998.48
4996.43
4991.72
4975.6
4916.51
4792.59
4740.81
4714.61
4690.39
4667.5
4645.13
4623
4600.96
4578.93
4556.86
4534.74
4512.56
4490.33
4468.04
4445.7
4423.32
4400.89
4378.43
4355.93
4333.39
4310.82
4288.21
4265.6
4242.96
4220.3
4197.63
4174.95
4152.25
4129.54
4106.81
4084.08
4061.34
4038.59
4015.83
3993.07
3970.31
3947.55
3924.79
3902.02
3879.24
3856.47
3833.69
3810.91
3788.14
3765.36
3742.58
3719.8
3697.02
3674.23
3651.44
3628.65
3605.85
3583.04
3560.24
3537.43
3514.62
3491.82
3469.01
3446.21
3423.41
3400.61
3377.8
3354.99
3332.17
3309.35
3286.53
3263.72
3240.91
3218.1
3195.29
3172.49
3149.68
3126.88
3104.07
3081.27
3058.47
3035.68
3012.88
2990.09
2967.29
2944.5
2921.71
2898.91
2876.12
2853.33
2830.54
2807.75
2784.95
2762.16
2739.37
2716.58
2693.78
2671
2648.21
2625.43
2602.65
2579.87
2557.1
2534.33
2511.57
2488.81
2466.04
2443.3
2420.55
2397.79
2375.03
2352.25
2329.48
2306.72
2283.96
2261.21
2238.46
2215.71
2192.96
2170.23
2147.49
2124.75
2102.01
2079.26
2056.51
2033.77
2011.02
1988.27
1965.52
1942.77
1920.02
1897.26
1874.5
1851.74
1828.97
1806.2
1783.43
1760.66
1737.89
1715.11
1692.34
1669.57
1646.8
1624.03
1601.26
1578.49
1555.72
1532.95
1510.18
1487.41
1464.63
1441.85
1419.07
1396.29
1373.5
1350.71
1327.92
1305.13
1282.33
1259.54
1236.74
1213.94
1191.14
1168.34
1145.54
1122.74
1099.93
1077.13
1054.32
1031.51
1008.69
985.879
963.063
940.246
917.434
894.619
871.802
848.986
826.172
803.356
780.543
757.728
734.918
712.112
689.307
666.503
643.701
620.902
598.104
575.309
552.516
529.724
506.933
484.145
461.359
438.575
415.792
393.01
370.229
347.452
324.686
301.912
279.141
256.371
233.607
210.846
188.106
165.349
142.596
119.85
97.1115
74.2942
51.2237
28.3516
8.84858
4999.92
4999.88
4999.91
4999.92
4999.91
4999.9
4999.9
4999.89
4999.89
4999.88
4999.88
4999.87
4999.87
4999.87
4999.86
4999.86
4999.85
4999.85
4999.84
4999.84
4999.83
4999.83
4999.82
4999.82
4999.81
4999.81
4999.8
4999.79
4999.78
4999.78
4999.77
4999.75
4999.72
4999.65
4999.42
4998.92
4997.33
4994.23
4982.45
4944.8
4831.67
4759.54
4728.24
4700.87
4675.83
4651.86
4628.46
4605.43
4582.63
4559.96
4537.35
4514.78
4492.22
4469.65
4447.07
4424.49
4401.9
4379.29
4356.67
4334.02
4311.36
4288.69
4266
4243.32
4220.62
4197.91
4175.18
4152.45
4129.71
4106.96
4084.22
4061.46
4038.7
4015.93
3993.16
3970.39
3947.62
3924.84
3902.07
3879.29
3856.51
3833.73
3810.95
3788.16
3765.38
3742.6
3719.82
3697.03
3674.24
3651.44
3628.64
3605.84
3583.04
3560.23
3537.43
3514.62
3491.82
3469.01
3446.21
3423.4
3400.59
3377.8
3354.98
3332.16
3309.34
3286.53
3263.72
3240.91
3218.1
3195.29
3172.48
3149.68
3126.87
3104.06
3081.26
3058.46
3035.66
3012.88
2990.08
2967.28
2944.49
2921.7
2898.91
2876.12
2853.33
2830.53
2807.74
2784.94
2762.15
2739.36
2716.57
2693.78
2670.99
2648.21
2625.43
2602.65
2579.88
2557.11
2534.34
2511.58
2488.81
2466.06
2443.31
2420.55
2397.79
2375.03
2352.27
2329.5
2306.72
2283.96
2261.21
2238.46
2215.71
2192.96
2170.23
2147.49
2124.75
2102
2079.26
2056.51
2033.77
2011.02
1988.27
1965.52
1942.77
1920.02
1897.26
1874.5
1851.73
1828.97
1806.2
1783.43
1760.66
1737.88
1715.11
1692.34
1669.57
1646.8
1624.03
1601.26
1578.49
1555.72
1532.95
1510.18
1487.4
1464.63
1441.85
1419.07
1396.28
1373.5
1350.71
1327.92
1305.12
1282.33
1259.53
1236.74
1213.94
1191.14
1168.34
1145.54
1122.73
1099.93
1077.12
1054.31
1031.5
1008.69
985.876
963.06
940.243
917.426
894.609
871.799
848.983
826.168
803.353
780.535
757.723
734.916
712.109
689.303
666.499
643.697
620.897
598.099
575.303
552.509
529.715
506.923
484.132
461.344
438.556
415.77
392.984
370.2
347.416
324.633
301.852
279.071
256.294
233.519
210.747
187.973
165.201
142.421
119.643
96.8699
74.0085
50.8718
27.9576
8.68556
4999.92
4999.88
4999.9
4999.91
4999.91
4999.9
4999.89
4999.89
4999.89
4999.88
4999.88
4999.87
4999.87
4999.86
4999.86
4999.86
4999.85
4999.85
4999.84
4999.84
4999.83
4999.83
4999.82
4999.82
4999.81
4999.8
4999.8
4999.79
4999.78
4999.77
4999.77
4999.75
4999.73
4999.67
4999.46
4999.05
4997.66
4994.7
4983.88
4952.69
4848.94
4768.16
4735.96
4707.72
4681.8
4657.04
4632.97
4609.34
4586.01
4562.88
4539.87
4516.95
4494.09
4471.27
4448.47
4425.7
4402.94
4380.2
4357.45
4334.71
4311.96
4289.21
4266.46
4243.72
4220.97
4198.21
4175.44
4152.67
4129.9
4107.13
4084.36
4061.58
4038.81
4016.03
3993.25
3970.47
3947.68
3924.9
3902.11
3879.33
3856.54
3833.76
3810.97
3788.19
3765.4
3742.62
3719.83
3697.03
3674.24
3651.45
3628.65
3605.84
3583.04
3560.24
3537.43
3514.63
3491.82
3469.02
3446.21
3423.41
3400.6
3377.79
3354.98
3332.16
3309.34
3286.53
3263.72
3240.91
3218.1
3195.29
3172.48
3149.67
3126.87
3104.06
3081.26
3058.46
3035.67
3012.87
2990.08
2967.29
2944.5
2921.71
2898.92
2876.13
2853.34
2830.54
2807.75
2784.95
2762.16
2739.37
2716.57
2693.78
2670.99
2648.21
2625.43
2602.65
2579.88
2557.11
2534.34
2511.58
2488.82
2466.07
2443.31
2420.55
2397.79
2375.03
2352.27
2329.49
2306.72
2283.97
2261.21
2238.46
2215.71
2192.96
2170.23
2147.48
2124.74
2102
2079.25
2056.51
2033.76
2011.02
1988.27
1965.52
1942.77
1920.02
1897.26
1874.5
1851.74
1828.97
1806.2
1783.43
1760.66
1737.89
1715.11
1692.34
1669.57
1646.8
1624.03
1601.26
1578.49
1555.72
1532.95
1510.18
1487.41
1464.63
1441.85
1419.07
1396.29
1373.5
1350.71
1327.92
1305.13
1282.33
1259.53
1236.74
1213.94
1191.14
1168.34
1145.54
1122.73
1099.93
1077.12
1054.31
1031.5
1008.69
985.874
963.058
940.241
917.424
894.611
871.796
848.98
826.164
803.35
780.536
757.721
734.914
712.107
689.301
666.497
643.695
620.894
598.095
575.298
552.501
529.706
506.912
484.12
461.329
438.538
415.748
392.958
370.167
347.377
324.588
301.799
279.011
256.222
233.433
210.646
187.871
165.068
142.257
119.462
96.6652
73.7758
50.5977
27.6555
8.55545
4999.92
4999.88
4999.9
4999.91
4999.91
4999.9
4999.89
4999.89
4999.89
4999.88
4999.88
4999.87
4999.87
4999.86
4999.86
4999.85
4999.85
4999.84
4999.84
4999.83
4999.83
4999.82
4999.82
4999.81
4999.81
4999.8
4999.8
4999.79
4999.78
4999.77
4999.77
4999.75
4999.73
4999.67
4999.47
4999.04
4997.68
4994.72
4983.89
4953.42
4852.16
4772.45
4740.44
4712.07
4685.89
4660.82
4636.4
4612.44
4588.79
4565.35
4542.06
4518.87
4495.77
4472.75
4449.78
4426.85
4403.96
4381.09
4358.24
4335.4
4312.56
4289.73
4266.92
4244.11
4221.31
4198.5
4175.71
4152.91
4130.11
4107.32
4084.53
4061.73
4038.94
4016.14
3993.35
3970.55
3947.75
3924.96
3902.16
3879.37
3856.58
3833.8
3811.01
3788.22
3765.43
3742.63
3719.84
3697.04
3674.24
3651.44
3628.65
3605.85
3583.04
3560.24
3537.43
3514.63
3491.82
3469.01
3446.2
3423.39
3400.58
3377.78
3354.97
3332.15
3309.34
3286.53
3263.72
3240.9
3218.09
3195.28
3172.47
3149.66
3126.86
3104.05
3081.25
3058.46
3035.67
3012.87
2990.08
2967.29
2944.5
2921.71
2898.92
2876.13
2853.34
2830.54
2807.75
2784.96
2762.16
2739.37
2716.58
2693.79
2671
2648.22
2625.44
2602.66
2579.89
2557.12
2534.35
2511.59
2488.83
2466.08
2443.32
2420.56
2397.79
2375.03
2352.27
2329.49
2306.73
2283.97
2261.21
2238.46
2215.71
2192.97
2170.23
2147.48
2124.74
2102
2079.25
2056.5
2033.76
2011.02
1988.27
1965.52
1942.77
1920.01
1897.26
1874.5
1851.73
1828.97
1806.2
1783.43
1760.66
1737.89
1715.11
1692.34
1669.57
1646.8
1624.03
1601.26
1578.49
1555.72
1532.95
1510.18
1487.41
1464.63
1441.85
1419.07
1396.28
1373.5
1350.71
1327.92
1305.12
1282.33
1259.53
1236.74
1213.94
1191.14
1168.34
1145.53
1122.73
1099.93
1077.12
1054.31
1031.5
1008.69
985.871
963.055
940.238
917.421
894.605
871.792
848.976
826.16
803.346
780.531
757.718
734.911
712.104
689.298
666.493
643.69
620.889
598.09
575.291
552.493
529.696
506.9
484.105
461.312
438.518
415.724
392.929
370.135
347.338
324.542
301.757
278.961
256.162
233.36
210.555
187.746
164.934
142.118
119.309
96.5012
73.5956
50.3925
27.4415
8.45459
4999.92
4999.88
4999.9
4999.91
4999.91
4999.9
4999.89
4999.89
4999.89
4999.88
4999.88
4999.87
4999.87
4999.86
4999.86
4999.85
4999.85
4999.84
4999.84
4999.83
4999.83
4999.82
4999.82
4999.81
4999.81
4999.8
4999.79
4999.79
4999.78
4999.77
4999.77
4999.75
4999.73
4999.66
4999.47
4999
4997.61
4994.63
4983.57
4951.96
4849.98
4774.39
4742.92
4714.76
4688.6
4663.45
4638.9
4614.78
4590.94
4567.32
4543.84
4520.49
4497.23
4474.05
4450.94
4427.88
4404.86
4381.89
4358.94
4336.01
4313.1
4290.22
4267.35
4244.49
4221.63
4198.79
4175.96
4153.13
4130.31
4107.49
4084.67
4061.86
4039.06
4016.25
3993.44
3970.63
3947.82
3925.02
3902.22
3879.42
3856.63
3833.84
3811.04
3788.25
3765.45
3742.65
3719.85
3697.05
3674.26
3651.46
3628.67
3605.87
3583.06
3560.26
3537.45
3514.63
3491.82
3469.01
3446.2
3423.39
3400.59
3377.79
3354.98
3332.16
3309.35
3286.54
3263.71
3240.9
3218.08
3195.27
3172.47
3149.66
3126.85
3104.05
3081.25
3058.46
3035.67
3012.87
2990.08
2967.29
2944.51
2921.72
2898.93
2876.14
2853.34
2830.55
2807.76
2784.96
2762.17
2739.37
2716.58
2693.79
2671
2648.22
2625.44
2602.66
2579.89
2557.12
2534.36
2511.59
2488.83
2466.08
2443.32
2420.56
2397.8
2375.03
2352.27
2329.49
2306.73
2283.97
2261.22
2238.46
2215.71
2192.97
2170.23
2147.48
2124.74
2102
2079.25
2056.5
2033.76
2011.01
1988.27
1965.52
1942.77
1920.01
1897.26
1874.5
1851.73
1828.97
1806.2
1783.43
1760.66
1737.89
1715.11
1692.34
1669.57
1646.8
1624.03
1601.26
1578.5
1555.73
1532.96
1510.18
1487.41
1464.63
1441.85
1419.07
1396.28
1373.5
1350.71
1327.92
1305.13
1282.33
1259.53
1236.73
1213.94
1191.14
1168.33
1145.53
1122.73
1099.92
1077.12
1054.31
1031.5
1008.68
985.868
963.052
940.235
917.418
894.601
871.787
848.972
826.157
803.343
780.529
757.716
734.909
712.102
689.295
666.49
643.686
620.884
598.084
575.284
552.485
529.686
506.889
484.093
461.297
438.501
415.703
392.904
370.105
347.303
324.507
301.713
278.908
256.102
233.292
210.477
187.659
164.838
142.015
119.196
96.3762
73.4617
50.2452
27.2791
8.37853
4999.92
4999.88
4999.9
4999.91
4999.91
4999.9
4999.89
4999.89
4999.88
4999.88
4999.88
4999.87
4999.87
4999.86
4999.86
4999.85
4999.85
4999.84
4999.84
4999.83
4999.83
4999.82
4999.82
4999.81
4999.8
4999.8
4999.79
4999.79
4999.78
4999.77
4999.77
4999.75
4999.73
4999.66
4999.46
4998.96
4997.52
4994.46
4983.35
4950.08
4847.05
4775.27
4744.29
4716.4
4690.35
4665.24
4640.67
4616.48
4592.55
4568.81
4545.23
4521.76
4498.39
4475.11
4451.88
4428.72
4405.61
4382.54
4359.52
4336.53
4313.56
4290.62
4267.7
4244.8
4221.91
4199.04
4176.17
4153.32
4130.47
4107.64
4084.81
4061.98
4039.16
4016.34
3993.51
3970.69
3947.88
3925.07
3902.26
3879.46
3856.66
3833.86
3811.06
3788.26
3765.46
3742.66
3719.86
3697.06
3674.26
3651.47
3628.67
3605.87
3583.06
3560.25
3537.43
3514.62
3491.81
3469
3446.19
3423.39
3400.58
3377.78
3354.97
3332.15
3309.33
3286.52
3263.7
3240.89
3218.07
3195.26
3172.46
3149.65
3126.85
3104.05
3081.26
3058.46
3035.66
3012.87
2990.08
2967.29
2944.51
2921.72
2898.93
2876.14
2853.35
2830.55
2807.76
2784.96
2762.17
2739.38
2716.58
2693.79
2671.01
2648.22
2625.45
2602.67
2579.9
2557.13
2534.36
2511.59
2488.84
2466.09
2443.32
2420.56
2397.8
2375.04
2352.27
2329.49
2306.73
2283.98
2261.22
2238.46
2215.72
2192.97
2170.23
2147.48
2124.74
2101.99
2079.24
2056.5
2033.76
2011.01
1988.27
1965.52
1942.77
1920.01
1897.26
1874.5
1851.73
1828.97
1806.2
1783.43
1760.66
1737.89
1715.12
1692.34
1669.57
1646.8
1624.03
1601.26
1578.5
1555.73
1532.95
1510.18
1487.41
1464.63
1441.85
1419.07
1396.28
1373.5
1350.71
1327.92
1305.12
1282.33
1259.53
1236.73
1213.93
1191.13
1168.33
1145.53
1122.73
1099.92
1077.12
1054.31
1031.49
1008.68
985.865
963.049
940.232
917.414
894.598
871.783
848.968
826.153
803.34
780.528
757.715
734.908
712.1
689.293
666.487
643.683
620.881
598.08
575.279
552.478
529.679
506.88
484.082
461.284
438.484
415.684
392.883
370.08
347.275
324.477
301.676
278.866
256.054
233.238
210.416
187.592
164.764
141.935
119.111
96.2861
73.3666
50.1433
27.1698
8.32478
4999.92
4999.88
4999.9
4999.91
4999.91
4999.9
4999.89
4999.89
4999.88
4999.88
4999.87
4999.87
4999.87
4999.86
4999.86
4999.85
4999.85
4999.84
4999.84
4999.83
4999.83
4999.82
4999.82
4999.81
4999.8
4999.8
4999.79
4999.79
4999.78
4999.77
4999.77
4999.75
4999.73
4999.65
4999.45
4998.94
4997.47
4994.35
4983.32
4948.87
4844.96
4775.75
4745.12
4717.43
4691.5
4666.44
4641.89
4617.67
4593.68
4569.88
4546.22
4522.67
4499.23
4475.87
4452.58
4429.34
4406.17
4383.05
4359.98
4336.94
4313.93
4290.94
4267.98
4245.05
4222.13
4199.24
4176.35
4153.48
4130.62
4107.76
4084.92
4062.08
4039.24
4016.41
3993.58
3970.75
3947.93
3925.12
3902.31
3879.5
3856.7
3833.9
3811.09
3788.29
3765.48
3742.68
3719.87
3697.08
3674.28
3651.48
3628.68
3605.88
3583.07
3560.26
3537.44
3514.62
3491.81
3469
3446.2
3423.39
3400.59
3377.79
3354.97
3332.16
3309.34
3286.52
3263.69
3240.88
3218.07
3195.26
3172.46
3149.65
3126.85
3104.05
3081.26
3058.46
3035.67
3012.87
2990.09
2967.3
2944.51
2921.72
2898.93
2876.14
2853.35
2830.55
2807.76
2784.96
2762.17
2739.38
2716.59
2693.8
2671.01
2648.23
2625.45
2602.67
2579.9
2557.13
2534.36
2511.6
2488.85
2466.09
2443.32
2420.56
2397.8
2375.04
2352.27
2329.5
2306.74
2283.98
2261.22
2238.47
2215.72
2192.98
2170.23
2147.48
2124.74
2101.99
2079.24
2056.5
2033.76
2011.01
1988.26
1965.52
1942.77
1920.01
1897.26
1874.5
1851.73
1828.97
1806.2
1783.43
1760.66
1737.89
1715.12
1692.35
1669.58
1646.81
1624.04
1601.27
1578.5
1555.73
1532.95
1510.18
1487.41
1464.63
1441.85
1419.07
1396.28
1373.5
1350.71
1327.92
1305.12
1282.33
1259.53
1236.73
1213.93
1191.13
1168.33
1145.53
1122.73
1099.92
1077.11
1054.3
1031.49
1008.68
985.862
963.045
940.228
917.411
894.595
871.78
848.965
826.151
803.338
780.526
757.714
734.906
712.098
689.29
666.485
643.681
620.879
598.077
575.275
552.474
529.673
506.873
484.074
461.275
438.473
415.671
392.867
370.062
347.254
324.453
301.648
278.835
256.019
233.198
210.373
187.545
164.713
141.877
119.049
96.2254
73.3039
50.0774
27.1098
8.2891
4999.92
4999.88
4999.9
4999.91
4999.91
4999.9
4999.89
4999.89
4999.88
4999.88
4999.87
4999.87
4999.87
4999.86
4999.86
4999.85
4999.85
4999.84
4999.84
4999.83
4999.83
4999.82
4999.81
4999.81
4999.8
4999.8
4999.79
4999.79
4999.78
4999.77
4999.77
4999.75
4999.73
4999.65
4999.45
4998.94
4997.46
4994.34
4983.33
4948.67
4844.68
4776.14
4745.66
4718.07
4692.2
4667.17
4642.62
4618.38
4594.38
4570.54
4546.84
4523.26
4499.77
4476.36
4453.02
4429.75
4406.53
4383.38
4360.27
4337.21
4314.17
4291.15
4268.17
4245.21
4222.27
4199.36
4176.47
4153.59
4130.71
4107.85
4084.99
4062.14
4039.3
4016.45
3993.62
3970.79
3947.96
3925.14
3902.33
3879.52
3856.72
3833.91
3811.1
3788.3
3765.49
3742.69
3719.89
3697.09
3674.29
3651.49
3628.69
3605.88
3583.07
3560.25
3537.44
3514.62
3491.81
3469
3446.2
3423.39
3400.59
3377.78
3354.97
3332.14
3309.32
3286.5
3263.69
3240.87
3218.06
3195.26
3172.46
3149.66
3126.86
3104.06
3081.26
3058.46
3035.67
3012.88
2990.09
2967.3
2944.51
2921.72
2898.93
2876.14
2853.35
2830.55
2807.76
2784.97
2762.17
2739.38
2716.59
2693.8
2671.01
2648.23
2625.45
2602.68
2579.9
2557.13
2534.36
2511.6
2488.85
2466.09
2443.33
2420.56
2397.8
2375.04
2352.27
2329.5
2306.74
2283.98
2261.22
2238.48
2215.73
2192.98
2170.23
2147.48
2124.73
2101.98
2079.24
2056.5
2033.76
2011.01
1988.26
1965.52
1942.76
1920.01
1897.25
1874.5
1851.73
1828.97
1806.2
1783.43
1760.66
1737.89
1715.12
1692.35
1669.58
1646.81
1624.04
1601.27
1578.5
1555.73
1532.95
1510.18
1487.4
1464.63
1441.85
1419.06
1396.28
1373.49
1350.71
1327.92
1305.12
1282.33
1259.53
1236.73
1213.93
1191.13
1168.33
1145.53
1122.73
1099.92
1077.11
1054.3
1031.49
1008.67
985.858
963.042
940.225
917.408
894.591
871.777
848.963
826.149
803.337
780.524
757.714
734.906
712.097
689.29
666.485
643.681
620.879
598.077
575.274
552.471
529.67
506.87
484.07
461.269
438.466
415.663
392.859
370.052
347.243
324.442
301.632
278.816
255.998
233.175
210.348
187.518
164.683
141.845
119.018
96.1905
73.268
50.0403
27.0744
8.26891
4999.92
4999.88
4999.9
4999.91
4999.9
4999.9
4999.89
4999.89
4999.88
4999.88
4999.87
4999.87
4999.86
4999.86
4999.86
4999.85
4999.85
4999.84
4999.84
4999.83
4999.83
4999.82
4999.81
4999.81
4999.8
4999.8
4999.79
4999.79
4999.78
4999.77
4999.76
4999.75
4999.73
4999.66
4999.46
4998.96
4997.5
4994.43
4983.38
4949.62
4846.46
4776.57
4746.07
4718.45
4692.56
4667.52
4642.95
4618.71
4594.69
4570.84
4547.12
4523.51
4500
4476.57
4453.21
4429.92
4406.7
4383.53
4360.4
4337.32
4314.26
4291.25
4268.25
4245.29
4222.35
4199.44
4176.53
4153.64
4130.76
4107.89
4085.02
4062.17
4039.32
4016.48
3993.64
3970.81
3947.99
3925.17
3902.35
3879.54
3856.73
3833.92
3811.11
3788.3
3765.5
3742.69
3719.89
3697.09
3674.29
3651.49
3628.69
3605.88
3583.07
3560.26
3537.44
3514.63
3491.82
3469.01
3446.2
3423.39
3400.59
3377.78
3354.96
3332.14
3309.32
3286.5
3263.69
3240.87
3218.07
3195.26
3172.46
3149.66
3126.86
3104.06
3081.27
3058.47
3035.67
3012.88
2990.09
2967.3
2944.51
2921.72
2898.93
2876.14
2853.34
2830.55
2807.76
2784.96
2762.17
2739.38
2716.59
2693.8
2671.02
2648.23
2625.45
2602.68
2579.91
2557.13
2534.37
2511.6
2488.85
2466.09
2443.33
2420.57
2397.8
2375.04
2352.28
2329.51
2306.74
2283.98
2261.23
2238.47
2215.72
2192.98
2170.23
2147.48
2124.73
2101.98
2079.24
2056.5
2033.76
2011.01
1988.26
1965.52
1942.76
1920.01
1897.26
1874.5
1851.74
1828.97
1806.2
1783.43
1760.66
1737.89
1715.12
1692.35
1669.58
1646.81
1624.04
1601.27
1578.5
1555.72
1532.95
1510.18
1487.4
1464.62
1441.84
1419.06
1396.28
1373.49
1350.71
1327.91
1305.12
1282.33
1259.53
1236.73
1213.93
1191.13
1168.33
1145.53
1122.73
1099.92
1077.11
1054.3
1031.49
1008.67
985.855
963.039
940.222
917.407
894.59
871.774
848.961
826.148
803.336
780.523
757.714
734.905
712.097
689.29
666.485
643.682
620.88
598.077
575.274
552.471
529.67
506.87
484.07
461.269
438.466
415.663
392.858
370.052
347.241
324.439
301.627
278.811
255.993
233.169
210.34
187.509
164.674
141.834
119.002
96.1792
73.2567
50.0289
27.0565
8.26232
4999.92
4999.88
4999.9
4999.91
4999.9
4999.9
4999.89
4999.89
4999.88
4999.88
4999.87
4999.87
4999.86
4999.86
4999.86
4999.85
4999.85
4999.84
4999.84
4999.83
4999.83
4999.82
4999.81
4999.81
4999.8
4999.8
4999.79
4999.79
4999.78
4999.77
4999.76
4999.75
4999.73
4999.66
4999.46
4999
4997.59
4994.62
4983.58
4951.62
4850.12
4777.05
4746.34
4718.58
4692.61
4667.52
4642.92
4618.65
4594.62
4570.76
4547.03
4523.42
4499.91
4476.49
4453.15
4429.86
4406.64
4383.47
4360.35
4337.27
4314.23
4291.21
4268.22
4245.26
4222.33
4199.41
4176.52
4153.63
4130.75
4107.88
4085.01
4062.16
4039.31
4016.48
3993.65
3970.82
3947.99
3925.17
3902.36
3879.54
3856.73
3833.92
3811.11
3788.31
3765.5
3742.7
3719.89
3697.1
3674.3
3651.5
3628.69
3605.89
3583.07
3560.26
3537.45
3514.63
3491.82
3469.01
3446.2
3423.39
3400.59
3377.78
3354.96
3332.14
3309.31
3286.5
3263.69
3240.88
3218.07
3195.27
3172.47
3149.67
3126.87
3104.07
3081.27
3058.47
3035.67
3012.88
2990.09
2967.29
2944.5
2921.71
2898.92
2876.13
2853.34
2830.55
2807.75
2784.96
2762.17
2739.38
2716.59
2693.8
2671.02
2648.24
2625.46
2602.68
2579.91
2557.14
2534.37
2511.6
2488.85
2466.09
2443.32
2420.56
2397.8
2375.04
2352.28
2329.52
2306.76
2283.99
2261.23
2238.47
2215.72
2192.97
2170.23
2147.48
2124.73
2101.99
2079.24
2056.5
2033.76
2011.01
1988.26
1965.52
1942.77
1920.01
1897.26
1874.5
1851.74
1828.97
1806.21
1783.44
1760.67
1737.9
1715.12
1692.35
1669.58
1646.81
1624.04
1601.27
1578.5
1555.72
1532.95
1510.18
1487.4
1464.62
1441.84
1419.06
1396.28
1373.49
1350.7
1327.91
1305.12
1282.33
1259.53
1236.73
1213.93
1191.13
1168.33
1145.53
1122.73
1099.92
1077.11
1054.3
1031.48
1008.67
985.853
963.038
940.222
917.406
894.589
871.772
848.957
826.146
803.334
780.522
757.714
734.906
712.098
689.292
666.487
643.685
620.883
598.08
575.276
552.474
529.673
506.874
484.075
461.274
438.471
415.668
392.864
370.057
347.248
324.446
301.634
278.82
256.002
233.178
210.349
187.519
164.684
141.845
119.018
96.1913
73.2689
50.0413
27.0763
8.26863
4999.92
4999.88
4999.9
4999.91
4999.9
4999.9
4999.89
4999.89
4999.88
4999.88
4999.87
4999.87
4999.87
4999.86
4999.86
4999.85
4999.85
4999.84
4999.84
4999.83
4999.83
4999.82
4999.81
4999.81
4999.8
4999.8
4999.79
4999.79
4999.78
4999.77
4999.76
4999.75
4999.73
4999.67
4999.48
4999.06
4997.71
4994.79
4984.04
4954.27
4855.51
4777.53
4746.46
4718.45
4692.33
4667.14
4642.48
4618.19
4594.15
4570.3
4546.59
4523.01
4499.52
4476.13
4452.81
4429.56
4406.37
4383.23
4360.13
4337.08
4314.06
4291.06
4268.09
4245.15
4222.23
4199.33
4176.44
4153.56
4130.68
4107.82
4084.96
4062.12
4039.28
4016.45
3993.63
3970.8
3947.98
3925.16
3902.34
3879.53
3856.72
3833.91
3811.1
3788.3
3765.49
3742.69
3719.89
3697.09
3674.29
3651.49
3628.69
3605.88
3583.07
3560.26
3537.45
3514.63
3491.82
3469.01
3446.2
3423.39
3400.58
3377.77
3354.96
3332.14
3309.32
3286.51
3263.7
3240.89
3218.08
3195.28
3172.48
3149.68
3126.87
3104.07
3081.27
3058.47
3035.67
3012.88
2990.08
2967.29
2944.5
2921.71
2898.92
2876.13
2853.33
2830.54
2807.75
2784.96
2762.17
2739.38
2716.59
2693.8
2671.02
2648.24
2625.46
2602.68
2579.91
2557.14
2534.37
2511.6
2488.84
2466.09
2443.33
2420.56
2397.8
2375.04
2352.28
2329.52
2306.76
2284
2261.23
2238.47
2215.72
2192.97
2170.23
2147.48
2124.74
2101.99
2079.25
2056.5
2033.76
2011.01
1988.27
1965.52
1942.77
1920.01
1897.26
1874.5
1851.74
1828.98
1806.21
1783.44
1760.67
1737.9
1715.13
1692.35
1669.58
1646.81
1624.04
1601.27
1578.49
1555.72
1532.95
1510.17
1487.4
1464.62
1441.84
1419.06
1396.27
1373.49
1350.7
1327.91
1305.12
1282.32
1259.53
1236.73
1213.93
1191.13
1168.33
1145.53
1122.73
1099.92
1077.11
1054.3
1031.48
1008.67
985.852
963.037
940.221
917.405
894.588
871.771
848.955
826.143
803.333
780.524
757.716
734.908
712.1
689.295
666.491
643.689
620.887
598.084
575.282
552.48
529.681
506.884
484.085
461.284
438.482
415.68
392.877
370.072
347.271
324.466
301.654
278.841
256.025
233.203
210.376
187.548
164.716
141.883
119.055
96.227
73.3049
50.0783
27.106
8.28877
4999.92
4999.88
4999.9
4999.91
4999.91
4999.9
4999.89
4999.89
4999.88
4999.88
4999.87
4999.87
4999.87
4999.86
4999.86
4999.85
4999.85
4999.84
4999.84
4999.83
4999.83
4999.82
4999.82
4999.81
4999.8
4999.8
4999.79
4999.79
4999.78
4999.77
4999.76
4999.75
4999.73
4999.67
4999.49
4999.12
4997.85
4995.15
4984.59
4957.27
4861.91
4777.82
4746.22
4717.87
4691.55
4666.26
4641.55
4617.25
4593.23
4569.41
4545.75
4522.23
4498.81
4475.48
4452.23
4429.03
4405.89
4382.79
4359.75
4336.74
4313.76
4290.8
4267.86
4244.95
4222.05
4199.17
4176.3
4153.43
4130.57
4107.72
4084.88
4062.05
4039.23
4016.4
3993.58
3970.76
3947.94
3925.12
3902.31
3879.5
3856.7
3833.9
3811.1
3788.29
3765.49
3742.69
3719.89
3697.09
3674.29
3651.49
3628.69
3605.89
3583.08
3560.26
3537.45
3514.64
3491.83
3469.02
3446.21
3423.4
3400.58
3377.78
3354.96
3332.15
3309.33
3286.51
3263.71
3240.9
3218.09
3195.29
3172.49
3149.68
3126.88
3104.07
3081.27
3058.47
3035.67
3012.88
2990.08
2967.29
2944.49
2921.7
2898.91
2876.12
2853.33
2830.53
2807.74
2784.95
2762.16
2739.37
2716.59
2693.8
2671.02
2648.24
2625.46
2602.68
2579.91
2557.14
2534.37
2511.6
2488.84
2466.08
2443.33
2420.56
2397.8
2375.03
2352.27
2329.51
2306.76
2283.99
2261.23
2238.48
2215.72
2192.97
2170.23
2147.49
2124.74
2102
2079.25
2056.51
2033.76
2011.01
1988.27
1965.52
1942.77
1920.01
1897.26
1874.5
1851.74
1828.98
1806.21
1783.44
1760.67
1737.9
1715.13
1692.36
1669.58
1646.81
1624.04
1601.27
1578.49
1555.72
1532.95
1510.17
1487.39
1464.61
1441.84
1419.05
1396.27
1373.49
1350.7
1327.91
1305.12
1282.33
1259.53
1236.73
1213.93
1191.14
1168.34
1145.53
1122.73
1099.92
1077.11
1054.3
1031.48
1008.67
985.852
963.037
940.22
917.403
894.585
871.768
848.954
826.142
803.333
780.525
757.718
734.91
712.103
689.297
666.494
643.693
620.892
598.09
575.289
552.489
529.691
506.895
484.097
461.297
438.496
415.697
392.899
370.098
347.295
324.488
301.684
278.875
256.061
233.242
210.421
187.597
164.769
141.937
119.113
96.2879
73.368
50.1451
27.1705
8.3247
4999.92
4999.88
4999.9
4999.91
4999.91
4999.9
4999.89
4999.89
4999.88
4999.88
4999.88
4999.87
4999.87
4999.86
4999.86
4999.85
4999.85
4999.84
4999.84
4999.83
4999.83
4999.82
4999.82
4999.81
4999.8
4999.8
4999.79
4999.79
4999.78
4999.77
4999.76
4999.75
4999.73
4999.68
4999.51
4999.18
4997.94
4995.58
4985.75
4960.23
4867.51
4777.56
4745.3
4716.57
4690.07
4664.69
4639.98
4615.71
4591.77
4568.05
4544.5
4521.07
4497.76
4474.53
4451.37
4428.27
4405.21
4382.2
4359.22
4336.27
4313.35
4290.45
4267.55
4244.68
4221.81
4198.96
4176.11
4153.26
4130.43
4107.6
4084.78
4061.96
4039.15
4016.34
3993.52
3970.71
3947.89
3925.08
3902.28
3879.47
3856.68
3833.88
3811.08
3788.28
3765.48
3742.68
3719.88
3697.08
3674.28
3651.48
3628.68
3605.88
3583.07
3560.26
3537.45
3514.64
3491.83
3469.02
3446.21
3423.4
3400.59
3377.78
3354.97
3332.16
3309.34
3286.53
3263.72
3240.91
3218.11
3195.3
3172.49
3149.69
3126.88
3104.08
3081.27
3058.47
3035.67
3012.87
2990.08
2967.28
2944.49
2921.69
2898.9
2876.11
2853.32
2830.53
2807.74
2784.95
2762.16
2739.37
2716.59
2693.8
2671.02
2648.24
2625.46
2602.68
2579.91
2557.14
2534.37
2511.6
2488.83
2466.07
2443.32
2420.55
2397.79
2375.03
2352.27
2329.51
2306.75
2283.99
2261.23
2238.48
2215.73
2192.98
2170.23
2147.49
2124.74
2102
2079.25
2056.51
2033.76
2011.02
1988.27
1965.52
1942.77
1920.02
1897.26
1874.5
1851.74
1828.98
1806.22
1783.45
1760.68
1737.91
1715.13
1692.36
1669.59
1646.81
1624.04
1601.26
1578.49
1555.72
1532.94
1510.17
1487.39
1464.61
1441.83
1419.05
1396.27
1373.48
1350.7
1327.91
1305.12
1282.33
1259.53
1236.73
1213.94
1191.14
1168.34
1145.53
1122.73
1099.92
1077.11
1054.3
1031.48
1008.67
985.851
963.036
940.218
917.401
894.583
871.767
848.953
826.143
803.335
780.528
757.72
734.913
712.105
689.3
666.498
643.699
620.9
598.099
575.299
552.5
529.704
506.909
484.113
461.315
438.517
415.72
392.924
370.125
347.33
324.529
301.724
278.92
256.113
233.301
210.484
187.666
164.844
142.017
119.199
96.3794
73.464
50.2485
27.2892
8.37852
4999.92
4999.88
4999.9
4999.91
4999.91
4999.9
4999.89
4999.89
4999.89
4999.88
4999.88
4999.87
4999.87
4999.86
4999.86
4999.85
4999.85
4999.84
4999.84
4999.83
4999.83
4999.82
4999.82
4999.81
4999.81
4999.8
4999.79
4999.79
4999.78
4999.77
4999.76
4999.75
4999.73
4999.68
4999.52
4999.21
4998.02
4995.82
4986.49
4962.65
4870.89
4776.09
4743.14
4714.12
4687.55
4662.22
4637.61
4613.5
4589.72
4566.17
4542.79
4519.54
4496.39
4473.31
4450.29
4427.31
4404.37
4381.46
4358.58
4335.71
4312.85
4290
4267.16
4244.33
4221.51
4198.69
4175.88
4153.07
4130.26
4107.45
4084.65
4061.85
4039.04
4016.24
3993.44
3970.63
3947.83
3925.03
3902.24
3879.44
3856.65
3833.86
3811.07
3788.27
3765.47
3742.67
3719.87
3697.07
3674.27
3651.48
3628.68
3605.87
3583.07
3560.26
3537.45
3514.64
3491.83
3469.03
3446.22
3423.41
3400.6
3377.78
3354.98
3332.16
3309.35
3286.54
3263.73
3240.92
3218.11
3195.31
3172.5
3149.69
3126.89
3104.08
3081.27
3058.47
3035.67
3012.87
2990.07
2967.27
2944.48
2921.69
2898.9
2876.1
2853.31
2830.52
2807.74
2784.95
2762.16
2739.37
2716.59
2693.8
2671.02
2648.24
2625.46
2602.68
2579.91
2557.14
2534.37
2511.6
2488.83
2466.07
2443.31
2420.55
2397.79
2375.03
2352.27
2329.51
2306.75
2283.99
2261.23
2238.48
2215.73
2192.98
2170.24
2147.49
2124.75
2102.01
2079.26
2056.51
2033.77
2011.02
1988.27
1965.52
1942.77
1920.02
1897.26
1874.5
1851.75
1828.98
1806.22
1783.45
1760.68
1737.91
1715.14
1692.36
1669.59
1646.81
1624.04
1601.26
1578.49
1555.72
1532.94
1510.16
1487.39
1464.61
1441.83
1419.05
1396.27
1373.48
1350.7
1327.91
1305.12
1282.33
1259.53
1236.73
1213.94
1191.14
1168.34
1145.53
1122.73
1099.92
1077.11
1054.3
1031.48
1008.67
985.851
963.034
940.217
917.399
894.582
871.766
848.954
826.144
803.337
780.53
757.722
734.914
712.107
689.304
666.503
643.706
620.908
598.109
575.309
552.511
529.715
506.922
484.129
461.334
438.54
415.746
392.952
370.159
347.362
324.569
301.773
278.976
256.177
233.372
210.562
187.753
164.939
142.127
119.317
96.5056
73.5991
50.3959
27.4348
8.45355
4999.92
4999.88
4999.9
4999.91
4999.91
4999.9
4999.89
4999.89
4999.89
4999.88
4999.88
4999.87
4999.87
4999.86
4999.86
4999.85
4999.85
4999.84
4999.84
4999.84
4999.83
4999.83
4999.82
4999.81
4999.81
4999.8
4999.8
4999.79
4999.78
4999.77
4999.76
4999.75
4999.73
4999.68
4999.51
4999.19
4997.99
4995.75
4986.42
4962.12
4868.07
4771.93
4738.74
4709.83
4683.52
4658.49
4634.22
4610.45
4587
4563.76
4540.66
4517.66
4494.74
4471.87
4449.03
4426.21
4403.4
4380.62
4357.84
4335.07
4312.29
4289.51
4266.74
4243.96
4221.19
4198.41
4175.64
4152.86
4130.08
4107.3
4084.51
4061.73
4038.94
4016.15
3993.36
3970.56
3947.77
3924.98
3902.2
3879.41
3856.63
3833.84
3811.04
3788.25
3765.45
3742.65
3719.85
3697.05
3674.26
3651.47
3628.67
3605.87
3583.06
3560.26
3537.45
3514.64
3491.84
3469.03
3446.22
3423.41
3400.6
3377.79
3354.98
3332.17
3309.36
3286.55
3263.74
3240.93
3218.12
3195.32
3172.51
3149.7
3126.89
3104.08
3081.27
3058.47
3035.67
3012.86
2990.06
2967.27
2944.47
2921.68
2898.89
2876.1
2853.31
2830.52
2807.73
2784.94
2762.16
2739.37
2716.59
2693.8
2671.02
2648.24
2625.46
2602.68
2579.91
2557.13
2534.36
2511.59
2488.82
2466.07
2443.31
2420.54
2397.78
2375.02
2352.26
2329.51
2306.75
2283.98
2261.23
2238.48
2215.73
2192.99
2170.24
2147.5
2124.76
2102.01
2079.27
2056.52
2033.77
2011.02
1988.27
1965.52
1942.77
1920.02
1897.26
1874.51
1851.75
1828.99
1806.22
1783.45
1760.68
1737.91
1715.14
1692.36
1669.59
1646.81
1624.04
1601.26
1578.49
1555.71
1532.94
1510.16
1487.38
1464.6
1441.82
1419.04
1396.26
1373.48
1350.7
1327.91
1305.12
1282.33
1259.53
1236.73
1213.94
1191.14
1168.34
1145.53
1122.73
1099.92
1077.11
1054.3
1031.48
1008.67
985.849
963.032
940.215
917.398
894.581
871.767
848.954
826.145
803.338
780.531
757.723
734.916
712.11
689.308
666.51
643.714
620.917
598.118
575.318
552.521
529.728
506.939
484.149
461.357
438.563
415.773
392.986
370.196
347.404
324.62
301.829
279.04
256.249
233.451
210.653
187.858
165.06
142.257
119.465
96.6685
73.7787
50.6006
27.6603
8.55519
4999.92
4999.88
4999.9
4999.91
4999.91
4999.9
4999.89
4999.89
4999.89
4999.88
4999.88
4999.87
4999.87
4999.86
4999.86
4999.86
4999.85
4999.85
4999.84
4999.84
4999.83
4999.83
4999.82
4999.82
4999.81
4999.81
4999.8
4999.79
4999.78
4999.77
4999.76
4999.75
4999.72
4999.66
4999.47
4999.08
4997.69
4994.98
4984.04
4954.52
4850.78
4763.03
4730.81
4702.8
4677.43
4653.24
4629.68
4606.52
4583.61
4560.85
4538.16
4515.51
4492.89
4470.28
4447.66
4425.02
4402.39
4379.74
4357.08
4334.4
4311.71
4289.01
4266.3
4243.58
4220.86
4198.14
4175.4
4152.65
4129.9
4107.14
4084.37
4061.6
4038.83
4016.06
3993.28
3970.5
3947.72
3924.94
3902.16
3879.38
3856.6
3833.82
3811.02
3788.23
3765.43
3742.64
3719.84
3697.05
3674.26
3651.46
3628.67
3605.87
3583.06
3560.26
3537.45
3514.64
3491.84
3469.03
3446.22
3423.42
3400.61
3377.8
3354.99
3332.18
3309.37
3286.56
3263.75
3240.94
3218.13
3195.32
3172.51
3149.7
3126.89
3104.08
3081.27
3058.47
3035.66
3012.86
2990.06
2967.26
2944.47
2921.68
2898.88
2876.1
2853.31
2830.52
2807.73
2784.94
2762.16
2739.37
2716.59
2693.8
2671.02
2648.24
2625.46
2602.68
2579.91
2557.13
2534.36
2511.59
2488.82
2466.06
2443.3
2420.53
2397.77
2375.02
2352.26
2329.5
2306.74
2283.98
2261.24
2238.49
2215.74
2192.99
2170.25
2147.51
2124.76
2102.02
2079.27
2056.52
2033.77
2011.02
1988.27
1965.52
1942.77
1920.02
1897.26
1874.51
1851.75
1828.99
1806.22
1783.46
1760.69
1737.91
1715.14
1692.36
1669.59
1646.81
1624.04
1601.26
1578.49
1555.71
1532.94
1510.16
1487.38
1464.6
1441.82
1419.04
1396.26
1373.48
1350.7
1327.91
1305.12
1282.33
1259.53
1236.73
1213.94
1191.14
1168.34
1145.53
1122.73
1099.92
1077.11
1054.3
1031.48
1008.66
985.847
963.031
940.214
917.398
894.582
871.768
848.955
826.146
803.338
780.531
757.725
734.918
712.114
689.313
666.515
643.719
620.922
598.123
575.325
552.53
529.741
506.955
484.168
461.377
438.584
415.796
393.02
370.239
347.447
324.658
301.884
279.104
256.319
233.537
210.757
187.979
165.199
142.416
119.647
96.8736
74.0131
50.8778
27.9514
8.68456
4999.92
4999.88
4999.9
4999.91
4999.91
4999.9
4999.9
4999.89
4999.89
4999.88
4999.88
4999.87
4999.87
4999.87
4999.86
4999.86
4999.85
4999.85
4999.84
4999.84
4999.84
4999.83
4999.83
4999.82
4999.82
4999.81
4999.8
4999.8
4999.79
4999.78
4999.76
4999.75
4999.71
4999.61
4999.32
4998.69
4996.76
4992.83
4977.91
4928.67
4806.13
4743.14
4716.45
4691.91
4668.82
4646.32
4624.09
4601.96
4579.85
4557.71
4535.52
4513.29
4491.01
4468.68
4446.3
4423.86
4401.39
4378.88
4356.34
4333.77
4311.17
4288.54
4265.9
4243.24
4220.57
4197.88
4175.18
4152.46
4129.73
4106.99
4084.25
4061.5
4038.74
4015.98
3993.21
3970.44
3947.66
3924.89
3902.12
3879.35
3856.57
3833.79
3811
3788.21
3765.41
3742.62
3719.83
3697.04
3674.25
3651.46
3628.66
3605.86
3583.06
3560.25
3537.45
3514.64
3491.84
3469.03
3446.23
3423.42
3400.61
3377.81
3355
3332.18
3309.37
3286.56
3263.76
3240.95
3218.14
3195.33
3172.52
3149.7
3126.89
3104.08
3081.27
3058.47
3035.66
3012.86
2990.06
2967.26
2944.46
2921.67
2898.88
2876.09
2853.3
2830.52
2807.73
2784.94
2762.16
2739.37
2716.59
2693.8
2671.02
2648.24
2625.46
2602.68
2579.9
2557.13
2534.35
2511.58
2488.82
2466.06
2443.29
2420.53
2397.77
2375.01
2352.26
2329.5
2306.74
2283.99
2261.24
2238.49
2215.75
2193
2170.26
2147.51
2124.77
2102.02
2079.27
2056.52
2033.77
2011.02
1988.27
1965.52
1942.77
1920.02
1897.26
1874.51
1851.75
1828.99
1806.22
1783.46
1760.69
1737.91
1715.14
1692.36
1669.58
1646.81
1624.03
1601.26
1578.49
1555.71
1532.93
1510.16
1487.38
1464.6
1441.82
1419.04
1396.26
1373.48
1350.7
1327.91
1305.12
1282.33
1259.53
1236.73
1213.93
1191.14
1168.34
1145.53
1122.73
1099.92
1077.11
1054.3
1031.48
1008.66
985.845
963.029
940.214
917.399
894.583
871.768
848.955
826.145
803.338
780.532
757.727
734.921
712.117
689.316
666.518
643.722
620.926
598.129
575.334
552.542
529.755
506.97
484.183
461.392
438.604
415.824
393.052
370.273
347.488
324.699
301.927
279.164
256.397
233.63
210.864
188.104
165.349
142.601
119.855
97.117
74.3001
51.2265
28.3459
8.84825
4999.92
4999.88
4999.91
4999.92
4999.91
4999.9
4999.9
4999.89
4999.89
4999.88
4999.88
4999.88
4999.87
4999.87
4999.86
4999.86
4999.85
4999.85
4999.85
4999.84
4999.84
4999.84
4999.83
4999.83
4999.82
4999.82
4999.81
4999.8
4999.79
4999.77
4999.76
4999.73
4999.65
4999.4
4998.71
4996.86
4993.19
4983.25
4942.69
4823.53
4740.15
4719.18
4699.75
4679.93
4659.8
4639.35
4618.59
4597.55
4576.26
4554.76
4533.09
4511.27
4489.32
4467.26
4445.09
4422.85
4400.53
4378.15
4355.72
4333.23
4310.71
4288.15
4265.56
4242.95
4220.32
4197.66
4174.99
4152.29
4129.58
4106.87
4084.14
4061.41
4038.66
4015.91
3993.15
3970.39
3947.63
3924.86
3902.09
3879.32
3856.55
3833.77
3810.98
3788.2
3765.41
3742.62
3719.83
3697.05
3674.26
3651.46
3628.66
3605.86
3583.06
3560.25
3537.44
3514.64
3491.84
3469.03
3446.23
3423.42
3400.62
3377.81
3355
3332.19
3309.38
3286.57
3263.76
3240.95
3218.14
3195.33
3172.52
3149.71
3126.89
3104.08
3081.27
3058.47
3035.66
3012.86
2990.05
2967.26
2944.46
2921.67
2898.88
2876.09
2853.3
2830.52
2807.73
2784.95
2762.16
2739.37
2716.59
2693.81
2671.02
2648.24
2625.46
2602.68
2579.9
2557.13
2534.35
2511.58
2488.82
2466.05
2443.29
2420.53
2397.77
2375.01
2352.25
2329.49
2306.74
2283.99
2261.24
2238.5
2215.75
2193.01
2170.26
2147.52
2124.77
2102.02
2079.27
2056.52
2033.77
2011.02
1988.27
1965.52
1942.77
1920.02
1897.26
1874.51
1851.75
1828.99
1806.22
1783.46
1760.68
1737.91
1715.13
1692.36
1669.58
1646.81
1624.03
1601.26
1578.48
1555.71
1532.93
1510.15
1487.37
1464.59
1441.82
1419.04
1396.26
1373.48
1350.7
1327.91
1305.12
1282.33
1259.53
1236.73
1213.93
1191.13
1168.34
1145.54
1122.73
1099.92
1077.11
1054.29
1031.47
1008.66
985.843
963.029
940.215
917.4
894.583
871.768
848.954
826.144
803.337
780.533
757.728
734.923
712.118
689.315
666.517
643.722
620.929
598.135
575.342
552.551
529.763
506.977
484.19
461.403
438.618
415.851
393.073
370.295
347.507
324.73
301.961
279.204
256.456
233.707
210.961
188.224
165.495
142.774
120.063
97.3707
74.6256
51.6507
28.8462
9.04572
4999.92
4999.88
4999.91
4999.92
4999.91
4999.9
4999.9
4999.89
4999.89
4999.88
4999.88
4999.88
4999.87
4999.87
4999.86
4999.86
4999.86
4999.85
4999.85
4999.85
4999.84
4999.84
4999.84
4999.83
4999.83
4999.83
4999.82
4999.82
4999.82
4999.82
4999.78
4999.31
4998.83
4997.88
4994.48
4987.11
4949.74
4843.88
4765.5
4739.51
4722.16
4706.38
4689.91
4672.17
4653.58
4634.35
4614.54
4594.25
4573.56
4552.54
4531.26
4509.76
4488.06
4466.2
4444.21
4422.11
4399.91
4377.63
4355.27
4332.86
4310.39
4287.87
4265.33
4242.75
4220.14
4197.51
4174.85
4152.17
4129.49
4106.78
4084.07
4061.35
4038.61
4015.87
3993.12
3970.36
3947.6
3924.84
3902.07
3879.3
3856.53
3833.75
3810.97
3788.19
3765.41
3742.62
3719.84
3697.05
3674.26
3651.46
3628.66
3605.86
3583.05
3560.25
3537.44
3514.64
3491.83
3469.03
3446.23
3423.42
3400.62
3377.81
3355
3332.19
3309.38
3286.57
3263.76
3240.95
3218.14
3195.33
3172.52
3149.71
3126.9
3104.09
3081.28
3058.47
3035.66
3012.86
2990.06
2967.26
2944.46
2921.67
2898.88
2876.09
2853.31
2830.52
2807.73
2784.95
2762.16
2739.37
2716.59
2693.81
2671.02
2648.24
2625.46
2602.68
2579.9
2557.13
2534.35
2511.59
2488.82
2466.05
2443.29
2420.52
2397.77
2375.01
2352.24
2329.49
2306.74
2283.99
2261.25
2238.5
2215.76
2193.01
2170.27
2147.52
2124.77
2102.02
2079.27
2056.52
2033.77
2011.02
1988.27
1965.52
1942.77
1920.01
1897.26
1874.51
1851.75
1828.99
1806.22
1783.45
1760.68
1737.91
1715.13
1692.36
1669.58
1646.81
1624.03
1601.26
1578.48
1555.71
1532.93
1510.15
1487.37
1464.59
1441.81
1419.04
1396.26
1373.48
1350.7
1327.91
1305.12
1282.32
1259.53
1236.73
1213.93
1191.13
1168.34
1145.54
1122.73
1099.92
1077.11
1054.29
1031.47
1008.66
985.842
963.029
940.216
917.4
894.583
871.767
848.953
826.144
803.339
780.536
757.731
734.924
712.117
689.314
666.516
643.725
620.935
598.143
575.348
552.554
529.764
506.979
484.197
461.417
438.642
415.858
393.079
370.293
347.518
324.747
301.987
279.242
256.494
233.751
211.02
188.303
165.595
142.906
120.248
97.6204
74.959
52.1232
29.4432
9.28222
4999.92
4999.89
4999.91
4999.92
4999.91
4999.9
4999.9
4999.89
4999.89
4999.88
4999.88
4999.88
4999.87
4999.87
4999.86
4999.86
4999.86
4999.85
4999.85
4999.85
4999.84
4999.84
4999.84
4999.84
4999.84
4999.84
4999.83
4999.83
4999.83
4999.31
4997.41
4996.7
4985.17
4913.48
4837.37
4796.06
4763.7
4746.81
4736.53
4726.35
4714.22
4700.38
4684.97
4668.25
4650.48
4631.86
4612.55
4592.63
4572.23
4551.46
4530.38
4509.03
4487.46
4465.7
4443.8
4421.76
4399.62
4377.38
4355.07
4332.68
4310.24
4287.75
4265.22
4242.66
4220.06
4197.43
4174.79
4152.12
4129.44
4106.75
4084.04
4061.32
4038.59
4015.85
3993.1
3970.34
3947.59
3924.82
3902.06
3879.29
3856.52
3833.75
3810.97
3788.19
3765.41
3742.63
3719.84
3697.05
3674.26
3651.46
3628.66
3605.85
3583.05
3560.24
3537.44
3514.64
3491.84
3469.03
3446.23
3423.42
3400.62
3377.81
3355
3332.19
3309.38
3286.57
3263.77
3240.96
3218.15
3195.34
3172.52
3149.71
3126.9
3104.09
3081.27
3058.47
3035.66
3012.86
2990.06
2967.26
2944.47
2921.67
2898.88
2876.09
2853.31
2830.52
2807.73
2784.95
2762.16
2739.38
2716.59
2693.81
2671.03
2648.24
2625.46
2602.68
2579.91
2557.14
2534.37
2511.59
2488.82
2466.05
2443.29
2420.52
2397.75
2375
2352.24
2329.49
2306.74
2284
2261.25
2238.51
2215.76
2193.02
2170.27
2147.52
2124.77
2102.02
2079.27
2056.52
2033.77
2011.02
1988.27
1965.52
1942.76
1920.01
1897.26
1874.5
1851.75
1828.98
1806.22
1783.45
1760.68
1737.9
1715.13
1692.36
1669.58
1646.81
1624.03
1601.26
1578.48
1555.7
1532.93
1510.15
1487.37
1464.59
1441.82
1419.04
1396.26
1373.48
1350.69
1327.9
1305.11
1282.32
1259.52
1236.73
1213.93
1191.13
1168.34
1145.53
1122.73
1099.91
1077.1
1054.28
1031.47
1008.65
985.84
963.028
940.214
917.398
894.58
871.764
848.952
826.145
803.34
780.535
757.728
734.919
712.112
689.312
666.519
643.73
620.939
598.143
575.345
552.551
529.766
506.994
484.215
461.427
438.63
415.84
393.06
370.286
347.513
324.749
301.988
279.229
256.48
233.733
211.001
188.291
165.604
142.939
120.305
97.7101
75.1533
52.5027
30.0437
9.53445
4999.93
4999.9
4999.91
4999.92
4999.91
4999.9
4999.9
4999.89
4999.89
4999.88
4999.88
4999.88
4999.87
4999.87
4999.87
4999.86
4999.86
4999.85
4999.85
4999.85
4999.85
4999.84
4999.84
4999.84
4999.84
4999.84
4999.84
4999.84
4999.83
4973.23
4907.76
4881.52
4835.84
4807.86
4792.85
4779.27
4765.19
4752.75
4741.42
4729.54
4716.27
4701.61
4685.75
4668.8
4650.89
4632.17
4612.77
4592.81
4572.4
4551.61
4530.5
4509.14
4487.55
4465.78
4443.87
4421.83
4399.68
4377.43
4355.11
4332.72
4310.27
4287.78
4265.24
4242.68
4220.07
4197.45
4174.8
4152.13
4129.45
4106.76
4084.05
4061.33
4038.59
4015.85
3993.1
3970.35
3947.59
3924.83
3902.07
3879.3
3856.53
3833.76
3810.98
3788.2
3765.41
3742.63
3719.84
3697.05
3674.25
3651.45
3628.65
3605.85
3583.05
3560.24
3537.44
3514.63
3491.83
3469.03
3446.22
3423.42
3400.61
3377.81
3355
3332.19
3309.39
3286.58
3263.77
3240.96
3218.15
3195.33
3172.52
3149.71
3126.9
3104.08
3081.27
3058.47
3035.66
3012.86
2990.06
2967.26
2944.47
2921.68
2898.89
2876.1
2853.31
2830.52
2807.74
2784.95
2762.16
2739.38
2716.6
2693.81
2671.03
2648.25
2625.48
2602.69
2579.92
2557.14
2534.36
2511.58
2488.81
2466.04
2443.28
2420.51
2397.75
2375
2352.25
2329.5
2306.75
2284
2261.25
2238.51
2215.76
2193.01
2170.26
2147.52
2124.77
2102.02
2079.27
2056.52
2033.77
2011.02
1988.27
1965.52
1942.77
1920.02
1897.26
1874.51
1851.75
1828.98
1806.22
1783.45
1760.68
1737.9
1715.13
1692.35
1669.58
1646.81
1624.03
1601.26
1578.48
1555.71
1532.93
1510.15
1487.37
1464.59
1441.82
1419.04
1396.26
1373.48
1350.69
1327.9
1305.11
1282.32
1259.52
1236.73
1213.93
1191.14
1168.33
1145.53
1122.72
1099.91
1077.09
1054.28
1031.47
1008.66
985.844
963.03
940.214
917.396
894.58
871.766
848.956
826.148
803.341
780.534
757.728
734.923
712.123
689.326
666.532
643.738
620.942
598.146
575.36
552.568
529.775
506.979
484.188
461.393
438.604
415.824
393.053
370.275
347.489
324.701
301.928
279.166
256.416
233.666
210.922
188.19
165.49
142.826
120.22
97.6623
75.1843
52.7599
30.5921
9.79034
)
;

boundaryField
{
    inlet
    {
        type            fixedValue;
        value           uniform 5000;
    }
    outlet
    {
        type            fixedValue;
        value           uniform 0;
    }
    walls
    {
        type            zeroGradient;
    }
    frontAndBack
    {
        type            empty;
    }
}


// ************************************************************************* //
