/*--------------------------------*- C++ -*----------------------------------*\
| =========                 |                                                 |
| \\      /  F ield         | OpenFOAM: The Open Source CFD Toolbox           |
|  \\    /   O peration     | Version:  2406                                  |
|   \\  /    A nd           | Website:  www.openfoam.com                      |
|    \\/     M anipulation  |                                                 |
\*---------------------------------------------------------------------------*/
FoamFile
{
    version     2.0;
    format      ascii;
    arch        "LSB;label=32;scalar=64";
    class       volScalarField;
    location    "1.2";
    object      p;
}
// * * * * * * * * * * * * * * * * * * * * * * * * * * * * * * * * * * * * * //

dimensions      [1 -1 -2 0 0 0 0];

internalField   nonuniform List<scalar> 
6250
(
14.3675
-3191.43
-1008.08
561.444
515.557
48.1026
-111.687
-34.6183
41.4041
47.5869
27.4128
17.7856
19.9722
23.5678
24.2034
23.2972
22.6731
22.6089
22.6811
22.6381
22.5099
22.3826
22.2781
22.1851
22.0944
21.9997
21.8947
21.7934
21.7015
21.609
21.5078
21.4045
21.31
21.2136
21.1156
21.0191
20.9204
20.8256
20.7287
20.6265
20.5274
20.4317
20.3369
20.2375
20.1316
20.0313
19.9391
19.8429
19.7386
19.6353
19.5367
19.4382
19.3399
19.2405
19.1393
19.0383
18.9399
18.8443
18.7446
18.6376
18.5311
18.4322
18.3382
18.2438
18.1469
18.045
17.942
17.8434
17.7457
17.6464
17.5456
17.4452
17.3474
17.2513
17.1552
17.0552
16.9512
16.8485
16.7497
16.6543
16.5597
16.4638
16.3662
16.266
16.1663
16.0686
15.9709
15.8753
15.7818
15.6872
15.5926
15.4979
15.4007
15.3027
15.2047
15.1065
15.0113
14.9164
14.8187
14.7206
14.6214
14.5215
14.4249
14.3313
14.236
14.1369
14.0363
13.9353
13.8357
13.7403
13.6477
13.5552
13.461
13.3627
13.2602
13.1577
13.0589
12.9632
12.869
12.7753
12.6781
12.576
12.4737
12.3746
12.2785
12.1851
12.0937
12.0011
11.9048
11.8051
11.7031
11.6006
11.5005
11.4031
11.3077
11.214
11.1201
11.0239
10.9259
10.8251
10.7226
10.6218
10.5235
10.4276
10.3348
10.2431
10.1496
10.0543
9.95704
9.85631
9.75216
9.6476
9.54473
9.44459
9.34909
9.25637
9.16123
9.06324
8.96388
8.86181
8.75774
8.65418
8.55064
8.44645
8.34443
8.24734
8.15351
8.06
7.96599
7.87022
7.77142
7.67064
7.56933
7.4683
7.36743
7.26621
7.16632
7.0699
6.97684
6.88612
6.79567
6.70282
6.60768
6.51185
6.4154
6.31798
6.22002
6.12159
6.02166
5.92004
5.81909
5.71962
5.61956
5.52038
5.42507
5.33178
5.23911
5.14828
5.05756
4.9652
4.87229
4.77815
4.68218
4.58705
4.493
4.39589
4.29456
4.19261
4.09156
3.98938
3.88587
3.78254
3.67858
3.57307
3.46841
3.36664
3.26616
3.16488
3.06326
2.96349
2.86617
2.7689
2.67117
2.57561
2.48236
2.38889
2.29452
2.20074
2.10868
2.01679
1.92159
1.82207
1.72239
1.62605
1.52946
1.42959
1.3296
1.23071
1.13082
1.02998
0.929401
0.829618
0.731514
0.634873
0.53821
0.440736
0.342623
0.244435
0.148354
0.0454819
14.3472
-3191.5
-1008.12
561.449
515.567
48.1067
-111.688
-34.6248
41.396
47.5884
27.4133
17.7845
19.971
23.5677
24.2038
23.2944
22.6752
22.6142
22.6784
22.634
22.5109
22.3866
22.285
22.1881
22.0871
21.9929
21.8958
21.7972
21.6996
21.6025
21.5058
21.4042
21.3104
21.2176
21.1159
21.0169
20.9215
20.8257
20.7275
20.6263
20.5271
20.4292
20.3322
20.2381
20.1385
20.0344
19.9357
19.8393
19.7381
19.6372
19.5406
19.4414
19.3404
19.2393
19.1373
19.036
18.9357
18.8383
18.7426
18.6436
18.5416
18.4403
18.3392
18.237
18.1377
18.0402
17.9422
17.8466
17.7486
17.6463
17.5433
17.443
17.3464
17.2493
17.1519
17.0551
16.9559
16.8557
16.7557
16.6556
16.5551
16.4561
16.3604
16.265
16.1687
16.0729
15.9751
15.8769
15.7814
15.686
15.5901
15.495
15.3975
15.3001
15.2054
15.1096
15.0145
14.9197
14.8201
14.7192
14.62
14.5214
14.4243
14.3295
14.2339
14.1344
14.0338
13.935
13.838
13.7442
13.6518
13.5571
13.4597
13.3604
13.2587
13.1568
13.0591
12.9647
12.8694
12.7734
12.6765
12.5759
12.4737
12.3744
12.2791
12.1862
12.0946
12.002
11.9052
11.804
11.7003
11.5964
11.4964
11.4017
11.3092
11.2179
11.1252
11.0277
10.9265
10.823
10.7181
10.6165
10.5201
10.4272
10.3369
10.2472
10.1539
10.0562
9.95599
9.85417
9.75086
9.64819
9.54737
9.44648
9.34698
9.25185
9.15773
9.06153
8.96466
8.8653
8.76107
8.65541
8.55182
8.44904
8.34596
8.24562
8.14969
8.05595
7.96322
7.87038
7.77432
7.67385
7.57065
7.46768
7.36727
7.26856
7.17005
7.07219
6.9753
6.88037
6.78885
6.69937
6.60939
6.5175
6.4224
6.32345
6.22178
6.11971
6.01833
5.91631
5.81455
5.71626
5.61984
5.52281
5.42757
5.33392
5.23944
5.14636
5.05554
4.96455
4.87378
4.78241
4.68633
4.58646
4.4883
4.39219
4.29415
4.19398
4.09358
3.99148
3.88645
3.7815
3.67819
3.5735
3.46681
3.36184
3.26092
3.1625
3.06335
2.96305
2.86484
2.76907
2.67279
2.57679
2.4835
2.39161
2.29772
2.20043
2.1026
2.00828
1.91734
1.8249
1.728
1.63013
1.53256
1.43177
1.32927
1.22871
1.12922
1.02973
0.930796
0.831488
0.731283
0.631308
0.532827
0.436683
0.341672
0.246406
0.148329
0.0505525
14.3431
-3191.49
-1008.1
561.458
515.565
48.1011
-111.691
-34.6191
41.4087
47.5964
27.4165
17.7815
19.9607
23.5636
24.2126
23.3021
22.6742
22.6127
22.6818
22.6338
22.5046
22.3804
22.2821
22.1897
22.0924
21.9974
21.8937
21.7904
21.6992
21.6078
21.5138
21.4109
21.3065
21.2141
21.1199
21.0182
20.9201
20.8233
20.725
20.6289
20.5327
20.4325
20.3308
20.2358
20.1399
20.0353
19.9329
19.8377
19.7406
19.639
19.5383
19.4386
19.3395
19.2409
19.1409
19.04
18.9379
18.8372
18.739
18.6398
18.5386
18.4387
18.3412
18.2416
18.1415
18.042
17.9412
17.843
17.7464
17.6476
17.547
17.4468
17.3497
17.252
17.1512
17.0507
16.9504
16.8514
16.7546
16.6582
16.5602
16.4603
16.3621
16.2648
16.166
16.0685
15.9719
15.8759
15.7831
15.69
15.5936
15.4964
15.3978
15.2993
15.205
15.1101
15.0131
14.9167
14.8178
14.7178
14.6209
14.5255
14.429
14.3319
14.2339
14.1329
14.0312
13.9332
13.8385
13.746
13.6538
13.5576
13.4572
13.3565
13.2568
13.1576
13.0612
12.9678
12.8725
12.774
12.6746
12.5738
12.4724
12.3738
12.2793
12.1868
12.0946
12.0015
11.9054
11.8054
11.7029
11.5992
11.4976
11.4016
11.3086
11.2165
11.1235
11.0259
10.9251
10.8238
10.7214
10.6198
10.522
10.4272
10.3351
10.2453
10.1538
10.0575
9.95677
9.8539
9.74951
9.64539
9.54489
9.44688
9.34961
9.25538
9.16215
9.06502
8.96499
8.86343
8.75841
8.65121
8.54654
8.44595
8.34697
8.24924
8.15403
8.05951
7.96428
7.86919
7.77312
7.6741
7.57164
7.46704
7.36369
7.26358
7.16621
7.07138
6.97827
6.88556
6.79349
6.70153
6.60795
6.51302
6.41779
6.32162
6.22295
6.12186
6.0204
5.91845
5.81533
5.71468
5.61781
5.52126
5.42599
5.33388
5.24181
5.14914
5.05719
4.96395
4.87011
4.77859
4.68669
4.59043
4.49195
4.39418
4.29516
4.19331
4.09106
3.98913
3.88514
3.77988
3.67668
3.57487
3.47164
3.36706
3.26326
3.162
3.06252
2.9627
2.86404
2.76861
2.6738
2.57739
2.48129
2.38783
2.29666
2.20473
2.10975
2.0131
1.91784
1.82325
1.72547
1.62607
1.52906
1.4317
1.33143
1.23054
1.1299
1.02919
0.929466
0.830778
0.732609
0.634797
0.536645
0.438608
0.340563
0.242992
0.145846
0.0492512
14.3409
-3191.5
-1008.11
561.449
515.565
48.0998
-111.699
-34.6262
41.3949
47.5871
27.4157
17.7877
19.9702
23.564
24.2031
23.2925
22.6714
22.6162
22.6896
22.6397
22.5045
22.3794
22.2813
22.1876
22.0891
21.9934
21.8981
21.7988
21.6979
21.5983
21.505
21.4104
21.3099
21.2156
21.1183
21.0112
20.9163
20.8271
20.7273
20.6262
20.5294
20.4333
20.3333
20.2348
20.1401
20.0388
19.935
19.8358
19.7376
19.6385
19.5393
19.4394
19.3386
19.2376
19.138
19.0401
18.9404
18.8384
18.7374
18.639
18.5409
18.441
18.3402
18.2383
18.1381
18.0421
17.9452
17.8456
17.7445
17.6435
17.5441
17.4455
17.3492
17.2526
17.1517
17.0509
16.9513
16.8521
16.754
16.6565
16.5591
16.4602
16.3617
16.265
16.167
16.0693
15.9729
15.876
15.7814
15.688
15.592
15.4953
15.3978
15.299
15.2046
15.1117
15.0153
14.9176
14.8179
14.7165
14.6183
14.5242
14.4299
14.3328
14.2339
14.1328
14.0306
13.9318
13.8373
13.7454
13.6545
13.5598
13.4586
13.355
13.2541
13.1562
13.0612
12.9692
12.8752
12.7755
12.673
12.5707
12.4697
12.3724
12.2799
12.1899
12.0982
12.0028
11.9035
11.8011
11.6988
11.5977
11.4985
11.4036
11.3112
11.2185
11.1247
11.0263
10.923
10.8198
10.7181
10.6184
10.5229
10.4301
10.3374
10.2453
10.1529
10.057
9.95647
9.85332
9.74903
9.64464
9.54388
9.44732
9.35102
9.2554
9.16145
9.0649
8.96457
8.86309
8.75968
8.65292
8.54593
8.44306
8.34442
8.24844
8.15524
8.06264
7.96728
7.86945
7.77058
7.67106
7.57065
7.46847
7.36564
7.26441
7.16553
7.06973
6.97684
6.88484
6.79319
6.70219
6.61027
6.51589
6.41921
6.32106
6.22132
6.11963
6.0182
5.9183
5.81724
5.71592
5.61806
5.5217
5.42547
5.33214
5.24056
5.1489
5.05838
4.96691
4.87218
4.77746
4.68443
4.58953
4.49146
4.39316
4.29506
4.19458
4.09229
3.99036
3.88715
3.78085
3.6744
3.57061
3.46857
3.36649
3.26372
3.16186
3.06247
2.96342
2.86379
2.76671
2.67271
2.57883
2.48356
2.38784
2.29361
2.20132
2.10881
2.0139
1.91801
1.82372
1.72809
1.62845
1.52857
1.42981
1.32997
1.22972
1.12992
1.02978
0.92957
0.829902
0.730922
0.633023
0.535631
0.438485
0.341368
0.243981
0.147016
0.0495838
14.3403
-3191.5
-1008.11
561.453
515.567
48.1021
-111.693
-34.6219
41.3931
47.5844
27.4213
17.795
19.9673
23.5605
24.2111
23.3005
22.6711
22.6083
22.6788
22.6395
22.5127
22.3814
22.2806
22.1884
22.092
21.9954
21.8943
21.7957
21.7016
21.6046
21.5082
21.4134
21.3099
21.2102
21.1196
21.0186
20.9199
20.8273
20.7259
20.6253
20.5299
20.4349
20.3338
20.23
20.1358
20.0411
19.9392
19.8369
19.7361
19.6372
19.5391
19.4408
19.3422
19.2411
19.1381
19.0375
18.9387
18.8388
18.7387
18.6396
18.5406
18.4412
18.3418
18.2411
18.1392
18.04
17.943
17.8456
17.747
17.6468
17.5469
17.4461
17.3466
17.2502
17.1518
17.0521
16.9535
16.8545
16.755
16.6557
16.5577
16.46
16.362
16.2648
16.1665
16.0683
15.9733
15.8788
15.7841
15.6891
15.5906
15.4923
15.3967
15.3005
15.2059
15.1125
15.0149
14.9161
14.818
14.719
14.6209
14.5257
14.4304
14.3316
14.231
14.1305
14.0309
13.9346
13.8414
13.7477
13.6528
13.5565
13.4567
13.3548
13.2551
13.1582
13.0624
12.9685
12.8746
12.7759
12.6732
12.5705
12.4698
12.3726
12.2795
12.1891
12.0981
12.0037
11.9052
11.8023
11.6987
11.5973
11.4985
11.4041
11.3124
11.2193
11.1247
11.0269
10.9239
10.8197
10.7176
10.6175
10.5219
10.4308
10.3402
10.2478
10.1534
10.056
9.95458
9.85144
9.74864
9.64558
9.5444
9.44811
9.35333
9.2576
9.1625
9.06555
8.96393
8.86021
8.75678
8.65265
8.54771
8.44494
8.34582
8.24872
8.154
8.06177
7.96871
7.87239
7.77271
7.67069
7.56824
7.46595
7.36429
7.26451
7.16635
7.07004
6.97671
6.88509
6.79349
6.7019
6.60974
6.51572
6.41946
6.32176
6.22283
6.12103
6.01738
5.91595
5.81601
5.71561
5.61777
5.52252
5.42697
5.33288
5.24079
5.14843
5.05717
4.96705
4.87422
4.77867
4.68396
4.58952
4.49227
4.3931
4.29426
4.19413
4.09139
3.9887
3.88692
3.78322
3.67722
3.57154
3.46775
3.36564
3.26361
3.16143
3.06172
2.9642
2.86599
2.76783
2.67186
2.57795
2.4846
2.39023
2.29507
2.20096
2.10835
2.01468
1.91819
1.82214
1.72729
1.62959
1.52992
1.43094
1.33107
1.23001
1.12939
1.02943
0.929985
0.830817
0.731519
0.632935
0.535415
0.438513
0.34163
0.243509
0.145434
0.048928
14.3389
-3191.5
-1008.12
561.443
515.564
48.1021
-111.695
-34.6228
41.4019
47.5829
27.403
17.7842
19.9729
23.5644
24.2064
23.2956
22.6703
22.6121
22.6798
22.6326
22.5104
22.382
22.2792
22.1895
22.0933
21.9954
21.8937
21.7929
21.6982
21.603
21.503
21.4079
21.3124
21.2127
21.1191
21.0188
20.916
20.823
20.7289
20.6314
20.5297
20.4283
20.3322
20.235
20.1384
20.0401
19.9372
19.8353
19.7365
19.6396
19.5404
19.4377
19.3368
19.2393
19.1403
19.0383
18.9372
18.8376
18.7393
18.6416
18.5425
18.4401
18.3374
18.2376
18.1391
18.0418
17.9447
17.8456
17.745
17.6445
17.5459
17.4467
17.3463
17.2488
17.1515
17.0523
16.9528
16.8536
16.7547
16.6558
16.5577
16.4597
16.3605
16.2631
16.1668
16.0697
15.9742
15.8788
15.7825
15.6871
15.5898
15.4915
15.3967
15.3021
15.2067
15.1122
15.0141
14.9137
14.8158
14.7195
14.623
14.5271
14.4306
14.3309
14.2293
14.1288
14.03
13.9343
13.842
13.7493
13.6533
13.555
13.4545
13.3524
13.2534
13.1591
13.0656
12.9705
12.8743
12.7747
12.6714
12.568
12.4679
12.3724
12.2807
12.1909
12.0993
12.0033
11.9033
11.8004
11.6974
11.5975
11.5001
11.4053
11.3132
11.2196
11.1234
11.0251
10.9226
10.8185
10.7171
10.6185
10.5229
10.4311
10.3405
10.2479
10.1528
10.055
9.95346
9.84958
9.74712
9.64586
9.54519
9.44835
9.35428
9.25883
9.16271
9.06582
8.96474
8.85958
8.75402
8.64983
8.54616
8.44424
8.34643
8.25104
8.1562
8.06233
7.96817
7.87184
7.77266
7.6707
7.56759
7.46458
7.36237
7.26283
7.16601
7.07051
6.97687
6.88507
6.79362
6.70211
6.61032
6.51683
6.42015
6.32092
6.22149
6.12114
6.01805
5.91542
5.81532
5.71531
5.6169
5.52209
5.42782
5.33381
5.24156
5.149
5.05621
4.96546
4.87448
4.78004
4.68389
4.58856
4.49233
4.39361
4.29438
4.19476
4.09217
3.98763
3.88438
3.78174
3.67756
3.57225
3.46751
3.36495
3.26387
3.16221
3.06127
2.96295
2.86558
2.76808
2.67141
2.57645
2.48332
2.39054
2.29635
2.20115
2.10721
2.0145
1.9194
1.82231
1.72649
1.6295
1.52958
1.42967
1.3302
1.22994
1.1293
1.02895
0.929424
0.830655
0.731942
0.633203
0.534739
0.437378
0.341454
0.244491
0.146373
0.0489476
14.3298
-3191.51
-1008.12
561.45
515.559
48.0976
-111.692
-34.6212
41.3948
47.5871
27.4148
17.7862
19.9702
23.5606
24.2044
23.3042
22.6787
22.6144
22.6819
22.6304
22.5066
22.3845
22.2812
22.1862
22.0903
21.9958
21.8954
21.797
21.7043
21.6081
21.5028
21.4033
21.3118
21.2152
21.1192
21.0201
20.9166
20.8216
20.7286
20.6308
20.529
20.4284
20.3339
20.2372
20.1361
20.036
19.938
19.8396
19.739
19.6378
19.5379
19.4396
19.3408
19.2414
19.1404
19.0378
18.9379
18.8398
18.7396
18.6384
18.5389
18.4408
18.3419
18.2423
18.1411
18.0399
17.9421
17.8461
17.7476
17.6459
17.5456
17.4468
17.3474
17.2498
17.1523
17.053
16.9526
16.8528
16.7545
16.6564
16.5587
16.4614
16.3619
16.2626
16.1655
16.0693
15.9749
15.8805
15.7832
15.686
15.5893
15.4919
15.3977
15.3041
15.2075
15.1111
15.0136
14.9136
14.8156
14.7206
14.6254
14.5289
14.431
14.3302
14.2275
14.1273
14.0307
13.9365
13.8444
13.7512
13.6534
13.5528
13.4524
13.3522
13.254
13.1602
13.0679
12.9723
12.8736
12.7727
12.6697
12.5675
12.4689
12.3744
12.2823
12.1911
12.0988
12.0027
11.903
11.8006
11.6974
11.5977
11.5015
11.4073
11.315
11.2208
11.1227
11.0233
10.9217
10.8183
10.7172
10.6195
10.5242
10.4321
10.3417
10.2492
10.1529
10.0541
9.95261
9.84847
9.74573
9.64611
9.54711
9.45018
9.35633
9.26116
9.16338
9.06478
8.96397
8.85927
8.75287
8.64838
8.54603
8.44512
8.34745
8.25268
8.15823
8.06364
7.96856
7.87179
7.77261
7.67068
7.56742
7.46443
7.36193
7.2615
7.16462
7.0701
6.97727
6.88619
6.79523
6.70299
6.60984
6.51624
6.42072
6.32167
6.22106
6.12074
6.01855
5.91548
5.8151
5.71573
5.61661
5.52087
5.42747
5.33449
5.24307
5.15149
5.05766
4.96417
4.87259
4.77999
4.68473
4.58888
4.49272
4.39395
4.29352
4.19391
4.09321
3.98924
3.88433
3.78057
3.67714
3.57315
3.46851
3.36471
3.26314
3.16219
3.0614
2.96282
2.86619
2.76988
2.67337
2.57691
2.48189
2.38911
2.2969
2.20292
2.10787
2.01442
1.92037
1.82291
1.72545
1.62914
1.53089
1.43105
1.33105
1.23057
1.12972
1.02895
0.928878
0.829885
0.731712
0.634039
0.535989
0.437603
0.340514
0.24396
0.146529
0.0491483
14.3369
-3191.51
-1008.13
561.448
515.566
48.0896
-111.701
-34.6202
41.3982
47.5873
27.412
17.7853
19.9712
23.5603
24.2021
23.297
22.6701
22.612
22.6856
22.6353
22.5068
22.3786
22.2771
22.1895
22.0926
21.9936
21.8947
21.794
21.6978
21.6038
21.5036
21.4057
21.3152
21.216
21.1135
21.0183
20.921
20.8214
20.7253
20.6292
20.5288
20.4289
20.3341
20.2383
20.1367
20.0344
19.9369
19.8389
19.7382
19.638
19.5381
19.4396
19.3395
19.2385
19.1393
19.0391
18.9389
18.8401
18.7402
18.6389
18.538
18.4382
18.3382
18.2392
18.1414
18.0427
17.9434
17.8452
17.7462
17.6439
17.5431
17.446
17.3492
17.2519
17.1528
17.0518
16.9503
16.8508
16.7545
16.6576
16.5584
16.459
16.3596
16.2621
16.1676
16.0722
15.9753
15.8785
15.7801
15.6828
15.5886
15.4936
15.3994
15.3058
15.2076
15.108
15.0101
14.9122
14.8161
14.7227
14.6279
14.529
14.4282
14.3271
14.226
14.1275
14.0322
13.938
13.8442
13.7502
13.6525
13.5511
13.4502
13.3516
13.2546
13.1607
13.0685
12.973
12.8732
12.771
12.6678
12.5655
12.4672
12.3742
12.2841
12.1935
12.1001
12.002
11.9007
11.7986
11.6965
11.5977
11.5025
11.4086
11.316
11.222
11.123
11.0213
10.9191
10.8164
10.7163
10.6206
10.5267
10.4336
10.3414
10.248
10.1512
10.0519
9.95131
9.84834
9.74526
9.64583
9.54802
9.45088
9.35657
9.26224
9.16437
9.06408
8.96238
8.85815
8.75171
8.64651
8.5446
8.44485
8.34784
8.254
8.16049
8.06553
7.96899
7.87071
7.77091
7.66917
7.56599
7.46327
7.3615
7.26131
7.16424
7.06968
6.97641
6.88485
6.79466
6.70391
6.61122
6.51686
6.42093
6.32178
6.22012
6.11923
6.01812
5.91532
5.81437
5.71591
5.61762
5.52118
5.42717
5.33361
5.2416
5.15131
5.05954
4.96587
4.87272
4.77955
4.68408
4.58743
4.49163
4.39454
4.29421
4.19311
4.09229
3.98947
3.88473
3.78008
3.67601
3.57242
3.46861
3.36474
3.26284
3.16253
3.06198
2.96218
2.86442
2.76861
2.6739
2.57868
2.48288
2.38832
2.29569
2.20278
2.10765
2.013
1.92008
1.82463
1.72637
1.62833
1.52969
1.42988
1.33002
1.23021
1.1303
1.02985
0.929188
0.829546
0.730939
0.633148
0.535822
0.437976
0.34038
0.243508
0.146324
0.0490074
14.3382
-3191.52
-1008.13
561.446
515.564
48.0957
-111.696
-34.6238
41.3913
47.5863
27.4157
17.7852
19.9703
23.5619
24.2034
23.2992
22.6714
22.6128
22.6825
22.6316
22.5072
22.3821
22.2799
22.1879
22.0887
21.991
21.8967
21.7991
21.7014
21.6072
21.5084
21.4059
21.3103
21.2125
21.1124
21.0186
20.9247
20.8241
20.7233
20.6281
20.5323
20.4328
20.332
20.2335
20.1359
20.0368
19.9402
19.8406
19.7364
19.6359
19.5385
19.4425
19.3431
19.2388
19.138
19.0401
18.9408
18.8394
18.737
18.6365
18.5394
18.4432
18.3431
18.2397
18.1389
18.0417
17.9443
17.8458
17.7465
17.6444
17.5437
17.4473
17.3509
17.2525
17.1521
17.0513
16.9511
16.8514
16.7545
16.658
16.5595
16.4605
16.3606
16.2619
16.1669
16.0724
15.9757
15.8785
15.7802
15.6825
15.5895
15.4965
15.4011
15.3057
15.2071
15.1067
15.0091
14.913
14.8173
14.7234
14.6292
14.5307
14.4285
14.3259
14.2246
14.1269
14.0336
13.9413
13.8466
13.7502
13.6515
13.5497
13.4487
13.3517
13.2567
13.1628
13.0695
12.9731
12.8719
12.7685
12.6664
12.5667
12.4698
12.3763
12.2845
12.1925
12.099
12.0018
11.9009
11.7992
11.6976
11.5985
11.5037
11.4099
11.316
11.2216
11.1231
11.021
10.9188
10.8166
10.7162
10.6205
10.5282
10.436
10.3432
10.2489
10.1509
10.0499
9.94895
9.84765
9.74562
9.64665
9.55037
9.45375
9.35816
9.26325
9.16538
9.06384
8.96054
8.85644
8.75115
8.64641
8.54503
8.44622
8.34902
8.25448
8.16143
8.06746
7.97116
7.87194
7.7707
7.66814
7.56473
7.46205
7.36068
7.2606
7.16346
7.06984
6.97793
6.88655
6.79555
6.70414
6.61108
6.51633
6.42087
6.3231
6.22128
6.11868
6.01741
5.91531
5.8139
5.71554
5.61825
5.52206
5.42831
5.3351
5.24208
5.15076
5.05947
4.96609
4.8722
4.7794
4.68547
4.58875
4.49137
4.39398
4.29427
4.19275
4.09159
3.98958
3.88552
3.78058
3.67585
3.57213
3.46901
3.36525
3.26241
3.16208
3.06282
2.96383
2.86546
2.76831
2.67308
2.5787
2.48369
2.38871
2.29552
2.2037
2.10974
2.01357
1.91875
1.824
1.72688
1.62904
1.5308
1.43113
1.33055
1.22966
1.12946
1.02997
0.929982
0.830007
0.730894
0.633081
0.536125
0.438646
0.340942
0.243682
0.146363
0.049135
14.3475
-3191.5
-1008.13
561.447
515.566
48.0903
-111.703
-34.624
41.3936
47.5825
27.4116
17.783
19.9724
23.5645
24.2021
23.2982
22.67
22.6121
22.6845
22.6359
22.5083
22.3794
22.2783
22.1919
22.0945
21.9924
21.8935
21.793
21.6933
21.6014
21.5089
21.4093
21.3119
21.2149
21.1135
21.0151
20.9209
20.8244
20.7258
20.628
20.529
20.4316
20.3334
20.234
20.1362
20.0346
19.9359
19.8407
19.7413
19.6395
19.5363
19.436
19.3396
19.2413
19.142
19.0412
18.9385
18.8368
18.7372
18.6386
18.5395
18.4402
18.3402
18.2389
18.1393
18.0432
17.9452
17.8439
17.7437
17.6434
17.5447
17.4493
17.3522
17.2515
17.1484
17.0476
16.9509
16.8544
16.7572
16.6577
16.5559
16.4565
16.3599
16.2642
16.1693
16.0732
15.9739
15.8753
15.7785
15.6821
15.5896
15.4984
15.4027
15.3051
15.2053
15.1037
15.0061
14.913
14.82
14.7254
14.6289
14.5285
14.4255
14.3238
14.2245
14.1279
14.0347
13.9425
13.8472
13.7488
13.6493
13.5482
13.4476
13.3512
13.2575
13.1636
13.069
12.972
12.8708
12.767
12.6644
12.5652
12.4699
12.3782
12.2872
12.1938
12.0979
11.9991
11.898
11.7976
11.6984
11.6005
11.5057
11.4116
11.316
11.2199
11.1213
11.0191
10.9172
10.8167
10.7174
10.6214
10.5288
10.4365
10.3427
10.2476
10.1501
10.0488
9.947
9.84632
9.74527
9.64626
9.5509
9.45569
9.35951
9.26331
9.16521
9.06339
8.95891
8.85415
8.7495
8.64518
8.54409
8.44677
8.351
8.25631
8.1623
8.06757
7.97093
7.87154
7.76999
7.66712
7.56332
7.46039
7.35962
7.26032
7.16288
7.06856
6.97673
6.88593
6.79558
6.7051
6.61273
6.51704
6.41966
6.3218
6.22112
6.11834
6.01676
5.91528
5.81357
5.71466
5.61796
5.52217
5.42848
5.33575
5.24235
5.14997
5.05924
4.9673
4.87289
4.77834
4.68422
4.58823
4.49078
4.3936
4.29488
4.19316
4.09073
3.98848
3.8852
3.78075
3.67561
3.57106
3.46818
3.3656
3.26291
3.16175
3.06218
2.96368
2.86597
2.76866
2.6727
2.57841
2.48425
2.38911
2.29427
2.20177
2.10958
2.01468
1.91918
1.82419
1.72709
1.62824
1.52934
1.43028
1.33094
1.23047
1.12931
1.02916
0.929741
0.830549
0.730985
0.63208
0.535055
0.438356
0.341072
0.243593
0.146064
0.0489556
14.3383
-3191.51
-1008.14
561.438
515.565
48.098
-111.695
-34.6235
41.3934
47.5844
27.4127
17.7831
19.9724
23.5639
24.2015
23.2982
22.669
22.6094
22.6825
22.637
22.5108
22.379
22.2746
22.1897
22.0949
21.9902
21.8939
21.8017
21.7039
21.6035
21.5048
21.4039
21.3078
21.2168
21.1193
21.0169
20.9194
20.8248
20.7274
20.6282
20.5287
20.4319
20.3338
20.2327
20.1354
20.0371
19.9383
19.8405
19.7388
19.6379
19.5376
19.438
19.3412
19.2418
19.1411
19.0401
18.9385
18.8373
18.7381
18.6399
18.5411
18.4414
18.3407
18.2397
18.1398
18.0429
17.9453
17.8434
17.743
17.6454
17.5481
17.4512
17.3517
17.2498
17.1473
17.0477
16.9526
16.8563
16.7579
16.6577
16.5558
16.4567
16.3612
16.2658
16.17
16.0729
15.9726
15.8731
15.7787
15.6856
15.5933
15.5009
15.4027
15.3017
15.2023
15.1036
15.0078
14.9155
14.8225
14.7262
14.6278
14.5269
14.4243
14.3234
14.2258
14.1304
14.0367
13.9437
13.8477
13.748
13.648
13.5484
13.449
13.3525
13.2587
13.1645
13.0684
12.97
12.8689
12.7664
12.6653
12.5674
12.4722
12.3793
12.2872
12.1934
12.0974
11.9991
11.8982
11.7974
11.6987
11.6015
11.507
11.4136
11.3174
11.2193
11.12
11.0179
10.916
10.8168
10.7191
10.6233
10.5304
10.4381
10.3437
10.2472
10.1491
10.0479
9.94553
9.84568
9.74657
9.64798
9.55259
9.45811
9.36164
9.26383
9.16471
9.06284
8.95803
8.8528
8.74891
8.64565
8.54459
8.44742
8.35244
8.25811
8.16396
8.06896
7.97199
7.8721
7.76981
7.66647
7.56247
7.45905
7.35812
7.25965
7.16318
7.06937
6.978
6.88732
6.79613
6.70467
6.61266
6.51796
6.42027
6.32177
6.2215
6.11849
6.01617
5.9153
5.81419
5.71478
5.61799
5.5225
5.42905
5.33735
5.24463
5.15068
5.05786
4.96598
4.87278
4.77879
4.68523
4.58982
4.49128
4.39237
4.29378
4.19325
4.09103
3.98841
3.8851
3.78117
3.67648
3.5713
3.46748
3.3652
3.26341
3.16256
3.06289
2.9643
2.86669
2.76919
2.67234
2.57762
2.48453
2.39097
2.29604
2.20197
2.10934
2.01482
1.91857
1.82331
1.72765
1.62992
1.53078
1.4306
1.33042
1.23036
1.12987
1.02945
0.929241
0.830635
0.732493
0.633243
0.535031
0.437949
0.340935
0.243889
0.14671
0.0492005
14.3382
-3191.51
-1008.13
561.447
515.563
48.0845
-111.705
-34.6207
41.3986
47.5797
27.4061
17.7815
19.9724
23.5653
24.2001
23.2976
22.6759
22.6143
22.6801
22.6304
22.5064
22.3818
22.2794
22.1914
22.0959
21.991
21.8903
21.7962
21.7005
21.6004
21.5059
21.4122
21.3122
21.2136
21.1146
21.0139
20.9184
20.8262
20.7288
20.6272
20.527
20.4325
20.3367
20.2328
20.1313
20.0338
19.9393
19.8446
19.7419
19.6367
19.5345
19.4354
19.3409
19.2438
19.141
19.0379
18.9374
18.8391
18.7411
18.641
18.5382
18.4362
18.338
18.2418
18.1431
18.0432
17.9431
17.841
17.7414
17.646
17.5501
17.4516
17.3492
17.2463
17.1457
17.0484
16.9551
16.859
16.7576
16.6549
16.5525
16.4545
16.3617
16.2682
16.171
16.0721
15.9714
15.8714
15.7774
15.6862
15.594
15.5015
15.4036
15.3005
15.1993
15.1013
15.0066
14.9159
14.8245
14.7277
14.6268
14.5242
14.4213
14.3213
14.2259
14.1326
14.0387
13.944
13.8472
13.7465
13.6456
13.547
13.4494
13.3533
13.259
13.1641
13.0669
12.9676
12.8668
12.765
12.6645
12.5675
12.4736
12.3814
12.289
12.1937
12.0953
11.9958
11.8957
11.7967
11.7001
11.6041
11.5086
11.414
11.317
11.2175
11.1177
11.0164
10.9149
10.8166
10.7207
10.6254
10.5313
10.4379
10.3427
10.2453
10.1473
10.0473
9.945
9.84449
9.74622
9.64832
9.55273
9.45897
9.36335
9.26468
9.16387
9.06131
8.95631
8.85041
8.7469
8.64533
8.54531
8.44844
8.35387
8.25973
8.16482
8.06875
7.97128
7.8714
7.7689
7.66533
7.5615
7.45808
7.35688
7.25861
7.16246
7.06837
6.97691
6.88714
6.79691
6.70534
6.6129
6.51828
6.42006
6.3205
6.22061
6.11833
6.01539
5.91436
5.81411
5.71513
5.61863
5.52308
5.42827
5.33568
5.24419
5.15177
5.05896
4.96668
4.87301
4.7774
4.68274
4.58878
4.4921
4.39294
4.29349
4.19289
4.09055
3.98758
3.88409
3.78032
3.67635
3.57172
3.46754
3.36485
3.26308
3.16232
3.0626
2.96384
2.86672
2.77036
2.67353
2.57721
2.48291
2.39001
2.29611
2.20167
2.1089
2.01563
1.91955
1.82291
1.72656
1.62896
1.53025
1.43063
1.33063
1.23038
1.12971
1.02963
0.929001
0.829304
0.731808
0.63359
0.535448
0.438037
0.340673
0.243417
0.146071
0.0490599
14.3289
-3191.52
-1008.13
561.435
515.561
48.0962
-111.699
-34.6255
41.3948
47.5852
27.4138
17.7828
19.9671
23.5618
24.2022
23.2985
22.6735
22.6094
22.6787
22.6364
22.5129
22.3832
22.273
22.1822
22.0933
21.9976
21.8966
21.7954
21.6997
21.6011
21.5042
21.4107
21.3115
21.2136
21.1189
21.0196
20.918
20.8193
20.7242
20.6299
20.5317
20.4327
20.3343
20.2331
20.1353
20.0384
19.9386
19.8386
19.7358
19.6359
19.5404
19.4426
19.3424
19.2404
19.1372
19.0366
18.939
18.8415
18.7418
18.6413
18.5398
18.4383
18.3397
18.2428
18.1427
18.0406
17.9416
17.8435
17.7459
17.6492
17.55
17.4485
17.3458
17.2455
17.1488
17.0525
16.957
16.8586
16.7553
16.653
16.5533
16.4572
16.3648
16.2705
16.1705
16.0689
15.9694
15.872
15.7801
15.6905
15.5966
15.5002
15.4006
15.2981
15.1988
15.1041
15.0106
14.9178
14.8244
14.7262
14.6242
14.5223
14.4218
14.3233
14.2281
14.1349
14.0402
13.9434
13.8459
13.7459
13.6454
13.5478
13.4517
13.3557
13.2598
13.1632
13.0648
12.965
12.865
12.7656
12.667
12.5706
12.4758
12.3817
12.2878
12.1927
12.0951
11.9963
11.8965
11.7971
11.7003
11.605
11.5096
11.4149
11.318
11.2175
11.1164
11.0156
10.9146
10.8161
10.7211
10.6275
10.534
10.4401
10.3443
10.245
10.1447
10.0449
9.94405
9.84437
9.74759
9.65113
9.55494
9.46009
9.36435
9.26552
9.16365
9.06027
8.95564
8.84974
8.74579
8.64506
8.54621
8.44976
8.35569
8.26202
8.16717
8.07024
7.97151
7.87087
7.76804
7.66427
7.56073
7.45764
7.35623
7.25796
7.16266
7.06934
6.97782
6.88791
6.7978
6.70574
6.61254
6.51851
6.42113
6.32084
6.22029
6.11866
6.01573
5.9142
5.81411
5.71503
5.61873
5.52458
5.43051
5.3372
5.24484
5.15183
5.05802
4.96548
4.87367
4.77946
4.68355
4.58825
4.49184
4.39287
4.29307
4.19279
4.09095
3.98799
3.88427
3.78007
3.67613
3.57195
3.46779
3.36492
3.26332
3.16301
3.06377
2.96468
2.86651
2.77001
2.67416
2.57829
2.48325
2.39021
2.29735
2.20259
2.10826
2.01514
1.92008
1.82315
1.72666
1.62976
1.53125
1.43106
1.3304
1.23031
1.12993
1.03014
0.930105
0.829565
0.731333
0.633597
0.535616
0.438253
0.340962
0.243822
0.14644
0.049177
14.3239
-3191.52
-1008.13
561.443
515.559
48.0892
-111.704
-34.6245
41.3968
47.5856
27.4107
17.7798
19.969
23.5658
24.2043
23.2951
22.6686
22.6096
22.6839
22.6378
22.5054
22.3785
22.2782
22.1908
22.0982
21.9954
21.8916
21.792
21.7022
21.6063
21.5029
21.4061
21.3099
21.2147
21.1195
21.0193
20.9177
20.8192
20.7246
20.6312
20.5329
20.4319
20.3322
20.2312
20.1337
20.0385
19.9392
19.8394
19.7371
19.635
19.5384
19.4411
19.341
19.2394
19.1379
19.0386
18.9412
18.8426
18.7402
18.6369
18.5368
18.4389
18.3421
18.2449
18.1435
18.0385
17.9377
17.8422
17.7477
17.6509
17.5492
17.4454
17.3423
17.2438
17.1507
17.0562
16.9588
16.8577
16.7524
16.6494
16.5518
16.4578
16.3657
16.2714
16.1709
16.0679
15.9683
15.8719
15.7796
15.6903
15.5963
15.4982
15.399
15.2976
15.1978
15.1036
15.0115
14.9184
14.8235
14.7246
14.6218
14.5196
14.4205
14.3238
14.2291
14.1358
14.0408
13.9428
13.8442
13.745
13.645
13.5472
13.4516
13.356
13.2596
13.1621
13.0633
12.9632
12.8633
12.7646
12.6672
12.5716
12.4778
12.3838
12.2884
12.1911
12.0919
11.9928
11.8951
11.798
11.7026
11.6077
11.5108
11.4135
11.316
11.2155
11.1142
11.0145
10.9153
10.8174
10.7222
10.6284
10.5338
10.4389
10.3434
10.2449
10.144
10.0438
9.94333
9.84336
9.74675
9.65166
9.5561
9.46066
9.36443
9.26554
9.16307
9.05862
8.95391
8.84883
8.74492
8.64449
8.54663
8.45064
8.35646
8.26282
8.16805
8.07098
7.97166
7.87044
7.767
7.66235
7.55857
7.45631
7.35566
7.25753
7.1623
7.06904
6.97723
6.88717
6.79795
6.70676
6.61275
6.51765
6.42071
6.3204
6.2191
6.11772
6.01523
5.91363
5.81421
5.71588
5.61913
5.52424
5.43013
5.33637
5.24404
5.15245
5.05941
4.96556
4.87253
4.77863
4.68271
4.5869
4.49106
4.39289
4.29299
4.19251
4.09072
3.98768
3.88378
3.77908
3.67485
3.57141
3.46819
3.36561
3.26363
3.16261
3.06337
2.96485
2.86658
2.7697
2.67432
2.57912
2.48349
2.38906
2.29631
2.20264
2.10809
2.01468
1.92065
1.82389
1.72585
1.62817
1.53041
1.43144
1.33087
1.23003
1.12942
1.02961
0.930325
0.830077
0.731026
0.63336
0.535399
0.437906
0.340718
0.243576
0.146454
0.0490811
14.3236
-3191.53
-1008.14
561.445
515.562
48.0896
-111.707
-34.6288
41.3983
47.5868
27.4115
17.7813
19.9667
23.564
24.205
23.2959
22.6709
22.6108
22.6825
22.6381
22.5068
22.3806
22.2809
22.1883
22.0911
21.9905
21.8948
21.8001
21.7062
21.6047
21.4969
21.4024
21.3139
21.2189
21.1183
21.0156
20.9161
20.821
20.7277
20.6324
20.5299
20.4262
20.331
20.2377
20.1407
20.0396
19.9335
19.8323
19.7376
19.6425
19.5446
19.442
19.337
19.2356
19.1388
19.0426
18.9432
18.8411
18.7377
18.6362
18.5397
18.4439
18.3434
18.2416
18.1397
18.0379
17.9405
17.8463
17.7504
17.6505
17.5463
17.4427
17.3427
17.2465
17.1541
17.0589
16.958
16.8547
16.7502
16.6495
16.5552
16.4625
16.3676
16.27
16.1684
16.0659
15.9687
15.8757
15.7837
15.6924
15.5962
15.4949
15.3949
15.2967
15.2003
15.1077
15.0154
14.9196
14.8211
14.721
14.6199
14.5198
14.4225
14.3271
14.2318
14.1366
14.0404
13.9416
13.8426
13.7448
13.6468
13.5496
13.4538
13.3574
13.2595
13.1604
13.0607
12.9611
12.8625
12.7661
12.6706
12.5752
12.4797
12.3835
12.2865
12.1896
12.0915
11.9934
11.8962
11.7991
11.7031
11.6087
11.5125
11.4139
11.3152
11.2148
11.113
11.0133
10.9155
10.8184
10.7235
10.6305
10.5368
10.4407
10.3432
10.2437
10.1421
10.0417
9.94293
9.84436
9.74803
9.65368
9.55869
9.46239
9.36468
9.265
9.1624
9.05756
8.95278
8.84843
8.74508
8.64496
8.54799
8.45274
8.35844
8.26426
8.1691
8.07159
7.97155
7.86997
7.76688
7.6624
7.55812
7.45544
7.35474
7.25666
7.1621
7.07025
6.97909
6.88816
6.79799
6.70712
6.61339
6.51764
6.4206
6.32062
6.21891
6.11767
6.01603
5.91427
5.81416
5.71572
5.61917
5.52507
5.43212
5.33847
5.24456
5.15162
5.05868
4.96502
4.87229
4.77962
4.68431
4.58738
4.49057
4.39255
4.29269
4.19201
4.09027
3.98756
3.88439
3.78021
3.67547
3.57114
3.46747
3.36518
3.26412
3.16361
3.0644
2.96619
2.8677
2.76948
2.67319
2.5789
2.48472
2.39036
2.29711
2.20359
2.10849
2.01362
1.91952
1.82434
1.72729
1.62903
1.53023
1.43114
1.33133
1.23054
1.1296
1.02931
0.930275
0.830959
0.731511
0.633502
0.535784
0.438188
0.340752
0.243376
0.146316
0.0491807
14.3265
-3191.53
-1008.13
561.443
515.559
48.0908
-111.701
-34.6252
41.39
47.5757
27.4086
17.7898
19.9733
23.56
24.2003
23.2972
22.6749
22.6118
22.6775
22.63
22.502
22.3845
22.2862
22.1874
22.0897
21.9919
21.8958
21.7982
21.7006
21.6028
21.5017
21.4071
21.3154
21.2154
21.1122
21.0144
20.9218
20.827
20.7261
20.6257
20.5277
20.4293
20.3331
20.2359
20.1347
20.0343
19.9345
19.8374
19.7425
19.6422
19.5389
19.4357
19.3353
19.2388
19.1424
19.0435
18.9405
18.8371
18.7369
18.637
18.5401
18.4445
18.3435
18.2399
18.1381
18.0376
17.941
17.847
17.7502
17.6486
17.5432
17.4403
17.3437
17.2498
17.1561
17.0581
16.9545
16.8509
16.7493
16.6506
16.5565
16.4635
16.3673
16.2683
16.1674
16.0658
15.9689
15.8768
15.7843
15.6906
15.5938
15.4927
15.3934
15.2978
15.2026
15.1087
15.0153
14.9185
14.8187
14.718
14.6176
14.5188
14.4232
14.3292
14.2334
14.1358
14.0382
13.9395
13.8411
13.7444
13.6477
13.5506
13.4537
13.3565
13.2581
13.1587
13.0593
12.9603
12.8621
12.7657
12.6707
12.576
12.4813
12.3851
12.2866
12.1872
12.0882
11.9907
11.8958
11.8012
11.7055
11.6097
11.5126
11.4129
11.313
11.213
11.1117
11.012
10.9154
10.8201
10.7252
10.6311
10.5366
10.44
10.3421
10.2432
10.1418
10.0403
9.9415
9.84387
9.7479
9.65384
9.55951
9.46347
9.36507
9.2643
9.16108
9.0557
8.9507
8.84744
8.74533
8.64532
8.54827
8.45346
8.35956
8.26523
8.16967
8.07179
7.9711
7.86873
7.76534
7.66098
7.55676
7.45442
7.35456
7.25681
7.16156
7.06933
6.97877
6.88825
6.79786
6.70711
6.61366
6.5174
6.42008
6.32054
6.21825
6.11585
6.01435
5.91375
5.81496
5.71748
5.62046
5.52469
5.43087
5.33784
5.24451
5.1518
5.05943
4.96564
4.87147
4.77822
4.68368
4.58689
4.4897
4.39198
4.29258
4.19198
4.0902
3.98704
3.88323
3.77893
3.67457
3.57104
3.46814
3.36593
3.26446
3.16313
3.06309
2.96542
2.86861
2.77119
2.67396
2.57847
2.4841
2.3896
2.29602
2.20318
2.10911
2.01412
1.91919
1.82374
1.72696
1.62893
1.53003
1.43055
1.33096
1.2308
1.12997
1.02902
0.929442
0.830865
0.731719
0.63324
0.535544
0.438212
0.340988
0.243408
0.145684
0.0487907
14.3238
-3191.53
-1008.14
561.443
515.561
48.0951
-111.698
-34.6293
41.394
47.5892
27.4129
17.7826
19.9645
23.5563
24.2071
23.3051
22.6706
22.6042
22.6805
22.6432
22.5124
22.3781
22.2734
22.1846
22.0948
21.9976
21.8988
21.7966
21.6946
21.6023
21.51
21.4101
21.3097
21.2114
21.1141
21.0181
20.9233
20.8268
20.7239
20.6212
20.526
20.4322
20.3372
20.2384
20.1337
20.0317
19.933
19.8379
19.7447
19.6438
19.5383
19.4352
19.3362
19.2419
19.1463
19.0444
18.9373
18.8322
18.7361
18.6429
18.5461
18.446
18.3407
18.2351
18.1367
18.0417
17.9461
17.8484
17.7478
17.6456
17.5426
17.4422
17.3469
17.2527
17.1571
17.0572
16.9519
16.8479
16.7493
16.6542
16.5607
16.4659
16.3666
16.2651
16.1657
16.0678
15.9723
15.8798
15.7857
15.6892
15.5915
15.4913
15.3925
15.2991
15.2066
15.1122
15.0159
14.9165
14.8153
14.7156
14.6179
14.5212
14.4255
14.3309
14.2348
14.136
14.0371
13.9381
13.8398
13.7441
13.6494
13.5535
13.4562
13.3575
13.2576
13.1569
13.057
12.9589
12.8625
12.7681
12.6743
12.5789
12.4816
12.3834
12.2847
12.1866
12.089
11.9919
11.8964
11.8021
11.7066
11.6104
11.5133
11.413
11.3117
11.2117
11.1117
11.0123
10.9155
10.8209
10.7268
10.6329
10.5385
10.4412
10.3414
10.2417
10.141
10.04
9.94141
9.84469
9.74915
9.655
9.56066
9.46451
9.36557
9.26417
9.16096
9.05547
8.94954
8.84602
8.74512
8.64657
8.55033
8.45565
8.36135
8.26638
8.17028
8.07223
7.97123
7.86812
7.76452
7.6607
7.55665
7.45382
7.35385
7.25676
7.16214
7.07023
6.98009
6.8895
6.79812
6.70686
6.61394
6.51748
6.41926
6.32012
6.21904
6.1171
6.01532
5.91373
5.81383
5.71663
5.62111
5.52632
5.43254
5.33941
5.24546
5.15136
5.05857
4.96557
4.8715
4.77801
4.68421
4.58788
4.48999
4.39168
4.29209
4.19126
4.0896
3.98694
3.88364
3.77975
3.6753
3.57109
3.46748
3.36533
3.26518
3.16512
3.06446
2.96523
2.86809
2.77152
2.67474
2.57911
2.48494
2.39053
2.29629
2.203
2.10913
2.01428
1.91919
1.82371
1.72732
1.62956
1.53063
1.4306
1.3303
1.23063
1.13067
1.02963
0.929329
0.830755
0.732311
0.63376
0.535638
0.438192
0.341165
0.243856
0.146223
0.048957
14.3277
-3191.53
-1008.14
561.443
515.565
48.0937
-111.701
-34.6267
41.3982
47.5871
27.4056
17.7792
19.9694
23.5612
24.2043
23.2971
22.6675
22.6077
22.6809
22.6382
22.5094
22.379
22.2762
22.1898
22.0987
21.9935
21.8895
21.7951
21.7005
21.6057
21.5096
21.4062
21.3041
21.2109
21.12
21.0241
20.9211
20.8182
20.7192
20.6235
20.5323
20.4368
20.3341
20.2306
20.1279
20.0329
19.9413
19.8437
19.7422
19.6365
19.5317
19.4351
19.3411
19.2451
19.1446
19.0399
18.9355
18.8343
18.7386
18.6439
18.5434
18.4413
18.3391
18.2362
18.138
18.0431
17.9469
17.8474
17.7448
17.6427
17.5422
17.4443
17.3497
17.2533
17.1535
17.0524
16.9498
16.8489
16.752
16.6565
16.5603
16.4634
16.3643
16.2635
16.1653
16.0697
15.9748
15.8808
15.7845
15.6854
15.5876
15.4907
15.3945
15.3015
15.2086
15.1124
15.0139
14.9136
14.8124
14.7132
14.6172
14.523
14.428
14.3321
14.2342
14.1335
14.0335
13.936
13.8398
13.7452
13.6509
13.5547
13.456
13.3559
13.2554
13.1551
13.056
12.9591
12.8634
12.7685
12.6742
12.5792
12.4824
12.3838
12.2837
12.1841
12.0867
11.991
11.897
11.8039
11.7084
11.6106
11.5122
11.4119
11.3101
11.2095
11.1102
11.012
10.916
10.8222
10.7285
10.6336
10.5381
10.4408
10.3405
10.24
10.1397
10.0393
9.94107
9.84499
9.74973
9.6552
9.5605
9.46437
9.36531
9.26304
9.15933
9.05452
8.94913
8.84561
8.74493
8.64665
8.55062
8.45639
8.36254
8.26732
8.1703
8.07165
7.9707
7.8674
7.76313
7.65915
7.55567
7.45328
7.35347
7.25663
7.16199
7.06966
6.97972
6.89016
6.79883
6.7065
6.61338
6.51735
6.41869
6.31892
6.21763
6.11566
6.01471
5.91469
5.8155
5.71781
5.62141
5.52565
5.43108
5.33843
5.24598
5.15238
5.05901
4.96585
4.87129
4.7765
4.6825
4.58718
4.4898
4.3915
4.29212
4.19136
4.08945
3.98623
3.8823
3.77828
3.67444
3.5714
3.46867
3.36586
3.26452
3.16465
3.06476
2.96551
2.86805
2.77166
2.67507
2.57894
2.48448
2.39053
2.29627
2.20259
2.109
2.0146
1.91932
1.82321
1.72668
1.62907
1.53038
1.43096
1.33012
1.22966
1.1303
1.0303
0.929891
0.830423
0.732021
0.633966
0.535844
0.437964
0.340706
0.243436
0.145979
0.0488802
14.3327
-3191.52
-1008.13
561.442
515.559
48.0897
-111.701
-34.6222
41.3989
47.5855
27.4089
17.7857
19.9711
23.5603
24.2031
23.296
22.67
22.6129
22.683
22.6346
22.5068
22.3814
22.281
22.191
22.0947
21.9903
21.8904
21.8001
21.7067
21.6057
21.5054
21.4042
21.3055
21.2137
21.1212
21.0229
20.9195
20.8176
20.7216
20.6267
20.5322
20.434
20.3313
20.2315
20.1331
20.0365
19.941
19.8397
19.7379
19.6371
19.5364
19.4402
19.3439
19.2442
19.1418
19.0377
18.9359
18.8372
18.7416
18.6464
18.544
18.4381
18.3364
18.2377
18.1418
18.0461
17.9469
17.845
17.7424
17.643
17.5459
17.4483
17.3515
17.2528
17.151
17.0495
16.9487
16.8501
16.7551
16.6606
16.5624
16.4617
16.3611
16.2619
16.1664
16.0736
15.9787
15.8818
15.7834
15.6829
15.585
15.4908
15.3975
15.305
15.2114
15.113
15.0116
14.9101
14.8103
14.7135
14.6193
14.5258
14.4302
14.3326
14.2338
14.133
14.0323
13.9345
13.8392
13.7458
13.6527
13.5572
13.4581
13.3562
13.2541
13.1533
13.0546
12.9588
12.8651
12.7717
12.6771
12.5803
12.4813
12.3815
12.2822
12.1841
12.088
11.9927
11.8978
11.8041
11.7095
11.6115
11.5119
11.4112
11.3091
11.2084
11.1101
11.0129
10.9169
10.8229
10.7298
10.6353
10.5391
10.4413
10.3406
10.2391
10.1387
10.0388
9.94079
9.84553
9.75145
9.65723
9.56174
9.46447
9.36492
9.26242
9.15834
9.05377
8.94894
8.84571
8.74562
8.64816
8.55225
8.45745
8.36335
8.26842
8.17137
8.07206
7.97045
7.86679
7.76229
7.65842
7.55551
7.4535
7.35363
7.25706
7.16308
7.07059
6.9798
6.89023
6.79958
6.70704
6.6133
6.51723
6.41843
6.31857
6.21783
6.11606
6.01455
5.91419
5.81529
5.7183
5.62293
5.52783
5.43251
5.33835
5.24538
5.1519
5.0585
4.96605
4.87263
4.77752
4.68229
4.58659
4.4894
4.39119
4.2918
4.19089
4.08902
3.98635
3.88299
3.779
3.67436
3.57049
3.46822
3.36645
3.2654
3.1657
3.06612
2.96629
2.86782
2.77147
2.67583
2.57988
2.48484
2.39099
2.29694
2.20262
2.10847
2.01433
1.91969
1.82361
1.72669
1.62902
1.53011
1.43116
1.33081
1.22954
1.12965
1.03025
0.930475
0.83073
0.731882
0.634016
0.536464
0.438519
0.340928
0.243667
0.146167
0.0490666
14.329
-3191.52
-1008.13
561.443
515.565
48.0965
-111.699
-34.6269
41.3917
47.5858
27.4129
17.7869
19.971
23.5564
24.2
23.3003
22.6733
22.6083
22.6771
22.631
22.5067
22.3855
22.2834
22.1877
22.0901
21.9907
21.8932
21.8
21.7035
21.6002
21.5015
21.4073
21.3109
21.2149
21.1172
21.0172
20.9169
20.8186
20.7252
20.6308
20.5323
20.4301
20.3264
20.2291
20.1348
20.0391
19.9417
19.8375
19.7329
19.6344
19.5383
19.4432
19.3447
19.2406
19.1367
19.0362
18.9396
18.8422
18.7414
18.6409
18.5393
18.4369
18.3384
18.2413
18.1436
18.0449
17.9438
17.8421
17.7412
17.6437
17.5488
17.4507
17.3502
17.2486
17.1465
17.0476
16.9513
16.8545
16.7571
16.6589
16.5589
16.458
16.3594
16.2629
16.1687
16.0759
15.9799
15.8804
15.7804
15.6807
15.584
15.4918
15.4
15.3063
15.2108
15.1115
15.0095
14.908
14.809
14.7133
14.6201
14.5274
14.4318
14.3322
14.2313
14.1301
14.0301
13.9336
13.8398
13.747
13.6534
13.5572
13.4577
13.3552
13.2525
13.152
13.0543
12.9594
12.8659
12.7721
12.6771
12.5802
12.4813
12.3812
12.2811
12.1825
12.0868
11.9932
11.8992
11.8048
11.7095
11.6111
11.5107
11.41
11.3084
11.2073
11.1089
11.0129
10.9181
10.8241
10.7305
10.6355
10.5384
10.4401
10.3398
10.2383
10.1381
10.0391
9.94118
9.84532
9.7509
9.65692
9.56184
9.46454
9.36476
9.26183
9.15691
9.05217
8.94814
8.84548
8.74561
8.64882
8.55376
8.4589
8.36381
8.26793
8.17038
8.07105
7.9699
7.86667
7.76187
7.65719
7.55422
7.45295
7.35343
7.2568
7.16326
7.0714
6.98043
6.8903
6.79947
6.70656
6.61233
6.51656
6.41809
6.31783
6.21692
6.11563
6.01472
5.9148
5.81593
5.7183
5.62238
5.52773
5.43309
5.33878
5.24573
5.15249
5.05828
4.9647
4.87151
4.77715
4.68209
4.58648
4.48926
4.39061
4.29106
4.19049
4.08876
3.98563
3.88182
3.77839
3.67482
3.57108
3.46831
3.36624
3.26468
3.16478
3.06626
2.9676
2.86883
2.77136
2.67549
2.57988
2.48447
2.3904
2.297
2.20319
2.10886
2.01419
1.91939
1.82344
1.72629
1.62863
1.52961
1.43056
1.33093
1.22999
1.12958
1.03
0.930771
0.831284
0.731934
0.633644
0.536176
0.438456
0.340742
0.243573
0.146188
0.0488756
14.3372
-3191.51
-1008.12
561.445
515.565
48.0979
-111.699
-34.621
41.3952
47.5852
27.4142
17.7841
19.9692
23.5617
24.205
23.3002
22.6728
22.6086
22.6793
22.6366
22.5113
22.3838
22.2785
22.1858
22.0938
21.998
21.8975
21.7981
21.7008
21.6013
21.504
21.4104
21.3137
21.2132
21.1126
21.0155
20.9207
20.8249
20.7277
20.6274
20.527
20.4289
20.3308
20.2349
20.1381
20.037
19.9359
19.8345
19.735
19.6402
19.5438
19.4433
19.3408
19.2379
19.1374
19.0394
18.9428
18.8442
18.7409
18.638
18.5378
18.4383
18.3415
18.2449
18.1453
18.0433
17.9406
17.8406
17.7433
17.6473
17.5519
17.4519
17.3483
17.2455
17.1445
17.0474
16.9536
16.8588
16.7605
16.6593
16.5568
16.4547
16.357
16.2638
16.172
16.0794
15.982
15.8796
15.7777
15.6788
15.5841
15.494
15.4039
15.3093
15.2104
15.1085
15.0058
14.9056
14.8095
14.7166
14.6239
14.5296
14.432
14.3308
14.229
14.1286
14.0299
13.9341
13.8409
13.7484
13.6547
13.558
13.4578
13.3549
13.2519
13.1513
13.0541
12.96
12.8676
12.7746
12.679
12.5803
12.4797
12.379
12.2801
12.1829
12.0879
11.9946
11.9008
11.8055
11.7096
11.6111
11.5098
11.4083
11.3075
11.2073
11.1092
11.0136
10.9193
10.8253
10.7316
10.6367
10.5391
10.4397
10.3391
10.2373
10.137
10.0388
9.94219
9.84697
9.75245
9.65783
9.56193
9.46379
9.36366
9.26124
9.15668
9.05191
8.94827
8.84623
8.74652
8.64965
8.55484
8.46027
8.36501
8.26873
8.17071
8.07064
7.96894
7.86596
7.76182
7.65731
7.5542
7.45329
7.35419
7.25741
7.16371
7.07213
6.98115
6.89061
6.79977
6.70685
6.61187
6.51554
6.41735
6.31751
6.21691
6.11585
6.01489
5.91489
5.81632
5.71908
5.62315
5.52856
5.43408
5.33909
5.24517
5.15239
5.059
4.96521
4.87164
4.77716
4.68172
4.58598
4.48917
4.39071
4.29081
4.1898
4.08812
3.98553
3.88192
3.77827
3.67472
3.57106
3.46853
3.36734
3.26618
3.16526
3.06578
2.96745
2.86943
2.77204
2.6761
2.5809
2.48541
2.39042
2.29661
2.20308
2.10898
2.01426
1.91944
1.82371
1.72643
1.62833
1.52902
1.42979
1.33071
1.2304
1.12977
1.0297
0.930665
0.831931
0.732761
0.634117
0.536397
0.438765
0.341012
0.243554
0.146044
0.0489103
14.338
-3191.51
-1008.12
561.45
515.566
48.0914
-111.707
-34.6227
41.3984
47.5851
27.4106
17.7804
19.968
23.5601
24.203
23.3003
22.6715
22.6077
22.6802
22.6349
22.5066
22.3818
22.2812
22.1877
22.0913
21.9946
21.8946
21.7947
21.6988
21.6021
21.5047
21.4093
21.3129
21.212
21.1112
21.016
20.9226
20.8256
20.7253
20.6236
20.525
20.4301
20.3333
20.2347
20.135
20.0338
19.9348
19.8365
19.7372
19.6394
19.5412
19.4402
19.3379
19.2369
19.139
19.0422
18.9441
18.8431
18.7374
18.6335
18.5365
18.442
18.346
18.2465
18.1427
18.0387
17.9374
17.8405
17.746
17.6501
17.5523
17.4503
17.3451
17.2424
17.1439
17.0493
16.9565
16.8606
16.7594
16.6554
16.5531
16.4541
16.3591
16.2668
16.1734
16.0782
15.98
15.878
15.7767
15.6794
15.5857
15.4952
15.4046
15.3093
15.209
15.1064
15.0041
14.9045
14.8091
14.7171
14.6253
14.531
14.4326
14.3299
14.2261
14.1254
14.0283
13.9346
13.8426
13.7498
13.6548
13.5568
13.4562
13.3538
13.2515
13.1517
13.0552
12.9609
12.8675
12.7735
12.678
12.5803
12.4803
12.3794
12.2795
12.182
12.0872
11.9947
11.9019
11.8064
11.7091
11.6102
11.5091
11.4074
11.3067
11.2071
11.1092
11.0139
10.9201
10.8261
10.7315
10.6362
10.5386
10.4392
10.3388
10.2374
10.1367
10.0382
9.94176
9.84686
9.7527
9.6583
9.56236
9.46365
9.36259
9.25976
9.1554
9.05094
8.94779
8.84642
8.74704
8.65015
8.5555
8.46125
8.3658
8.26883
8.17012
8.06953
7.96744
7.86445
7.76084
7.65693
7.55401
7.45338
7.35484
7.25814
7.16401
7.07232
6.98149
6.89073
6.79973
6.70698
6.61177
6.51485
6.41638
6.31652
6.21608
6.1156
6.01535
5.91569
5.81698
5.71933
5.62276
5.52788
5.43424
5.34016
5.24593
5.15246
5.05873
4.96447
4.87072
4.77674
4.68146
4.58539
4.48859
4.39048
4.29085
4.18974
4.08757
3.98464
3.88109
3.77779
3.67497
3.57173
3.46852
3.36671
3.26606
3.16578
3.06625
2.96777
2.86988
2.77237
2.67581
2.5805
2.48566
2.39089
2.29664
2.20286
2.10891
2.01419
1.91897
1.82325
1.72646
1.62877
1.52954
1.42933
1.32976
1.23019
1.13014
1.03003
0.930463
0.831639
0.732717
0.634018
0.536253
0.438787
0.341266
0.243718
0.145964
0.0487872
14.3414
-3191.49
-1008.11
561.458
515.569
48.0985
-111.697
-34.6193
41.3989
47.5884
27.4156
17.7816
19.9704
23.5652
24.2013
23.2959
22.6715
22.6092
22.6812
22.6359
22.5068
22.3805
22.2827
22.1931
22.0943
21.9943
21.895
21.7963
21.7012
21.6062
21.5085
21.4078
21.3079
21.2103
21.1144
21.0209
20.9246
20.8238
20.7223
20.622
20.5261
20.4333
20.3365
20.2352
20.1323
20.0305
19.934
19.8402
19.7437
19.6428
19.5387
19.4349
19.3349
19.2387
19.144
19.0461
18.9435
18.8399
18.7361
18.6345
18.5388
18.4449
18.3477
18.2462
18.1413
18.0372
17.9373
17.842
17.7488
17.6522
17.5514
17.4478
17.343
17.2423
17.1462
17.0526
16.9587
16.8611
16.7586
16.6534
16.5507
16.453
16.3601
16.2698
16.177
16.0794
15.9784
15.8753
15.7748
15.6798
15.5885
15.4982
15.4058
15.3087
15.207
15.1039
15.0029
14.9053
14.8114
14.7196
14.6267
14.5305
14.4312
14.3291
14.226
14.1253
14.0284
13.935
13.8436
13.7514
13.656
13.5568
13.4549
13.3524
13.251
13.1522
13.0566
12.9629
12.8694
12.7744
12.6772
12.5781
12.4782
12.3786
12.2805
12.1841
12.0888
11.9949
11.9016
11.8063
11.7086
11.6093
11.5083
11.4067
11.3063
11.2075
11.1103
11.0148
10.9209
10.827
10.7322
10.6362
10.5382
10.4382
10.3378
10.2373
10.1373
10.0391
9.94267
9.84755
9.75292
9.65802
9.56197
9.46339
9.36218
9.25926
9.1552
9.05107
8.94831
8.84755
8.74857
8.65125
8.55564
8.46093
8.36566
8.26905
8.17072
8.07026
7.96775
7.86408
7.76024
7.65659
7.55383
7.45329
7.35538
7.25942
7.16531
7.07319
6.98201
6.89059
6.7988
6.70602
6.61121
6.51446
6.41611
6.31638
6.21587
6.11524
6.01498
5.91562
5.81756
5.7207
5.62434
5.5286
5.43406
5.33988
5.24568
5.15238
5.05943
4.96552
4.87109
4.7765
4.68111
4.58486
4.4878
4.38954
4.28996
4.18919
4.08749
3.9849
3.8812
3.77721
3.67417
3.57179
3.46939
3.36758
3.2668
3.16654
3.06672
2.96779
2.86989
2.77279
2.67643
2.58101
2.48613
2.3913
2.29687
2.20289
2.10889
2.0143
1.91881
1.82247
1.72519
1.62758
1.52953
1.42982
1.32949
1.22987
1.13034
1.03059
0.930932
0.832017
0.733499
0.634764
0.536469
0.438669
0.341284
0.24409
0.146233
0.0493271
14.344
-3191.51
-1008.12
561.45
515.567
48.1034
-111.699
-34.6283
41.3932
47.5836
27.4161
17.7865
19.9683
23.5609
24.2011
23.2972
22.6741
22.6121
22.6804
22.632
22.5051
22.3805
22.2807
22.1914
22.0937
21.9923
21.8926
21.7964
21.702
21.6045
21.5062
21.4073
21.3091
21.2125
21.1155
21.0194
20.9216
20.8205
20.721
20.624
20.5292
20.4346
20.3347
20.2308
20.1288
20.0315
19.938
19.8427
19.7418
19.6378
19.5348
19.435
19.3376
19.2406
19.1437
19.0449
18.9418
18.8376
18.7353
18.6357
18.5405
18.4466
18.3478
18.2438
18.1381
18.0359
17.9388
17.8447
17.7501
17.6514
17.5489
17.4452
17.3419
17.2426
17.148
17.055
16.9602
16.8604
16.7559
16.6504
16.5494
16.4546
16.363
16.2715
16.1767
16.0777
15.9768
15.8753
15.7757
15.6808
15.5895
15.4988
15.4053
15.3073
15.2053
15.1026
15.0026
14.9063
14.8125
14.7201
14.627
14.5302
14.4297
14.327
14.224
14.1243
14.0291
13.9367
13.8449
13.7513
13.6548
13.5552
13.4534
13.3514
13.2508
13.1528
13.0578
12.9642
12.87
12.7743
12.6768
12.5777
12.4779
12.3781
12.2798
12.1841
12.09
11.9965
11.9026
11.8064
11.7076
11.6076
11.5071
11.4061
11.306
11.2076
11.1109
11.0158
10.9218
10.8276
10.7319
10.6351
10.5369
10.4374
10.3374
10.2373
10.1378
10.0399
9.9436
9.84832
9.75318
9.65745
9.56068
9.46205
9.36086
9.25778
9.15401
9.0506
8.94858
8.84842
8.7499
8.65272
8.55675
8.46139
8.36532
8.26769
8.16857
8.06824
7.96667
7.86386
7.76036
7.65695
7.55449
7.454
7.35611
7.26043
7.1663
7.07374
6.98245
6.89109
6.79884
6.70549
6.61053
6.51378
6.41543
6.31569
6.21525
6.11507
6.01556
5.91658
5.81808
5.72055
5.6242
5.52883
5.43448
5.34049
5.24599
5.15174
5.05838
4.96496
4.87093
4.77647
4.68121
4.58497
4.48782
4.38949
4.2898
4.18883
4.08679
3.98412
3.88096
3.77745
3.67428
3.57165
3.46917
3.3671
3.26618
3.16638
3.06727
2.96865
2.87055
2.77312
2.67656
2.58108
2.48633
2.39173
2.29744
2.20332
2.10908
2.01434
1.91894
1.82292
1.72558
1.62697
1.52852
1.42979
1.32971
1.2295
1.12972
1.03008
0.930784
0.831684
0.733084
0.634872
0.536789
0.438955
0.341161
0.243826
0.145425
0.0496741
14.3722
-3191.44
-1008.09
561.439
515.553
48.1026
-111.691
-34.6217
41.3997
47.5874
27.413
17.7847
19.9688
23.5607
24.2009
23.2959
22.6715
22.6113
22.6833
22.6346
22.5033
22.3788
22.2825
22.1947
22.0957
21.9918
21.8929
21.799
21.7056
21.6057
21.5033
21.4043
21.3093
21.2153
21.1182
21.0187
20.9186
20.8187
20.7214
20.6261
20.5304
20.4339
20.3342
20.2315
20.1296
20.0315
19.9377
19.8435
19.7436
19.6381
19.5325
19.4326
19.3386
19.2445
19.1462
19.0435
18.9383
18.8353
18.737
18.6403
18.5434
18.4457
18.3453
18.2419
18.1378
18.0367
17.9405
17.8469
17.7517
17.6512
17.5465
17.4426
17.342
17.2454
17.151
17.0557
16.9579
16.8573
16.7548
16.6518
16.5514
16.4561
16.364
16.2717
16.1757
16.0753
15.9739
15.8746
15.7782
15.6845
15.5921
15.4987
15.4029
15.3043
15.2035
15.1025
15.004
14.9089
14.8153
14.7212
14.6257
14.5278
14.4279
14.3271
14.2261
14.1265
14.0302
13.9369
13.8448
13.7511
13.6545
13.5548
13.4532
13.3517
13.2516
13.1534
13.0576
12.9636
12.8696
12.774
12.6763
12.5769
12.4773
12.3785
12.2807
12.1846
12.0899
11.9955
11.9013
11.806
11.708
11.6079
11.507
11.4063
11.3065
11.2082
11.1115
11.0159
10.9216
10.8278
10.7328
10.6357
10.5368
10.4366
10.3361
10.2363
10.1374
10.0398
9.9438
9.84898
9.75429
9.65848
9.56101
9.46185
9.36075
9.2578
9.15384
9.05005
8.94785
8.8481
8.75037
8.65373
8.55768
8.46205
8.36615
8.26878
8.16924
8.06787
7.96544
7.86254
7.75957
7.65683
7.55475
7.45422
7.35625
7.26099
7.16747
7.07489
6.98305
6.8913
6.79864
6.70466
6.60923
6.51245
6.4146
6.31562
6.21543
6.11478
6.01484
5.91619
5.81853
5.72163
5.62544
5.52979
5.43488
5.34078
5.24671
5.15242
5.05846
4.96466
4.8705
4.7759
4.6805
4.58399
4.48654
4.38812
4.28854
4.1879
4.08636
3.98417
3.88132
3.77779
3.67437
3.57191
3.4702
3.36863
3.26732
3.1668
3.0673
2.96873
2.87092
2.77366
2.67682
2.58091
2.48603
2.39147
2.29702
2.20266
2.10856
2.01404
1.91824
1.82186
1.72506
1.62683
1.52793
1.42927
1.33002
1.23028
1.13061
1.03084
0.931504
0.832465
0.733509
0.635035
0.537092
0.439647
0.342417
0.245172
0.149967
0.0463891
)
;

boundaryField
{
    inlet
    {
        type            calculated;
        value           uniform 5000;
    }
    outlet
    {
        type            calculated;
        value           uniform 0;
    }
    walls
    {
        type            calculated;
        value           nonuniform List<scalar> 
500
(
14.3675
-3191.43
-1008.08
561.444
515.557
48.1026
-111.687
-34.6183
41.4041
47.5869
27.4128
17.7856
19.9722
23.5678
24.2034
23.2972
22.6731
22.6089
22.6811
22.6381
22.5099
22.3826
22.2781
22.1851
22.0944
21.9997
21.8947
21.7934
21.7015
21.609
21.5078
21.4045
21.31
21.2136
21.1156
21.0191
20.9204
20.8256
20.7287
20.6265
20.5274
20.4317
20.3369
20.2375
20.1316
20.0313
19.9391
19.8429
19.7386
19.6353
19.5367
19.4382
19.3399
19.2405
19.1393
19.0383
18.9399
18.8443
18.7446
18.6376
18.5311
18.4322
18.3382
18.2438
18.1469
18.045
17.942
17.8434
17.7457
17.6464
17.5456
17.4452
17.3474
17.2513
17.1552
17.0552
16.9512
16.8485
16.7497
16.6543
16.5597
16.4638
16.3662
16.266
16.1663
16.0686
15.9709
15.8753
15.7818
15.6872
15.5926
15.4979
15.4007
15.3027
15.2047
15.1065
15.0113
14.9164
14.8187
14.7206
14.6214
14.5215
14.4249
14.3313
14.236
14.1369
14.0363
13.9353
13.8357
13.7403
13.6477
13.5552
13.461
13.3627
13.2602
13.1577
13.0589
12.9632
12.869
12.7753
12.6781
12.576
12.4737
12.3746
12.2785
12.1851
12.0937
12.0011
11.9048
11.8051
11.7031
11.6006
11.5005
11.4031
11.3077
11.214
11.1201
11.0239
10.9259
10.8251
10.7226
10.6218
10.5235
10.4276
10.3348
10.2431
10.1496
10.0543
9.95704
9.85631
9.75216
9.6476
9.54473
9.44459
9.34909
9.25637
9.16123
9.06324
8.96388
8.86181
8.75774
8.65418
8.55064
8.44645
8.34443
8.24734
8.15351
8.06
7.96599
7.87022
7.77142
7.67064
7.56933
7.4683
7.36743
7.26621
7.16632
7.0699
6.97684
6.88612
6.79567
6.70282
6.60768
6.51185
6.4154
6.31798
6.22002
6.12159
6.02166
5.92004
5.81909
5.71962
5.61956
5.52038
5.42507
5.33178
5.23911
5.14828
5.05756
4.9652
4.87229
4.77815
4.68218
4.58705
4.493
4.39589
4.29456
4.19261
4.09156
3.98938
3.88587
3.78254
3.67858
3.57307
3.46841
3.36664
3.26616
3.16488
3.06326
2.96349
2.86617
2.7689
2.67117
2.57561
2.48236
2.38889
2.29452
2.20074
2.10868
2.01679
1.92159
1.82207
1.72239
1.62605
1.52946
1.42959
1.3296
1.23071
1.13082
1.02998
0.929401
0.829618
0.731514
0.634873
0.53821
0.440736
0.342623
0.244435
0.148354
0.0454819
14.3722
-3191.44
-1008.09
561.439
515.553
48.1026
-111.691
-34.6217
41.3997
47.5874
27.413
17.7847
19.9688
23.5607
24.2009
23.2959
22.6715
22.6113
22.6833
22.6346
22.5033
22.3788
22.2825
22.1947
22.0957
21.9918
21.8929
21.799
21.7056
21.6057
21.5033
21.4043
21.3093
21.2153
21.1182
21.0187
20.9186
20.8187
20.7214
20.6261
20.5304
20.4339
20.3342
20.2315
20.1296
20.0315
19.9377
19.8435
19.7436
19.6381
19.5325
19.4326
19.3386
19.2445
19.1462
19.0435
18.9383
18.8353
18.737
18.6403
18.5434
18.4457
18.3453
18.2419
18.1378
18.0367
17.9405
17.8469
17.7517
17.6512
17.5465
17.4426
17.342
17.2454
17.151
17.0557
16.9579
16.8573
16.7548
16.6518
16.5514
16.4561
16.364
16.2717
16.1757
16.0753
15.9739
15.8746
15.7782
15.6845
15.5921
15.4987
15.4029
15.3043
15.2035
15.1025
15.004
14.9089
14.8153
14.7212
14.6257
14.5278
14.4279
14.3271
14.2261
14.1265
14.0302
13.9369
13.8448
13.7511
13.6545
13.5548
13.4532
13.3517
13.2516
13.1534
13.0576
12.9636
12.8696
12.774
12.6763
12.5769
12.4773
12.3785
12.2807
12.1846
12.0899
11.9955
11.9013
11.806
11.708
11.6079
11.507
11.4063
11.3065
11.2082
11.1115
11.0159
10.9216
10.8278
10.7328
10.6357
10.5368
10.4366
10.3361
10.2363
10.1374
10.0398
9.9438
9.84898
9.75429
9.65848
9.56101
9.46185
9.36075
9.2578
9.15384
9.05005
8.94785
8.8481
8.75037
8.65373
8.55768
8.46205
8.36615
8.26878
8.16924
8.06787
7.96544
7.86254
7.75957
7.65683
7.55475
7.45422
7.35625
7.26099
7.16747
7.07489
6.98305
6.8913
6.79864
6.70466
6.60923
6.51245
6.4146
6.31562
6.21543
6.11478
6.01484
5.91619
5.81853
5.72163
5.62544
5.52979
5.43488
5.34078
5.24671
5.15242
5.05846
4.96466
4.8705
4.7759
4.6805
4.58399
4.48654
4.38812
4.28854
4.1879
4.08636
3.98417
3.88132
3.77779
3.67437
3.57191
3.4702
3.36863
3.26732
3.1668
3.0673
2.96873
2.87092
2.77366
2.67682
2.58091
2.48603
2.39147
2.29702
2.20266
2.10856
2.01404
1.91824
1.82186
1.72506
1.62683
1.52793
1.42927
1.33002
1.23028
1.13061
1.03084
0.931504
0.832465
0.733509
0.635035
0.537092
0.439647
0.342417
0.245172
0.149967
0.0463891
)
;
    }
    frontAndBack
    {
        type            empty;
    }
}


// ************************************************************************* //
