/*--------------------------------*- C++ -*----------------------------------*\
| =========                 |                                                 |
| \\      /  F ield         | OpenFOAM: The Open Source CFD Toolbox           |
|  \\    /   O peration     | Version:  2406                                  |
|   \\  /    A nd           | Website:  www.openfoam.com                      |
|    \\/     M anipulation  |                                                 |
\*---------------------------------------------------------------------------*/
FoamFile
{
    version     2.0;
    format      ascii;
    arch        "LSB;label=32;scalar=64";
    class       volScalarField;
    location    "300";
    object      alphat;
}
// * * * * * * * * * * * * * * * * * * * * * * * * * * * * * * * * * * * * * //

dimensions      [0 2 -1 0 0 0 0];

internalField   nonuniform List<scalar> 
5619
(
5.6274e-05
5.79908e-05
5.99046e-05
6.20451e-05
6.44147e-05
6.703e-05
6.9901e-05
7.30356e-05
7.64382e-05
8.01098e-05
8.40482e-05
8.82471e-05
9.26936e-05
9.73645e-05
0.000102221
0.000107206
0.000112237
0.000117215
0.000122022
0.000126538
0.000130652
0.00013428
0.00013738
0.000139958
0.000142071
0.000143818
0.000145326
0.000146724
0.000148129
0.000149624
0.000151263
0.000153063
0.000155025
0.000157135
0.000159377
0.000161734
0.000164192
0.000166738
0.000169361
0.000172054
0.000174807
0.000177614
0.000180466
0.000183354
0.00018627
0.000189202
0.00019214
0.000195072
0.000197985
0.000200866
0.000203703
0.000206481
0.000209189
0.000211816
0.000214352
0.00021679
0.000219127
0.000221359
0.000223489
0.000225522
0.000227467
0.000229335
0.000231142
0.000232907
0.000234653
0.000236408
0.000238203
0.000240022
0.000241842
0.000243662
0.000245483
0.000247307
0.000249137
0.000250974
0.00025282
0.000254677
0.000256547
0.000258432
0.000260333
0.000262251
0.000264189
0.000266147
0.000268124
0.000270117
0.000272124
0.000274137
0.000276149
0.000278146
0.000280114
0.000282033
0.000283878
0.000285621
0.000287228
0.000288659
0.00028987
0.000290811
0.000291427
0.000291662
0.000291457
0.000290749
0.000289476
0.000287405
0.000284262
0.000279788
0.000273765
0.000266052
0.000256616
0.000245572
0.000233341
0.000220432
0.000206796
0.000193696
0.000180822
0.0001683
0.000156069
0.000144267
0.000133464
0.000123096
0.000112907
0.000102689
9.21934e-05
8.10589e-05
6.87795e-05
5.66117e-05
6.12625e-05
6.85998e-05
7.4613e-05
7.92034e-05
8.26316e-05
8.52909e-05
8.72209e-05
8.84376e-05
8.89392e-05
8.87043e-05
8.76893e-05
8.58235e-05
8.30055e-05
7.91016e-05
7.39573e-05
6.7436e-05
5.95195e-05
5.05353e-05
4.05971e-05
3.08815e-05
2.28391e-05
1.81317e-05
1.66236e-05
1.63241e-05
1.62244e-05
1.62592e-05
1.64386e-05
1.67411e-05
1.70974e-05
1.74836e-05
1.78826e-05
1.82813e-05
1.8669e-05
1.90383e-05
1.93835e-05
1.97011e-05
1.99893e-05
2.02476e-05
2.04768e-05
2.06783e-05
2.08543e-05
2.10073e-05
2.11399e-05
2.12546e-05
2.13543e-05
2.14414e-05
2.15181e-05
2.15864e-05
2.16482e-05
2.17052e-05
2.17592e-05
2.18123e-05
2.18683e-05
2.1934e-05
2.20215e-05
2.21513e-05
2.23535e-05
2.26651e-05
2.31172e-05
2.37044e-05
2.43128e-05
2.45255e-05
2.30393e-05
0.000261128
0.000281484
0.000305233
0.000330601
0.000357657
0.000386273
0.000416362
0.000447798
0.000480432
0.000514091
0.000548596
0.000583791
0.000619576
0.000655933
0.000692932
0.000730708
0.000769396
0.00080905
0.000849538
0.000890453
0.000931056
0.000970302
0.00100697
0.00103993
0.00106839
0.00109212
0.00111155
0.00112763
0.00114168
0.00115501
0.00116875
0.00118362
0.0012
0.00121793
0.00123731
0.00125795
0.00127965
0.0013022
0.00132546
0.0013493
0.00137363
0.00139837
0.00142349
0.00144893
0.00147467
0.0015007
0.001527
0.00155354
0.00158031
0.00160728
0.00163443
0.0016617
0.00168904
0.00171638
0.00174365
0.00177073
0.00179755
0.00182398
0.00184991
0.00187522
0.0018998
0.00192355
0.00194636
0.00196814
0.00198881
0.00200831
0.00202659
0.00204563
0.00206562
0.00208607
0.00210701
0.00212848
0.00215054
0.00217326
0.00219667
0.00222081
0.00224572
0.00227142
0.00229796
0.00232538
0.00235375
0.00238313
0.0024136
0.00244524
0.00247814
0.00251237
0.00254796
0.00258495
0.0026233
0.00266292
0.00270366
0.00274528
0.00278741
0.00282958
0.00287117
0.0029114
0.00294933
0.00298384
0.0030137
0.00303747
0.00305371
0.00306075
0.00305456
0.00303093
0.00298616
0.0029177
0.00282469
0.00270803
0.00256988
0.00241647
0.00222859
0.00203046
0.00184042
0.00166327
0.00149794
0.00133584
0.00117345
0.00102333
0.000885834
0.000759793
0.000643727
0.000537004
0.000442774
0.000383028
0.000389109
0.00044818
0.000526324
0.000607253
0.000683908
0.000755574
0.000819483
0.00087393
0.000917945
0.000951096
0.000973342
0.000984916
0.000986192
0.000977466
0.000958487
0.000927447
0.000878937
0.000800106
0.000676111
0.000514789
0.00033172
0.000169469
7.85444e-05
5.30876e-05
4.89458e-05
4.80194e-05
4.76e-05
4.73345e-05
4.72921e-05
4.75013e-05
4.78341e-05
4.82386e-05
4.86781e-05
4.91264e-05
4.95619e-05
4.99669e-05
5.03267e-05
5.06303e-05
5.087e-05
5.10409e-05
5.11411e-05
5.11701e-05
5.11281e-05
5.10151e-05
5.08303e-05
5.05705e-05
5.02292e-05
4.97951e-05
4.92502e-05
4.85679e-05
4.77094e-05
4.66214e-05
4.52353e-05
4.34707e-05
4.12509e-05
3.85362e-05
3.5381e-05
3.20033e-05
2.88356e-05
2.65322e-05
2.60329e-05
2.91791e-05
4.27103e-05
0.000701678
0.000758673
0.00082291
0.000890239
0.000960815
0.00103445
0.00111109
0.00119059
0.00127278
0.00135744
0.00144435
0.00153334
0.00162441
0.00171771
0.00181358
0.00191247
0.0020147
0.00212024
0.00222848
0.00233791
0.00244604
0.00254954
0.00264461
0.00272775
0.00279658
0.00285048
0.00289076
0.00292039
0.00294332
0.00296356
0.00298441
0.00300802
0.00303543
0.00306686
0.00310203
0.00314046
0.00318165
0.00322514
0.00327059
0.00331774
0.00336641
0.00341651
0.00346797
0.00352076
0.00357489
0.00363034
0.00368712
0.00374521
0.00380456
0.0038651
0.00392671
0.00398924
0.00405246
0.00411612
0.00417991
0.00424348
0.00430642
0.00436834
0.00442881
0.00448742
0.0045438
0.00459762
0.00464864
0.00469674
0.0047419
0.00478429
0.00482422
0.0048622
0.00490147
0.0049408
0.00498003
0.00501936
0.00505905
0.00509936
0.00514053
0.0051828
0.00522636
0.00527141
0.00531813
0.00536668
0.00541721
0.00546989
0.00552482
0.00558213
0.00564187
0.00570409
0.00576875
0.00583573
0.00590481
0.00597566
0.00604778
0.00612049
0.00619293
0.00626397
0.00633224
0.00639607
0.00645348
0.00650217
0.00653958
0.0065628
0.00656868
0.00655143
0.00650318
0.00641617
0.00628407
0.00610331
0.005874
0.00560026
0.00528979
0.00495229
0.004597
0.00421684
0.00383942
0.00348019
0.00313862
0.00280776
0.0024736
0.00216288
0.00187577
0.0016117
0.001371
0.00115782
0.000987262
0.000897545
0.000921266
0.00103521
0.00118428
0.00133904
0.00148678
0.0016259
0.00175107
0.00185922
0.00194868
0.00201859
0.00206855
0.00209835
0.00210771
0.00209587
0.00206079
0.00199776
0.00189704
0.00174126
0.00150796
0.00118074
0.000785425
0.000413696
0.000169361
8.09431e-05
6.74803e-05
6.67982e-05
6.69881e-05
6.68412e-05
6.67534e-05
6.67189e-05
6.6711e-05
6.67228e-05
6.67465e-05
6.67717e-05
6.67848e-05
6.67701e-05
6.67115e-05
6.65939e-05
6.64043e-05
6.61319e-05
6.57681e-05
6.53067e-05
6.47424e-05
6.40714e-05
6.32903e-05
6.23957e-05
6.13849e-05
6.02563e-05
5.90112e-05
5.76561e-05
5.62069e-05
5.46955e-05
5.31787e-05
5.17512e-05
5.05618e-05
4.98312e-05
4.98716e-05
5.11128e-05
5.41677e-05
6.00469e-05
7.08354e-05
9.1907e-05
0.000143291
0.00134292
0.00143767
0.00154349
0.00165384
0.00176915
0.00188936
0.00201456
0.00214473
0.00227977
0.0024195
0.00256374
0.00271243
0.0028657
0.00302394
0.00318775
0.00335771
0.00353404
0.00371623
0.00390251
0.00408955
0.00427235
0.00444451
0.00459913
0.00473018
0.00483392
0.00490992
0.00496122
0.00499364
0.00501449
0.00503096
0.00504882
0.0050717
0.00510134
0.00513804
0.00518133
0.00523043
0.0052845
0.00534281
0.00540483
0.00547015
0.00553851
0.00560976
0.0056838
0.00576058
0.00584008
0.00592227
0.0060071
0.00609448
0.00618429
0.00627634
0.00637037
0.00646605
0.00656299
0.00666073
0.00675873
0.00685644
0.00695325
0.00704854
0.00714173
0.00723225
0.00731962
0.00740343
0.00748338
0.00755932
0.00763123
0.00769921
0.00776352
0.00782453
0.00788269
0.00794061
0.0079971
0.00805227
0.00810645
0.00816005
0.00821342
0.00826696
0.00832098
0.0083758
0.00843171
0.00848894
0.0085477
0.00860814
0.00867037
0.00873443
0.00880031
0.00886792
0.00893704
0.00900738
0.00907849
0.00914976
0.00922041
0.00928942
0.00935555
0.00941728
0.00947278
0.00951991
0.00955618
0.00957878
0.00958468
0.00957053
0.00953158
0.00945811
0.00934085
0.00917132
0.0089435
0.00865536
0.00830997
0.00791573
0.00748542
0.00703383
0.00657497
0.00611332
0.00564525
0.00518626
0.0047356
0.00428582
0.00382134
0.00337717
0.00296008
0.00257571
0.00223213
0.00194484
0.00174416
0.00167317
0.00174371
0.0019098
0.00211493
0.00232097
0.00251342
0.00269198
0.00285107
0.00298719
0.00309825
0.00318291
0.00324014
0.00326889
0.00326766
0.0032341
0.00316429
0.00305156
0.00288507
0.0026487
0.00232257
0.00189038
0.00135787
0.000786896
0.000336627
0.000124794
7.99553e-05
7.66778e-05
7.67839e-05
7.66886e-05
7.65416e-05
7.63291e-05
7.60987e-05
7.58955e-05
7.57519e-05
7.56838e-05
7.56925e-05
7.57692e-05
7.58984e-05
7.60617e-05
7.62413e-05
7.64226e-05
7.65955e-05
7.67568e-05
7.69101e-05
7.70668e-05
7.72467e-05
7.74784e-05
7.78009e-05
7.82657e-05
7.89393e-05
7.99072e-05
8.12783e-05
8.31909e-05
8.58189e-05
8.93777e-05
9.41312e-05
0.000100399
0.000108578
0.000119202
0.000133126
0.000151971
0.000179248
0.000223393
0.000309452
0.00211016
0.00223958
0.00238414
0.00253525
0.00269364
0.00285942
0.00303285
0.00321406
0.00340299
0.00359951
0.00380345
0.00401476
0.00423358
0.00446025
0.00469525
0.00493882
0.00519056
0.00544888
0.00571046
0.00596988
0.00621961
0.00645056
0.0066534
0.00682042
0.00694747
0.00703508
0.00708843
0.00711629
0.00712909
0.00713685
0.00714748
0.00716583
0.00719411
0.00723266
0.00728078
0.00733737
0.00740127
0.00747148
0.0075472
0.00762786
0.00771305
0.0078025
0.00789601
0.00799344
0.00809467
0.00819956
0.00830795
0.00841965
0.00853439
0.00865186
0.00877165
0.00889331
0.00901629
0.00914002
0.00926385
0.00938713
0.00950917
0.00962933
0.00974697
0.0098615
0.0099724
0.0100792
0.0101816
0.0102794
0.0103722
0.0104601
0.010543
0.010621
0.0106941
0.010764
0.0108302
0.0108932
0.010953
0.0110102
0.0110651
0.0111182
0.0111696
0.0112199
0.0112692
0.0113178
0.011366
0.0114137
0.0114612
0.0115084
0.0115552
0.0116015
0.0116469
0.011691
0.0117332
0.0117728
0.0118089
0.0118402
0.0118654
0.0118827
0.0118901
0.0118853
0.0118656
0.0118282
0.0117702
0.0116884
0.0115761
0.0114204
0.0112133
0.0109484
0.0106232
0.01024
0.0098074
0.00933976
0.00885558
0.00837372
0.00790829
0.00746335
0.00703151
0.00659701
0.00615085
0.00568135
0.00517023
0.00465669
0.00416358
0.00371042
0.00331976
0.00302152
0.00285211
0.00283618
0.00295489
0.00315324
0.00337798
0.00359348
0.00379087
0.00397172
0.00413092
0.00426484
0.0043708
0.00444663
0.00449032
0.00449965
0.00447179
0.0044032
0.0042888
0.00412133
0.00389062
0.0035832
0.00318271
0.0026736
0.00205113
0.00134446
0.00066301
0.00022763
0.000102424
8.80788e-05
8.65887e-05
8.63267e-05
8.65175e-05
8.70272e-05
8.78603e-05
8.90541e-05
9.06388e-05
9.26211e-05
9.49815e-05
9.76769e-05
0.000100648
0.000103829
0.000107155
0.000110572
0.000114042
0.000117548
0.000121094
0.000124705
0.000128424
0.000132312
0.000136446
0.000140915
0.000145826
0.000151295
0.000157456
0.000164455
0.000172459
0.000181656
0.000192275
0.000204607
0.000219076
0.000236341
0.000257512
0.000284511
0.00032075
0.000372203
0.000448374
0.00293918
0.00310094
0.00328214
0.00347257
0.00367314
0.00388416
0.00410609
0.00433912
0.00458326
0.00483831
0.00510401
0.00538005
0.00566623
0.0059624
0.00626826
0.00658311
0.00690533
0.00723192
0.00755794
0.00787628
0.00817768
0.00845152
0.00868726
0.00887667
0.00901592
0.00910682
0.00915658
0.00917636
0.00917902
0.00917681
0.0091794
0.00919248
0.00921853
0.00925784
0.0093095
0.00937208
0.00944408
0.00952418
0.00961131
0.00970464
0.00980354
0.00990754
0.0100163
0.0101294
0.0102467
0.0103678
0.0104925
0.0106205
0.0107512
0.0108843
0.0110194
0.0111558
0.011293
0.0114304
0.0115672
0.0117029
0.0118368
0.0119682
0.0120965
0.0122212
0.0123416
0.0124575
0.0125682
0.0126736
0.0127731
0.0128667
0.012954
0.0130349
0.0131094
0.0131772
0.0132389
0.0132951
0.0133461
0.0133921
0.0134336
0.0134707
0.0135037
0.013533
0.0135588
0.0135813
0.0136006
0.0136168
0.01363
0.0136402
0.0136472
0.0136508
0.0136506
0.0136463
0.0136371
0.0136223
0.0136007
0.013571
0.0135318
0.0134809
0.0134164
0.0133357
0.0132362
0.013115
0.0129695
0.0127972
0.0125888
0.0123285
0.0120117
0.011637
0.0112078
0.0107337
0.0102312
0.00972307
0.00923546
0.00879253
0.00840874
0.00808239
0.00779482
0.00751659
0.00721685
0.00687054
0.00645943
0.00598712
0.00552203
0.0050971
0.00474767
0.00450826
0.00440219
0.00442689
0.00454973
0.00472545
0.00491527
0.00509331
0.00525414
0.00539976
0.0055261
0.00562961
0.00570695
0.0057548
0.00576972
0.00574797
0.00568524
0.00557639
0.00541485
0.00519185
0.00489795
0.00452269
0.00405218
0.00347206
0.00277335
0.00196816
0.00113006
0.000457879
0.000166758
0.000124798
0.000118598
0.000117688
0.000119097
0.000122155
0.000126559
0.00013213
0.000138709
0.000146112
0.000154121
0.000162499
0.000171013
0.00017946
0.000187686
0.000195597
0.000203152
0.000210361
0.00021727
0.000223953
0.000230501
0.000237017
0.000243611
0.000250398
0.000257498
0.000265033
0.000273134
0.000281941
0.00029161
0.000302328
0.000314322
0.000327892
0.00034344
0.000361524
0.000382909
0.000408599
0.000439727
0.000476895
0.000517956
0.00377829
0.00397117
0.00418796
0.00441709
0.00465963
0.00491608
0.00518703
0.00547275
0.00577319
0.00608801
0.00641656
0.006758
0.00711129
0.00747513
0.00784784
0.0082271
0.00860967
0.008991
0.00936495
0.00972358
0.0100572
0.0103552
0.0106071
0.0108051
0.0109462
0.0110333
0.0110753
0.0110849
0.0110766
0.0110641
0.0110587
0.0110664
0.0110898
0.0111291
0.011183
0.0112498
0.0113277
0.011415
0.0115104
0.0116126
0.0117208
0.0118342
0.0119522
0.0120742
0.0121999
0.0123287
0.0124602
0.012594
0.0127295
0.0128663
0.0130038
0.0131415
0.0132787
0.0134149
0.0135494
0.0136817
0.013811
0.0139369
0.0140587
0.0141759
0.0142879
0.0143943
0.0144946
0.0145884
0.0146754
0.0147553
0.0148279
0.014893
0.0149504
0.0149992
0.0150407
0.0150755
0.015104
0.0151264
0.015143
0.015154
0.0151596
0.01516
0.0151554
0.0151459
0.0151317
0.0151127
0.0150888
0.0150601
0.0150262
0.0149868
0.0149414
0.0148894
0.0148299
0.0147618
0.0146838
0.0145941
0.0144907
0.0143715
0.0142336
0.0140745
0.013891
0.0136804
0.0134402
0.0131686
0.012853
0.0124747
0.0120333
0.0115332
0.0109847
0.0104051
0.00981926
0.00925929
0.00876231
0.0083637
0.00808587
0.00792649
0.00785473
0.00782071
0.00777302
0.00767259
0.00749745
0.00724108
0.00694231
0.00665748
0.00642647
0.00627829
0.00622185
0.00624638
0.00632761
0.0064382
0.00655544
0.00666369
0.00675931
0.00684337
0.00691292
0.00696468
0.00699487
0.00699918
0.00697274
0.00691012
0.0068052
0.00665101
0.00643939
0.00616062
0.00580269
0.00535726
0.0048133
0.0041582
0.00338298
0.00249391
0.00154529
0.000709429
0.000259555
0.000194945
0.000197358
0.000195857
0.000198454
0.000204706
0.000213603
0.00022429
0.000236035
0.000248204
0.000260283
0.000271893
0.0002828
0.000292895
0.000302165
0.000310662
0.000318473
0.000325709
0.000332485
0.000338921
0.000345133
0.000351236
0.000357342
0.000363559
0.000369994
0.000376755
0.000383949
0.000391689
0.000400095
0.000409296
0.000419436
0.000430673
0.000443179
0.000457121
0.000472618
0.00048964
0.000507804
0.000525994
0.00054195
0.00458472
0.00480782
0.00505926
0.00532641
0.00561032
0.00591172
0.00623129
0.00656931
0.0069256
0.00729947
0.00768965
0.00809437
0.00851123
0.00893721
0.00936857
0.00980083
0.0102287
0.0106462
0.0110465
0.0114219
0.011764
0.0120636
0.0123118
0.0125021
0.0126327
0.0127078
0.0127373
0.0127349
0.0127145
0.0126919
0.0126782
0.0126809
0.0127013
0.0127395
0.0127941
0.0128631
0.0129445
0.013036
0.0131361
0.0132431
0.0133558
0.0134732
0.0135943
0.0137185
0.0138449
0.0139729
0.014102
0.0142315
0.014361
0.0144898
0.0146174
0.0147432
0.0148667
0.0149874
0.0151047
0.0152181
0.015327
0.015431
0.0155296
0.0156224
0.0157089
0.0157888
0.015862
0.0159281
0.0159872
0.0160392
0.0160841
0.0161222
0.0161534
0.0161786
0.0161985
0.0162137
0.0162245
0.016231
0.0162335
0.016232
0.0162266
0.0162173
0.016204
0.0161865
0.0161647
0.0161383
0.0161068
0.0160698
0.0160265
0.0159761
0.0159177
0.01585
0.0157716
0.0156805
0.0155749
0.0154523
0.01531
0.0151449
0.014954
0.0147338
0.0144811
0.0141929
0.0138672
0.0135026
0.0130834
0.0125877
0.0120182
0.0113838
0.0106997
0.00998657
0.00927247
0.00859452
0.00799983
0.00754123
0.00726442
0.00718806
0.0072875
0.00749777
0.00773864
0.00794373
0.00807498
0.00812114
0.00808967
0.00801267
0.00793503
0.00788257
0.00786501
0.00787841
0.00791342
0.00795858
0.0080039
0.00804215
0.00807091
0.00808976
0.00809656
0.00808828
0.00806095
0.00800973
0.00792893
0.00781202
0.00765152
0.0074388
0.00716377
0.00681586
0.00638793
0.00586939
0.0052496
0.00451895
0.0036725
0.00272066
0.00171916
0.000833644
0.000339075
0.000285891
0.000326382
0.000329466
0.000329725
0.00033364
0.000340543
0.000349132
0.000358359
0.00036752
0.000376219
0.000384288
0.000391698
0.000398493
0.000404744
0.000410525
0.000415912
0.000420974
0.00042578
0.000430397
0.000434894
0.000439338
0.000443796
0.000448332
0.000453013
0.000457898
0.000463048
0.000468519
0.00047436
0.000480617
0.000487323
0.000494495
0.000502122
0.000510148
0.00051845
0.000526801
0.000534846
0.000542094
0.000548049
0.00531977
0.0055715
0.00585566
0.00615872
0.00648168
0.00682544
0.00719075
0.00757782
0.00798623
0.00841477
0.00886137
0.00932297
0.0097954
0.0102734
0.0107506
0.0112197
0.0116731
0.0121032
0.012503
0.0128663
0.0131873
0.0134603
0.0136798
0.0138418
0.0139466
0.0139996
0.0140102
0.0139901
0.0139594
0.013931
0.0139138
0.0139122
0.0139306
0.0139681
0.0140233
0.0140939
0.0141775
0.0142719
0.0143749
0.0144846
0.0145993
0.0147176
0.0148382
0.01496
0.0150821
0.0152035
0.0153235
0.0154412
0.015556
0.0156674
0.0157747
0.0158775
0.0159755
0.0160682
0.0161555
0.0162373
0.0163134
0.0163839
0.016449
0.0165089
0.0165639
0.0166144
0.0166607
0.0167033
0.0167427
0.0167793
0.0168136
0.0168459
0.0168768
0.0169071
0.0169373
0.0169674
0.0169973
0.0170267
0.0170552
0.0170823
0.0171075
0.0171303
0.0171498
0.0171655
0.0171765
0.0171819
0.0171806
0.0171715
0.0171534
0.0171247
0.0170839
0.017029
0.016958
0.0168685
0.0167579
0.0166232
0.0164613
0.0162689
0.0160424
0.0157785
0.015474
0.0151263
0.0147338
0.014296
0.0137943
0.0132037
0.0125281
0.0117776
0.0109665
0.0101123
0.00923761
0.00837541
0.00757387
0.00689725
0.00641744
0.00619446
0.00624961
0.00654446
0.00698644
0.00746605
0.00789862
0.00824171
0.00848783
0.00864941
0.00874551
0.00880109
0.00883551
0.00885925
0.00887626
0.00888625
0.00888758
0.00887875
0.00885821
0.00882396
0.00877399
0.00870532
0.00861413
0.00849583
0.00834507
0.00815562
0.00792034
0.00763119
0.00727943
0.006856
0.00635205
0.00575919
0.00507031
0.00428144
0.00339669
0.00244107
0.00149188
0.000727698
0.000373821
0.000408108
0.000479959
0.000486503
0.000477776
0.000469674
0.000464484
0.000461874
0.000461143
0.000461694
0.000463103
0.000465088
0.000467453
0.00047006
0.000472807
0.000475619
0.000478444
0.00048125
0.000484023
0.000486761
0.000489474
0.00049218
0.000494901
0.000497663
0.00050049
0.000503408
0.000506439
0.000509598
0.000512899
0.000516345
0.000519931
0.000523641
0.000527444
0.000531297
0.00053514
0.000538902
0.000542517
0.000545948
0.000549234
0.00594504
0.0062224
0.00653544
0.00686997
0.00722683
0.00760709
0.00801148
0.00844011
0.00889223
0.00936608
0.00985861
0.0103653
0.0108801
0.011395
0.0119006
0.0123864
0.0128417
0.0132573
0.013626
0.013944
0.0142099
0.0144237
0.0145855
0.0146958
0.0147574
0.0147765
0.0147606
0.0147296
0.0146959
0.0146686
0.0146539
0.0146558
0.014676
0.0147162
0.0147749
0.0148497
0.014938
0.0150372
0.0151448
0.0152583
0.0153757
0.0154951
0.0156146
0.0157328
0.0158482
0.0159596
0.0160661
0.0161667
0.0162609
0.0163482
0.0164284
0.0165017
0.0165683
0.0166289
0.0166843
0.0167355
0.0167837
0.0168301
0.0168759
0.0169222
0.0169702
0.0170207
0.0170744
0.0171316
0.0171926
0.0172575
0.0173259
0.0173976
0.017472
0.0175484
0.0176265
0.0177058
0.0177862
0.017867
0.0179472
0.0180258
0.0181018
0.0181741
0.0182415
0.0183027
0.0183566
0.0184017
0.0184367
0.0184599
0.0184698
0.0184644
0.0184419
0.0184001
0.0183369
0.0182497
0.0181359
0.0179929
0.0178176
0.0176073
0.0173589
0.0170698
0.0167376
0.0163605
0.0159377
0.0154692
0.0149352
0.0143083
0.0135906
0.0127874
0.0119055
0.0109524
0.00993954
0.00888927
0.00784201
0.00685955
0.006021
0.00541056
0.00509928
0.00512352
0.005462
0.00602342
0.00667087
0.0072794
0.00777867
0.00815279
0.00841675
0.00859498
0.0087099
0.00877827
0.00881129
0.00881653
0.00879852
0.00876014
0.00870242
0.00862331
0.00852201
0.00839647
0.00824349
0.0080588
0.00783731
0.00757338
0.0072611
0.00689458
0.00646823
0.00597691
0.00541627
0.00478334
0.004078
0.00330631
0.00248814
0.00167338
0.000966838
0.000523142
0.00043565
0.000560047
0.00062378
0.000618674
0.000594878
0.000570653
0.000550673
0.000535626
0.000524929
0.000517685
0.000513042
0.000510299
0.000508916
0.000508488
0.000508717
0.00050939
0.000510353
0.000511501
0.000512764
0.000514097
0.000515474
0.000516883
0.00051832
0.000519787
0.000521291
0.000522839
0.000524438
0.000526095
0.000527816
0.000529603
0.000531458
0.000533381
0.000535372
0.000537432
0.000539567
0.000541791
0.000544135
0.000546649
0.000549413
0.00642227
0.00672077
0.00705686
0.00741595
0.00779868
0.00820617
0.00863909
0.00909739
0.00958
0.0100846
0.0106073
0.0111421
0.0116809
0.0122133
0.0127265
0.0132066
0.0136394
0.0140132
0.014321
0.0145616
0.0147395
0.0148629
0.0149396
0.0149762
0.0149791
0.0149555
0.0149245
0.0148943
0.0148698
0.0148548
0.014853
0.0148672
0.0148993
0.0149496
0.0150178
0.0151023
0.0152002
0.0153084
0.0154241
0.0155443
0.0156666
0.0157884
0.0159078
0.0160229
0.0161323
0.0162349
0.0163299
0.016417
0.0164963
0.0165682
0.0166337
0.0166938
0.0167501
0.0168041
0.0168574
0.0169115
0.016968
0.0170279
0.0170924
0.017162
0.0172373
0.0173184
0.0174055
0.0174982
0.0175963
0.0176993
0.0178068
0.0179181
0.0180325
0.018149
0.0182669
0.0183851
0.0185024
0.0186182
0.0187318
0.0188427
0.01895
0.0190526
0.0191491
0.0192384
0.0193189
0.0193892
0.0194476
0.0194925
0.0195222
0.0195348
0.0195283
0.0195009
0.0194505
0.0193751
0.0192725
0.0191408
0.0189779
0.0187818
0.0185506
0.0182829
0.0179771
0.0176325
0.0172484
0.016825
0.0163431
0.0157751
0.0151165
0.0143624
0.0135064
0.012542
0.0114671
0.0102918
0.00904511
0.00777928
0.00656774
0.00549603
0.0046476
0.00409054
0.00387123
0.00400931
0.00447559
0.00515864
0.00588223
0.00649556
0.00693965
0.00722969
0.00740613
0.00750473
0.00754897
0.00755213
0.00752114
0.00746155
0.00737561
0.00726022
0.00711471
0.00693779
0.00672804
0.00648412
0.00620486
0.00588908
0.00553545
0.00514231
0.00470778
0.00423011
0.00370866
0.00314564
0.0025494
0.00194012
0.00135809
0.000869447
0.000553144
0.000464682
0.000577765
0.0006968
0.00071995
0.000693809
0.000655999
0.000620617
0.000591801
0.000569964
0.000554133
0.000543001
0.000535369
0.000530274
0.000526988
0.000524979
0.000523861
0.000523361
0.000523286
0.000523501
0.000523914
0.000524462
0.000525104
0.000525814
0.000526577
0.000527386
0.000528239
0.000529138
0.000530087
0.000531091
0.000532159
0.000533297
0.000534514
0.000535823
0.000537237
0.000538775
0.000540459
0.00054232
0.000544399
0.000546748
0.000549434
0.00671661
0.00703083
0.00738296
0.00775834
0.00815731
0.00858089
0.00902955
0.00950304
0.01
0.0105176
0.0110512
0.0115939
0.0121357
0.0126641
0.0131634
0.0136162
0.0140049
0.0143153
0.0145396
0.0146795
0.0147462
0.0147574
0.014731
0.0146799
0.0146182
0.0145679
0.0145367
0.0145221
0.014521
0.0145319
0.0145552
0.0145924
0.014645
0.0147138
0.0147984
0.0148972
0.0150079
0.0151276
0.0152533
0.0153822
0.0155118
0.0156399
0.0157648
0.0158853
0.0160006
0.0161105
0.016215
0.0163147
0.0164103
0.0165027
0.016593
0.0166821
0.0167711
0.0168605
0.016951
0.0170427
0.0171359
0.0172303
0.0173257
0.0174219
0.0175187
0.0176158
0.0177132
0.0178109
0.0179091
0.018008
0.0181078
0.018209
0.0183117
0.0184162
0.0185225
0.0186302
0.0187392
0.0188486
0.0189574
0.0190646
0.0191689
0.0192704
0.0193687
0.0194629
0.0195519
0.0196346
0.0197095
0.0197752
0.0198302
0.0198729
0.0199017
0.0199152
0.0199118
0.01989
0.0198484
0.0197857
0.0197004
0.0195914
0.0194574
0.0192972
0.0191094
0.0188929
0.018646
0.0183672
0.018041
0.0176413
0.0171539
0.0165614
0.0158429
0.0149779
0.0139504
0.0127569
0.0114124
0.009956
0.00845157
0.00698197
0.00563611
0.0044927
0.00360866
0.0030191
0.00274804
0.00281799
0.00322781
0.00387793
0.00454688
0.00504137
0.00532335
0.00545025
0.00548275
0.00545708
0.00539154
0.00529694
0.00517722
0.00503103
0.00486125
0.00466962
0.00445689
0.00422293
0.003967
0.00368795
0.00338463
0.00305643
0.00270402
0.00233046
0.00194281
0.00155403
0.00118464
0.000862575
0.000619082
0.000482212
0.000473893
0.000587318
0.000716205
0.000761492
0.000743639
0.00070351
0.000661714
0.000625719
0.000597332
0.000576042
0.000560554
0.000549506
0.000541745
0.000536374
0.000532723
0.000530302
0.000528759
0.00052784
0.000527365
0.000527206
0.000527274
0.000527504
0.000527853
0.000528293
0.000528804
0.000529377
0.000530006
0.00053069
0.000531434
0.000532242
0.000533122
0.000534082
0.000535135
0.000536295
0.000537577
0.000539004
0.0005406
0.000542396
0.000544433
0.000546759
0.000549436
0.00680034
0.00712456
0.00748563
0.00786927
0.00827537
0.00870462
0.00915713
0.0096323
0.0101284
0.0106422
0.0111686
0.0116997
0.0122248
0.0127295
0.0131963
0.0136048
0.013935
0.0141698
0.0143007
0.0143315
0.0142805
0.0141752
0.0140445
0.013909
0.0138029
0.0137444
0.0137281
0.0137419
0.0137751
0.0138211
0.0138772
0.0139432
0.0140203
0.0141094
0.0142108
0.0143237
0.0144466
0.0145774
0.0147143
0.0148555
0.0149992
0.0151445
0.0152904
0.0154365
0.0155828
0.0157292
0.0158759
0.016023
0.0161705
0.0163185
0.0164667
0.0166146
0.0167615
0.0169066
0.0170486
0.0171866
0.0173193
0.0174454
0.0175638
0.0176737
0.0177742
0.0178648
0.0179454
0.0180163
0.0180778
0.0181309
0.0181769
0.0182172
0.0182534
0.0182875
0.0183213
0.0183566
0.018395
0.0184377
0.0184857
0.0185396
0.0185992
0.0186626
0.018729
0.0187991
0.0188732
0.0189513
0.0190328
0.0191173
0.0192039
0.0192919
0.0193805
0.019469
0.0195565
0.0196423
0.0197255
0.019805
0.0198796
0.0199477
0.0200074
0.0200561
0.0200908
0.0201078
0.0201029
0.0200708
0.0200027
0.0198778
0.0196722
0.0193568
0.0188985
0.0182636
0.0174225
0.0163558
0.0150619
0.0135632
0.0119101
0.0101793
0.00846204
0.00684629
0.00539952
0.00416369
0.00316296
0.00241499
0.00193728
0.00175057
0.00187685
0.00228309
0.00277566
0.00311207
0.00323956
0.00323801
0.00317776
0.00308773
0.00297496
0.00284156
0.00269259
0.00253025
0.00235558
0.00216945
0.00197293
0.00176779
0.00155677
0.00134397
0.0011351
0.000937524
0.000760023
0.000612119
0.000503377
0.000443356
0.000442446
0.000508058
0.000621481
0.000719939
0.000756068
0.000741883
0.000706535
0.000667912
0.000633486
0.000605477
0.000583812
0.000567546
0.000555552
0.000546815
0.000540516
0.000536025
0.000532867
0.000530692
0.000529241
0.000528327
0.000527808
0.000527586
0.000527584
0.000527748
0.00052804
0.000528432
0.000528905
0.000529448
0.000530054
0.000530723
0.000531456
0.000532256
0.00053313
0.000534087
0.000535138
0.000536296
0.000537578
0.000539004
0.0005406
0.000542396
0.000544433
0.000546759
0.000549436
0.006656
0.00698384
0.00734674
0.00773133
0.00813696
0.00856385
0.00901154
0.00947892
0.00996376
0.0104624
0.0109692
0.0114758
0.0119709
0.0124393
0.0128623
0.0132182
0.0134848
0.0136435
0.0136849
0.0136148
0.0134573
0.0132494
0.0130293
0.012833
0.0127066
0.0126556
0.012664
0.0127116
0.0127812
0.012862
0.0129486
0.0130395
0.0131358
0.013239
0.0133509
0.0134727
0.0136049
0.0137472
0.013899
0.0140598
0.014229
0.014406
0.0145902
0.0147813
0.0149786
0.0151814
0.015389
0.0156003
0.0158143
0.0160294
0.0162441
0.0164567
0.0166653
0.0168679
0.0170625
0.0172471
0.0174197
0.0175786
0.0177219
0.0178484
0.0179567
0.0180459
0.0181153
0.0181646
0.0181939
0.0182036
0.0181947
0.0181685
0.018127
0.0180724
0.0180077
0.0179361
0.0178612
0.0177868
0.0177168
0.017655
0.0176049
0.0175695
0.01755
0.017545
0.0175541
0.0175785
0.0176201
0.0176803
0.0177607
0.0178622
0.0179861
0.0181334
0.0183048
0.0185011
0.0187227
0.0189693
0.01924
0.0195328
0.0198445
0.0201706
0.0205049
0.0208398
0.0211664
0.0214744
0.0217641
0.0220254
0.022225
0.0223228
0.022273
0.0220283
0.0215436
0.0207825
0.0197248
0.0183744
0.0167668
0.0149721
0.0130872
0.0112149
0.00943688
0.00779488
0.00629448
0.00492572
0.00368735
0.00260218
0.00171636
0.00107851
0.00070868
0.000594066
0.000713039
0.000946036
0.00107594
0.00108185
0.00104073
0.000984976
0.000922122
0.000855104
0.000785965
0.000716628
0.00064909
0.000585481
0.000528094
0.0004794
0.000442093
0.000419186
0.000414128
0.000430695
0.00047186
0.000536258
0.000612877
0.000680185
0.000717854
0.000721723
0.00070261
0.00067389
0.000644254
0.000617725
0.000595612
0.000577924
0.000564125
0.000553532
0.000545488
0.000539437
0.000534927
0.000531606
0.000529201
0.000527504
0.000526355
0.000525635
0.000525251
0.000525133
0.000525226
0.000525489
0.000525887
0.000526398
0.000527003
0.000527689
0.00052845
0.00052928
0.00053018
0.000531149
0.000532192
0.000533315
0.000534524
0.000535828
0.00053724
0.000538776
0.000540459
0.00054232
0.000544399
0.000546748
0.000549434
0.00628059
0.00660384
0.00696011
0.00733757
0.00773513
0.00815259
0.00858895
0.00904253
0.0095106
0.00998898
0.0104716
0.0109497
0.0114115
0.0118416
0.0122207
0.0125266
0.0127363
0.01283
0.0127979
0.0126466
0.0124041
0.0121147
0.0118254
0.0115932
0.0114607
0.0114237
0.0114577
0.0115355
0.0116349
0.0117415
0.0118483
0.0119533
0.0120579
0.0121653
0.012281
0.0124083
0.0125491
0.0127048
0.0128758
0.0130624
0.013264
0.0134799
0.0137092
0.0139505
0.0142024
0.0144633
0.0147313
0.0150046
0.015281
0.0155584
0.0158344
0.0161065
0.0163723
0.0166292
0.0168747
0.0171064
0.017322
0.0175194
0.0176965
0.0178516
0.0179833
0.0180902
0.0181715
0.0182265
0.0182548
0.0182565
0.018232
0.0181821
0.018108
0.0180114
0.0178942
0.017759
0.0176085
0.0174457
0.017274
0.017097
0.0169188
0.0167438
0.0165772
0.0164249
0.0162932
0.0161849
0.0161006
0.0160427
0.0160151
0.0160223
0.0160692
0.0161607
0.016302
0.016498
0.0167531
0.0170712
0.0174551
0.0179057
0.0184218
0.0189996
0.0196317
0.0203072
0.0210112
0.0217258
0.0224619
0.0232237
0.0239667
0.0246357
0.0251672
0.0254942
0.0255519
0.0252836
0.0246478
0.0236264
0.0222348
0.02053
0.0186114
0.0166058
0.0146349
0.0127808
0.0110707
0.00948696
0.00799179
0.00655027
0.00514522
0.00378716
0.00252348
0.00144496
0.000668306
0.00025307
0.000118687
0.000170567
0.000413586
0.000615517
0.00067222
0.000683906
0.000686606
0.000688159
0.000690322
0.000693429
0.000697319
0.000701516
0.000705271
0.000707611
0.000707466
0.000703924
0.00070108
0.000697742
0.000690699
0.000678328
0.000661141
0.000641231
0.000620872
0.000601747
0.000584775
0.000570283
0.000558233
0.000548398
0.000540479
0.00053417
0.000529189
0.000525296
0.000522288
0.000520004
0.000518313
0.000517117
0.000516336
0.000515908
0.000515783
0.000515919
0.000516282
0.000516842
0.000517575
0.00051846
0.00051948
0.000520623
0.000521877
0.000523237
0.000524696
0.000526251
0.000527907
0.000529654
0.000531485
0.000533395
0.000535378
0.000537434
0.000539568
0.000541792
0.000544135
0.000546649
0.000549413
0.00569109
0.00599925
0.00633814
0.00669788
0.00707726
0.00747592
0.00789261
0.00832539
0.00877125
0.00922574
0.00968252
0.0101327
0.0105645
0.0109623
0.0113067
0.0115755
0.011745
0.0117948
0.0117135
0.0115068
0.0112026
0.0108495
0.0105057
0.0102468
0.0101094
0.0100829
0.010136
0.0102353
0.0103545
0.0104768
0.0105939
0.0107041
0.0108095
0.0109174
0.0110351
0.0111667
0.0113158
0.0114845
0.0116741
0.0118849
0.0121161
0.0123664
0.0126343
0.0129177
0.0132146
0.0135226
0.0138394
0.0141625
0.0144895
0.0148176
0.0151442
0.0154666
0.0157819
0.0160874
0.0163802
0.0166578
0.0169175
0.0171571
0.0173743
0.0175673
0.0177344
0.017874
0.0179851
0.0180668
0.0181184
0.0181399
0.0181315
0.0180939
0.0180284
0.0179363
0.0178197
0.0176808
0.0175224
0.0173473
0.0171585
0.0169589
0.0167506
0.0165351
0.016312
0.0160794
0.0158338
0.015575
0.0153151
0.0150612
0.0148216
0.0146052
0.0144226
0.0142854
0.0142058
0.014197
0.014272
0.0144442
0.0147261
0.0151284
0.0156593
0.0163242
0.0171238
0.0180517
0.0190916
0.0202163
0.0214438
0.0227923
0.0241996
0.0255855
0.0268587
0.0279254
0.0286967
0.0290946
0.0290573
0.0285453
0.0275494
0.0261017
0.0242837
0.0222222
0.0200644
0.0179379
0.0159188
0.0140263
0.0122427
0.0105391
0.00889272
0.00729306
0.00574133
0.00425088
0.00285462
0.00162399
0.000689965
0.000188872
5.2749e-05
0.00011132
0.00045929
0.000721103
0.000787458
0.000790826
0.00077769
0.000760191
0.000741639
0.000723025
0.000704677
0.000686705
0.000669148
0.000652029
0.000635371
0.000619185
0.00060355
0.000588639
0.000574679
0.000561742
0.00054993
0.000539334
0.000530058
0.000522138
0.00051547
0.000509912
0.000505316
0.000501543
0.000498465
0.000495978
0.000494
0.000492466
0.000491332
0.000490566
0.000490146
0.000490054
0.000490276
0.000490799
0.000491609
0.000492692
0.000494036
0.000495629
0.000497458
0.000499517
0.000501796
0.00050429
0.000506997
0.000509947
0.000513108
0.000516465
0.000519997
0.000523675
0.000527461
0.000531305
0.000535143
0.000538903
0.000542518
0.000545948
0.000549234
0.00492697
0.00520863
0.00551807
0.00584753
0.00619587
0.00656289
0.00694746
0.00734779
0.00776104
0.008183
0.00860766
0.00902658
0.00942831
0.00979784
0.0101164
0.0103618
0.0105104
0.0105404
0.010438
0.0102045
0.00986359
0.0094639
0.00907786
0.00879617
0.00865168
0.00862966
0.00869357
0.00880552
0.00893627
0.00906738
0.00918993
0.00930237
0.00940791
0.00951751
0.00963683
0.00977124
0.00992513
0.0101015
0.010302
0.0105268
0.0107751
0.0110455
0.0113361
0.0116446
0.0119686
0.0123057
0.0126533
0.0130087
0.0133692
0.0137322
0.0140947
0.014454
0.014807
0.0151509
0.0154828
0.0157997
0.016099
0.0163782
0.0166348
0.016867
0.0170726
0.01725
0.0173976
0.0175142
0.017599
0.0176515
0.0176712
0.0176597
0.017619
0.0175503
0.0174554
0.0173366
0.0171964
0.0170377
0.0168635
0.0166767
0.01648
0.0162754
0.0160637
0.0158437
0.0156117
0.0153599
0.015078
0.0147666
0.0144262
0.014059
0.0136701
0.0132694
0.012873
0.0125039
0.0121919
0.0119792
0.0119056
0.0119973
0.0122771
0.0127666
0.0134876
0.01446
0.0156879
0.0171468
0.0188536
0.0208269
0.0229642
0.0251396
0.0272221
0.0290885
0.0306302
0.0317573
0.0323993
0.0325072
0.0320566
0.0310564
0.0295598
0.0276691
0.0255232
0.0232629
0.0209938
0.0187703
0.0166049
0.0144937
0.0124379
0.0104521
0.00855987
0.00678354
0.00513669
0.0036279
0.00227852
0.00115325
0.000380339
6.38378e-05
5.88629e-05
0.000334971
0.000566561
0.000612843
0.000609283
0.00059618
0.000581796
0.00056781
0.000554549
0.000542058
0.000530336
0.000519386
0.000509228
0.000499885
0.000491381
0.000483731
0.000476927
0.000470938
0.000465709
0.000461169
0.000457136
0.000453421
0.000450183
0.000447396
0.000444997
0.000442932
0.00044116
0.000439655
0.000438408
0.000437421
0.000436707
0.000436285
0.000436175
0.000436398
0.000436973
0.000437914
0.000439231
0.000440931
0.00044302
0.000445499
0.000448374
0.000451649
0.00045533
0.000459429
0.00046405
0.000469154
0.00047475
0.000480847
0.000487453
0.000494565
0.000502157
0.000510165
0.000518457
0.000526804
0.000534847
0.000542094
0.000548049
0.00404616
0.00429132
0.00456052
0.00484776
0.00515216
0.00547378
0.0058118
0.00616484
0.00653058
0.00690552
0.00728451
0.00766019
0.00802241
0.00835764
0.00864858
0.0088745
0.00901245
0.00904019
0.00894105
0.00871064
0.00836458
0.0079481
0.00754552
0.00725648
0.00711118
0.00709271
0.00716158
0.00727815
0.00741259
0.00754629
0.00767035
0.00778349
0.00788998
0.00800017
0.00811866
0.00825127
0.0084029
0.00857696
0.00877532
0.00899847
0.00924587
0.00951626
0.0098079
0.0101188
0.0104466
0.0107891
0.0111438
0.0115083
0.0118798
0.0122558
0.0126334
0.0130098
0.013382
0.0137471
0.014102
0.0144437
0.0147693
0.015076
0.0153612
0.0156229
0.0158587
0.0160665
0.0162436
0.0163891
0.0165031
0.0165849
0.0166346
0.0166529
0.016641
0.0166001
0.0165317
0.0164377
0.0163202
0.0161819
0.0160253
0.0158532
0.0156682
0.0154728
0.0152687
0.0150562
0.0148341
0.0145979
0.0143392
0.0140521
0.0137304
0.0133667
0.0129533
0.0124848
0.0119614
0.0113932
0.0108046
0.0102368
0.00974564
0.00939558
0.00924997
0.00936396
0.00978712
0.0105687
0.0117663
0.0134214
0.0155638
0.0181701
0.0210455
0.0239857
0.0268123
0.0293793
0.0315754
0.0333174
0.034543
0.0352133
0.035307
0.0348212
0.0337838
0.0322624
0.0303754
0.0282454
0.0259748
0.0236208
0.0212018
0.018723
0.0162028
0.0136886
0.0112544
0.00898192
0.00693417
0.0051371
0.00358338
0.00226084
0.00116507
0.000363176
4.82652e-05
6.71653e-05
0.000299159
0.000389295
0.000395972
0.000390701
0.000384707
0.000379449
0.000375028
0.000371354
0.000368321
0.000365826
0.000363781
0.000362107
0.000360734
0.000359598
0.000358644
0.000357822
0.000357085
0.000356388
0.00035569
0.000354955
0.000353926
0.000352888
0.000351903
0.000350971
0.000350098
0.000349302
0.000348614
0.000348072
0.000347721
0.000347609
0.000347786
0.000348297
0.000349184
0.000350483
0.000352225
0.000354436
0.00035714
0.000360357
0.00036411
0.000368422
0.000373323
0.00037901
0.000385437
0.000392642
0.000400686
0.00040965
0.000419639
0.000430786
0.000443239
0.000457151
0.000472632
0.000489646
0.000507806
0.000525994
0.00054195
0.00311699
0.00331881
0.00354025
0.00377664
0.00402738
0.00429272
0.00457214
0.00486469
0.00516868
0.00548144
0.00579897
0.00611542
0.00642255
0.00670914
0.00696059
0.00715895
0.00728377
0.00731427
0.00723309
0.00703168
0.00671787
0.00632946
0.00595269
0.00568555
0.0055547
0.00554285
0.00561161
0.00572382
0.00585215
0.00597968
0.00609826
0.00620666
0.00631074
0.00641673
0.00652886
0.00665266
0.00679289
0.00695301
0.00713502
0.00733973
0.007567
0.00781602
0.00808554
0.008374
0.00867967
0.00900066
0.00933496
0.00968043
0.0100348
0.0103957
0.0107607
0.0111269
0.0114918
0.0118523
0.0122054
0.0125481
0.012877
0.013189
0.0134811
0.0137514
0.0139976
0.0142172
0.0144087
0.014571
0.0147033
0.0148051
0.0148762
0.0149169
0.0149275
0.014909
0.0148624
0.014789
0.0146905
0.014569
0.0144266
0.0142655
0.0140882
0.0138969
0.0136936
0.01348
0.0132564
0.0130219
0.012773
0.0125085
0.0122237
0.0119115
0.0115617
0.0111614
0.0106965
0.0101545
0.00953144
0.00884141
0.00812776
0.00746945
0.00697142
0.00673491
0.00682862
0.00730501
0.0082829
0.00997428
0.012534
0.0157766
0.0193461
0.0229413
0.0263454
0.0294123
0.032046
0.0341847
0.0357932
0.036857
0.0373764
0.03733
0.0367361
0.0356487
0.0341356
0.0323076
0.0302631
0.0280334
0.0256145
0.0229895
0.020158
0.0171639
0.0141095
0.0111468
0.00844195
0.00612249
0.00423514
0.00275339
0.00160503
0.000659173
0.000123991
2.072e-05
0.000131007
0.000212313
0.000217892
0.000216759
0.000215944
0.000215835
0.000216319
0.000217266
0.000218562
0.000220105
0.00022181
0.0002236
0.00022541
0.000227182
0.000228862
0.000230403
0.000231765
0.000232909
0.000233805
0.00023443
0.000234767
0.000234698
0.000234546
0.000234334
0.000234081
0.00023382
0.000233591
0.00023344
0.000233421
0.000233586
0.000233993
0.000234692
0.000235733
0.000237161
0.000239018
0.000241342
0.000244166
0.000247526
0.000251458
0.000256006
0.000261428
0.000267728
0.00027493
0.000283102
0.000292337
0.000302768
0.000314579
0.000328035
0.000343517
0.000361564
0.000382929
0.000408608
0.000439731
0.000476896
0.000517956
0.00221032
0.00236542
0.00253552
0.00271685
0.00290905
0.00311243
0.00332667
0.00355113
0.00378464
0.00402532
0.00427027
0.00451521
0.00475402
0.00497825
0.00517669
0.00533535
0.00543795
0.00546746
0.00540885
0.00525312
0.00500326
0.00468702
0.00437946
0.00416428
0.0040627
0.0040595
0.00412209
0.00421995
0.00433114
0.00444206
0.00454599
0.0046418
0.0047359
0.0048305
0.00492928
0.00503678
0.00515701
0.00529298
0.00544659
0.00561878
0.00580975
0.00601915
0.00624627
0.00649013
0.00674959
0.00702335
0.00730998
0.00760792
0.00791545
0.0082307
0.00855165
0.00887609
0.00920167
0.00952585
0.00984588
0.0101587
0.010461
0.0107489
0.0110184
0.0112685
0.0114987
0.0117065
0.0118903
0.0120489
0.0121812
0.0122865
0.0123643
0.0124144
0.0124368
0.012432
0.0124004
0.0123429
0.0122609
0.0121556
0.0120288
0.0118822
0.011718
0.011538
0.0113443
0.0111385
0.0109219
0.0106945
0.0104594
0.010217
0.00996664
0.00970574
0.00942943
0.00912958
0.00879371
0.00840442
0.00794044
0.00738231
0.00672696
0.00601257
0.00534107
0.0048631
0.00470421
0.00490773
0.00555044
0.00707808
0.0100797
0.0139777
0.0182055
0.0223617
0.0262044
0.0296028
0.032491
0.0348389
0.0366381
0.0378961
0.0386276
0.038844
0.0385682
0.0378421
0.0367293
0.0352817
0.0335578
0.0315921
0.0293563
0.0268047
0.0239004
0.0206459
0.0171146
0.0134707
0.00996301
0.00687214
0.00441396
0.00265556
0.00156249
0.000654085
0.000126267
1.57301e-05
8.20458e-05
0.000112544
0.000112774
0.000112303
0.000112379
0.000112922
0.000113825
0.000115003
0.000116385
0.000117913
0.000119536
0.000121208
0.000122887
0.000124532
0.000126105
0.000127568
0.000128885
0.000130022
0.00013095
0.000131645
0.000132092
0.000132246
0.000132276
0.000132243
0.000132161
0.000132049
0.000131933
0.000131839
0.0001318
0.000131848
0.000132018
0.000132343
0.000132859
0.000133601
0.000134605
0.000135907
0.000137547
0.000139564
0.000142002
0.000145027
0.00014882
0.000153422
0.000158923
0.000165438
0.000173094
0.000182053
0.000192512
0.000204744
0.000219151
0.000236381
0.000257532
0.000284521
0.000320754
0.000372205
0.000448375
0.00139361
0.00150144
0.00162008
0.00174623
0.00187972
0.00202086
0.00216941
0.00232492
0.0024866
0.00265317
0.0028227
0.00299232
0.0031579
0.00331374
0.00345221
0.00356371
0.00363695
0.00366002
0.00362233
0.0035174
0.00334671
0.00312738
0.00291508
0.00276877
0.00270321
0.00270709
0.00275704
0.00283186
0.00291656
0.00300181
0.00308277
0.00315851
0.0032343
0.00331043
0.0033894
0.00347433
0.00356804
0.00367271
0.00378981
0.00392018
0.00406417
0.00422174
0.00439258
0.0045762
0.004772
0.00497922
0.00519703
0.00542444
0.00566038
0.00590359
0.0061527
0.00640615
0.00666224
0.00691908
0.00717458
0.0074263
0.00767114
0.00790475
0.00812103
0.00832193
0.00850801
0.00867735
0.0088284
0.00896004
0.00907125
0.00916123
0.00922934
0.00927517
0.00929852
0.00929939
0.00927805
0.009235
0.00917101
0.00908706
0.00898435
0.00886427
0.00872836
0.00857824
0.00841555
0.00824173
0.00805769
0.00786329
0.00766453
0.00746271
0.00725893
0.00705384
0.00684729
0.00663774
0.00642132
0.00619011
0.00592964
0.00561623
0.00521797
0.00470941
0.00411287
0.00354982
0.00321026
0.00319585
0.00349442
0.004599
0.00821282
0.0128243
0.017667
0.0222747
0.0264164
0.0300004
0.0330041
0.0354318
0.0373003
0.0386347
0.0394599
0.0398162
0.0397435
0.0392771
0.038465
0.0373502
0.0359388
0.0342516
0.0322486
0.0298675
0.0270427
0.0237329
0.0199548
0.0158229
0.0115848
0.00762328
0.0043815
0.00217774
0.00123757
0.00045446
6.67484e-05
1.80491e-05
6.6971e-05
7.13505e-05
7.12867e-05
7.12379e-05
7.14118e-05
7.18317e-05
7.24304e-05
7.31574e-05
7.39752e-05
7.48546e-05
7.57709e-05
7.67021e-05
7.76273e-05
7.85264e-05
7.93792e-05
8.01663e-05
8.08692e-05
8.1471e-05
8.19574e-05
8.23172e-05
8.25436e-05
8.26338e-05
8.26241e-05
8.2586e-05
8.25201e-05
8.24269e-05
8.2307e-05
8.21611e-05
8.19897e-05
8.17932e-05
8.15721e-05
8.13273e-05
8.10613e-05
8.07789e-05
8.04883e-05
8.02027e-05
7.99407e-05
7.97283e-05
7.95989e-05
7.96562e-05
7.99984e-05
8.06981e-05
8.18556e-05
8.36018e-05
8.61029e-05
8.95678e-05
9.42538e-05
0.000100475
0.000108622
0.000119227
0.000133139
0.000151977
0.000179251
0.000223395
0.000309453
0.000728354
0.000790889
0.000860242
0.000934214
0.00101247
0.00109532
0.00118255
0.00127384
0.00136867
0.00146625
0.00156541
0.00166446
0.00176101
0.00185176
0.00193234
0.00199725
0.00204003
0.0020539
0.002033
0.00197416
0.00187896
0.0017559
0.00163903
0.00156025
0.0015276
0.00153419
0.00156674
0.00161364
0.00166684
0.00172131
0.0017742
0.00182458
0.00187606
0.00192828
0.00198249
0.00204033
0.00210329
0.00217259
0.00224909
0.00233334
0.00242563
0.00252602
0.00263445
0.00275074
0.00287463
0.00300579
0.00314382
0.00328825
0.00343851
0.00359396
0.00375385
0.0039173
0.00408335
0.0042509
0.00441871
0.00458531
0.00474866
0.00490504
0.00504531
0.00517512
0.00529491
0.00540427
0.0055022
0.00558794
0.0056608
0.00572014
0.00576547
0.00579641
0.00581272
0.00581431
0.00580126
0.0057738
0.00573237
0.00567755
0.0056101
0.00553088
0.00544093
0.00534133
0.0052332
0.00511748
0.00499428
0.00486159
0.0047258
0.00458842
0.00445099
0.00431504
0.00418204
0.0040533
0.00392974
0.00381149
0.00369664
0.00357868
0.00344108
0.0032503
0.00295937
0.0025582
0.00216861
0.00199105
0.00203147
0.00262994
0.00690767
0.0121948
0.0175554
0.0224921
0.0268135
0.0304816
0.0335186
0.0359592
0.0378379
0.0391901
0.0400545
0.0404866
0.0405377
0.0402483
0.039652
0.0387781
0.037621
0.0361643
0.0343669
0.0321591
0.0294598
0.026198
0.0223414
0.0179379
0.0131737
0.00843602
0.00434093
0.0015748
0.000839483
0.000235235
2.53589e-05
3.64225e-05
5.63429e-05
5.72202e-05
5.75765e-05
5.78354e-05
5.79916e-05
5.82466e-05
5.85956e-05
5.90162e-05
5.94936e-05
6.00175e-05
6.05786e-05
6.11674e-05
6.17736e-05
6.23856e-05
6.29907e-05
6.3575e-05
6.41245e-05
6.46247e-05
6.50625e-05
6.54258e-05
6.57049e-05
6.58926e-05
6.59861e-05
6.60796e-05
6.61778e-05
6.62734e-05
6.63576e-05
6.64202e-05
6.64496e-05
6.64328e-05
6.63554e-05
6.62024e-05
6.5958e-05
6.56068e-05
6.51339e-05
6.45254e-05
6.37694e-05
6.28559e-05
6.17783e-05
6.05456e-05
5.92219e-05
5.78085e-05
5.63163e-05
5.47735e-05
5.3234e-05
5.17902e-05
5.05888e-05
4.98494e-05
4.98834e-05
5.11202e-05
5.41721e-05
6.00493e-05
7.08366e-05
9.19077e-05
0.000143291
0.000271266
0.000294194
0.000320094
0.000348374
0.000378472
0.000410683
0.000444881
0.000480892
0.000518454
0.000557194
0.000596591
0.000635917
0.000674171
0.000710008
0.000741667
0.000766953
0.000783316
0.000788107
0.000779117
0.00075544
0.00071844
0.000671528
0.000628705
0.000601322
0.000591472
0.000596073
0.000610256
0.000630005
0.000652632
0.000676431
0.000700316
0.000723521
0.000747743
0.000772715
0.000798805
0.00082651
0.000856312
0.00088861
0.000923706
0.000961801
0.00100301
0.00104738
0.0010949
0.00114554
0.00119921
0.00125581
0.00131522
0.00137727
0.00144177
0.0015085
0.00157718
0.0016475
0.00171911
0.00179161
0.00186456
0.00193744
0.00200954
0.00207921
0.00213831
0.00219082
0.00223839
0.00228168
0.00232037
0.00235423
0.00238299
0.00240642
0.00242432
0.00243655
0.00244301
0.00244366
0.00243851
0.00242766
0.00241128
0.00238958
0.00236287
0.00233149
0.00229586
0.00225641
0.00221362
0.00216784
0.00211835
0.00206196
0.00200345
0.00194401
0.00188472
0.00182659
0.00177062
0.00171788
0.00166951
0.00162688
0.00159167
0.00156597
0.00155204
0.00154993
0.00154795
0.00149564
0.00132222
0.00111966
0.00101933
0.00138885
0.00605696
0.0119035
0.0176618
0.0228164
0.0272321
0.0309267
0.0339603
0.0363892
0.0382588
0.0396102
0.0404915
0.0409672
0.0410964
0.040924
0.0404786
0.0397747
0.0388011
0.0375138
0.0358732
0.0338052
0.0312211
0.0280335
0.0241787
0.0196517
0.0145651
0.00924438
0.00437683
0.0010633
0.000483434
8.53437e-05
1.67808e-05
4.46914e-05
4.8383e-05
4.91015e-05
4.93702e-05
4.92986e-05
4.8986e-05
4.87091e-05
4.85284e-05
4.84224e-05
4.83786e-05
4.83888e-05
4.84466e-05
4.85462e-05
4.86816e-05
4.88463e-05
4.90334e-05
4.92352e-05
4.94433e-05
4.96489e-05
4.98436e-05
5.00187e-05
5.01665e-05
5.02805e-05
5.03555e-05
5.0396e-05
5.04762e-05
5.05896e-05
5.07278e-05
5.08815e-05
5.10409e-05
5.11955e-05
5.13346e-05
5.14472e-05
5.15224e-05
5.15495e-05
5.15179e-05
5.14166e-05
5.12345e-05
5.09587e-05
5.05736e-05
5.00592e-05
4.94324e-05
4.86914e-05
4.77908e-05
4.66735e-05
4.52676e-05
4.34901e-05
4.12622e-05
3.85425e-05
3.53844e-05
3.20051e-05
2.88365e-05
2.65326e-05
2.60331e-05
2.91792e-05
4.27104e-05
5.1695e-05
5.29874e-05
5.44284e-05
5.59572e-05
5.75714e-05
5.92606e-05
6.10098e-05
6.27994e-05
6.46036e-05
6.63884e-05
6.81089e-05
6.97061e-05
7.11039e-05
7.22064e-05
7.28965e-05
7.30394e-05
7.24942e-05
7.11396e-05
6.89256e-05
6.59617e-05
6.26394e-05
5.97715e-05
5.82455e-05
5.81485e-05
5.91574e-05
6.0808e-05
6.27304e-05
6.4704e-05
6.6622e-05
6.84509e-05
7.02108e-05
7.19788e-05
7.37646e-05
7.55961e-05
7.75255e-05
7.95992e-05
8.1853e-05
8.43104e-05
8.69837e-05
8.98756e-05
9.29822e-05
9.62947e-05
9.98012e-05
0.000103488
0.000107342
0.000111346
0.000115484
0.000119741
0.000124098
0.000128535
0.000133033
0.00013757
0.000142124
0.000146671
0.000151188
0.00015565
0.000160034
0.000164406
0.000169398
0.000174256
0.000178889
0.00018323
0.000187262
0.000190969
0.000194333
0.000197334
0.000199958
0.000202191
0.000204022
0.000205445
0.000206456
0.000207054
0.000207241
0.000207023
0.000206409
0.000205409
0.000204037
0.000202307
0.000200238
0.000197846
0.000195208
0.000192571
0.000189866
0.00018707
0.00018418
0.00018121
0.00017818
0.000175119
0.000172065
0.000169072
0.000166217
0.000163626
0.000161509
0.00016022
0.000160298
0.000163179
0.000171435
0.000185345
0.00028142
0.000768393
0.00552396
0.0118082
0.0178433
0.0231262
0.0275831
0.0312777
0.0342968
0.0367102
0.0385695
0.0399184
0.0408105
0.0413151
0.0414964
0.0414023
0.0410592
0.0404727
0.0396223
0.0384552
0.0369262
0.0349598
0.0324639
0.0293423
0.0255141
0.0209402
0.0156774
0.00997336
0.00448822
0.000717855
0.000189176
5.62046e-05
2.3537e-05
2.15308e-05
2.14722e-05
2.14698e-05
2.14984e-05
2.1563e-05
2.16571e-05
2.1767e-05
2.18839e-05
2.20036e-05
2.21228e-05
2.22387e-05
2.2349e-05
2.24519e-05
2.25454e-05
2.26282e-05
2.26987e-05
2.2756e-05
2.27991e-05
2.28272e-05
2.284e-05
2.28374e-05
2.28194e-05
2.27867e-05
2.27402e-05
2.26798e-05
2.26097e-05
2.25319e-05
2.24485e-05
2.23617e-05
2.22739e-05
2.21873e-05
2.21042e-05
2.20268e-05
2.19567e-05
2.18957e-05
2.18447e-05
2.18047e-05
2.17758e-05
2.17579e-05
2.17507e-05
2.17534e-05
2.17654e-05
2.17854e-05
2.18125e-05
2.18467e-05
2.18898e-05
2.1947e-05
2.20291e-05
2.21556e-05
2.23558e-05
2.26662e-05
2.31178e-05
2.37046e-05
2.43128e-05
2.45255e-05
2.30393e-05
4.159e-05
4.51799e-05
4.62035e-05
4.61748e-05
4.57508e-05
4.52175e-05
4.46965e-05
4.42361e-05
4.38524e-05
4.35485e-05
4.33237e-05
4.31764e-05
4.30894e-05
4.30723e-05
4.31317e-05
4.32728e-05
4.34991e-05
4.38133e-05
4.42216e-05
4.47309e-05
4.5629e-05
5.86105e-05
0.00010621
0.000165992
0.000221984
0.000270415
0.00031137
0.000345777
0.000374591
0.000398635
0.000418595
0.000435043
0.000448459
0.000459247
0.00046774
0.000474208
0.000478859
0.000481935
0.000485508
0.000109463
7.16533e-05
5.8113e-05
5.24209e-05
5.02656e-05
4.9962e-05
5.07049e-05
5.20505e-05
5.37325e-05
5.55872e-05
5.75242e-05
5.94893e-05
6.11856e-05
6.25472e-05
6.35293e-05
6.41188e-05
6.43519e-05
6.43379e-05
6.42718e-05
6.60891e-05
0.000131575
0.000674015
0.00163766
0.00251376
0.00319706
0.00372703
0.00414291
0.00447014
0.00472548
0.00492107
0.00506651
0.00516977
0.00523765
0.00527601
0.00528993
0.00528402
0.00526287
0.00523209
0.00522381
0.000307739
0.000201194
0.000156411
0.000132089
0.000117278
0.000107651
0.00010117
9.67561e-05
9.37926e-05
9.19087e-05
9.08926e-05
9.06354e-05
9.07065e-05
9.1081e-05
9.17733e-05
9.28613e-05
9.45279e-05
9.71141e-05
0.000101428
0.000120603
0.000370232
0.00155689
0.00355156
0.00556456
0.00724786
0.00858013
0.00961855
0.0104201
0.0110296
0.0114817
0.0118038
0.0120185
0.0121443
0.0121969
0.0121894
0.0121336
0.0120415
0.0119302
0.0118243
0.000572979
0.000409167
0.000330381
0.000283997
0.000253456
0.000231798
0.000215655
0.000203243
0.000193567
0.000186068
0.000180481
0.000176596
0.000173894
0.000172454
0.000172476
0.000174325
0.000178647
0.000186497
0.000199318
0.000218276
0.000727087
0.0025646
0.00530905
0.0081307
0.0106137
0.0126622
0.0143023
0.0155898
0.0165805
0.0173236
0.0178609
0.0182276
0.0184532
0.0185626
0.0185767
0.0185135
0.0183901
0.0182252
0.0180337
0.000800148
0.000630827
0.000532681
0.000469869
0.000426528
0.00039487
0.000370758
0.000351865
0.000336846
0.000324936
0.000315919
0.000309086
0.000304287
0.000301684
0.000301683
0.000305058
0.000313167
0.000327681
0.000328918
0.000306018
0.00125668
0.00375893
0.0070997
0.0104758
0.0134987
0.0160523
0.0181404
0.0198083
0.0211119
0.0221057
0.0228391
0.0233553
0.0236913
0.0238786
0.0239436
0.0239087
0.0237936
0.0236166
0.0233888
0.000947576
0.000813968
0.000719114
0.000651619
0.000602122
0.000564625
0.000535432
0.000512249
0.000493651
0.000478788
0.000467321
0.00045851
0.000452337
0.000449047
0.00044925
0.000454149
0.000465773
0.00048246
0.000394313
0.000455164
0.00198036
0.00513727
0.00898782
0.0127769
0.0161673
0.0190552
0.0214403
0.0233644
0.0248827
0.0260525
0.0269273
0.0275554
0.0279787
0.0282329
0.0283482
0.0283496
0.0282584
0.028092
0.0278621
0.00102896
0.000940876
0.000865168
0.000804657
0.000756883
0.000718903
0.000688368
0.000663583
0.00064339
0.000627096
0.000614187
0.000604185
0.000597114
0.000593304
0.000593556
0.000599473
0.000613276
0.00061645
0.00037683
0.000712546
0.00289079
0.00667314
0.0109716
0.0150898
0.0187433
0.0218513
0.0244217
0.0264996
0.0281433
0.0294133
0.0303673
0.0310573
0.0315289
0.0318212
0.0319669
0.0319932
0.0319232
0.0317693
0.0315495
0.00106935
0.00101786
0.00096559
0.000918728
0.000878663
0.000844973
0.000816775
0.000793202
0.000773567
0.000757486
0.000744368
0.000734064
0.000726663
0.000722582
0.000722795
0.00072921
0.000742945
0.000700524
0.000353533
0.0010948
0.0039617
0.00832534
0.0130176
0.0174059
0.0212538
0.0245058
0.0271831
0.0293386
0.0310366
0.0323429
0.0333196
0.0340229
0.034502
0.0347986
0.0349476
0.0349777
0.034912
0.0347652
0.0345555
0.00108789
0.00105986
0.00102739
0.000995092
0.000965219
0.00093857
0.000915245
0.000895064
0.0008778
0.000863288
0.000851203
0.000841535
0.000834462
0.000830488
0.000830727
0.000837242
0.000847545
0.000715777
0.000376406
0.00159829
0.00514983
0.0100394
0.0150733
0.0196824
0.023673
0.0270138
0.0297409
0.0319171
0.0336148
0.0349062
0.035859
0.0365341
0.0369843
0.0372544
0.0373812
0.0373952
0.0373165
0.0371653
0.036959
0.00109589
0.00108087
0.00106196
0.00104151
0.00102122
0.00100206
0.000984511
0.000968765
0.000954917
0.000942897
0.000932675
0.000924337
0.000918135
0.000914631
0.000915024
0.000921315
0.000923815
0.000668869
0.000453486
0.00219906
0.00639692
0.0117486
0.0170719
0.021857
0.0259476
0.0293344
0.0320677
0.0342216
0.035877
0.0371138
0.0380063
0.0386204
0.0390128
0.0392315
0.0393153
0.0392936
0.0391897
0.0390246
0.0388143
0.00109916
0.00109065
0.00107977
0.0010674
0.00105445
0.00104161
0.00102935
0.00101796
0.00100763
0.000998397
0.000990364
0.000983682
0.000978637
0.000975819
0.000976439
0.000982186
0.000972099
0.000590132
0.000577141
0.00285482
0.00763278
0.0133767
0.0189371
0.0238571
0.0280116
0.0314105
0.0341177
0.0362178
0.0378008
0.0389548
0.0397608
0.0402908
0.0406056
0.040756
0.0407806
0.040711
0.0405734
0.0403872
0.0401662
0.00110045
0.00109494
0.00108832
0.00108077
0.00107266
0.00106435
0.00105614
0.00104828
0.00104093
0.00103419
0.00102818
0.00102308
0.00101918
0.00101705
0.00101784
0.00102269
0.000995731
0.000512092
0.000731561
0.00350949
0.00878004
0.0148424
0.0205886
0.025606
0.0297953
0.0331824
0.0358428
0.0378701
0.0393629
0.0404179
0.0411226
0.0415569
0.0417845
0.0418569
0.0418165
0.0416967
0.041522
0.0413098
0.041071
0.00110094
0.00109672
0.00109216
0.00108718
0.00108187
0.00107637
0.00107083
0.0010654
0.00106018
0.00105529
0.00105082
0.00104694
0.00104392
0.00104226
0.00104303
0.00104658
0.00100041
0.00045311
0.000893014
0.00410001
0.00976055
0.0160656
0.0219479
0.02703
0.031233
0.0345951
0.0372014
0.0391522
0.040549
0.0415031
0.0421099
0.0424505
0.0425936
0.0425938
0.0424937
0.0423253
0.0421113
0.0418671
0.041601
0.00110111
0.0010974
0.00109373
0.00108995
0.00108602
0.00108198
0.00107789
0.00107381
0.00106982
0.001066
0.00106243
0.00105923
0.00105664
0.00105509
0.0010555
0.00105746
0.000993383
0.000416198
0.00103299
0.00456489
0.010503
0.0169744
0.0229454
0.0280645
0.0322676
0.0356024
0.0381603
0.0400329
0.0413476
0.0422194
0.0427477
0.0430166
0.043095
0.0430376
0.0428862
0.0426717
0.0424155
0.0421309
0.0418245
0.00110115
0.00109757
0.00109414
0.0010907
0.00108719
0.00108359
0.00107993
0.00107627
0.00107264
0.00106911
0.00106573
0.0010626
0.00105991
0.001058
0.00105764
0.00105782
0.000981634
0.000396577
0.00112423
0.004853
0.0109508
0.0175124
0.0235269
0.0286579
0.0328496
0.0361591
0.0386757
0.0405027
0.0417706
0.0425959
0.0430791
0.0433046
0.0433408
0.0432417
0.0430482
0.0427901
0.0424877
0.0421531
0.0417916
0.00110111
0.0010974
0.00109372
0.00108994
0.00108601
0.00108196
0.00107782
0.00107368
0.00106957
0.00106554
0.00106163
0.00105792
0.00105453
0.00105175
0.00105017
0.00104853
0.000969548
0.000389073
0.00114748
0.00493111
0.0110683
0.0176441
0.0236577
0.0287804
0.0329603
0.0362541
0.0387602
0.0405785
0.0418375
0.0426527
0.0431237
0.0433336
0.0433498
0.043225
0.042999
0.0427006
0.0423492
0.0419563
0.0415268
0.00110094
0.00109672
0.00109215
0.00108718
0.00108185
0.00107632
0.0010707
0.00106511
0.00105962
0.00105427
0.0010491
0.00104413
0.00103945
0.00103527
0.00103205
0.00102864
0.00095695
0.000392044
0.00109656
0.00478861
0.0108486
0.0173703
0.0233474
0.0284483
0.0326182
0.035911
0.0384232
0.0402667
0.0415495
0.0423859
0.042873
0.0430916
0.0431072
0.0429713
0.0427225
0.0423887
0.0419889
0.0415341
0.0410292
0.00110045
0.00109494
0.00108831
0.00108076
0.00107262
0.00106425
0.00105591
0.00104779
0.00103997
0.00103248
0.00102532
0.00101846
0.00101196
0.00100593
0.00100073
0.000995611
0.000938553
0.000407748
0.000981168
0.00444834
0.0103241
0.0167266
0.0226313
0.0276945
0.0318532
0.0351548
0.0376906
0.0395678
0.0408944
0.0417738
0.0422976
0.0425426
0.0425725
0.0424374
0.0421749
0.0418123
0.0413678
0.0408525
0.040271
0.00109916
0.00109065
0.00107976
0.00106738
0.00105439
0.00104146
0.001029
0.00101722
0.00100618
0.000995838
0.000986115
0.000976925
0.000968228
0.000960088
0.000952778
0.000946003
0.000905796
0.000439822
0.000824481
0.00395597
0.00954535
0.0157646
0.0215589
0.0265628
0.0307004
0.0340093
0.0365727
0.0384904
0.0398645
0.0407913
0.0413572
0.0416358
0.0416877
0.0415607
0.0412913
0.0409058
0.0404217
0.0398495
0.0391934
0.00109589
0.00108086
0.00106195
0.00104148
0.00102113
0.00100184
0.00098401
0.000967737
0.000952921
0.000939376
0.000926881
0.000915238
0.000904314
0.000894107
0.000884821
0.000876541
0.00085063
0.000485456
0.000658375
0.00336497
0.00857353
0.014546
0.0201873
0.0251022
0.0291973
0.0324982
0.0350782
0.0370283
0.038443
0.0394121
0.0400168
0.040327
0.0404004
0.0402831
0.0400101
0.0396067
0.0390896
0.0384682
0.0377456
0.00108789
0.00105985
0.00102738
0.000995043
0.000965088
0.000938263
0.000914579
0.00089373
0.00087529
0.00085881
0.000843876
0.000830142
0.000817374
0.000805502
0.00079469
0.000785251
0.000769073
0.000529575
0.000506055
0.00273039
0.00747367
0.0131357
0.0185762
0.0233622
0.0273801
0.0306424
0.033212
0.0351711
0.0366064
0.0376012
0.0382314
0.0385631
0.0386513
0.0385399
0.0382625
0.0378432
0.0372975
0.0366334
0.0358522
0.00106935
0.00101785
0.000965566
0.000918661
0.000878494
0.000844588
0.00081596
0.0007916
0.000770602
0.000752196
0.000735748
0.000720767
0.000706932
0.000694122
0.000682484
0.000672445
0.000661688
0.000540709
0.000385717
0.00210416
0.00630949
0.0115973
0.016782
0.0213866
0.0252765
0.0284519
0.0309669
0.0328955
0.0343171
0.0353087
0.035941
0.0362757
0.036365
0.0362503
0.0359635
0.035527
0.0349546
0.0342524
0.0334195
0.00102896
0.000940866
0.000865137
0.000804575
0.000756684
0.000718461
0.000687452
0.000661807
0.000640141
0.000621404
0.0006048
0.000589744
0.000575869
0.000563043
0.000551425
0.000541492
0.000533332
0.000490116
0.000307062
0.00153045
0.00513918
0.0099873
0.0148506
0.0192042
0.0228943
0.0259135
0.0283098
0.030151
0.0315101
0.0324579
0.0330595
0.033372
0.0334438
0.0333134
0.0330102
0.0325542
0.0319563
0.0312189
0.0303459
0.000947574
0.000813956
0.000719078
0.00065153
0.000601911
0.000564167
0.000534497
0.000510453
0.000490386
0.000473139
0.000457883
0.000444037
0.000431255
0.000419442
0.000408787
0.000399786
0.000393151
0.00038224
0.00026638
0.00104234
0.0040127
0.00835081
0.0128085
0.016814
0.0202035
0.0229702
0.0251614
0.026841
0.028076
0.0289304
0.029463
0.0297254
0.029761
0.0296045
0.0292819
0.0288098
0.0281954
0.027436
0.0265401
0.000800144
0.000630814
0.000532646
0.000469784
0.000426335
0.000394454
0.000369917
0.000350261
0.000333945
0.000319944
0.000307556
0.000296311
0.000285952
0.000276438
0.000267972
0.000260988
0.000256141
0.000253327
0.000228648
0.000659709
0.00297033
0.00671572
0.0106486
0.0141653
0.0171138
0.0195014
0.0213799
0.0228101
0.0238521
0.0245616
0.0249892
0.0251788
0.0251677
0.0249853
0.0246529
0.0241827
0.0235763
0.0228239
0.0219407
0.000572976
0.000409157
0.000330354
0.000283934
0.000253314
0.000231496
0.000215052
0.000202108
0.000191544
0.000182641
0.000174921
0.000168074
0.000161933
0.000156473
0.000151807
0.000148167
0.000145903
0.000145128
0.000150849
0.000385989
0.00204126
0.00508285
0.00830884
0.0111358
0.0134618
0.0153211
0.0167702
0.0178635
0.01865
0.0191738
0.0194742
0.0195851
0.0195355
0.019348
0.0190382
0.0186123
0.0180639
0.0173737
0.0165675
0.000307737
0.000201187
0.000156397
0.000132058
0.000117211
0.000107513
0.000100903
9.62703e-05
9.29523e-05
9.05264e-05
8.87116e-05
8.73235e-05
8.62532e-05
8.54564e-05
8.49467e-05
8.47846e-05
8.5087e-05
8.57952e-05
8.84058e-05
0.00019939
0.00123734
0.00340629
0.00565372
0.00754222
0.00905793
0.0102554
0.011183
0.0118792
0.0123759
0.0127009
0.012879
0.0129319
0.0128782
0.0127326
0.0125045
0.0121933
0.0117755
0.0112415
0.0106126
0.000109462
7.1652e-05
5.81104e-05
5.24151e-05
5.02527e-05
4.99347e-05
5.06496e-05
5.19432e-05
5.35342e-05
5.52385e-05
5.69361e-05
5.85533e-05
6.00544e-05
6.14376e-05
6.27349e-05
6.40071e-05
6.53643e-05
6.66685e-05
6.78231e-05
9.17301e-05
0.00054218
0.00158573
0.00257574
0.0033753
0.00401429
0.00452322
0.00492242
0.00522672
0.00544833
0.00559808
0.00568577
0.00572019
0.00570899
0.00565846
0.00557279
0.00545023
0.00525838
0.00498899
0.00466406
4.159e-05
4.51797e-05
4.6203e-05
4.61733e-05
4.5747e-05
4.52085e-05
4.46769e-05
4.41963e-05
4.37767e-05
4.34126e-05
4.30929e-05
4.28047e-05
4.25369e-05
4.22824e-05
4.20399e-05
4.18157e-05
4.16225e-05
4.14671e-05
4.13707e-05
4.1436e-05
5.23303e-05
0.000112305
0.000187996
0.000257262
0.00031609
0.000365077
0.000405512
0.000438576
0.000465258
0.000486389
0.000502675
0.000514717
0.000523004
0.000527913
0.000529681
0.000528353
0.000524586
0.000519341
0.000512322
)
;

boundaryField
{
    frontandback
    {
        type            empty;
    }
    in1
    {
        type            calculated;
        value           uniform 0.00055244;
    }
    in2
    {
        type            calculated;
        value           uniform 0.00110488;
    }
    out
    {
        type            calculated;
        value           nonuniform List<scalar> 
24
(
5.6274e-05
0.000261128
0.000701678
0.00134292
0.00211016
0.00293918
0.00377829
0.00458472
0.00531977
0.00594504
0.00642227
0.00671661
0.00680034
0.006656
0.00628059
0.00569109
0.00492697
0.00404616
0.00311699
0.00221032
0.00139361
0.000728354
0.000271266
5.1695e-05
)
;
    }
    walls
    {
        type            alphatJayatillekeWallFunction;
        Prt             0.85;
        value           nonuniform List<scalar> 
423
(
2.27713e-06
2.34774e-06
2.42638e-06
2.51421e-06
2.61135e-06
2.71847e-06
2.83599e-06
2.96424e-06
3.10336e-06
3.2534e-06
3.41423e-06
3.5856e-06
3.76699e-06
3.95752e-06
4.15575e-06
4.35948e-06
4.56568e-06
4.77043e-06
4.96919e-06
5.15715e-06
5.32977e-06
5.48339e-06
5.61585e-06
5.72685e-06
5.81813e-06
5.8932e-06
5.9568e-06
6.01417e-06
6.07015e-06
6.12862e-06
6.1921e-06
6.26183e-06
6.33803e-06
6.42036e-06
6.50818e-06
6.60083e-06
6.69768e-06
6.79821e-06
6.90197e-06
7.00856e-06
7.11765e-06
7.22889e-06
7.34196e-06
7.45649e-06
7.57211e-06
7.6884e-06
7.80492e-06
7.92118e-06
8.03669e-06
8.15092e-06
8.26333e-06
8.37339e-06
8.48061e-06
8.58453e-06
8.68477e-06
8.78104e-06
8.87312e-06
8.96095e-06
9.04457e-06
9.12418e-06
9.20011e-06
9.27282e-06
9.34294e-06
9.41123e-06
9.47861e-06
9.54616e-06
9.61518e-06
9.68519e-06
9.75529e-06
9.82534e-06
9.8954e-06
9.96554e-06
1.00358e-05
1.01064e-05
1.01772e-05
1.02483e-05
1.03199e-05
1.0392e-05
1.04646e-05
1.05379e-05
1.06119e-05
1.06865e-05
1.0762e-05
1.08381e-05
1.09148e-05
1.09919e-05
1.1069e-05
1.11459e-05
1.12219e-05
1.12963e-05
1.13682e-05
1.14367e-05
1.15003e-05
1.15578e-05
1.16073e-05
1.16471e-05
1.1675e-05
1.1689e-05
1.16866e-05
1.16655e-05
1.16232e-05
1.1551e-05
1.14385e-05
1.12753e-05
1.10525e-05
1.07639e-05
1.04073e-05
9.98608e-06
9.51626e-06
8.99615e-06
8.47115e-06
7.94688e-06
7.43127e-06
6.92872e-06
6.43701e-06
5.95757e-06
5.51941e-06
5.09966e-06
4.68801e-06
4.27655e-06
3.85614e-06
3.41424e-06
2.93285e-06
2.43319e-06
2.48291e-06
2.77258e-06
3.02575e-06
3.22273e-06
3.37152e-06
3.48855e-06
3.57561e-06
3.63373e-06
3.66325e-06
3.66379e-06
3.63415e-06
3.57203e-06
3.47386e-06
3.33456e-06
3.14756e-06
2.9056e-06
2.60329e-06
2.24367e-06
1.83877e-06
1.41387e-06
1.02704e-06
7.525e-07
6.22218e-07
5.81275e-07
5.69544e-07
5.67955e-07
5.74019e-07
5.86691e-07
6.02834e-07
6.20575e-07
6.39043e-07
6.5757e-07
6.75638e-07
6.92866e-07
7.08986e-07
7.23822e-07
7.37284e-07
7.49349e-07
7.60046e-07
7.69445e-07
7.77643e-07
7.84755e-07
7.90901e-07
7.96207e-07
8.00795e-07
8.04782e-07
8.08272e-07
8.11363e-07
8.14139e-07
8.1668e-07
8.19067e-07
8.21401e-07
8.23849e-07
8.26705e-07
8.30501e-07
8.36118e-07
8.44858e-07
8.58317e-07
8.77831e-07
9.03149e-07
9.29352e-07
9.38509e-07
8.7447e-07
2.08608e-06
2.13991e-06
2.19985e-06
2.26342e-06
2.33053e-06
2.40067e-06
2.47326e-06
2.5475e-06
2.62237e-06
2.69651e-06
2.76818e-06
2.83508e-06
2.89427e-06
2.94199e-06
2.97364e-06
2.98387e-06
2.96687e-06
2.91737e-06
2.83242e-06
2.71476e-06
2.57773e-06
2.45126e-06
2.37468e-06
2.35889e-06
2.3932e-06
2.4585e-06
2.53788e-06
2.62069e-06
2.7015e-06
2.77837e-06
2.85178e-06
2.92465e-06
2.99803e-06
3.07266e-06
3.15072e-06
3.23423e-06
3.32482e-06
3.42359e-06
3.53111e-06
3.64757e-06
3.77281e-06
3.90647e-06
4.04802e-06
4.19688e-06
4.35243e-06
4.51399e-06
4.68089e-06
4.85242e-06
5.02784e-06
5.20638e-06
5.38723e-06
5.56953e-06
5.75238e-06
5.93486e-06
6.11603e-06
6.29496e-06
6.47071e-06
6.64533e-06
6.84138e-06
7.03678e-06
7.22275e-06
7.3973e-06
7.55958e-06
7.70901e-06
7.84488e-06
7.96649e-06
8.07321e-06
8.16454e-06
8.24006e-06
8.29947e-06
8.34258e-06
8.36933e-06
8.37978e-06
8.37412e-06
8.35266e-06
8.3158e-06
8.26402e-06
8.19789e-06
8.11803e-06
8.02511e-06
7.92072e-06
7.8165e-06
7.70952e-06
7.59876e-06
7.4841e-06
7.36595e-06
7.24509e-06
7.1226e-06
6.99992e-06
6.87907e-06
6.763e-06
6.65644e-06
6.56735e-06
6.50942e-06
6.50363e-06
6.60058e-06
6.91635e-06
7.46422e-06
1.12555e-05
7.69905e-06
2.28386e-06
9.00252e-07
8.17302e-07
8.15721e-07
8.16312e-07
8.18061e-07
8.21196e-07
8.25442e-07
8.30273e-07
8.35368e-07
8.40541e-07
8.45652e-07
8.50581e-07
8.55233e-07
8.5952e-07
8.63369e-07
8.66713e-07
8.69496e-07
8.71669e-07
8.73193e-07
8.74038e-07
8.74189e-07
8.73641e-07
8.72403e-07
8.70499e-07
8.67966e-07
8.64858e-07
8.61332e-07
8.57476e-07
8.53384e-07
8.49156e-07
8.44896e-07
8.40711e-07
8.367e-07
8.32959e-07
8.29571e-07
8.26605e-07
8.24113e-07
8.22128e-07
8.20661e-07
8.19709e-07
8.19248e-07
8.19243e-07
8.19666e-07
8.20459e-07
8.21579e-07
8.23023e-07
8.24863e-07
8.27318e-07
8.30858e-07
8.36318e-07
8.44965e-07
8.5837e-07
8.77856e-07
9.0316e-07
9.29357e-07
9.38511e-07
8.7447e-07
1.66391e-06
1.81469e-06
1.8576e-06
1.8564e-06
1.83863e-06
1.81628e-06
1.79443e-06
1.77513e-06
1.75904e-06
1.74631e-06
1.73692e-06
1.73078e-06
1.72721e-06
1.72661e-06
1.72929e-06
1.73545e-06
1.74524e-06
1.75881e-06
1.77645e-06
1.79853e-06
1.85547e-06
2.58689e-06
4.67708e-06
7.09916e-06
9.30028e-06
1.11785e-05
1.27554e-05
1.40741e-05
1.51746e-05
1.60899e-05
1.68473e-05
1.74691e-05
1.79741e-05
1.83778e-05
1.86929e-05
1.89297e-05
1.90956e-05
1.92035e-05
1.93273e-05
1.66391e-06
1.81469e-06
1.85758e-06
1.85633e-06
1.83847e-06
1.81589e-06
1.79359e-06
1.77342e-06
1.75579e-06
1.74047e-06
1.727e-06
1.71483e-06
1.70351e-06
1.69274e-06
1.68249e-06
1.67302e-06
1.66493e-06
1.65844e-06
1.65464e-06
1.6637e-06
2.31471e-06
4.93204e-06
7.97365e-06
1.06809e-05
1.29531e-05
1.48331e-05
1.6378e-05
1.76367e-05
1.86488e-05
1.94474e-05
2.00602e-05
2.05106e-05
2.08175e-05
2.09954e-05
2.10532e-05
2.09925e-05
2.08414e-05
2.06326e-05
2.03545e-05
)
;
    }
}


// ************************************************************************* //
