/*--------------------------------*- C++ -*----------------------------------*\
| =========                 |                                                 |
| \\      /  F ield         | OpenFOAM: The Open Source CFD Toolbox           |
|  \\    /   O peration     | Version:  2406                                  |
|   \\  /    A nd           | Website:  www.openfoam.com                      |
|    \\/     M anipulation  |                                                 |
\*---------------------------------------------------------------------------*/
FoamFile
{
    version     2.0;
    format      ascii;
    arch        "LSB;label=32;scalar=64";
    class       volScalarField;
    location    "300";
    object      p;
}
// * * * * * * * * * * * * * * * * * * * * * * * * * * * * * * * * * * * * * //

dimensions      [0 2 -2 0 0 0 0];

internalField   nonuniform List<scalar> 
5619
(
-0.00674707
0.00451091
0.00584419
0.00698423
0.00492879
-0.000135567
-0.00924504
-0.023318
-0.0435336
-0.0712345
-0.107913
-0.15508
-0.21418
-0.286248
-0.371608
-0.469384
-0.577033
-0.690136
-0.802502
-0.907076
-0.9973
-1.06879
-1.12045
-1.1543
-1.17448
-1.18608
-1.19406
-1.20241
-1.21377
-1.22932
-1.24905
-1.27217
-1.29768
-1.32472
-1.35274
-1.38146
-1.41085
-1.44107
-1.4724
-1.50519
-1.5398
-1.57656
-1.61576
-1.65762
-1.70224
-1.74962
-1.79966
-1.85211
-1.90659
-1.96259
-2.01949
-2.07653
-2.13287
-2.18757
-2.23963
-2.28803
-2.3317
-2.36958
-2.40067
-2.424
-2.43866
-2.44386
-2.43891
-2.42322
-2.39636
-2.35798
-2.308
-2.24648
-2.17313
-2.08752
-1.98965
-1.87986
-1.75856
-1.62632
-1.48373
-1.33146
-1.17018
-1.00056
-0.823244
-0.638811
-0.447765
-0.25052
-0.0473843
0.161445
0.375875
0.595899
0.821573
1.05297
1.29014
1.53304
1.78147
2.03497
2.29275
2.55357
2.81566
3.07686
3.33472
3.58412
3.81915
4.0604
4.32448
4.60531
4.87843
5.10645
5.24746
5.26293
5.1276
4.83489
4.38247
3.86684
3.33438
2.78336
2.2758
1.85001
1.52599
1.3119
1.20018
1.17225
1.20832
1.28883
1.39382
1.50487
1.60552
1.66852
1.67621
1.65831
1.66102
1.67886
1.71253
1.76248
1.82723
1.90457
1.99187
2.08643
2.1857
2.28736
2.38936
2.49
2.58789
2.68198
2.77152
2.8559
2.93445
3.0052
3.0648
3.11041
3.14171
3.16108
3.1724
3.17914
3.18307
3.18463
3.1841
3.1819
3.17834
3.17373
3.16835
3.1625
3.15644
3.15041
3.14463
3.13924
3.13435
3.13002
3.12629
3.12314
3.12055
3.11849
3.11691
3.11576
3.115
3.11457
3.11443
3.11454
3.11485
3.11535
3.116
3.11678
3.1177
3.11874
3.11992
3.12125
3.12276
3.12452
3.12648
3.12858
3.13924
-0.0066827
0.00460492
0.00596928
0.00715854
0.00516798
0.000191159
-0.00880332
-0.0227276
-0.0427541
-0.0702184
-0.106605
-0.153421
-0.212108
-0.283705
-0.368553
-0.465802
-0.572953
-0.685639
-0.797731
-0.902229
-0.99261
-1.0645
-1.11675
-1.15132
-1.17225
-1.18453
-1.19305
-1.20174
-1.21321
-1.22872
-1.24826
-1.27111
-1.2963
-1.323
-1.35066
-1.37902
-1.40803
-1.43784
-1.46873
-1.50104
-1.53513
-1.57132
-1.60992
-1.65112
-1.69504
-1.74171
-1.791
-1.84269
-1.89641
-1.95169
-2.0079
-2.06433
-2.12016
-2.17447
-2.22632
-2.2747
-2.31858
-2.35696
-2.38884
-2.41329
-2.42944
-2.43652
-2.43385
-2.42088
-2.39717
-2.36244
-2.3166
-2.25963
-2.19122
-2.11093
-2.01876
-1.91504
-1.80018
-1.6747
-1.5392
-1.39433
-1.24077
-1.07919
-0.91027
-0.734651
-0.552921
-0.365605
-0.173151
0.0240816
0.225811
0.431823
0.641953
0.856063
1.074
1.29555
1.52036
1.74793
1.97747
2.20785
2.43751
2.66447
2.88654
3.09927
3.29432
3.49132
3.72183
3.98058
4.24279
4.47303
4.63173
4.68159
4.59662
4.368
3.99477
3.5396
3.06679
2.58957
2.14119
1.76153
1.47327
1.28616
1.1945
1.18087
1.22594
1.3114
1.41793
1.5277
1.62363
1.688
1.69598
1.6787
1.67764
1.69267
1.72428
1.77205
1.83486
1.91073
1.99717
2.09157
2.19136
2.29414
2.39768
2.49999
2.59927
2.69406
2.78325
2.8661
2.94143
3.0078
3.06403
3.10859
3.1406
3.16086
3.17272
3.17966
3.18355
3.18501
3.18441
3.18217
3.17857
3.17392
3.16851
3.16262
3.15654
3.1505
3.14469
3.13929
3.13439
3.13006
3.12631
3.12316
3.12057
3.11851
3.11692
3.11578
3.11501
3.11458
3.11444
3.11455
3.11486
3.11536
3.11601
3.1168
3.11771
3.11876
3.11993
3.12125
3.12273
3.12441
3.12611
3.12721
3.13172
-0.00651555
0.00484448
0.00628601
0.00759005
0.00574677
0.000962131
-0.00778687
-0.0214015
-0.041043
-0.0680341
-0.103847
-0.149979
-0.207866
-0.278554
-0.362408
-0.458628
-0.564788
-0.676624
-0.788125
-0.892405
-0.983023
-1.05563
-1.10901
-1.145
-1.16743
-1.18109
-1.1907
-1.20009
-1.21186
-1.2273
-1.24652
-1.26887
-1.29347
-1.31954
-1.34656
-1.37426
-1.4026
-1.43171
-1.46185
-1.49336
-1.52659
-1.56187
-1.59949
-1.63966
-1.6825
-1.72804
-1.77619
-1.82672
-1.87929
-1.93345
-1.98862
-2.0441
-2.09911
-2.15278
-2.2042
-2.2524
-2.29641
-2.33526
-2.36802
-2.39378
-2.41172
-2.42111
-2.42129
-2.41171
-2.39195
-2.36169
-2.32076
-2.26952
-2.20777
-2.13461
-2.05006
-1.95452
-1.84838
-1.73216
-1.60644
-1.47183
-1.32901
-1.17865
-1.02146
-0.858124
-0.689315
-0.515669
-0.337781
-0.156191
0.0286145
0.216195
0.406152
0.59811
0.791694
0.986494
1.18203
1.37768
1.57267
1.76596
1.95615
2.14144
2.31986
2.48756
2.63494
2.78012
2.96349
3.19013
3.43281
3.65701
3.82539
3.90291
3.86436
3.70035
3.41476
3.05952
2.68336
2.30222
1.94335
1.63146
1.39362
1.24232
1.17484
1.17684
1.22918
1.31559
1.41806
1.51996
1.60568
1.66499
1.68329
1.68033
1.68554
1.70582
1.7415
1.79109
1.85417
1.9294
2.0148
2.10819
2.20733
2.30994
2.41385
2.51692
2.61707
2.71231
2.80086
2.88156
2.95418
3.01835
3.07207
3.11502
3.14649
3.16597
3.17661
3.18247
3.18541
3.18611
3.18504
3.18249
3.17868
3.17389
3.16839
3.16247
3.15637
3.15033
3.14454
3.13916
3.13429
3.12997
3.12625
3.12311
3.12054
3.11849
3.11691
3.11577
3.11501
3.11459
3.11445
3.11456
3.11488
3.11537
3.11603
3.11682
3.11774
3.11878
3.11996
3.1213
3.12284
3.12464
3.12669
3.12874
3.1338
-0.00624996
0.0051643
0.00671182
0.00816074
0.00650503
0.0019619
-0.00648137
-0.0197142
-0.0388851
-0.0653027
-0.100426
-0.145737
-0.202669
-0.272272
-0.354937
-0.449919
-0.554883
-0.665686
-0.776461
-0.880464
-0.971364
-1.04484
-1.09962
-1.13738
-1.16171
-1.17716
-1.18822
-1.1986
-1.21087
-1.22638
-1.24535
-1.26726
-1.29131
-1.31678
-1.34319
-1.37027
-1.39797
-1.42643
-1.45588
-1.48665
-1.51908
-1.55351
-1.59023
-1.62944
-1.67129
-1.7158
-1.7629
-1.81239
-1.86396
-1.91718
-1.97148
-2.02623
-2.08067
-2.13399
-2.18531
-2.23372
-2.2783
-2.31813
-2.35232
-2.38004
-2.40051
-2.41304
-2.41701
-2.41192
-2.39737
-2.37309
-2.33883
-2.29456
-2.24108
-2.17749
-2.1028
-2.01783
-1.92302
-1.81889
-1.70599
-1.58496
-1.45642
-1.32107
-1.17961
-1.03276
-0.881257
-0.725799
-0.567074
-0.405738
-0.242405
-0.0776424
0.0880261
0.254119
0.420181
0.58576
0.750377
0.913477
1.07438
1.2322
1.38575
1.53347
1.6736
1.80281
1.91185
2.01758
2.16849
2.37782
2.61583
2.84727
3.03543
3.1466
3.15665
3.0563
2.85242
2.57836
2.27392
1.96666
1.68336
1.44249
1.25814
1.14512
1.10388
1.12367
1.18482
1.27278
1.37157
1.46653
1.54541
1.60191
1.63169
1.64606
1.66479
1.69628
1.74108
1.79771
1.86627
1.94578
2.03448
2.13044
2.23159
2.33582
2.44099
2.54508
2.64605
2.74188
2.83064
2.91088
2.98181
3.04319
3.09467
3.13461
3.1628
3.17992
3.18706
3.18946
3.18973
3.18856
3.18633
3.18298
3.17866
3.17356
3.16789
3.16189
3.15579
3.14979
3.14407
3.13877
3.13396
3.12972
3.12605
3.12297
3.12043
3.11841
3.11686
3.11573
3.11499
3.11457
3.11444
3.11455
3.11487
3.11537
3.11602
3.11681
3.11773
3.11877
3.11994
3.12126
3.12274
3.12443
3.12627
3.12815
3.13321
-0.00585837
0.00553689
0.00721679
0.00882308
0.00737715
0.00309994
-0.00500915
-0.0178287
-0.0364947
-0.0623031
-0.0967
-0.141159
-0.197111
-0.265619
-0.347107
-0.440896
-0.544749
-0.654652
-0.764878
-0.868808
-0.960193
-1.03472
-1.09103
-1.13064
-1.15691
-1.17412
-1.18658
-1.1979
-1.21063
-1.22622
-1.245
-1.26655
-1.29014
-1.31512
-1.34102
-1.36757
-1.39473
-1.42261
-1.45145
-1.48156
-1.51328
-1.54695
-1.58286
-1.62125
-1.66224
-1.70591
-1.75219
-1.80091
-1.8518
-1.90446
-1.95837
-2.01293
-2.06744
-2.12112
-2.17315
-2.22265
-2.26874
-2.31056
-2.34724
-2.37799
-2.40206
-2.41878
-2.42758
-2.42797
-2.41956
-2.40211
-2.37541
-2.33938
-2.29495
-2.24133
-2.17742
-2.10402
-2.02165
-1.93083
-1.83213
-1.72612
-1.61344
-1.49476
-1.37078
-1.24222
-1.10982
-0.974295
-0.836366
-0.696714
-0.555978
-0.414746
-0.273543
-0.132834
0.00697546
0.145519
0.282447
0.417382
0.549867
0.679292
0.804787
0.925153
1.039
1.14359
1.2309
1.31547
1.44554
1.63836
1.86524
2.09241
2.28542
2.4132
2.45406
2.40016
2.25941
2.05629
1.82244
1.58665
1.37362
1.19609
1.07065
0.998099
0.982374
1.01848
1.08831
1.17745
1.27261
1.36195
1.43707
1.49461
1.5354
1.56832
1.60543
1.65482
1.71615
1.78656
1.86602
1.95395
2.04905
2.14972
2.25418
2.36047
2.46668
2.57115
2.67232
2.76841
2.85759
2.93862
3.01052
3.07257
3.12413
3.1641
3.19108
3.20408
3.20548
3.20174
3.19741
3.19299
3.18841
3.18347
3.17815
3.17246
3.16651
3.16044
3.15439
3.14853
3.14299
3.13786
3.13323
3.12914
3.12561
3.12263
3.12018
3.11823
3.11673
3.11564
3.11492
3.11453
3.11441
3.11454
3.11487
3.11537
3.11603
3.11682
3.11775
3.1188
3.11998
3.12132
3.12283
3.12457
3.12646
3.12838
3.13295
-0.00529952
0.00594093
0.007789
0.00955991
0.00834532
0.00435599
-0.00339336
-0.0157721
-0.033905
-0.0590768
-0.0927259
-0.136324
-0.19131
-0.258778
-0.339208
-0.432004
-0.535046
-0.644446
-0.754594
-0.85894
-0.951237
-1.0271
-1.08506
-1.12645
-1.15443
-1.17309
-1.1866
-1.19854
-1.21151
-1.22708
-1.24569
-1.26699
-1.29027
-1.31492
-1.34046
-1.36664
-1.39338
-1.42079
-1.44912
-1.47867
-1.50979
-1.54282
-1.57808
-1.6158
-1.65616
-1.69924
-1.74503
-1.79339
-1.84411
-1.89682
-1.95106
-2.00629
-2.06185
-2.11701
-2.17099
-2.22297
-2.27208
-2.3175
-2.3584
-2.39399
-2.42355
-2.44643
-2.46207
-2.47001
-2.46988
-2.46145
-2.44458
-2.41936
-2.38569
-2.34303
-2.29144
-2.23152
-2.16369
-2.08843
-2.00629
-1.91782
-1.82361
-1.72431
-1.62055
-1.51302
-1.40239
-1.28933
-1.17449
-1.05847
-0.941826
-0.825043
-0.708526
-0.592596
-0.477489
-0.36337
-0.250349
-0.138518
-0.0280018
0.0809781
0.188007
0.29241
0.393338
0.488854
0.572872
0.65686
0.78149
0.962342
1.17459
1.38857
1.57416
1.70464
1.76184
1.73991
1.64654
1.50153
1.33101
1.16054
1.01148
0.898618
0.82472
0.792308
0.801645
0.849635
0.925452
1.01323
1.1036
1.18822
1.26176
1.32329
1.37607
1.42733
1.4854
1.55698
1.63955
1.72823
1.82287
1.9233
2.02856
2.13744
2.24858
2.36048
2.47161
2.58034
2.68498
2.78371
2.87472
2.95781
3.03283
3.09829
3.15269
3.19438
3.22113
3.23232
3.22968
3.21883
3.20798
3.19885
3.19075
3.18343
3.17661
3.17009
3.16379
3.1577
3.15184
3.14628
3.14107
3.13629
3.13198
3.12816
3.12486
3.12207
3.11976
3.11792
3.11651
3.11549
3.11482
3.11445
3.11436
3.1145
3.11484
3.11536
3.11602
3.11682
3.11774
3.11879
3.11997
3.12129
3.1228
3.12452
3.1264
3.12843
3.13262
-0.00451275
0.00636982
0.00843531
0.0103753
0.0094162
0.00573731
-0.00162683
-0.0135395
-0.0311154
-0.0556329
-0.0885295
-0.131288
-0.185378
-0.251948
-0.331567
-0.423757
-0.526528
-0.636109
-0.746945
-0.852451
-0.946244
-1.02375
-1.08333
-1.12619
-1.15533
-1.17479
-1.18872
-1.20074
-1.21359
-1.22898
-1.24751
-1.26875
-1.29195
-1.31648
-1.34187
-1.36783
-1.3943
-1.42138
-1.44931
-1.47842
-1.50906
-1.54159
-1.57635
-1.61361
-1.65359
-1.69641
-1.74211
-1.79063
-1.84177
-1.89527
-1.95072
-2.00763
-2.06539
-2.12333
-2.1807
-2.23671
-2.29051
-2.34127
-2.38816
-2.43039
-2.46722
-2.49797
-2.52206
-2.539
-2.54841
-2.55
-2.54371
-2.52971
-2.50612
-2.47325
-2.43309
-2.38551
-2.33086
-2.26955
-2.20205
-2.12888
-2.05059
-1.96775
-1.88096
-1.79083
-1.69796
-1.60294
-1.50632
-1.40863
-1.3103
-1.21174
-1.11322
-1.01497
-0.91708
-0.819573
-0.722389
-0.625414
-0.528524
-0.431634
-0.33478
-0.238176
-0.142189
-0.047991
0.0404639
0.13117
0.252009
0.413229
0.596502
0.779157
0.938005
1.05263
1.10945
1.10455
1.04456
0.945184
0.827338
0.71215
0.616789
0.552069
0.52206
0.526115
0.559313
0.614943
0.689113
0.771426
0.85431
0.933053
1.00536
1.07229
1.13754
1.20674
1.28619
1.38162
1.48795
1.59774
1.71055
1.82645
1.94466
2.06421
2.18412
2.30328
2.42061
2.535
2.64533
2.75047
2.84894
2.93932
3.02194
3.09589
3.15877
3.20801
3.24032
3.25288
3.24763
3.23181
3.21518
3.20161
3.19022
3.18063
3.17244
3.16528
3.15886
3.15301
3.14761
3.14261
3.138
3.13378
3.12997
3.12659
3.12366
3.12115
3.11908
3.11742
3.11614
3.11523
3.11463
3.11433
3.11428
3.11445
3.11481
3.11534
3.11601
3.11682
3.11775
3.1188
3.11999
3.12132
3.12283
3.12455
3.12642
3.12851
3.13228
-0.00343483
0.00682439
0.00917008
0.0112813
0.0106052
0.00726043
0.000307375
-0.0111156
-0.028116
-0.0519719
-0.084132
-0.126109
-0.179428
-0.245335
-0.324523
-0.416669
-0.519922
-0.63059
-0.743077
-0.850601
-0.946462
-1.02575
-1.08666
-1.13031
-1.15977
-1.17915
-1.19278
-1.20425
-1.21657
-1.2317
-1.25023
-1.2718
-1.29529
-1.31996
-1.3454
-1.37131
-1.39764
-1.42449
-1.45211
-1.48085
-1.51109
-1.54321
-1.57759
-1.61454
-1.65433
-1.69713
-1.74305
-1.79208
-1.84412
-1.89896
-1.95627
-2.01561
-2.07644
-2.13812
-2.19994
-2.26111
-2.32079
-2.37812
-2.43223
-2.48228
-2.52744
-2.56693
-2.60005
-2.62616
-2.6447
-2.65524
-2.65744
-2.65065
-2.63464
-2.6104
-2.57852
-2.53907
-2.49239
-2.4389
-2.37906
-2.31338
-2.24242
-2.16676
-2.087
-2.00376
-1.91765
-1.82927
-1.73919
-1.64795
-1.55602
-1.4638
-1.37162
-1.27971
-1.18818
-1.09705
-1.00624
-0.9156
-0.824892
-0.733882
-0.642368
-0.550239
-0.457496
-0.364667
-0.273732
-0.179539
-0.0683836
0.0628332
0.203465
0.339286
0.455286
0.538138
0.578946
0.575266
0.53189
0.460173
0.375808
0.29542
0.232987
0.197208
0.190726
0.211483
0.254272
0.31181
0.379564
0.456813
0.534629
0.606195
0.675202
0.744961
0.818359
0.900078
0.995375
1.10943
1.2349
1.36204
1.4903
1.61995
1.7504
1.88097
2.01098
2.13972
2.26653
2.3907
2.5114
2.62682
2.73711
2.84279
2.94201
3.03248
3.11142
3.17522
3.21917
3.23879
3.23608
3.22106
3.20451
3.19093
3.17965
3.17022
3.1624
3.15584
3.15024
3.14534
3.14096
3.13698
3.13333
3.12999
3.12695
3.12422
3.12182
3.11976
3.11803
3.11664
3.11558
3.11482
3.11434
3.11413
3.11414
3.11436
3.11475
3.1153
3.11599
3.1168
3.11774
3.1188
3.11999
3.12132
3.12284
3.12455
3.12642
3.12858
3.13192
-0.00202672
0.00730793
0.0100048
0.0122865
0.0119214
0.00893306
0.00241414
-0.00850104
-0.0249171
-0.0481205
-0.079586
-0.120879
-0.173614
-0.239171
-0.318411
-0.411189
-0.515785
-0.628518
-0.743612
-0.853888
-0.952128
-1.03298
-1.09448
-1.13794
-1.16669
-1.1851
-1.19703
-1.20735
-1.21995
-1.23554
-1.25418
-1.27585
-1.29991
-1.32508
-1.35072
-1.37665
-1.40285
-1.42946
-1.45673
-1.48504
-1.51481
-1.54643
-1.58032
-1.61684
-1.65629
-1.69892
-1.74489
-1.79427
-1.84704
-1.90306
-1.96207
-2.02372
-2.08751
-2.15286
-2.21906
-2.28532
-2.35079
-2.41452
-2.47557
-2.53294
-2.58566
-2.63278
-2.6734
-2.70667
-2.73184
-2.74824
-2.75522
-2.7524
-2.74055
-2.72004
-2.69061
-2.65258
-2.60633
-2.55215
-2.49051
-2.42193
-2.34702
-2.26641
-2.18081
-2.09091
-1.99745
-1.90115
-1.80271
-1.70283
-1.60211
-1.50112
-1.40034
-1.30013
-1.20077
-1.10244
-1.00517
-0.90892
-0.813546
-0.71885
-0.624611
-0.530628
-0.436767
-0.343206
-0.250425
-0.155033
-0.057046
0.0385816
0.128411
0.206527
0.266079
0.30081
0.306479
0.282082
0.230629
0.159316
0.0788394
0.00167395
-0.0605202
-0.0995568
-0.112314
-0.100537
-0.069233
-0.0244472
0.0286313
0.0845605
0.142218
0.204984
0.272751
0.346126
0.426589
0.515723
0.617818
0.738092
0.868871
1.00052
1.13292
1.26678
1.40198
1.53843
1.67601
1.8145
1.95369
2.09329
2.23287
2.37165
2.50814
2.64076
2.7672
2.88426
2.98783
3.07273
3.13301
3.16456
3.1719
3.16748
3.16105
3.15555
3.15058
3.14612
3.14226
3.13893
3.13602
3.13343
3.13105
3.12881
3.12667
3.12463
3.12269
3.12088
3.11923
3.11778
3.11654
3.11553
3.11476
3.11423
3.11392
3.11383
3.11394
3.11422
3.11466
3.11525
3.11596
3.11679
3.11774
3.11881
3.12
3.12134
3.12285
3.12457
3.12643
3.12864
3.13158
-0.000308551
0.00781916
0.010935
0.0133828
0.0133516
0.010735
0.00466436
-0.00573677
-0.0215753
-0.0441561
-0.0749961
-0.115736
-0.168112
-0.233671
-0.313466
-0.407537
-0.51426
-0.629868
-0.748245
-0.861618
-0.962078
-1.04377
-1.10481
-1.14696
-1.17396
-1.18937
-1.19928
-1.20992
-1.22306
-1.23948
-1.25906
-1.28113
-1.30519
-1.33068
-1.35663
-1.38255
-1.40851
-1.43468
-1.46136
-1.48896
-1.51791
-1.54863
-1.58156
-1.61708
-1.65555
-1.69727
-1.74245
-1.79124
-1.84367
-1.8997
-1.95916
-2.02173
-2.08702
-2.15448
-2.22346
-2.2932
-2.36284
-2.43147
-2.49811
-2.56175
-2.62137
-2.67597
-2.72456
-2.76621
-2.80005
-2.82529
-2.8412
-2.84718
-2.84275
-2.82765
-2.8016
-2.76432
-2.71667
-2.65968
-2.59369
-2.51902
-2.43612
-2.34562
-2.24824
-2.14481
-2.03623
-1.9234
-1.80726
-1.68875
-1.56873
-1.44801
-1.32733
-1.20731
-1.08843
-0.971086
-0.855507
-0.741816
-0.63002
-0.520034
-0.411713
-0.304877
-0.199383
-0.0952576
0.00805747
0.113208
0.208648
0.281641
0.334114
0.366578
0.378555
0.369358
0.338482
0.286197
0.214244
0.126466
0.0291148
-0.0694611
-0.159897
-0.2336
-0.284894
-0.312568
-0.319821
-0.312351
-0.295599
-0.27288
-0.244912
-0.211623
-0.171761
-0.122938
-0.0611824
0.0184064
0.120065
0.242543
0.374611
0.508697
0.645783
0.786873
0.93216
1.08175
1.23567
1.39378
1.55573
1.72085
1.88809
2.0559
2.22216
2.38405
2.53796
2.6794
2.80321
2.90415
2.97829
3.02556
3.05277
3.07006
3.08317
3.09331
3.10083
3.10635
3.1104
3.11333
3.11539
3.11678
3.1176
3.11797
3.11797
3.11768
3.11718
3.11655
3.11587
3.11519
3.11457
3.11405
3.11366
3.11343
3.11335
3.11343
3.11366
3.11404
3.11455
3.11517
3.11592
3.11677
3.11773
3.11881
3.12001
3.12135
3.12287
3.12457
3.12644
3.12868
3.13129
0.00161615
0.00834744
0.011933
0.0145381
0.0148524
0.0126105
0.00698772
-0.00290919
-0.0181946
-0.0402009
-0.0705007
-0.110828
-0.163058
-0.228921
-0.309671
-0.405508
-0.514848
-0.633735
-0.755571
-0.871844
-0.973873
-1.05537
-1.11482
-1.15471
-1.17751
-1.18984
-1.19986
-1.2111
-1.22523
-1.2428
-1.26348
-1.28646
-1.3109
-1.33608
-1.36161
-1.38721
-1.41266
-1.43809
-1.46381
-1.49026
-1.51786
-1.54705
-1.57825
-1.61186
-1.64826
-1.68775
-1.7306
-1.77699
-1.82704
-1.88077
-1.93812
-1.99893
-2.06294
-2.12982
-2.1991
-2.27028
-2.34274
-2.41579
-2.48866
-2.56052
-2.63045
-2.69747
-2.76058
-2.8187
-2.87075
-2.91567
-2.95242
-2.98003
-2.99765
-3.00454
-3.00006
-2.98364
-2.9539
-2.90973
-2.85201
-2.78232
-2.70135
-2.60935
-2.50692
-2.39493
-2.27442
-2.14658
-2.0127
-1.87409
-1.73205
-1.58781
-1.44253
-1.29721
-1.15269
-1.00964
-0.868515
-0.729605
-0.593
-0.458632
-0.326299
-0.195691
-0.0664897
0.0615368
0.189792
0.320879
0.436302
0.518379
0.572148
0.601647
0.609643
0.598044
0.567719
0.518804
0.451413
0.366549
0.266923
0.157298
0.0441409
-0.0652833
-0.163893
-0.245854
-0.308108
-0.351605
-0.380514
-0.399185
-0.409222
-0.409028
-0.395363
-0.364937
-0.31513
-0.244135
-0.152255
-0.0420364
0.079768
0.207898
0.342995
0.485745
0.636101
0.793817
0.958446
1.1293
1.30538
1.48531
1.66724
1.84874
2.02677
2.19767
2.35739
2.50186
2.62773
2.73274
2.81591
2.87903
2.9275
2.96657
2.99846
3.02414
3.04466
3.06094
3.07379
3.08386
3.09168
3.09769
3.10224
3.10561
3.10804
3.10974
3.11085
3.11155
3.11194
3.11213
3.11222
3.11227
3.11233
3.11245
3.11265
3.11293
3.11332
3.11381
3.11439
3.11508
3.11586
3.11674
3.11772
3.1188
3.12001
3.12136
3.12288
3.12458
3.12644
3.12871
3.13107
0.00357011
0.008874
0.0129509
0.0157017
0.0163578
0.0144788
0.00928737
-0.000130808
-0.0149008
-0.0363875
-0.0662258
-0.106248
-0.158473
-0.224809
-0.306687
-0.404434
-0.516439
-0.638485
-0.763414
-0.881931
-0.984595
-1.06482
-1.12177
-1.15735
-1.17638
-1.18786
-1.19844
-1.21073
-1.2262
-1.24505
-1.26673
-1.29035
-1.31507
-1.3402
-1.36523
-1.38993
-1.41433
-1.43862
-1.46302
-1.48789
-1.51362
-1.54062
-1.5693
-1.60002
-1.63315
-1.66902
-1.70791
-1.75009
-1.79579
-1.8452
-1.89846
-1.9557
-2.01697
-2.08231
-2.1517
-2.22503
-2.30216
-2.38283
-2.46668
-2.55322
-2.64184
-2.73174
-2.822
-2.9115
-2.99902
-3.08315
-3.16243
-3.23532
-3.30028
-3.35582
-3.40058
-3.43337
-3.45326
-3.4596
-3.45107
-3.42649
-3.38399
-3.32329
-3.24585
-3.15226
-3.04341
-2.92054
-2.7852
-2.63914
-2.4842
-2.32224
-2.15506
-1.98431
-1.81147
-1.63776
-1.46409
-1.29111
-1.11914
-0.948198
-0.77806
-0.608265
-0.438254
-0.267485
-0.094096
0.0847468
0.251522
0.389501
0.503962
0.598961
0.676842
0.738563
0.783447
0.809517
0.814333
0.796121
0.754941
0.6935
0.617216
0.53333
0.449395
0.371904
0.305703
0.25396
0.218036
0.197541
0.191412
0.199078
0.220061
0.25308
0.296437
0.348449
0.407884
0.476963
0.55729
0.647729
0.748382
0.858966
0.978848
1.10719
1.24291
1.38464
1.53071
1.67912
1.82766
1.97388
2.11536
2.24978
2.37513
2.48957
2.59134
2.67911
2.75301
2.81492
2.86723
2.91149
2.94878
2.98006
3.00615
3.02776
3.0455
3.05996
3.07163
3.08097
3.08835
3.09413
3.0986
3.102
3.10456
3.10647
3.10787
3.10892
3.10971
3.11034
3.11087
3.11136
3.11185
3.11237
3.11293
3.11354
3.11422
3.11497
3.11579
3.1167
3.1177
3.11879
3.12001
3.12136
3.12288
3.12458
3.12645
3.12872
3.13096
0.00535337
0.00937901
0.0139355
0.0168209
0.0178007
0.0162609
0.0114715
0.00249654
-0.0118002
-0.0328156
-0.0622444
-0.102011
-0.154261
-0.221057
-0.303973
-0.403418
-0.517715
-0.642359
-0.769651
-0.889564
-0.992008
-1.07022
-1.1237
-1.15513
-1.17197
-1.18397
-1.19552
-1.20926
-1.22622
-1.24629
-1.26879
-1.2928
-1.31752
-1.34229
-1.36671
-1.3906
-1.41392
-1.43681
-1.45958
-1.48257
-1.5061
-1.53051
-1.55615
-1.58339
-1.61257
-1.64405
-1.67818
-1.71536
-1.75596
-1.80041
-1.84915
-1.90266
-1.96142
-2.02595
-2.09675
-2.1743
-2.25903
-2.35128
-2.45127
-2.55905
-2.6745
-2.79724
-2.92666
-3.06187
-3.20169
-3.34469
-3.48915
-3.63316
-3.77458
-3.91116
-4.04057
-4.16049
-4.26868
-4.36315
-4.44216
-4.50436
-4.55154
-4.58157
-4.58393
-4.55567
-4.49982
-4.41758
-4.31044
-4.1803
-4.0294
-3.8602
-3.67528
-3.47725
-3.26862
-3.05172
-2.8286
-2.60096
-2.37009
-2.13689
-1.90182
-1.66499
-1.4262
-1.1852
-0.940745
-0.690106
-0.439514
-0.196691
0.0400629
0.27096
0.494373
0.707146
0.904622
1.08121
1.23139
1.35101
1.43862
1.49658
1.53153
1.55365
1.5745
1.60419
1.6485
1.70687
1.772
1.83211
1.87668
1.90284
1.91653
1.92588
1.93413
1.93906
1.93739
1.9313
1.9294
1.93714
1.95446
1.9805
2.01458
2.05599
2.10398
2.15778
2.2165
2.27923
2.34492
2.4124
2.48035
2.54725
2.6115
2.67164
2.72671
2.77639
2.82082
2.86033
2.89548
2.92681
2.9547
2.97939
3.00107
3.01992
3.03616
3.05001
3.0617
3.07147
3.07955
3.08618
3.09155
3.09586
3.09931
3.10204
3.1042
3.10593
3.10731
3.10845
3.10942
3.11027
3.11104
3.11179
3.11252
3.11326
3.11403
3.11485
3.11572
3.11666
3.11767
3.11878
3.12
3.12136
3.12288
3.12458
3.12645
3.12872
3.13096
0.00681174
0.00984839
0.0148444
0.0178569
0.0191343
0.017905
0.0134842
0.00491601
-0.00894482
-0.0295219
-0.0585602
-0.0980585
-0.150266
-0.217364
-0.301032
-0.401725
-0.517691
-0.644174
-0.773014
-0.893593
-0.995317
-1.0714
-1.12111
-1.14977
-1.16639
-1.17915
-1.19207
-1.20741
-1.22582
-1.24697
-1.27011
-1.29433
-1.3189
-1.34326
-1.36698
-1.38985
-1.41196
-1.43352
-1.45473
-1.47583
-1.4971
-1.51884
-1.54138
-1.56505
-1.59021
-1.61726
-1.64664
-1.67887
-1.71452
-1.75429
-1.79892
-1.84927
-1.90627
-1.97094
-2.04432
-2.12747
-2.22142
-2.32714
-2.44546
-2.57706
-2.72239
-2.88163
-3.05464
-3.24094
-3.43963
-3.64943
-3.86859
-4.09498
-4.32606
-4.55895
-4.79048
-5.0173
-5.23594
-5.44294
-5.63496
-5.8087
-5.96062
-6.09221
-6.21526
-6.31879
-6.37761
-6.38859
-6.35478
-6.27786
-6.16003
-6.00409
-5.81333
-5.59138
-5.34211
-5.06949
-4.77746
-4.46979
-4.14998
-3.8211
-3.4858
-3.14622
-2.80403
-2.46063
-2.11712
-1.77224
-1.41383
-1.03492
-0.640976
-0.239147
0.161634
0.550976
0.91765
1.25066
1.54062
1.78111
1.96995
2.11033
2.21141
2.28781
2.35718
2.43584
2.53454
2.65654
2.79871
2.95357
3.10855
3.24338
3.33389
3.36564
3.34562
3.29645
3.23581
3.17144
3.11163
3.06001
3.01455
2.97528
2.9423
2.91564
2.89519
2.88063
2.87151
2.8672
2.86697
2.86995
2.87535
2.88267
2.89154
2.90154
2.91239
2.92397
2.93625
2.94922
2.96278
2.97667
2.99058
3.0042
3.01727
3.02957
3.04095
3.0513
3.06059
3.06879
3.07594
3.08211
3.08737
3.09182
3.09556
3.09868
3.10128
3.10344
3.10526
3.1068
3.10812
3.10927
3.1103
3.11124
3.11214
3.113
3.11386
3.11474
3.11565
3.11661
3.11764
3.11876
3.11999
3.12135
3.12287
3.12458
3.12644
3.12871
3.13107
0.00788183
0.0102743
0.0156514
0.0187894
0.0203375
0.0193939
0.0153138
0.00712511
-0.00632322
-0.0264742
-0.0551113
-0.0942878
-0.146329
-0.213503
-0.297561
-0.398992
-0.515984
-0.643596
-0.773341
-0.89417
-0.995116
-1.06932
-1.11649
-1.14363
-1.16074
-1.17455
-1.18896
-1.20583
-1.22552
-1.24757
-1.27119
-1.2955
-1.31984
-1.34365
-1.36659
-1.38861
-1.40973
-1.43005
-1.44975
-1.46905
-1.48819
-1.50743
-1.52707
-1.54742
-1.56885
-1.59182
-1.61685
-1.64459
-1.67578
-1.71133
-1.75225
-1.79971
-1.85497
-1.91941
-1.99445
-2.08157
-2.18219
-2.2977
-2.42935
-2.57825
-2.74532
-2.93123
-3.13636
-3.36072
-3.60395
-3.8652
-4.14309
-4.43568
-4.74046
-5.05431
-5.37341
-5.69332
-6.00898
-6.31487
-6.60511
-6.87369
-7.11478
-7.32235
-7.48864
-7.62643
-7.76012
-7.8647
-7.91258
-7.90699
-7.84801
-7.7359
-7.57216
-7.35927
-7.10055
-6.80003
-6.4623
-6.09235
-5.69527
-5.27604
-4.83948
-4.39015
-3.93235
-3.47021
-3.00805
-2.54834
-2.06607
-1.54306
-0.99111
-0.425015
0.137817
0.678268
1.17721
1.61766
1.98701
2.27842
2.4916
2.63306
2.71601
2.75979
2.78781
2.82276
2.87956
2.96021
3.05388
3.14273
3.211
3.25451
3.28565
3.32368
3.36894
3.39687
3.39115
3.3629
3.32885
3.29331
3.25799
3.22533
3.19561
3.16853
3.14395
3.12177
3.10192
3.08433
3.06898
3.0559
3.04511
3.03628
3.02915
3.02372
3.01998
3.01789
3.01745
3.01857
3.02108
3.02474
3.02935
3.03467
3.0405
3.04664
3.05289
3.0591
3.06513
3.07087
3.07624
3.08118
3.08567
3.08969
3.09327
3.09642
3.09918
3.10158
3.10366
3.10547
3.10705
3.10844
3.10967
3.11078
3.11181
3.11277
3.11371
3.11463
3.11558
3.11657
3.11762
3.11874
3.11997
3.12133
3.12286
3.12457
3.12644
3.12868
3.13129
0.00859002
0.0106515
0.016344
0.0196099
0.0214052
0.0207303
0.016974
0.00915313
-0.00388641
-0.0235999
-0.051798
-0.0905718
-0.142301
-0.209316
-0.293422
-0.395141
-0.512635
-0.640862
-0.771139
-0.892141
-0.99264
-1.06561
-1.1116
-1.13844
-1.1562
-1.17114
-1.18689
-1.20501
-1.22567
-1.24836
-1.27226
-1.29654
-1.32056
-1.34389
-1.36624
-1.38752
-1.40771
-1.42691
-1.44526
-1.46295
-1.48019
-1.49719
-1.51422
-1.53159
-1.5497
-1.56902
-1.59015
-1.61382
-1.64092
-1.67249
-1.70973
-1.75399
-1.80675
-1.86957
-1.94406
-2.03184
-2.13446
-2.25335
-2.38979
-2.54484
-2.71936
-2.91396
-3.12893
-3.36424
-3.61958
-3.89431
-4.1872
-4.49643
-4.8198
-5.15469
-5.49776
-5.84515
-6.19233
-6.53417
-6.86489
-7.17808
-7.46677
-7.72354
-7.94056
-8.10928
-8.22094
-8.30193
-8.35683
-8.36085
-8.31476
-8.21861
-8.07238
-7.87697
-7.63394
-7.34506
-7.01191
-6.6379
-6.22844
-5.78623
-5.31442
-4.81608
-4.29458
-3.7545
-3.20162
-2.64291
-2.05528
-1.42172
-0.755863
-0.0775973
0.587654
1.21174
1.76719
2.23109
2.58864
2.83495
2.97574
3.02682
3.01102
2.95628
2.89446
2.85812
2.87217
2.94592
3.06832
3.21195
3.34347
3.43573
3.47627
3.46959
3.43682
3.41262
3.41585
3.42346
3.41353
3.3906
3.36353
3.33424
3.30521
3.27729
3.25064
3.22545
3.20187
3.18
3.15994
3.14175
3.12551
3.11124
3.0989
3.08842
3.07973
3.07274
3.06724
3.06305
3.06013
3.05842
3.05784
3.05827
3.05958
3.06162
3.06426
3.06734
3.07075
3.07435
3.07805
3.08173
3.08533
3.08878
3.09202
3.09503
3.09778
3.10027
3.10251
3.10449
3.10625
3.10781
3.10919
3.11043
3.11155
3.11259
3.11358
3.11455
3.11553
3.11654
3.11759
3.11873
3.11996
3.12132
3.12284
3.12456
3.12643
3.12864
3.13158
0.00901665
0.0109753
0.0169188
0.0203151
0.0223373
0.0219208
0.0184808
0.0110289
-0.00158877
-0.0208336
-0.0485336
-0.0868056
-0.138068
-0.2047
-0.288554
-0.390198
-0.507809
-0.636326
-0.766984
-0.888314
-0.988923
-1.06163
-1.10748
-1.13483
-1.15352
-1.16956
-1.18639
-1.20536
-1.22658
-1.24952
-1.27342
-1.29748
-1.32116
-1.34407
-1.36589
-1.38653
-1.40594
-1.4242
-1.44142
-1.45773
-1.47331
-1.48834
-1.50308
-1.51781
-1.53294
-1.54896
-1.56651
-1.58638
-1.60953
-1.63711
-1.67042
-1.71093
-1.76023
-1.81999
-1.89191
-1.97765
-2.07878
-2.19665
-2.33238
-2.48677
-2.6604
-2.8537
-3.06685
-3.29934
-3.55042
-3.81933
-4.10335
-4.39894
-4.70489
-5.01935
-5.33831
-5.65774
-5.97337
-6.28067
-6.57496
-6.8514
-7.10512
-7.3312
-7.5247
-7.68064
-7.79333
-7.8569
-7.87984
-7.86701
-7.81011
-7.70722
-7.55747
-7.36094
-7.11901
-6.83436
-6.51418
-6.16858
-5.79801
-5.39936
-4.97129
-4.50692
-3.99781
-3.44907
-2.86193
-2.24852
-1.60075
-0.914461
-0.202792
0.510722
1.19251
1.80769
2.32184
2.70697
2.95098
3.05225
3.02153
2.88366
2.67759
2.44807
2.2296
2.07113
2.01398
2.08273
2.27232
2.54827
2.8571
3.14283
3.3628
3.49704
3.54975
3.54322
3.50906
3.48536
3.47599
3.46076
3.43961
3.41487
3.38801
3.3613
3.33533
3.31025
3.28618
3.2632
3.24137
3.22075
3.20137
3.1833
3.16656
3.15119
3.13725
3.12477
3.11378
3.10428
3.09626
3.08964
3.08433
3.0803
3.07749
3.07583
3.07521
3.07549
3.07655
3.07824
3.08041
3.08294
3.08569
3.08855
3.09143
3.09424
3.09692
3.09942
3.10173
3.10381
3.10569
3.10736
3.10884
3.11017
3.11136
3.11246
3.11349
3.11449
3.11549
3.11651
3.11757
3.1187
3.11994
3.1213
3.12282
3.12455
3.12642
3.12858
3.13192
0.00925387
0.0112431
0.0173798
0.0209055
0.0231359
0.0229686
0.0198403
0.0127629
0.000586028
-0.0181522
-0.0452887
-0.0829563
-0.133601
-0.199644
-0.282988
-0.384259
-0.501697
-0.630288
-0.761287
-0.883179
-0.984473
-1.05787
-1.10454
-1.13304
-1.15294
-1.17006
-1.1877
-1.2071
-1.22841
-1.25117
-1.27472
-1.29834
-1.32155
-1.34399
-1.36532
-1.38541
-1.40421
-1.42172
-1.43801
-1.45319
-1.46738
-1.48073
-1.49347
-1.50586
-1.5183
-1.53127
-1.54544
-1.56161
-1.58081
-1.60421
-1.6332
-1.66929
-1.71417
-1.76956
-1.83722
-1.91885
-2.01597
-2.12993
-2.2616
-2.4114
-2.57985
-2.76753
-2.97299
-3.19419
-3.43202
-3.68652
-3.95466
-4.23365
-4.52052
-4.81178
-5.10343
-5.39131
-5.67108
-5.9383
-6.18852
-6.4174
-6.62079
-6.79483
-6.93603
-7.04139
-7.10828
-7.13376
-7.12038
-7.07258
-6.98998
-6.87104
-6.71519
-6.52212
-6.29185
-6.02499
-5.72347
-5.38978
-5.02795
-4.64613
-4.24974
-3.83689
-3.40262
-2.91162
-2.32922
-1.68617
-1.02352
-0.349545
0.330637
0.993533
1.6015
2.11471
2.49882
2.72823
2.7867
2.67008
2.37414
1.97602
1.54183
1.0918
0.693464
0.404083
0.267694
0.33893
0.629357
1.10508
1.69445
2.30638
2.85333
3.27123
3.531
3.64093
3.63844
3.5898
3.53969
3.50168
3.47341
3.44917
3.42208
3.39484
3.36863
3.34334
3.319
3.29565
3.27335
3.25213
3.23203
3.21309
3.19534
3.17882
3.16355
3.14956
3.13686
3.12549
3.11546
3.10679
3.09947
3.09344
3.08864
3.08505
3.08261
3.08123
3.08081
3.08124
3.08237
3.08406
3.08619
3.0886
3.09117
3.09381
3.0964
3.09889
3.10123
3.10338
3.10532
3.10706
3.10861
3.11
3.11124
3.11238
3.11344
3.11446
3.11547
3.11649
3.11756
3.1187
3.11993
3.12129
3.12282
3.12454
3.12642
3.12851
3.13228
0.0093784
0.0114562
0.0177381
0.0213879
0.0238069
0.0238768
0.0210513
0.0143477
0.00262252
-0.0155819
-0.0421046
-0.0790864
-0.128993
-0.194281
-0.276905
-0.377571
-0.494612
-0.623124
-0.754456
-0.87713
-0.979603
-1.05444
-1.10273
-1.13291
-1.15425
-1.17243
-1.19064
-1.21013
-1.23113
-1.25331
-1.27615
-1.29906
-1.32163
-1.34349
-1.36431
-1.38393
-1.40223
-1.41916
-1.43475
-1.44903
-1.46209
-1.47403
-1.48504
-1.49536
-1.50533
-1.51545
-1.52636
-1.53887
-1.55401
-1.57298
-1.5972
-1.62823
-1.6678
-1.7177
-1.77975
-1.85573
-1.94716
-2.05548
-2.18136
-2.32478
-2.48526
-2.66113
-2.85405
-3.06556
-3.29385
-3.53688
-3.79182
-4.05563
-4.32495
-4.59609
-4.86507
-5.12773
-5.37986
-5.61729
-5.83595
-6.03201
-6.20195
-6.34261
-6.45126
-6.52567
-6.56409
-6.5649
-6.52925
-6.46027
-6.35894
-6.2253
-6.06014
-5.86449
-5.63937
-5.3855
-5.10332
-4.79331
-4.45726
-4.10022
-3.73023
-3.35158
-2.95399
-2.49285
-1.91185
-1.19878
-0.552059
0.0726654
0.669055
1.20781
1.6473
1.95479
2.10907
2.10322
1.9347
1.61058
1.15555
0.607576
0.000555035
-0.602814
-1.16492
-1.64398
-1.91741
-1.8957
-1.54752
-0.898565
-0.0260422
0.954749
1.91482
2.73752
3.3389
3.68598
3.79041
3.73257
3.59838
3.53691
3.49765
3.47122
3.44316
3.41536
3.38906
3.36405
3.34011
3.31723
3.29536
3.27446
3.2545
3.23546
3.21736
3.20021
3.18404
3.16891
3.15486
3.14197
3.1303
3.11989
3.11083
3.10312
3.09675
3.09169
3.08791
3.08534
3.08389
3.08343
3.08384
3.08496
3.08664
3.08873
3.09109
3.09359
3.09612
3.09859
3.10093
3.10311
3.10509
3.10688
3.10847
3.10989
3.11116
3.11232
3.1134
3.11443
3.11544
3.11647
3.11754
3.11868
3.11991
3.12126
3.12278
3.12451
3.1264
3.12842
3.13262
0.0094429
0.0116214
0.0180106
0.021775
0.0243618
0.0246514
0.0221114
0.0157677
0.0044862
-0.0131831
-0.0390758
-0.0753352
-0.12444
-0.188878
-0.270658
-0.370572
-0.487076
-0.615415
-0.747087
-0.870709
-0.974721
-1.05153
-1.10193
-1.13408
-1.15695
-1.1761
-1.19468
-1.21401
-1.23441
-1.25574
-1.27761
-1.29958
-1.32133
-1.34251
-1.3628
-1.38198
-1.39987
-1.41638
-1.43144
-1.44503
-1.45719
-1.46796
-1.47748
-1.48595
-1.49367
-1.50109
-1.50883
-1.51768
-1.52864
-1.54294
-1.56196
-1.58733
-1.62077
-1.66416
-1.71937
-1.78833
-1.87254
-1.97385
-2.09269
-2.22676
-2.37475
-2.54018
-2.72522
-2.92827
-3.14755
-3.38096
-3.62576
-3.87882
-4.13663
-4.39536
-4.65092
-4.89913
-5.13579
-5.35679
-5.55823
-5.73655
-5.88855
-6.01154
-6.10335
-6.1624
-6.18771
-6.17826
-6.13549
-6.06196
-5.95853
-5.82622
-5.6667
-5.48194
-5.27406
-5.04494
-4.79564
-4.52566
-4.23283
-3.91519
-3.57556
-3.22154
-2.85053
-2.40377
-1.7877
-0.839089
-0.234864
0.336804
0.800595
1.15864
1.36945
1.42406
1.32073
1.07621
0.713686
0.262167
-0.226795
-0.81893
-1.55676
-2.35101
-3.08813
-3.67577
-4.02728
-4.05939
-3.68091
-2.91396
-1.83151
-0.553231
0.775218
2.00565
2.99922
3.66852
3.94933
3.94494
3.60107
3.52421
3.48493
3.45967
3.43092
3.40461
3.38034
3.35761
3.33611
3.31563
3.29601
3.27713
3.2589
3.24129
3.22427
3.20788
3.19217
3.17721
3.16308
3.1499
3.13776
3.12676
3.11699
3.10852
3.10139
3.09558
3.09108
3.08784
3.08579
3.08481
3.08478
3.08554
3.08695
3.08884
3.09106
3.09347
3.09595
3.09841
3.10076
3.10295
3.10495
3.10676
3.10838
3.10982
3.11112
3.11229
3.11338
3.11442
3.11544
3.11647
3.11754
3.11868
3.11992
3.12129
3.12282
3.12457
3.12645
3.12838
3.13295
0.00947841
0.0117475
0.0182157
0.0220823
0.0248148
0.0253007
0.023019
0.0170059
0.00613737
-0.0110273
-0.0363171
-0.0718744
-0.120187
-0.183769
-0.264683
-0.363812
-0.479743
-0.607889
-0.739928
-0.864598
-0.970334
-1.04934
-1.10202
-1.13615
-1.16043
-1.18037
-1.19914
-1.21813
-1.23779
-1.25812
-1.2789
-1.29983
-1.32069
-1.34115
-1.36089
-1.37967
-1.39724
-1.41342
-1.4281
-1.44118
-1.45262
-1.46243
-1.47067
-1.4775
-1.48316
-1.48806
-1.49275
-1.49801
-1.50479
-1.51428
-1.52787
-1.54717
-1.57393
-1.61005
-1.65748
-1.71831
-1.79403
-1.88729
-1.99747
-2.1191
-2.2556
-2.41274
-2.58905
-2.78349
-2.99448
-3.21992
-3.45714
-3.70302
-3.95403
-4.20632
-4.4558
-4.69828
-4.92955
-5.14553
-5.34236
-5.51652
-5.66494
-5.78505
-5.87486
-5.93298
-5.95877
-5.95181
-5.91345
-5.84576
-5.74989
-5.62759
-5.48116
-5.31341
-5.12756
-4.92711
-4.71532
-4.49426
-4.26306
-4.01596
-3.74425
-3.44337
-3.12247
-2.685
-2.0766
-0.641179
-0.200279
0.38722
0.683542
0.865695
0.865251
0.698326
0.376197
-0.0625782
-0.575983
-1.12281
-1.70114
-2.35016
-3.09135
-3.91799
-4.71314
-5.34398
-5.73175
-5.7837
-5.38489
-4.54762
-3.34328
-1.88877
-0.32682
1.20146
2.53365
3.55913
4.03776
4.24665
3.53239
3.4876
3.45518
3.43345
3.40722
3.38516
3.36486
3.34599
3.32811
3.31089
3.29407
3.2775
3.2611
3.24485
3.22881
3.21303
3.19762
3.18272
3.16847
3.155
3.14247
3.13101
3.12075
3.11176
3.10414
3.09786
3.09293
3.08929
3.08689
3.0856
3.08531
3.08587
3.08712
3.0889
3.09104
3.0934
3.09585
3.0983
3.10065
3.10285
3.10487
3.10669
3.10833
3.10978
3.11109
3.11227
3.11336
3.1144
3.11542
3.11646
3.11753
3.11866
3.11988
3.12123
3.12272
3.12442
3.12626
3.12815
3.13321
0.0095011
0.0118422
0.0183681
0.0223221
0.0251774
0.0258319
0.0237738
0.0180497
0.00754536
-0.00917027
-0.033919
-0.0688408
-0.116431
-0.179226
-0.259343
-0.357749
-0.473164
-0.601171
-0.733622
-0.859383
-0.966874
-1.04806
-1.10291
-1.13878
-1.16419
-1.18466
-1.20343
-1.22196
-1.24083
-1.26016
-1.27986
-1.29978
-1.31977
-1.33955
-1.3588
-1.37723
-1.39453
-1.41048
-1.42488
-1.43756
-1.44843
-1.45742
-1.46456
-1.46992
-1.47371
-1.47626
-1.47808
-1.47989
-1.48259
-1.48732
-1.49545
-1.50854
-1.52835
-1.5568
-1.59587
-1.64783
-1.71414
-1.7987
-1.89787
-2.00712
-2.13411
-2.28207
-2.4492
-2.63502
-2.83808
-3.05642
-3.28752
-3.52839
-3.77557
-4.02527
-4.27345
-4.51592
-4.74843
-4.96688
-5.16734
-5.34622
-5.50038
-5.62718
-5.72457
-5.7912
-5.82638
-5.83015
-5.80367
-5.74863
-5.66651
-5.55941
-5.43001
-5.28158
-5.11803
-4.9439
-4.76435
-4.58484
-4.41024
-4.24201
-4.07443
-3.88275
-3.67209
-3.25862
-2.76203
-0.590671
-0.515999
0.221902
0.354544
0.430909
0.286519
-0.0312693
-0.502988
-1.0667
-1.6622
-2.24887
-2.85102
-3.49664
-4.20554
-5.00852
-5.81914
-6.47602
-6.89482
-6.94967
-6.55351
-5.69302
-4.44357
-2.92244
-1.27193
0.393775
1.91785
3.26064
3.88319
4.53064
3.37958
3.40957
3.39469
3.38214
3.36724
3.35476
3.34232
3.32975
3.31676
3.30338
3.2895
3.27514
3.26036
3.2453
3.23007
3.21485
3.19978
3.18505
3.17084
3.15733
3.14468
3.13305
3.12257
3.11336
3.10551
3.09902
3.09388
3.09005
3.08746
3.08602
3.08559
3.08604
3.08721
3.08892
3.09102
3.09335
3.09579
3.09823
3.10058
3.10279
3.10482
3.10665
3.10829
3.10976
3.11107
3.11225
3.11335
3.1144
3.11542
3.11646
3.11753
3.11867
3.1199
3.12127
3.12282
3.12464
3.12669
3.12874
3.13379
0.00950998
0.0118959
0.0184595
0.022478
0.0254233
0.0262045
0.024317
0.0188164
0.00859767
-0.00776168
-0.0320763
-0.0664834
-0.113484
-0.175637
-0.255102
-0.352929
-0.467954
-0.595908
-0.728802
-0.855599
-0.964684
-1.04776
-1.10434
-1.14147
-1.16759
-1.18829
-1.20689
-1.22493
-1.24308
-1.26156
-1.28039
-1.2995
-1.3188
-1.33805
-1.35692
-1.37509
-1.39222
-1.40801
-1.4222
-1.43459
-1.445
-1.45333
-1.45954
-1.46364
-1.4658
-1.46628
-1.46554
-1.46421
-1.46315
-1.46345
-1.4664
-1.47353
-1.48655
-1.50735
-1.53791
-1.58051
-1.63673
-1.71108
-1.79919
-1.89845
-2.01704
-2.15622
-2.31505
-2.49329
-2.68968
-2.90248
-3.12934
-3.3674
-3.61336
-3.8635
-4.11384
-4.36018
-4.59829
-4.82394
-5.03313
-5.22212
-5.38757
-5.52666
-5.63716
-5.71749
-5.76671
-5.78487
-5.773
-5.73251
-5.66504
-5.57282
-5.45873
-5.32628
-5.17961
-5.02364
-4.86416
-4.70782
-4.5623
-4.43518
-4.33472
-4.25073
-4.20382
-3.92917
-3.66306
-0.591902
-1.02116
-0.10704
-0.0872534
-0.0548588
-0.282166
-0.678326
-1.21685
-1.8165
-2.40825
-2.95592
-3.49446
-4.06315
-4.70512
-5.45701
-6.2783
-6.99725
-7.46247
-7.57221
-7.2477
-6.43871
-5.22559
-3.72582
-2.08996
-0.40843
1.16411
2.73603
3.44976
4.81499
3.24252
3.35552
3.34256
3.34295
3.33891
3.33456
3.32816
3.32025
3.31075
3.29979
3.2876
3.27441
3.26044
3.24591
3.23103
3.21601
3.20106
3.18636
3.17212
3.15854
3.1458
3.13406
3.12346
3.11413
3.10615
3.09957
3.09433
3.09041
3.08774
3.08622
3.08574
3.08614
3.08727
3.08895
3.09103
3.09334
3.09577
3.0982
3.10055
3.10276
3.10479
3.10662
3.10827
3.10974
3.11105
3.11223
3.11333
3.11438
3.1154
3.11644
3.11751
3.11864
3.11987
3.12122
3.12272
3.1244
3.12611
3.12721
3.13172
0.00952371
0.0119382
0.0185253
0.0225823
0.02558
0.026433
0.0246402
0.0192622
0.00919847
-0.00696912
-0.0310521
-0.0651873
-0.11188
-0.173704
-0.252846
-0.350399
-0.465268
-0.593264
-0.726476
-0.853911
-0.963906
-1.04799
-1.10543
-1.14313
-1.16951
-1.19022
-1.20863
-1.22635
-1.24407
-1.26207
-1.28042
-1.29907
-1.318
-1.33696
-1.35562
-1.37364
-1.39067
-1.40635
-1.42041
-1.4326
-1.44272
-1.45062
-1.45624
-1.45956
-1.46071
-1.45992
-1.45761
-1.4544
-1.45109
-1.44874
-1.44864
-1.45228
-1.46139
-1.47784
-1.50365
-1.54111
-1.59195
-1.66051
-1.74233
-1.83567
-1.94839
-2.08139
-2.23436
-2.4071
-2.59855
-2.80711
-3.03057
-3.26622
-3.51086
-3.76088
-4.01236
-4.26116
-4.50305
-4.73381
-4.94935
-5.14587
-5.31993
-5.46854
-5.58934
-5.6806
-5.74133
-5.77144
-5.77168
-5.74331
-5.68796
-5.60786
-5.50587
-5.38543
-5.25068
-5.10646
-4.95851
-4.81355
-4.68005
-4.56813
-4.49626
-4.47024
-4.58115
-4.52441
-5.64808
-1.13861
-1.5065
-0.650195
-0.692415
-0.700411
-0.952888
-1.32963
-1.80255
-2.28934
-2.72958
-3.10075
-3.45585
-3.86285
-4.39246
-5.09363
-5.942
-6.78563
-7.41627
-7.70578
-7.56798
-6.93608
-5.87927
-4.50478
-2.97009
-1.35272
0.18107
1.8399
2.67058
4.82559
2.6831
3.2231
3.26538
3.3103
3.32105
3.32447
3.32204
3.31661
3.30866
3.29854
3.28683
3.27395
3.26019
3.24581
3.23104
3.2161
3.2012
3.18654
3.17233
3.15876
3.14601
3.13427
3.12366
3.11431
3.10632
3.09971
3.09447
3.09054
3.08785
3.08632
3.08582
3.08621
3.08732
3.08899
3.09106
3.09337
3.09579
3.09821
3.10056
3.10276
3.10479
3.10662
3.10827
3.10973
3.11104
3.11223
3.11332
3.11437
3.11539
3.11642
3.11749
3.11863
3.11985
3.12121
3.12275
3.12451
3.12648
3.12858
3.13924
7.40252
7.35585
7.34512
7.33566
7.32732
7.32
7.31328
7.30682
7.30013
7.2926
7.28332
7.27109
7.25436
7.23103
7.19817
7.15197
7.08754
6.99916
6.88036
6.72711
6.54716
6.38125
6.25231
6.09615
5.81599
5.37113
4.77264
4.05672
3.26901
2.45621
1.66144
0.92172
0.266828
-0.280928
-0.705006
-0.996195
-1.13498
-1.1553
-0.820573
7.36129
7.3464
7.34182
7.3343
7.3267
7.31971
7.31315
7.30677
7.30013
7.29263
7.28339
7.27122
7.25458
7.23135
7.19864
7.15265
7.08846
7.0003
6.88141
6.72739
6.54873
6.36545
6.16222
5.89027
5.48901
4.93877
4.25731
3.4816
2.65655
1.82791
1.03785
0.322209
-0.290741
-0.780723
-1.13447
-1.34746
-1.4149
-1.36384
-1.21647
7.37167
7.354
7.34522
7.33592
7.32754
7.32018
7.31344
7.30697
7.3003
7.29281
7.28363
7.2716
7.25519
7.23232
7.20017
7.155
7.09189
7.00496
6.88689
6.73359
6.55911
6.3451
6.03549
5.60542
5.04003
4.34753
3.55495
2.70049
1.8279
0.981204
0.200679
-0.479776
-1.03378
-1.44274
-1.69469
-1.78477
-1.70734
-1.47854
-1.0669
7.37021
7.35188
7.34354
7.33491
7.32697
7.31985
7.31326
7.30688
7.30029
7.2929
7.28385
7.27204
7.25599
7.23369
7.20242
7.15853
7.09715
7.01222
6.89526
6.74442
6.56855
6.31247
5.92345
5.38732
4.70452
3.9011
3.01472
2.0884
1.16738
0.295507
-0.487868
-1.15008
-1.66621
-2.01941
-2.20028
-2.20719
-2.04087
-1.72257
-1.25803
7.36932
7.35224
7.34393
7.33525
7.32722
7.32004
7.3134
7.30702
7.30046
7.29314
7.28425
7.27273
7.25717
7.23569
7.20569
7.16371
7.10497
7.02319
6.90886
6.76493
6.58052
6.27407
5.81814
5.20826
4.45042
3.57689
2.63
1.65573
0.70054
-0.191588
-0.981697
-1.63762
-2.13491
-2.45697
-2.59477
-2.54631
-2.31199
-1.91669
-1.37559
7.36861
7.35237
7.34386
7.33515
7.32715
7.31999
7.31338
7.30705
7.30056
7.29338
7.28473
7.27361
7.25873
7.23836
7.21011
7.1708
7.11588
7.03872
6.93061
6.79702
6.59542
6.23738
5.721
5.05073
4.2401
3.32374
2.34411
1.34673
0.377093
-0.522137
-1.31339
-1.96576
-2.4559
-2.76808
-2.89423
-2.83179
-2.58379
-2.18013
-1.63683
7.36795
7.35248
7.34383
7.33514
7.32716
7.32001
7.31343
7.30714
7.30075
7.29373
7.28538
7.2748
7.2608
7.24189
7.21596
7.18023
7.13053
7.06024
6.96342
6.84097
6.61826
6.2157
5.64989
4.93403
4.09022
3.15417
2.16647
1.16995
0.207006
-0.682788
-1.46473
-2.11042
-2.59842
-2.91448
-3.05118
-3.00251
-2.79474
-2.44565
-1.95178
7.36733
7.35259
7.34381
7.33512
7.32716
7.32003
7.31348
7.30725
7.30098
7.29418
7.28621
7.27629
7.26341
7.24631
7.22331
7.19215
7.14919
7.0888
7.00815
6.89634
6.65493
6.22117
5.62292
4.88219
4.02854
3.09781
2.1277
1.15683
0.222903
-0.639419
-1.39997
-2.03454
-2.52514
-2.86046
-3.03396
-3.04131
-2.91622
-2.67148
-2.29273
7.36675
7.3527
7.3438
7.33512
7.32717
7.32006
7.31355
7.3074
7.30127
7.29473
7.28723
7.27811
7.26657
7.25167
7.23218
7.20659
7.17189
7.12479
7.06425
6.963
6.71102
6.26361
5.65505
4.91566
4.08008
3.18321
2.25878
1.34006
0.458883
-0.356475
-1.08151
-1.69752
-2.19108
-2.55457
-2.77949
-2.8946
-2.90987
-2.80492
-2.5917
7.36624
7.35279
7.34379
7.33511
7.32718
7.3201
7.31363
7.30757
7.30161
7.29539
7.28844
7.28025
7.27026
7.25788
7.24243
7.22327
7.19833
7.16752
7.12961
7.04023
6.78926
6.34731
5.75268
5.0426
4.25408
3.41988
2.56859
1.72694
0.920094
0.168076
-0.511219
-1.10646
-1.60898
-2.01405
-2.3312
-2.58127
-2.74756
-2.8156
-2.80548
7.36579
7.35287
7.34378
7.33512
7.32721
7.32015
7.31373
7.30778
7.30202
7.29615
7.28982
7.28268
7.2744
7.2648
7.25379
7.24164
7.22765
7.21508
7.20047
7.12556
6.88761
6.46844
5.90936
5.25248
4.53474
3.78575
3.02735
2.27776
1.55561
0.870872
0.238948
-0.335212
-0.839612
-1.30051
-1.74235
-2.13286
-2.45574
-2.71628
-2.93054
7.36544
7.35293
7.34378
7.33513
7.32723
7.3202
7.31385
7.308
7.30246
7.29699
7.29135
7.28534
7.27889
7.27221
7.26582
7.26086
7.2584
7.2645
7.27193
7.21418
6.99856
6.614
6.10437
5.51459
4.87969
4.22574
3.56578
2.90849
2.27659
1.66201
1.07429
0.514603
-0.0498443
-0.604791
-1.13877
-1.65124
-2.13933
-2.59809
-3.0408
7.36518
7.35298
7.34378
7.33513
7.32726
7.32026
7.31397
7.30825
7.30295
7.2979
7.29298
7.28814
7.28357
7.27981
7.27797
7.27994
7.28861
7.31207
7.33873
7.29932
7.11022
6.76369
6.30499
5.77873
5.21577
4.64694
4.08117
3.50552
2.92089
2.34748
1.76208
1.17247
0.576688
-0.0368428
-0.667702
-1.31086
-1.95759
-2.59682
-3.24048
7.36502
7.35301
7.34378
7.33514
7.32728
7.32031
7.31409
7.30851
7.30346
7.29885
7.29466
7.291
7.28827
7.2873
7.28966
7.29784
7.3162
7.35406
7.39594
7.37357
7.20881
6.89263
6.46968
5.99079
5.49679
5.00514
4.47093
3.90467
3.34636
2.77989
2.18947
1.56493
0.903526
0.203949
-0.530047
-1.29101
-2.06721
-2.84357
-3.63066
7.36496
7.35301
7.34378
7.33515
7.32731
7.32037
7.31422
7.30877
7.30397
7.2998
7.29634
7.29383
7.29282
7.29438
7.30037
7.31361
7.33938
7.38738
7.43977
7.43063
7.28201
6.98617
6.5941
6.14629
5.68538
5.21602
4.68443
4.0964
3.49245
2.85984
2.19171
1.48391
0.735072
-0.0533903
-0.875762
-1.72227
-2.57891
-3.42832
-4.27948
7.36502
7.35301
7.34378
7.33516
7.32733
7.32042
7.31434
7.30902
7.30447
7.30073
7.29797
7.29653
7.29708
7.3008
7.30968
7.32661
7.35703
7.4103
7.46821
7.46685
7.33122
7.0528
6.67779
6.23442
5.74233
5.22263
4.62609
3.94405
3.23462
2.49102
1.71136
0.89682
0.0510746
-0.81976
-1.70656
-2.59738
-3.47732
-4.32897
-5.16079
7.36518
7.35298
7.34379
7.33517
7.32735
7.32047
7.31445
7.30927
7.30496
7.30162
7.2995
7.29903
7.30094
7.30641
7.31739
7.33655
7.36883
7.42263
7.48125
7.48563
7.36165
7.08958
6.69661
6.20856
5.64108
5.00822
4.30933
3.51812
2.66005
1.76886
0.850983
-0.0845114
-1.02706
-1.96516
-2.88619
-3.77656
-4.62158
-5.40584
-6.13965
7.36544
7.35294
7.3438
7.33517
7.32736
7.32051
7.31456
7.30949
7.3054
7.30244
7.30091
7.30128
7.30431
7.31113
7.32344
7.34353
7.37526
7.42553
7.48087
7.48952
7.368
7.0848
6.66058
6.11272
5.45282
4.69119
3.83662
2.89916
1.89681
0.861332
-0.190623
-1.23977
-2.26236
-3.24069
-4.1589
-5.00254
-5.75822
-6.41494
-6.98343
7.3658
7.35288
7.34381
7.33518
7.32737
7.32055
7.31465
7.3097
7.30581
7.30317
7.30215
7.30325
7.30719
7.31496
7.32797
7.34792
7.37736
7.42117
7.47016
7.47896
7.35598
7.06084
6.60456
5.99618
5.2452
4.36414
3.36962
2.28449
1.13884
-0.0328374
-1.2007
-2.33447
-3.40617
-4.39301
-5.27609
-6.0402
-6.67379
-7.17338
-7.52307
7.36624
7.3528
7.34382
7.33519
7.32739
7.32059
7.31474
7.30988
7.30616
7.30382
7.30323
7.30492
7.30956
7.31798
7.3312
7.35029
7.37644
7.41232
7.45217
7.45951
7.33825
7.03812
6.56063
5.90608
5.08172
4.10287
2.99397
1.78826
0.52581
-0.750523
-2.00022
-3.18549
-4.27337
-5.23697
-6.0554
-6.7133
-7.2009
-7.51912
-7.63983
7.36676
7.35271
7.34383
7.3352
7.3274
7.32062
7.31481
7.31003
7.30646
7.30436
7.30414
7.3063
7.31147
7.32028
7.33338
7.35121
7.37377
7.40157
7.4305
7.43692
7.32439
7.0322
6.55288
5.87694
5.00863
3.96551
2.77846
1.48958
0.148156
-1.19411
-2.48779
-3.68812
-4.75717
-5.66496
-6.38948
-6.91606
-7.23724
-7.356
-7.24979
7.36733
7.3526
7.34385
7.33521
7.32741
7.32064
7.31487
7.31016
7.30671
7.30481
7.30487
7.30741
7.31297
7.322
7.33478
7.35121
7.37036
7.39098
7.40885
7.41501
7.31967
7.05088
6.59248
5.92442
5.04668
3.97793
2.754
1.4242
0.0458876
-1.32129
-2.62047
-3.80107
-4.82117
-5.64869
-6.26143
-6.64608
-6.79899
-6.723
-6.40808
7.36796
7.35249
7.34387
7.33524
7.32743
7.32067
7.31492
7.31026
7.30691
7.30516
7.30546
7.30828
7.31411
7.32324
7.33563
7.3507
7.36686
7.38179
7.38995
7.39545
7.32459
7.09377
6.67792
6.0467
5.19446
4.1393
2.91983
1.59046
0.214835
-1.1408
-2.4135
-3.54781
-4.49857
-5.23222
-5.727
-5.97183
-5.96995
-5.70879
-5.20601
7.36862
7.35238
7.3439
7.33525
7.32743
7.32068
7.31495
7.31033
7.30705
7.30543
7.30589
7.30893
7.31494
7.32409
7.33609
7.34996
7.36364
7.3744
7.3753
7.37837
7.33571
7.1541
6.79876
6.23107
5.43833
4.43542
3.26053
1.97012
0.631722
-0.683658
-1.90816
-2.98202
-3.85685
-4.49728
-4.88132
-4.99947
-4.85754
-4.45087
-3.80737
7.36933
7.35225
7.34397
7.33535
7.32752
7.32075
7.31502
7.31043
7.30719
7.30564
7.30623
7.30941
7.31555
7.32469
7.33633
7.34922
7.36093
7.3687
7.36518
7.36339
7.34719
7.22187
6.94209
6.4645
5.76731
4.85763
3.76833
2.55386
1.28254
0.0281557
-1.13756
-2.1506
-2.95844
-3.52217
-3.81712
-3.83276
-3.574
-3.04834
-2.29223
7.37022
7.35189
7.34358
7.33502
7.32727
7.32059
7.31492
7.31037
7.3072
7.30573
7.30641
7.30971
7.31593
7.32505
7.33641
7.34855
7.35879
7.36429
7.35848
7.34999
7.35232
7.2867
7.09962
6.7448
6.18613
5.41552
4.45435
3.35028
2.16913
0.985422
-0.126054
-1.09674
-1.86863
-2.39677
-2.65013
-2.61315
-2.28459
-1.6799
-0.838397
7.37168
7.35401
7.34526
7.33603
7.32785
7.32093
7.31513
7.31052
7.30733
7.30587
7.3066
7.30995
7.31623
7.32532
7.33649
7.34809
7.3573
7.36109
7.35378
7.33797
7.34671
7.34616
7.28652
7.10631
6.74304
6.16496
5.37638
4.4144
3.33971
2.22602
1.15067
0.187416
-0.598075
-1.15077
-1.42658
-1.39445
-1.03039
-0.334523
0.670809
7.3613
7.34641
7.34186
7.33441
7.32701
7.32046
7.31486
7.31035
7.30723
7.30583
7.30661
7.31002
7.31633
7.32542
7.33647
7.34777
7.35634
7.359
7.35051
7.32668
7.33072
7.4041
7.51467
7.55738
7.43167
7.07887
6.48489
5.67487
4.70292
3.64087
2.56802
1.56324
0.69986
0.0432212
-0.349155
-0.427914
-0.148177
0.512905
1.51355
7.40252
7.35586
7.34516
7.33577
7.32763
7.32076
7.315
7.31042
7.30725
7.30583
7.30661
7.31002
7.31633
7.32541
7.33642
7.34762
7.35598
7.35825
7.34972
7.32328
7.32412
7.44352
7.67281
7.87791
7.92946
7.74903
7.30872
6.62347
5.74025
4.72665
3.66057
2.6221
1.6883
0.931274
0.420245
0.224086
0.431687
1.14077
2.64503
)
;

boundaryField
{
    frontandback
    {
        type            empty;
    }
    in1
    {
        type            calculated;
        value           nonuniform List<scalar> 
24
(
3.13924
3.13172
3.1338
3.13321
3.13295
3.13262
3.13228
3.13192
3.13158
3.13129
3.13107
3.13096
3.13096
3.13107
3.13129
3.13158
3.13192
3.13228
3.13262
3.13295
3.13321
3.13379
3.13172
3.13924
)
;
    }
    in2
    {
        type            calculated;
        value           nonuniform List<scalar> 
29
(
7.40252
7.36129
7.37167
7.37021
7.36932
7.36861
7.36795
7.36733
7.36675
7.36624
7.36579
7.36544
7.36518
7.36502
7.36496
7.36502
7.36518
7.36544
7.3658
7.36624
7.36676
7.36733
7.36796
7.36862
7.36933
7.37022
7.37168
7.3613
7.40252
)
;
    }
    out
    {
        type            calculated;
        value           uniform 0;
    }
    walls
    {
        type            calculated;
        value           nonuniform List<scalar> 
423
(
-0.00674707
0.00451091
0.00584419
0.00698423
0.00492879
-0.000135567
-0.00924504
-0.023318
-0.0435336
-0.0712345
-0.107913
-0.15508
-0.21418
-0.286248
-0.371608
-0.469384
-0.577033
-0.690136
-0.802502
-0.907076
-0.9973
-1.06879
-1.12045
-1.1543
-1.17448
-1.18608
-1.19406
-1.20241
-1.21377
-1.22932
-1.24905
-1.27217
-1.29768
-1.32472
-1.35274
-1.38146
-1.41085
-1.44107
-1.4724
-1.50519
-1.5398
-1.57656
-1.61576
-1.65762
-1.70224
-1.74962
-1.79966
-1.85211
-1.90659
-1.96259
-2.01949
-2.07653
-2.13287
-2.18757
-2.23963
-2.28803
-2.3317
-2.36958
-2.40067
-2.424
-2.43866
-2.44386
-2.43891
-2.42322
-2.39636
-2.35798
-2.308
-2.24648
-2.17313
-2.08752
-1.98965
-1.87986
-1.75856
-1.62632
-1.48373
-1.33146
-1.17018
-1.00056
-0.823244
-0.638811
-0.447765
-0.25052
-0.0473843
0.161445
0.375875
0.595899
0.821573
1.05297
1.29014
1.53304
1.78147
2.03497
2.29275
2.55357
2.81566
3.07686
3.33472
3.58412
3.81915
4.0604
4.32448
4.60531
4.87843
5.10645
5.24746
5.26293
5.1276
4.83489
4.38247
3.86684
3.33438
2.78336
2.2758
1.85001
1.52599
1.3119
1.20018
1.17225
1.20832
1.28883
1.39382
1.50487
1.60552
1.66852
1.67621
1.65831
1.66102
1.67886
1.71253
1.76248
1.82723
1.90457
1.99187
2.08643
2.1857
2.28736
2.38936
2.49
2.58789
2.68198
2.77152
2.8559
2.93445
3.0052
3.0648
3.11041
3.14171
3.16108
3.1724
3.17914
3.18307
3.18463
3.1841
3.1819
3.17834
3.17373
3.16835
3.1625
3.15644
3.15041
3.14463
3.13924
3.13435
3.13002
3.12629
3.12314
3.12055
3.11849
3.11691
3.11576
3.115
3.11457
3.11443
3.11454
3.11485
3.11535
3.116
3.11678
3.1177
3.11874
3.11992
3.12125
3.12276
3.12452
3.12648
3.12858
3.13924
0.00952371
0.0119382
0.0185253
0.0225823
0.02558
0.026433
0.0246402
0.0192622
0.00919847
-0.00696912
-0.0310521
-0.0651873
-0.11188
-0.173704
-0.252846
-0.350399
-0.465268
-0.593264
-0.726476
-0.853911
-0.963906
-1.04799
-1.10543
-1.14313
-1.16951
-1.19022
-1.20863
-1.22635
-1.24407
-1.26207
-1.28042
-1.29907
-1.318
-1.33696
-1.35562
-1.37364
-1.39067
-1.40635
-1.42041
-1.4326
-1.44272
-1.45062
-1.45624
-1.45956
-1.46071
-1.45992
-1.45761
-1.4544
-1.45109
-1.44874
-1.44864
-1.45228
-1.46139
-1.47784
-1.50365
-1.54111
-1.59195
-1.66051
-1.74233
-1.83567
-1.94839
-2.08139
-2.23436
-2.4071
-2.59855
-2.80711
-3.03057
-3.26622
-3.51086
-3.76088
-4.01236
-4.26116
-4.50305
-4.73381
-4.94935
-5.14587
-5.31993
-5.46854
-5.58934
-5.6806
-5.74133
-5.77144
-5.77168
-5.74331
-5.68796
-5.60786
-5.50587
-5.38543
-5.25068
-5.10646
-4.95851
-4.81355
-4.68005
-4.56813
-4.49626
-4.47024
-4.58115
-4.52441
-5.64808
2.6831
3.2231
3.26538
3.3103
3.32105
3.32447
3.32204
3.31661
3.30866
3.29854
3.28683
3.27395
3.26019
3.24581
3.23104
3.2161
3.2012
3.18654
3.17233
3.15876
3.14601
3.13427
3.12366
3.11431
3.10632
3.09971
3.09447
3.09054
3.08785
3.08632
3.08582
3.08621
3.08732
3.08899
3.09106
3.09337
3.09579
3.09821
3.10056
3.10276
3.10479
3.10662
3.10827
3.10973
3.11104
3.11223
3.11332
3.11437
3.11539
3.11642
3.11749
3.11863
3.11985
3.12121
3.12275
3.12451
3.12648
3.12858
3.13924
7.40252
7.35585
7.34512
7.33566
7.32732
7.32
7.31328
7.30682
7.30013
7.2926
7.28332
7.27109
7.25436
7.23103
7.19817
7.15197
7.08754
6.99916
6.88036
6.72711
6.54716
6.38125
6.25231
6.09615
5.81599
5.37113
4.77264
4.05672
3.26901
2.45621
1.66144
0.92172
0.266828
-0.280928
-0.705006
-0.996195
-1.13498
-1.1553
-0.820573
7.40252
7.35586
7.34516
7.33577
7.32763
7.32076
7.315
7.31042
7.30725
7.30583
7.30661
7.31002
7.31633
7.32541
7.33642
7.34762
7.35598
7.35825
7.34972
7.32328
7.32412
7.44352
7.67281
7.87791
7.92946
7.74903
7.30872
6.62347
5.74025
4.72665
3.66057
2.6221
1.6883
0.931274
0.420245
0.224086
0.431687
1.14077
2.64503
)
;
    }
}


// ************************************************************************* //
