/*--------------------------------*- C++ -*----------------------------------*\
| =========                 |                                                 |
| \\      /  F ield         | OpenFOAM: The Open Source CFD Toolbox           |
|  \\    /   O peration     | Version:  2406                                  |
|   \\  /    A nd           | Website:  www.openfoam.com                      |
|    \\/     M anipulation  |                                                 |
\*---------------------------------------------------------------------------*/
FoamFile
{
    version     2.0;
    format      ascii;
    arch        "LSB;label=32;scalar=64";
    class       volScalarField;
    location    "0.1";
    object      p;
}
// * * * * * * * * * * * * * * * * * * * * * * * * * * * * * * * * * * * * * //

dimensions      [0 2 -2 0 0 0 0];

internalField   nonuniform List<scalar> 
2250
(
109.971
109.914
109.856
109.799
109.741
109.683
109.625
109.568
109.51
109.452
109.394
109.336
109.279
109.221
109.163
109.105
109.047
108.989
108.932
108.874
108.816
108.758
108.7
108.642
108.585
108.527
108.469
108.411
108.353
108.295
108.238
108.18
108.122
108.064
108.006
107.948
107.891
107.833
107.775
107.717
107.659
107.601
107.543
107.486
107.428
107.37
107.312
107.254
107.196
107.139
107.081
107.023
106.965
106.907
106.849
106.792
106.734
106.676
106.618
106.56
106.502
106.445
106.387
106.329
106.271
106.213
106.156
106.098
106.04
105.982
105.924
105.866
105.808
105.751
105.693
105.635
105.577
105.519
105.461
105.403
105.345
105.288
105.23
105.172
105.114
105.056
104.998
104.94
104.883
104.825
104.767
104.709
104.651
104.593
104.536
104.478
104.42
104.362
104.304
104.246
104.189
104.131
104.073
104.015
103.957
103.899
103.841
103.784
103.726
103.668
103.61
103.552
103.494
103.436
103.379
103.321
103.263
103.205
103.147
103.089
103.032
102.974
102.916
102.858
102.8
102.742
102.685
102.627
102.569
102.511
102.453
102.395
102.337
102.28
102.222
102.164
102.106
102.048
101.99
101.933
101.875
101.817
101.759
101.701
101.643
101.586
101.528
101.47
101.412
101.354
109.971
109.914
109.856
109.798
109.741
109.683
109.625
109.568
109.51
109.452
109.394
109.336
109.279
109.221
109.163
109.105
109.047
108.989
108.932
108.874
108.816
108.758
108.7
108.642
108.585
108.527
108.469
108.411
108.353
108.295
108.238
108.18
108.122
108.064
108.006
107.948
107.891
107.833
107.775
107.717
107.659
107.601
107.543
107.486
107.428
107.37
107.312
107.254
107.196
107.139
107.081
107.023
106.965
106.907
106.849
106.792
106.734
106.676
106.618
106.56
106.502
106.445
106.387
106.329
106.271
106.213
106.155
106.098
106.04
105.982
105.924
105.866
105.808
105.75
105.693
105.635
105.577
105.519
105.461
105.403
105.345
105.288
105.23
105.172
105.114
105.056
104.998
104.94
104.883
104.825
104.767
104.709
104.651
104.593
104.536
104.478
104.42
104.362
104.304
104.246
104.188
104.131
104.073
104.015
103.957
103.899
103.841
103.784
103.726
103.668
103.61
103.552
103.494
103.436
103.379
103.321
103.263
103.205
103.147
103.089
103.032
102.974
102.916
102.858
102.8
102.742
102.685
102.627
102.569
102.511
102.453
102.395
102.337
102.28
102.222
102.164
102.106
102.048
101.99
101.933
101.875
101.817
101.759
101.701
101.643
101.586
101.528
101.47
101.412
101.354
109.971
109.914
109.856
109.798
109.741
109.683
109.625
109.567
109.51
109.452
109.394
109.336
109.279
109.221
109.163
109.105
109.047
108.989
108.932
108.874
108.816
108.758
108.7
108.642
108.585
108.527
108.469
108.411
108.353
108.295
108.238
108.18
108.122
108.064
108.006
107.948
107.891
107.833
107.775
107.717
107.659
107.601
107.543
107.486
107.428
107.37
107.312
107.254
107.196
107.139
107.081
107.023
106.965
106.907
106.849
106.792
106.734
106.676
106.618
106.56
106.502
106.445
106.387
106.329
106.271
106.213
106.155
106.098
106.04
105.982
105.924
105.866
105.808
105.75
105.693
105.635
105.577
105.519
105.461
105.403
105.345
105.288
105.23
105.172
105.114
105.056
104.998
104.94
104.883
104.825
104.767
104.709
104.651
104.593
104.536
104.478
104.42
104.362
104.304
104.246
104.188
104.131
104.073
104.015
103.957
103.899
103.841
103.784
103.726
103.668
103.61
103.552
103.494
103.436
103.379
103.321
103.263
103.205
103.147
103.089
103.032
102.974
102.916
102.858
102.8
102.742
102.685
102.627
102.569
102.511
102.453
102.395
102.337
102.28
102.222
102.164
102.106
102.048
101.99
101.933
101.875
101.817
101.759
101.701
101.643
101.585
101.528
101.47
101.412
101.354
109.971
109.914
109.856
109.798
109.741
109.683
109.625
109.567
109.51
109.452
109.394
109.336
109.278
109.221
109.163
109.105
109.047
108.989
108.932
108.874
108.816
108.758
108.7
108.642
108.585
108.527
108.469
108.411
108.353
108.295
108.238
108.18
108.122
108.064
108.006
107.948
107.891
107.833
107.775
107.717
107.659
107.601
107.543
107.486
107.428
107.37
107.312
107.254
107.196
107.139
107.081
107.023
106.965
106.907
106.849
106.792
106.734
106.676
106.618
106.56
106.502
106.445
106.387
106.329
106.271
106.213
106.155
106.098
106.04
105.982
105.924
105.866
105.808
105.75
105.693
105.635
105.577
105.519
105.461
105.403
105.345
105.288
105.23
105.172
105.114
105.056
104.998
104.94
104.883
104.825
104.767
104.709
104.651
104.593
104.536
104.478
104.42
104.362
104.304
104.246
104.188
104.131
104.073
104.015
103.957
103.899
103.841
103.784
103.726
103.668
103.61
103.552
103.494
103.436
103.379
103.321
103.263
103.205
103.147
103.089
103.032
102.974
102.916
102.858
102.8
102.742
102.685
102.627
102.569
102.511
102.453
102.395
102.337
102.28
102.222
102.164
102.106
102.048
101.99
101.933
101.875
101.817
101.759
101.701
101.643
101.585
101.528
101.47
101.412
101.354
109.971
109.914
109.856
109.798
109.741
109.683
109.625
109.567
109.51
109.452
109.394
109.336
109.278
109.221
109.163
109.105
109.047
108.989
108.932
108.874
108.816
108.758
108.7
108.642
108.585
108.527
108.469
108.411
108.353
108.295
108.238
108.18
108.122
108.064
108.006
107.948
107.891
107.833
107.775
107.717
107.659
107.601
107.543
107.486
107.428
107.37
107.312
107.254
107.196
107.139
107.081
107.023
106.965
106.907
106.849
106.792
106.734
106.676
106.618
106.56
106.502
106.445
106.387
106.329
106.271
106.213
106.155
106.098
106.04
105.982
105.924
105.866
105.808
105.75
105.693
105.635
105.577
105.519
105.461
105.403
105.345
105.288
105.23
105.172
105.114
105.056
104.998
104.94
104.883
104.825
104.767
104.709
104.651
104.593
104.536
104.478
104.42
104.362
104.304
104.246
104.188
104.131
104.073
104.015
103.957
103.899
103.841
103.784
103.726
103.668
103.61
103.552
103.494
103.436
103.379
103.321
103.263
103.205
103.147
103.089
103.032
102.974
102.916
102.858
102.8
102.742
102.685
102.627
102.569
102.511
102.453
102.395
102.337
102.28
102.222
102.164
102.106
102.048
101.99
101.933
101.875
101.817
101.759
101.701
101.643
101.585
101.528
101.47
101.412
101.354
109.971
109.913
109.856
109.798
109.74
109.683
109.625
109.567
109.51
109.452
109.394
109.336
109.278
109.221
109.163
109.105
109.047
108.989
108.932
108.874
108.816
108.758
108.7
108.642
108.585
108.527
108.469
108.411
108.353
108.295
108.238
108.18
108.122
108.064
108.006
107.948
107.891
107.833
107.775
107.717
107.659
107.601
107.544
107.486
107.428
107.37
107.312
107.254
107.196
107.139
107.081
107.023
106.965
106.907
106.849
106.792
106.734
106.676
106.618
106.56
106.502
106.445
106.387
106.329
106.271
106.213
106.155
106.098
106.04
105.982
105.924
105.866
105.808
105.75
105.693
105.635
105.577
105.519
105.461
105.403
105.345
105.288
105.23
105.172
105.114
105.056
104.998
104.94
104.883
104.825
104.767
104.709
104.651
104.593
104.536
104.478
104.42
104.362
104.304
104.246
104.188
104.131
104.073
104.015
103.957
103.899
103.841
103.784
103.726
103.668
103.61
103.552
103.494
103.436
103.379
103.321
103.263
103.205
103.147
103.089
103.032
102.974
102.916
102.858
102.8
102.742
102.685
102.627
102.569
102.511
102.453
102.395
102.337
102.28
102.222
102.164
102.106
102.048
101.99
101.933
101.875
101.817
101.759
101.701
101.643
101.585
101.528
101.47
101.412
101.354
109.971
109.913
109.856
109.798
109.74
109.683
109.625
109.567
109.51
109.452
109.394
109.336
109.278
109.221
109.163
109.105
109.047
108.989
108.932
108.874
108.816
108.758
108.7
108.642
108.585
108.527
108.469
108.411
108.353
108.295
108.238
108.18
108.122
108.064
108.006
107.948
107.891
107.833
107.775
107.717
107.659
107.601
107.544
107.486
107.428
107.37
107.312
107.254
107.196
107.139
107.081
107.023
106.965
106.907
106.849
106.792
106.734
106.676
106.618
106.56
106.502
106.445
106.387
106.329
106.271
106.213
106.155
106.098
106.04
105.982
105.924
105.866
105.808
105.75
105.693
105.635
105.577
105.519
105.461
105.403
105.345
105.288
105.23
105.172
105.114
105.056
104.998
104.94
104.883
104.825
104.767
104.709
104.651
104.593
104.536
104.478
104.42
104.362
104.304
104.246
104.188
104.131
104.073
104.015
103.957
103.899
103.841
103.784
103.726
103.668
103.61
103.552
103.494
103.436
103.379
103.321
103.263
103.205
103.147
103.089
103.032
102.974
102.916
102.858
102.8
102.742
102.685
102.627
102.569
102.511
102.453
102.395
102.337
102.28
102.222
102.164
102.106
102.048
101.99
101.933
101.875
101.817
101.759
101.701
101.643
101.585
101.528
101.47
101.412
101.354
109.971
109.913
109.856
109.798
109.74
109.683
109.625
109.567
109.51
109.452
109.394
109.336
109.278
109.221
109.163
109.105
109.047
108.989
108.932
108.874
108.816
108.758
108.7
108.642
108.585
108.527
108.469
108.411
108.353
108.295
108.238
108.18
108.122
108.064
108.006
107.948
107.891
107.833
107.775
107.717
107.659
107.601
107.543
107.486
107.428
107.37
107.312
107.254
107.196
107.139
107.081
107.023
106.965
106.907
106.849
106.792
106.734
106.676
106.618
106.56
106.502
106.445
106.387
106.329
106.271
106.213
106.155
106.098
106.04
105.982
105.924
105.866
105.808
105.75
105.693
105.635
105.577
105.519
105.461
105.403
105.345
105.288
105.23
105.172
105.114
105.056
104.998
104.94
104.883
104.825
104.767
104.709
104.651
104.593
104.536
104.478
104.42
104.362
104.304
104.246
104.188
104.131
104.073
104.015
103.957
103.899
103.841
103.784
103.726
103.668
103.61
103.552
103.494
103.436
103.379
103.321
103.263
103.205
103.147
103.089
103.032
102.974
102.916
102.858
102.8
102.742
102.685
102.627
102.569
102.511
102.453
102.395
102.337
102.28
102.222
102.164
102.106
102.048
101.99
101.933
101.875
101.817
101.759
101.701
101.643
101.585
101.528
101.47
101.412
101.354
109.971
109.913
109.856
109.798
109.74
109.683
109.625
109.567
109.51
109.452
109.394
109.336
109.278
109.221
109.163
109.105
109.047
108.989
108.932
108.874
108.816
108.758
108.7
108.642
108.585
108.527
108.469
108.411
108.353
108.295
108.238
108.18
108.122
108.064
108.006
107.948
107.891
107.833
107.775
107.717
107.659
107.601
107.543
107.486
107.428
107.37
107.312
107.254
107.196
107.139
107.081
107.023
106.965
106.907
106.849
106.792
106.734
106.676
106.618
106.56
106.502
106.445
106.387
106.329
106.271
106.213
106.155
106.098
106.04
105.982
105.924
105.866
105.808
105.75
105.693
105.635
105.577
105.519
105.461
105.403
105.345
105.288
105.23
105.172
105.114
105.056
104.998
104.94
104.883
104.825
104.767
104.709
104.651
104.593
104.536
104.478
104.42
104.362
104.304
104.246
104.188
104.131
104.073
104.015
103.957
103.899
103.841
103.784
103.726
103.668
103.61
103.552
103.494
103.436
103.379
103.321
103.263
103.205
103.147
103.089
103.032
102.974
102.916
102.858
102.8
102.742
102.685
102.627
102.569
102.511
102.453
102.395
102.337
102.28
102.222
102.164
102.106
102.048
101.99
101.933
101.875
101.817
101.759
101.701
101.643
101.585
101.528
101.47
101.412
101.354
109.971
109.913
109.856
109.798
109.74
109.683
109.625
109.567
109.51
109.452
109.394
109.336
109.278
109.221
109.163
109.105
109.047
108.989
108.932
108.874
108.816
108.758
108.7
108.642
108.585
108.527
108.469
108.411
108.353
108.295
108.238
108.18
108.122
108.064
108.006
107.948
107.891
107.833
107.775
107.717
107.659
107.601
107.543
107.486
107.428
107.37
107.312
107.254
107.196
107.139
107.081
107.023
106.965
106.907
106.849
106.792
106.734
106.676
106.618
106.56
106.502
106.445
106.387
106.329
106.271
106.213
106.155
106.098
106.04
105.982
105.924
105.866
105.808
105.75
105.693
105.635
105.577
105.519
105.461
105.403
105.345
105.288
105.23
105.172
105.114
105.056
104.998
104.94
104.883
104.825
104.767
104.709
104.651
104.593
104.536
104.478
104.42
104.362
104.304
104.246
104.188
104.131
104.073
104.015
103.957
103.899
103.841
103.784
103.726
103.668
103.61
103.552
103.494
103.436
103.379
103.321
103.263
103.205
103.147
103.089
103.032
102.974
102.916
102.858
102.8
102.742
102.685
102.627
102.569
102.511
102.453
102.395
102.337
102.28
102.222
102.164
102.106
102.048
101.99
101.933
101.875
101.817
101.759
101.701
101.643
101.585
101.528
101.47
101.412
101.354
109.971
109.913
109.856
109.798
109.74
109.683
109.625
109.567
109.51
109.452
109.394
109.336
109.278
109.221
109.163
109.105
109.047
108.989
108.932
108.874
108.816
108.758
108.7
108.642
108.585
108.527
108.469
108.411
108.353
108.295
108.238
108.18
108.122
108.064
108.006
107.948
107.89
107.833
107.775
107.717
107.659
107.601
107.543
107.486
107.428
107.37
107.312
107.254
107.197
107.139
107.081
107.023
106.965
106.907
106.85
106.792
106.734
106.676
106.618
106.56
106.502
106.445
106.387
106.329
106.271
106.213
106.155
106.098
106.04
105.982
105.924
105.866
105.808
105.75
105.693
105.635
105.577
105.519
105.461
105.403
105.345
105.288
105.23
105.172
105.114
105.056
104.998
104.94
104.883
104.825
104.767
104.709
104.651
104.593
104.536
104.478
104.42
104.362
104.304
104.246
104.188
104.131
104.073
104.015
103.957
103.899
103.841
103.784
103.726
103.668
103.61
103.552
103.494
103.436
103.379
103.321
103.263
103.205
103.147
103.089
103.032
102.974
102.916
102.858
102.8
102.742
102.685
102.627
102.569
102.511
102.453
102.395
102.337
102.28
102.222
102.164
102.106
102.048
101.99
101.933
101.875
101.817
101.759
101.701
101.643
101.585
101.528
101.47
101.412
101.354
109.971
109.914
109.856
109.798
109.741
109.683
109.625
109.567
109.51
109.452
109.394
109.336
109.278
109.221
109.163
109.105
109.047
108.989
108.932
108.874
108.816
108.758
108.7
108.642
108.585
108.527
108.469
108.411
108.353
108.295
108.237
108.18
108.122
108.064
108.006
107.948
107.89
107.833
107.775
107.717
107.659
107.601
107.543
107.486
107.428
107.37
107.312
107.254
107.197
107.139
107.081
107.023
106.965
106.907
106.85
106.792
106.734
106.676
106.618
106.56
106.502
106.445
106.387
106.329
106.271
106.213
106.155
106.098
106.04
105.982
105.924
105.866
105.808
105.75
105.693
105.635
105.577
105.519
105.461
105.403
105.345
105.288
105.23
105.172
105.114
105.056
104.998
104.94
104.883
104.825
104.767
104.709
104.651
104.593
104.536
104.478
104.42
104.362
104.304
104.246
104.188
104.131
104.073
104.015
103.957
103.899
103.841
103.784
103.726
103.668
103.61
103.552
103.494
103.436
103.379
103.321
103.263
103.205
103.147
103.089
103.032
102.974
102.916
102.858
102.8
102.742
102.685
102.627
102.569
102.511
102.453
102.395
102.337
102.28
102.222
102.164
102.106
102.048
101.99
101.933
101.875
101.817
101.759
101.701
101.643
101.585
101.528
101.47
101.412
101.354
109.971
109.914
109.856
109.798
109.741
109.683
109.625
109.567
109.51
109.452
109.394
109.336
109.278
109.221
109.163
109.105
109.047
108.989
108.932
108.874
108.816
108.758
108.7
108.642
108.585
108.527
108.469
108.411
108.353
108.295
108.237
108.18
108.122
108.064
108.006
107.948
107.89
107.833
107.775
107.717
107.659
107.601
107.544
107.486
107.428
107.37
107.312
107.254
107.197
107.139
107.081
107.023
106.965
106.907
106.85
106.792
106.734
106.676
106.618
106.56
106.502
106.445
106.387
106.329
106.271
106.213
106.155
106.098
106.04
105.982
105.924
105.866
105.808
105.75
105.693
105.635
105.577
105.519
105.461
105.403
105.345
105.288
105.23
105.172
105.114
105.056
104.998
104.94
104.883
104.825
104.767
104.709
104.651
104.593
104.536
104.478
104.42
104.362
104.304
104.246
104.188
104.131
104.073
104.015
103.957
103.899
103.841
103.784
103.726
103.668
103.61
103.552
103.494
103.437
103.379
103.321
103.263
103.205
103.147
103.089
103.032
102.974
102.916
102.858
102.8
102.742
102.685
102.627
102.569
102.511
102.453
102.395
102.337
102.28
102.222
102.164
102.106
102.048
101.99
101.933
101.875
101.817
101.759
101.701
101.643
101.585
101.528
101.47
101.412
101.354
109.971
109.914
109.856
109.798
109.741
109.683
109.625
109.568
109.51
109.452
109.394
109.336
109.279
109.221
109.163
109.105
109.047
108.989
108.932
108.874
108.816
108.758
108.7
108.642
108.585
108.527
108.469
108.411
108.353
108.295
108.237
108.18
108.122
108.064
108.006
107.948
107.89
107.833
107.775
107.717
107.659
107.601
107.544
107.486
107.428
107.37
107.312
107.254
107.197
107.139
107.081
107.023
106.965
106.907
106.85
106.792
106.734
106.676
106.618
106.56
106.502
106.445
106.387
106.329
106.271
106.213
106.155
106.098
106.04
105.982
105.924
105.866
105.808
105.75
105.693
105.635
105.577
105.519
105.461
105.403
105.345
105.288
105.23
105.172
105.114
105.056
104.998
104.941
104.883
104.825
104.767
104.709
104.651
104.593
104.535
104.478
104.42
104.362
104.304
104.246
104.188
104.131
104.073
104.015
103.957
103.899
103.841
103.784
103.726
103.668
103.61
103.552
103.494
103.437
103.379
103.321
103.263
103.205
103.147
103.089
103.032
102.974
102.916
102.858
102.8
102.742
102.684
102.627
102.569
102.511
102.453
102.395
102.337
102.28
102.222
102.164
102.106
102.048
101.99
101.933
101.875
101.817
101.759
101.701
101.643
101.586
101.528
101.47
101.412
101.354
109.971
109.914
109.856
109.799
109.741
109.683
109.625
109.568
109.51
109.452
109.394
109.336
109.279
109.221
109.163
109.105
109.047
108.989
108.932
108.874
108.816
108.758
108.7
108.642
108.585
108.527
108.469
108.411
108.353
108.295
108.237
108.18
108.122
108.064
108.006
107.948
107.89
107.833
107.775
107.717
107.659
107.601
107.544
107.486
107.428
107.37
107.312
107.254
107.197
107.139
107.081
107.023
106.965
106.907
106.85
106.792
106.734
106.676
106.618
106.56
106.502
106.445
106.387
106.329
106.271
106.213
106.155
106.098
106.04
105.982
105.924
105.866
105.808
105.75
105.693
105.635
105.577
105.519
105.461
105.403
105.345
105.288
105.23
105.172
105.114
105.056
104.998
104.941
104.883
104.825
104.767
104.709
104.651
104.593
104.535
104.478
104.42
104.362
104.304
104.246
104.188
104.131
104.073
104.015
103.957
103.899
103.841
103.784
103.726
103.668
103.61
103.552
103.494
103.437
103.379
103.321
103.263
103.205
103.147
103.089
103.032
102.974
102.916
102.858
102.8
102.742
102.684
102.627
102.569
102.511
102.453
102.395
102.337
102.28
102.222
102.164
102.106
102.048
101.99
101.933
101.875
101.817
101.759
101.701
101.643
101.586
101.528
101.47
101.412
101.354
)
;

boundaryField
{
    inlet
    {
        type            fixedValue;
        value           uniform 110;
    }
    outlet
    {
        type            fixedValue;
        value           uniform 101.325;
    }
    walls
    {
        type            zeroGradient;
    }
    frontAndBack
    {
        type            empty;
    }
}


// ************************************************************************* //
