/*--------------------------------*- C++ -*----------------------------------*\
| =========                 |                                                 |
| \\      /  F ield         | OpenFOAM: The Open Source CFD Toolbox           |
|  \\    /   O peration     | Version:  2406                                  |
|   \\  /    A nd           | Website:  www.openfoam.com                      |
|    \\/     M anipulation  |                                                 |
\*---------------------------------------------------------------------------*/
FoamFile
{
    version     2.0;
    format      ascii;
    arch        "LSB;label=32;scalar=64";
    class       surfaceScalarField;
    location    "0.1";
    object      phi;
}
// * * * * * * * * * * * * * * * * * * * * * * * * * * * * * * * * * * * * * //

dimensions      [0 3 -1 0 0 0 0];

oriented        oriented;

internalField   nonuniform List<scalar> 
7780
(
6.52359e-07
8.26511e-10
6.51743e-07
6.15513e-10
6.51332e-07
4.11455e-10
6.51068e-07
2.63566e-10
6.50911e-07
1.57372e-10
6.5083e-07
8.07535e-11
6.50803e-07
2.76157e-11
6.5081e-07
-7.16047e-12
6.50837e-07
-2.76862e-11
6.50875e-07
-3.81475e-11
6.50918e-07
-4.23398e-11
6.5096e-07
-4.25468e-11
6.51001e-07
-4.1235e-11
6.51041e-07
-3.98463e-11
6.5108e-07
-3.9422e-11
6.51122e-07
-4.1168e-11
6.51168e-07
-4.53509e-11
6.5122e-07
-5.20855e-11
6.51281e-07
-6.14657e-11
6.51354e-07
-7.30917e-11
6.51441e-07
-8.67333e-11
6.51543e-07
-1.0223e-10
6.51663e-07
-1.19277e-10
6.51801e-07
-1.37346e-10
6.51956e-07
-1.55837e-10
6.52131e-07
-1.74116e-10
6.52323e-07
-1.91944e-10
6.52532e-07
-2.0899e-10
6.52757e-07
-2.24658e-10
6.52996e-07
-2.38631e-10
6.53246e-07
-2.50708e-10
6.53506e-07
-2.60513e-10
6.53775e-07
-2.67967e-10
6.54048e-07
-2.733e-10
6.54325e-07
-2.76432e-10
6.54602e-07
-2.77113e-10
6.54877e-07
-2.75397e-10
6.55149e-07
-2.71428e-10
6.55414e-07
-2.65107e-10
6.5567e-07
-2.56358e-10
6.55916e-07
-2.45346e-10
6.56148e-07
-2.32192e-10
6.56364e-07
-2.16718e-10
6.56563e-07
-1.98664e-10
6.56741e-07
-1.77946e-10
6.56895e-07
-1.54544e-10
6.57023e-07
-1.28289e-10
6.57122e-07
-9.89553e-11
6.57188e-07
-6.65179e-11
6.57219e-07
-3.11191e-11
6.57212e-07
7.19856e-12
6.57163e-07
4.85295e-11
6.5707e-07
9.28186e-11
6.5693e-07
1.39581e-10
6.56742e-07
1.87953e-10
6.56505e-07
2.36897e-10
6.5622e-07
2.85287e-10
6.55888e-07
3.31832e-10
6.55513e-07
3.75005e-10
6.551e-07
4.13103e-10
6.54655e-07
4.44374e-10
6.54188e-07
4.67084e-10
6.53709e-07
4.79521e-10
6.53229e-07
4.80046e-10
6.52762e-07
4.67295e-10
6.52322e-07
4.40439e-10
6.51922e-07
3.99289e-10
6.51578e-07
3.44192e-10
6.51302e-07
2.75889e-10
6.51107e-07
1.95515e-10
6.51002e-07
1.04774e-10
6.50997e-07
5.9953e-12
6.51094e-07
-9.76456e-11
6.51297e-07
-2.028e-10
6.51603e-07
-3.05698e-10
6.52005e-07
-4.02554e-10
6.52495e-07
-4.89582e-10
6.53058e-07
-5.6313e-10
6.53678e-07
-6.19885e-10
6.54335e-07
-6.57145e-10
6.55009e-07
-6.73053e-10
6.55675e-07
-6.66758e-10
6.56314e-07
-6.38493e-10
6.56904e-07
-5.89596e-10
6.57426e-07
-5.22509e-10
6.57867e-07
-4.40743e-10
6.58216e-07
-3.48743e-10
6.58467e-07
-2.51611e-10
6.58622e-07
-1.54665e-10
6.58686e-07
-6.29158e-11
6.58666e-07
1.93851e-11
6.58578e-07
8.89464e-11
6.58434e-07
1.43567e-10
6.58252e-07
1.82055e-10
6.58048e-07
2.04265e-10
6.57836e-07
2.11129e-10
6.57632e-07
2.04637e-10
6.57444e-07
1.87689e-10
6.57279e-07
1.63813e-10
6.57142e-07
1.36831e-10
6.57031e-07
1.10545e-10
6.56942e-07
8.84822e-11
6.56869e-07
7.36543e-11
6.568e-07
6.83378e-11
6.56726e-07
7.38835e-11
6.56635e-07
9.06118e-11
6.56517e-07
1.17797e-10
6.56363e-07
1.537e-10
6.56168e-07
1.95629e-10
6.55928e-07
2.40052e-10
6.55645e-07
2.82825e-10
6.55325e-07
3.19533e-10
6.5498e-07
3.45886e-10
6.54622e-07
3.58112e-10
6.54269e-07
3.53278e-10
6.53939e-07
3.29562e-10
6.53653e-07
2.86433e-10
6.53429e-07
2.24726e-10
6.53282e-07
1.46609e-10
6.53227e-07
5.54256e-11
6.53271e-07
-4.45659e-11
6.5342e-07
-1.48531e-10
6.53671e-07
-2.51442e-10
6.54019e-07
-3.48397e-10
6.54454e-07
-4.3488e-10
6.54961e-07
-5.06988e-10
6.55523e-07
-5.61667e-10
6.5612e-07
-5.96893e-10
6.56731e-07
-6.11714e-10
6.57338e-07
-6.06149e-10
6.57919e-07
-5.81026e-10
6.58456e-07
-5.37861e-10
6.58935e-07
-4.78771e-10
6.59342e-07
-4.06352e-10
6.59666e-07
-3.23522e-10
6.59899e-07
-2.33409e-10
6.60038e-07
-1.39295e-10
6.60083e-07
-4.45371e-11
6.60036e-07
4.76127e-11
6.59902e-07
1.34218e-10
6.59689e-07
2.12807e-10
6.59408e-07
2.81398e-10
6.59069e-07
3.38488e-10
6.58686e-07
3.83065e-10
6.58271e-07
4.14659e-10
6.57838e-07
4.33355e-10
6.57398e-07
4.39716e-10
6.56964e-07
4.34621e-10
6.56545e-07
4.19138e-10
6.5615e-07
3.94494e-10
6.55788e-07
3.62088e-10
6.55464e-07
3.23404e-10
6.55184e-07
2.79848e-10
6.54952e-07
2.3271e-10
6.54768e-07
1.83257e-10
6.54635e-07
1.32753e-10
6.54553e-07
8.23521e-11
6.5452e-07
3.30767e-11
6.54534e-07
-1.40171e-11
6.54591e-07
-5.77799e-11
6.54688e-07
-9.71972e-11
6.5482e-07
-1.31568e-10
6.5498e-07
-1.60369e-10
6.55164e-07
-1.83028e-10
6.55363e-07
-1.98958e-10
6.55571e-07
-2.07794e-10
6.5578e-07
-2.0952e-10
6.55985e-07
-2.04403e-10
6.56178e-07
-1.92883e-10
6.56353e-07
-1.75561e-10
6.56506e-07
-1.53227e-10
6.56633e-07
-1.26847e-10
6.56731e-07
-9.75371e-11
6.56798e-07
-6.64968e-11
6.56833e-07
-3.48752e-11
6.56836e-07
-3.69798e-12
6.5681e-07
2.6049e-11
6.56756e-07
5.34031e-11
6.56678e-07
7.75413e-11
6.5658e-07
9.77803e-11
6.56467e-07
1.13425e-10
6.56344e-07
1.23744e-10
6.56216e-07
1.28175e-10
6.5609e-07
1.26534e-10
6.55971e-07
1.18935e-10
6.55865e-07
1.05489e-10
6.55779e-07
8.62804e-11
6.55718e-07
6.16213e-11
6.55685e-07
3.23137e-11
6.55685e-07
-1.46533e-13
6.55718e-07
-3.36042e-11
6.55784e-07
-6.54578e-11
6.55876e-07
-9.24371e-11
6.55987e-07
-1.1094e-10
6.56105e-07
-1.17726e-10
6.56215e-07
-1.09984e-10
6.563e-07
-8.59514e-11
6.56348e-07
-4.7691e-11
6.56358e-07
-9.83353e-12
4.83693e-13
1.77412e-06
2.11788e-09
1.77295e-06
1.7793e-09
1.77204e-06
1.32869e-09
1.77137e-06
9.34038e-10
1.7709e-06
6.19742e-10
1.77061e-06
3.77487e-10
1.77044e-06
1.99956e-10
1.77035e-06
7.69017e-11
1.77033e-06
-2.34405e-12
1.77034e-06
-4.89874e-11
1.77037e-06
-7.37036e-11
1.77041e-06
-8.51919e-11
1.77046e-06
-9.06347e-11
1.77052e-06
-9.52658e-11
1.77058e-06
-1.03184e-10
1.77065e-06
-1.17106e-10
1.77075e-06
-1.38862e-10
1.77086e-06
-1.69108e-10
1.77101e-06
-2.08078e-10
1.77119e-06
-2.55292e-10
1.77142e-06
-3.09872e-10
1.77168e-06
-3.70748e-10
1.772e-06
-4.36868e-10
1.77237e-06
-5.06323e-10
1.77279e-06
-5.77128e-10
1.77327e-06
-6.47649e-10
1.77379e-06
-7.16183e-10
1.77436e-06
-7.81117e-10
1.77498e-06
-8.41074e-10
1.77563e-06
-8.94703e-10
1.77632e-06
-9.40834e-10
1.77704e-06
-9.78798e-10
1.77778e-06
-1.00831e-09
1.77854e-06
-1.02909e-09
1.7793e-06
-1.04087e-09
1.78007e-06
-1.04364e-09
1.78083e-06
-1.03748e-09
1.78158e-06
-1.02235e-09
1.78232e-06
-9.98158e-10
1.78302e-06
-9.65088e-10
1.7837e-06
-9.23326e-10
1.78434e-06
-8.72716e-10
1.78494e-06
-8.1285e-10
1.78548e-06
-7.43379e-10
1.78597e-06
-6.63966e-10
1.78639e-06
-5.74106e-10
1.78673e-06
-4.73256e-10
1.787e-06
-3.61135e-10
1.78717e-06
-2.37753e-10
1.78724e-06
-1.03161e-10
1.7872e-06
4.26267e-11
1.78705e-06
1.99277e-10
1.78678e-06
3.6566e-10
1.78638e-06
5.39701e-10
1.78585e-06
7.18577e-10
1.78519e-06
8.98859e-10
1.7844e-06
1.07641e-09
1.78348e-06
1.24624e-09
1.78245e-06
1.40267e-09
1.78133e-06
1.53963e-09
1.78012e-06
1.65082e-09
1.77886e-06
1.72988e-09
1.77757e-06
1.77059e-09
1.77628e-06
1.76736e-09
1.77503e-06
1.71578e-09
1.77386e-06
1.61312e-09
1.7728e-06
1.45849e-09
1.77189e-06
1.25278e-09
1.77117e-06
9.98734e-10
1.77066e-06
7.01061e-10
1.7704e-06
3.66651e-10
1.7704e-06
4.59479e-12
1.77068e-06
-3.74066e-10
1.77123e-06
-7.56951e-10
1.77206e-06
-1.13078e-09
1.77314e-06
-1.48185e-09
1.77445e-06
-1.79651e-09
1.77594e-06
-2.06174e-09
1.77759e-06
-2.26591e-09
1.77933e-06
-2.39965e-09
1.78112e-06
-2.45654e-09
1.78288e-06
-2.43367e-09
1.78458e-06
-2.33198e-09
1.78614e-06
-2.15644e-09
1.78754e-06
-1.91607e-09
1.78872e-06
-1.62361e-09
1.78967e-06
-1.29482e-09
1.79036e-06
-9.47351e-10
1.79081e-06
-5.99435e-10
1.79101e-06
-2.68446e-10
1.791e-06
3.03411e-11
1.7908e-06
2.84732e-10
1.79046e-06
4.86265e-10
1.79001e-06
6.30537e-10
1.7895e-06
7.17251e-10
1.78896e-06
7.50045e-10
1.78843e-06
7.36091e-10
1.78793e-06
6.85464e-10
1.78748e-06
6.10286e-10
1.7871e-06
5.23711e-10
1.78677e-06
4.38871e-10
1.78649e-06
3.67914e-10
1.78624e-06
3.21178e-10
1.786e-06
3.06508e-10
1.78575e-06
3.28689e-10
1.78545e-06
3.88994e-10
1.78508e-06
4.8494e-10
1.78463e-06
6.10292e-10
1.78407e-06
7.55368e-10
1.7834e-06
9.07636e-10
1.78263e-06
1.0526e-09
1.78177e-06
1.17495e-09
1.78086e-06
1.25981e-09
1.77992e-06
1.29406e-09
1.77901e-06
1.26751e-09
1.77817e-06
1.17395e-09
1.77744e-06
1.01176e-09
1.77688e-06
7.84204e-10
1.77653e-06
4.99211e-10
1.77641e-06
1.68724e-10
1.77656e-06
-1.92221e-10
1.77698e-06
-5.66608e-10
1.77766e-06
-9.3664e-10
1.7786e-06
-1.28494e-09
1.77976e-06
-1.59562e-09
1.78111e-06
-1.85509e-09
1.7826e-06
-2.05265e-09
1.78419e-06
-2.18092e-09
1.78581e-06
-2.23596e-09
1.78742e-06
-2.21727e-09
1.78897e-06
-2.12745e-09
1.7904e-06
-1.97178e-09
1.79168e-06
-1.75771e-09
1.79277e-06
-1.49452e-09
1.79364e-06
-1.19289e-09
1.79427e-06
-8.64455e-10
1.79465e-06
-5.21322e-10
1.79478e-06
-1.7561e-10
1.79467e-06
1.61083e-10
1.79433e-06
4.78212e-10
1.79377e-06
7.66722e-10
1.79303e-06
1.0193e-09
1.79214e-06
1.23046e-09
1.79113e-06
1.39653e-09
1.79003e-06
1.51573e-09
1.78887e-06
1.58811e-09
1.7877e-06
1.6154e-09
1.78653e-06
1.60065e-09
1.7854e-06
1.54767e-09
1.78434e-06
1.4608e-09
1.78336e-06
1.34476e-09
1.78247e-06
1.20471e-09
1.78171e-06
1.04591e-09
1.78107e-06
8.7339e-10
1.78056e-06
6.9186e-10
1.78018e-06
5.05902e-10
1.77995e-06
3.19991e-10
1.77984e-06
1.38276e-10
1.77986e-06
-3.54936e-11
1.78e-06
-1.97719e-10
1.78025e-06
-3.44815e-10
1.78059e-06
-4.73468e-10
1.78101e-06
-5.80982e-10
1.7815e-06
-6.65337e-10
1.78202e-06
-7.2507e-10
1.78257e-06
-7.5927e-10
1.78313e-06
-7.67732e-10
1.78368e-06
-7.51114e-10
1.7842e-06
-7.1095e-10
1.78467e-06
-6.49536e-10
1.78509e-06
-5.69779e-10
1.78544e-06
-4.75055e-10
1.78571e-06
-3.69157e-10
1.7859e-06
-2.56217e-10
1.786e-06
-1.40438e-10
1.78603e-06
-2.57995e-11
1.78597e-06
8.39215e-11
1.78584e-06
1.85049e-10
1.78564e-06
2.74298e-10
1.78539e-06
3.491e-10
1.78509e-06
4.07373e-10
1.78477e-06
4.47094e-10
1.78443e-06
4.66492e-10
1.78409e-06
4.64615e-10
1.78377e-06
4.41323e-10
1.78348e-06
3.96787e-10
1.78323e-06
3.31687e-10
1.78305e-06
2.48019e-10
1.78293e-06
1.49201e-10
1.78289e-06
4.00113e-11
1.78293e-06
-7.27995e-11
1.78304e-06
-1.80339e-10
1.78322e-06
-2.72026e-10
1.78345e-06
-3.36331e-10
1.78369e-06
-3.62268e-10
1.78393e-06
-3.41619e-10
1.78411e-06
-2.706e-10
1.78421e-06
-1.49882e-10
1.78421e-06
-6.5759e-12
6.12853e-11
2.73041e-06
3.80322e-09
2.72883e-06
3.36336e-09
2.72747e-06
2.68306e-09
2.72637e-06
2.03281e-09
2.72551e-06
1.47902e-09
2.72486e-06
1.02939e-09
2.72438e-06
6.83833e-10
2.72402e-06
4.31033e-10
2.72376e-06
2.55741e-10
2.72358e-06
1.39775e-10
2.72344e-06
6.56182e-11
2.72333e-06
1.7815e-11
2.72326e-06
-1.67519e-11
2.72321e-06
-4.84258e-11
2.72319e-06
-8.50436e-11
2.72321e-06
-1.31848e-10
2.72326e-06
-1.92629e-10
2.72336e-06
-2.69127e-10
2.72352e-06
-3.61962e-10
2.72373e-06
-4.70592e-10
2.72402e-06
-5.93721e-10
2.72437e-06
-7.28952e-10
2.72481e-06
-8.73404e-10
2.72533e-06
-1.02438e-09
2.72593e-06
-1.1782e-09
2.72661e-06
-1.33081e-09
2.72737e-06
-1.47887e-09
2.72821e-06
-1.61922e-09
2.72912e-06
-1.74869e-09
2.73009e-06
-1.86454e-09
2.73111e-06
-1.96479e-09
2.73218e-06
-2.04799e-09
2.73329e-06
-2.11301e-09
2.73442e-06
-2.1591e-09
2.73556e-06
-2.18597e-09
2.73671e-06
-2.19353e-09
2.73786e-06
-2.18174e-09
2.73899e-06
-2.15063e-09
2.74009e-06
-2.10043e-09
2.74116e-06
-2.03138e-09
2.74218e-06
-1.94338e-09
2.74314e-06
-1.836e-09
2.74403e-06
-1.7087e-09
2.74485e-06
-1.56098e-09
2.74558e-06
-1.39208e-09
2.74621e-06
-1.201e-09
2.74672e-06
-9.86839e-10
2.74711e-06
-7.49116e-10
2.74736e-06
-4.87679e-10
2.74746e-06
-2.02528e-10
2.74739e-06
1.05942e-10
2.74716e-06
4.36349e-10
2.74674e-06
7.85856e-10
2.74612e-06
1.15012e-09
2.74532e-06
1.52342e-09
2.74432e-06
1.89867e-09
2.74313e-06
2.26716e-09
2.74176e-06
2.61852e-09
2.74022e-06
2.94102e-09
2.73854e-06
3.22205e-09
2.73674e-06
3.44861e-09
2.73486e-06
3.60762e-09
2.73295e-06
3.68658e-09
2.73104e-06
3.67439e-09
2.72919e-06
3.56232e-09
2.72746e-06
3.34484e-09
2.7259e-06
3.02e-09
2.72456e-06
2.58969e-09
2.7235e-06
2.05988e-09
2.72276e-06
1.44087e-09
2.72238e-06
7.47382e-10
2.72239e-06
-1.59008e-12
2.7228e-06
-7.83404e-10
2.72361e-06
-1.57262e-09
2.72482e-06
-2.34197e-09
2.72641e-06
-3.06331e-09
2.72832e-06
-3.70877e-09
2.73051e-06
-4.25196e-09
2.73291e-06
-4.66946e-09
2.73545e-06
-4.94243e-09
2.73806e-06
-5.058e-09
2.74063e-06
-5.01046e-09
2.7431e-06
-4.80201e-09
2.74539e-06
-4.44313e-09
2.74743e-06
-3.9524e-09
2.74916e-06
-3.35577e-09
2.75055e-06
-2.68507e-09
2.75158e-06
-1.97584e-09
2.75224e-06
-1.26472e-09
2.75256e-06
-5.86773e-10
2.75257e-06
2.69465e-11
2.7523e-06
5.51422e-10
2.75182e-06
9.69137e-10
2.75118e-06
1.27094e-09
2.75044e-06
1.45624e-09
2.74965e-06
1.53259e-09
2.74887e-06
1.51465e-09
2.74814e-06
1.42276e-09
2.74746e-06
1.28116e-09
2.74687e-06
1.11609e-09
2.74636e-06
9.53823e-10
2.74591e-06
8.18706e-10
2.7455e-06
7.31471e-10
2.74509e-06
7.07764e-10
2.74467e-06
7.56998e-10
2.74417e-06
8.81519e-10
2.74358e-06
1.07613e-09
2.74286e-06
1.32812e-09
2.742e-06
1.61784e-09
2.74099e-06
1.91995e-09
2.73984e-06
2.20526e-09
2.73857e-06
2.44303e-09
2.73722e-06
2.60353e-09
2.73586e-06
2.66064e-09
2.73453e-06
2.59422e-09
2.73331e-06
2.39208e-09
2.73227e-06
2.05128e-09
2.73148e-06
1.57863e-09
2.73099e-06
9.90328e-10
2.73085e-06
3.10668e-10
2.73108e-06
-4.29862e-10
2.73171e-06
-1.19685e-09
2.73273e-06
-1.95432e-09
2.73411e-06
-2.66714e-09
2.73582e-06
-3.30308e-09
2.7378e-06
-3.83459e-09
2.73999e-06
-4.23998e-09
2.74231e-06
-4.50414e-09
2.74469e-06
-4.61876e-09
2.74706e-06
-4.58231e-09
2.74933e-06
-4.3996e-09
2.75144e-06
-4.08109e-09
2.75333e-06
-3.64195e-09
2.75493e-06
-3.10117e-09
2.75622e-06
-2.48067e-09
2.75716e-06
-1.80438e-09
2.75774e-06
-1.09723e-09
2.75795e-06
-3.84086e-10
2.7578e-06
3.11317e-10
2.75731e-06
9.67343e-10
2.75651e-06
1.56527e-09
2.75544e-06
2.08988e-09
2.75414e-06
2.52976e-09
2.75266e-06
2.87736e-09
2.75104e-06
3.12896e-09
2.74935e-06
3.28437e-09
2.74762e-06
3.34669e-09
2.7459e-06
3.32166e-09
2.74423e-06
3.21704e-09
2.74265e-06
3.04177e-09
2.74118e-06
2.80561e-09
2.73987e-06
2.51888e-09
2.73872e-06
2.19218e-09
2.73776e-06
1.83599e-09
2.73699e-06
1.46023e-09
2.73642e-06
1.07443e-09
2.73606e-06
6.87838e-10
2.73588e-06
3.09381e-10
2.7359e-06
-5.27165e-11
2.73609e-06
-3.90953e-10
2.73645e-06
-6.98274e-10
2.73694e-06
-9.68042e-10
2.73756e-06
-1.19444e-09
2.73826e-06
-1.37294e-09
2.73904e-06
-1.50038e-09
2.73986e-06
-1.57501e-09
2.74068e-06
-1.5965e-09
2.7415e-06
-1.56615e-09
2.74228e-06
-1.48701e-09
2.74299e-06
-1.36369e-09
2.74362e-06
-1.20219e-09
2.74416e-06
-1.00953e-09
2.74458e-06
-7.93459e-10
2.74489e-06
-5.62196e-10
2.74507e-06
-3.24185e-10
2.74513e-06
-8.76671e-11
2.74508e-06
1.39595e-10
2.74491e-06
3.50335e-10
2.74465e-06
5.3787e-10
2.7443e-06
6.9644e-10
2.74389e-06
8.21425e-10
2.74343e-06
9.09208e-10
2.74293e-06
9.57018e-10
2.74244e-06
9.63035e-10
2.74195e-06
9.26639e-10
2.7415e-06
8.48528e-10
2.7411e-06
7.30905e-10
2.74077e-06
5.78064e-10
2.74052e-06
3.9683e-10
2.74036e-06
1.96802e-10
2.7403e-06
-9.0191e-12
2.74033e-06
-2.0408e-10
2.74042e-06
-3.69122e-10
2.74057e-06
-4.83071e-10
2.74073e-06
-5.25516e-10
2.74087e-06
-4.81492e-10
2.74095e-06
-3.43911e-10
2.74091e-06
-1.12161e-10
2.74073e-06
1.75261e-10
3.38654e-10
3.53701e-06
5.98257e-09
3.53493e-06
5.44812e-09
3.53303e-06
4.57511e-09
3.53137e-06
3.69327e-09
3.52995e-06
2.90387e-09
3.52874e-06
2.23374e-09
3.52774e-06
1.69241e-09
3.52689e-06
1.27429e-09
3.52619e-06
9.61639e-10
3.52559e-06
7.33512e-10
3.52509e-06
5.67429e-10
3.52467e-06
4.41945e-10
3.52431e-06
3.39208e-10
3.52402e-06
2.43853e-10
3.52379e-06
1.44639e-10
3.52362e-06
3.33006e-11
3.52353e-06
-9.67574e-11
3.52351e-06
-2.48542e-10
3.52357e-06
-4.23159e-10
3.52372e-06
-6.20996e-10
3.52397e-06
-8.39825e-10
3.52431e-06
-1.07625e-09
3.52477e-06
-1.32648e-09
3.52533e-06
-1.58553e-09
3.526e-06
-1.84759e-09
3.52677e-06
-2.10714e-09
3.52765e-06
-2.35873e-09
3.52863e-06
-2.59687e-09
3.5297e-06
-2.81673e-09
3.53085e-06
-3.01427e-09
3.53207e-06
-3.18597e-09
3.53335e-06
-3.32904e-09
3.53468e-06
-3.44171e-09
3.53604e-06
-3.52294e-09
3.53743e-06
-3.57204e-09
3.53882e-06
-3.58867e-09
3.54021e-06
-3.57288e-09
3.54159e-06
-3.52494e-09
3.54293e-06
-3.44513e-09
3.54423e-06
-3.33346e-09
3.54548e-06
-3.18972e-09
3.54666e-06
-3.01342e-09
3.54775e-06
-2.80393e-09
3.54875e-06
-2.56032e-09
3.54964e-06
-2.28143e-09
3.55041e-06
-1.96589e-09
3.55103e-06
-1.61251e-09
3.5515e-06
-1.22044e-09
3.5518e-06
-7.89276e-10
3.55192e-06
-3.19163e-10
3.55184e-06
1.88695e-10
3.55154e-06
7.31468e-10
3.55102e-06
1.30432e-09
3.55027e-06
1.90025e-09
3.54929e-06
2.50998e-09
3.54806e-06
3.12179e-09
3.54661e-06
3.72131e-09
3.54494e-06
4.29169e-09
3.54306e-06
4.81397e-09
3.54102e-06
5.26774e-09
3.53884e-06
5.63189e-09
3.53656e-06
5.8854e-09
3.53424e-06
6.00835e-09
3.53193e-06
5.98324e-09
3.52969e-06
5.79633e-09
3.5276e-06
5.4388e-09
3.52571e-06
4.90755e-09
3.5241e-06
4.20583e-09
3.52281e-06
3.3437e-09
3.52192e-06
2.33837e-09
3.52145e-06
1.21413e-09
3.52144e-06
1.83231e-12
3.52192e-06
-1.26196e-09
3.52289e-06
-2.53625e-09
3.52432e-06
-3.77708e-09
3.5262e-06
-4.93911e-09
3.52847e-06
-5.97757e-09
3.53106e-06
-6.8503e-09
3.53392e-06
-7.5201e-09
3.53693e-06
-7.95708e-09
3.54001e-06
-8.14097e-09
3.54307e-06
-8.06289e-09
3.54599e-06
-7.72673e-09
3.5487e-06
-7.1496e-09
3.55111e-06
-6.36154e-09
3.55315e-06
-5.4041e-09
3.5548e-06
-4.32802e-09
3.55601e-06
-3.18983e-09
3.55679e-06
-2.0479e-09
3.55717e-06
-9.58201e-10
3.55716e-06
2.96035e-11
3.55684e-06
8.75421e-10
3.55626e-06
1.55114e-09
3.55549e-06
2.04204e-09
3.55459e-06
2.34715e-09
3.55365e-06
2.47854e-09
3.5527e-06
2.45971e-09
3.5518e-06
2.32316e-09
3.55098e-06
2.1075e-09
3.55024e-06
1.85442e-09
3.54959e-06
1.60552e-09
3.549e-06
1.39938e-09
3.54847e-06
1.26881e-09
3.54794e-06
1.23844e-09
3.54737e-06
1.32287e-09
3.54673e-06
1.52534e-09
3.54597e-06
1.83709e-09
3.54506e-06
2.23749e-09
3.54398e-06
2.69507e-09
3.54273e-06
3.1695e-09
3.54132e-06
3.61449e-09
3.53978e-06
3.98141e-09
3.53816e-06
4.22337e-09
3.53652e-06
4.29929e-09
3.53494e-06
4.17772e-09
3.53349e-06
3.83982e-09
3.53226e-06
3.28134e-09
3.53133e-06
2.51342e-09
3.53076e-06
1.56194e-09
3.5306e-06
4.65618e-10
3.5309e-06
-7.26915e-10
3.53166e-06
-1.96081e-09
3.53289e-06
-3.17882e-09
3.53454e-06
-4.32496e-09
3.53659e-06
-5.34783e-09
3.53896e-06
-6.20334e-09
3.54157e-06
-6.85669e-09
3.54435e-06
-7.28351e-09
3.5472e-06
-7.47034e-09
3.55004e-06
-7.41436e-09
3.55276e-06
-7.12288e-09
3.55529e-06
-6.61228e-09
3.55756e-06
-5.9067e-09
3.55949e-06
-5.03659e-09
3.56105e-06
-4.03717e-09
3.56219e-06
-2.94691e-09
3.5629e-06
-1.80587e-09
3.56317e-06
-6.54028e-10
3.56301e-06
4.70482e-10
3.56245e-06
1.53284e-09
3.56151e-06
2.50278e-09
3.56024e-06
3.35556e-09
3.5587e-06
4.0725e-09
3.55694e-06
4.64124e-09
3.55501e-06
5.05554e-09
3.55298e-06
5.3149e-09
3.5509e-06
5.42383e-09
3.54883e-06
5.39102e-09
3.54682e-06
5.22853e-09
3.54491e-06
4.9507e-09
3.54314e-06
4.57333e-09
3.54155e-06
4.11298e-09
3.54016e-06
3.58656e-09
3.53898e-06
3.01092e-09
3.53804e-06
2.40237e-09
3.53734e-06
1.77644e-09
3.53688e-06
1.14802e-09
3.53665e-06
5.31544e-10
3.53666e-06
-5.92734e-11
3.53688e-06
-6.1177e-10
3.5373e-06
-1.11439e-09
3.53789e-06
-1.55662e-09
3.53862e-06
-1.92922e-09
3.53947e-06
-2.22471e-09
3.54041e-06
-2.43778e-09
3.5414e-06
-2.56543e-09
3.54241e-06
-2.60718e-09
3.54341e-06
-2.56516e-09
3.54437e-06
-2.44417e-09
3.54526e-06
-2.25147e-09
3.54605e-06
-1.99652e-09
3.54673e-06
-1.69054e-09
3.54729e-06
-1.34596e-09
3.5477e-06
-9.7586e-10
3.54797e-06
-5.93624e-10
3.54809e-06
-2.12518e-10
3.54808e-06
1.54969e-10
3.54793e-06
4.97541e-10
3.54766e-06
8.05034e-10
3.54729e-06
1.0684e-09
3.54683e-06
1.28014e-09
3.54631e-06
1.43479e-09
3.54573e-06
1.52865e-09
3.54514e-06
1.55941e-09
3.54454e-06
1.52639e-09
3.54395e-06
1.43134e-09
3.54341e-06
1.27864e-09
3.54291e-06
1.07528e-09
3.54248e-06
8.31811e-10
3.54211e-06
5.6317e-10
3.54181e-06
2.88904e-10
3.54157e-06
3.28219e-11
3.54138e-06
-1.7777e-10
3.54121e-06
-3.134e-10
3.54103e-06
-3.46061e-10
3.54081e-06
-2.54776e-10
3.54049e-06
-3.01027e-11
3.54005e-06
3.28075e-10
3.53946e-06
7.65795e-10
1.03211e-09
4.20702e-06
8.72891e-09
4.20435e-06
8.1243e-09
4.20181e-06
7.11498e-09
4.19945e-06
6.04982e-09
4.1973e-06
5.05092e-09
4.19537e-06
4.1638e-09
4.19366e-06
3.41053e-09
4.19214e-06
2.79335e-09
4.1908e-06
2.29895e-09
4.18963e-06
1.90723e-09
4.1886e-06
1.5943e-09
4.1877e-06
1.33654e-09
4.18693e-06
1.11342e-09
4.18627e-06
9.06376e-10
4.18571e-06
6.99706e-10
4.18526e-06
4.82701e-10
4.18492e-06
2.47381e-10
4.18468e-06
-1.26948e-11
4.18456e-06
-2.99667e-10
4.18455e-06
-6.13384e-10
4.18466e-06
-9.52583e-10
4.1849e-06
-1.31367e-09
4.18526e-06
-1.6911e-09
4.18576e-06
-2.07838e-09
4.18638e-06
-2.46844e-09
4.18713e-06
-2.85363e-09
4.18799e-06
-3.22606e-09
4.18898e-06
-3.57844e-09
4.19006e-06
-3.90435e-09
4.19125e-06
-4.19784e-09
4.19252e-06
-4.45373e-09
4.19386e-06
-4.66831e-09
4.19525e-06
-4.83913e-09
4.19669e-06
-4.96444e-09
4.19817e-06
-5.04305e-09
4.19965e-06
-5.07457e-09
4.20114e-06
-5.05918e-09
4.20261e-06
-4.99715e-09
4.20405e-06
-4.88857e-09
4.20546e-06
-4.73345e-09
4.2068e-06
-4.53167e-09
4.20807e-06
-4.28283e-09
4.20925e-06
-3.986e-09
4.21033e-06
-3.63985e-09
4.21129e-06
-3.24283e-09
4.21212e-06
-2.79333e-09
4.2128e-06
-2.28982e-09
4.21331e-06
-1.73105e-09
4.21363e-06
-1.11644e-09
4.21376e-06
-4.46502e-10
4.21367e-06
2.76546e-10
4.21336e-06
1.04835e-09
4.2128e-06
1.86198e-09
4.21199e-06
2.70757e-09
4.21093e-06
3.57195e-09
4.20961e-06
4.43828e-09
4.20805e-06
5.2861e-09
4.20625e-06
6.09158e-09
4.20423e-06
6.82807e-09
4.20204e-06
7.46688e-09
4.19969e-06
7.97828e-09
4.19724e-06
8.33278e-09
4.19475e-06
8.50266e-09
4.19227e-06
8.46367e-09
4.18987e-06
8.19683e-09
4.18761e-06
7.68992e-09
4.18558e-06
6.93876e-09
4.18384e-06
5.94821e-09
4.18245e-06
4.73286e-09
4.18147e-06
3.31736e-09
4.18095e-06
1.73623e-09
4.18092e-06
3.30497e-11
4.1814e-06
-1.74081e-09
4.18239e-06
-3.52784e-09
4.18388e-06
-5.26638e-09
4.18583e-06
-6.89296e-09
4.1882e-06
-8.34497e-09
4.19091e-06
-9.56367e-09
4.19389e-06
-1.04974e-08
4.19704e-06
-1.1105e-08
4.20026e-06
-1.13584e-08
4.20344e-06
-1.12457e-08
4.20649e-06
-1.07726e-08
4.2093e-06
-9.96352e-09
4.2118e-06
-8.86051e-09
4.21392e-06
-7.5217e-09
4.21561e-06
-6.01778e-09
4.21684e-06
-4.42737e-09
4.21763e-06
-2.83164e-09
4.21798e-06
-1.30854e-09
4.21794e-06
7.26514e-11
4.21756e-06
1.25599e-09
4.2169e-06
2.20231e-09
4.21605e-06
2.89118e-09
4.21508e-06
3.32135e-09
4.21405e-06
3.50981e-09
4.21302e-06
3.48945e-09
4.21204e-06
3.30574e-09
4.21113e-06
3.0126e-09
4.21032e-06
2.66813e-09
4.20959e-06
2.33015e-09
4.20894e-06
2.05207e-09
4.20833e-06
1.87914e-09
4.20772e-06
1.84515e-09
4.20708e-06
1.96976e-09
4.20634e-06
2.25677e-09
4.20549e-06
2.69325e-09
4.20448e-06
3.24988e-09
4.20329e-06
3.88253e-09
4.20192e-06
4.53508e-09
4.20039e-06
5.14342e-09
4.19873e-06
5.64044e-09
4.197e-06
5.96159e-09
4.19524e-06
6.05052e-09
4.19356e-06
5.86424e-09
4.19202e-06
5.37725e-09
4.19072e-06
4.58425e-09
4.18973e-06
3.50108e-09
4.18913e-06
2.16381e-09
4.18897e-06
6.26234e-10
4.18928e-06
-1.04419e-09
4.1901e-06
-2.7713e-09
4.19139e-06
-4.47558e-09
4.19315e-06
-6.07929e-09
4.19531e-06
-7.51101e-09
4.19782e-06
-8.70932e-09
4.20058e-06
-9.62559e-09
4.20353e-06
-1.02257e-08
4.20655e-06
-1.04905e-08
4.20955e-06
-1.04159e-08
4.21244e-06
-1.00119e-08
4.21513e-06
-9.30083e-09
4.21754e-06
-8.31619e-09
4.2196e-06
-7.10033e-09
4.22127e-06
-5.70239e-09
4.2225e-06
-4.17609e-09
4.22327e-06
-2.57736e-09
4.22358e-06
-9.61998e-10
4.22343e-06
6.16688e-10
4.22285e-06
2.11e-09
4.22188e-06
3.47554e-09
4.22056e-06
4.67845e-09
4.21894e-06
5.69225e-09
4.21708e-06
6.4992e-09
4.21504e-06
7.09019e-09
4.2129e-06
7.46412e-09
4.21069e-06
7.62693e-09
4.20849e-06
7.59033e-09
4.20635e-06
7.37063e-09
4.20431e-06
6.98762e-09
4.20242e-06
6.46335e-09
4.20071e-06
5.821e-09
4.19922e-06
5.08415e-09
4.19795e-06
4.27629e-09
4.19693e-06
3.42046e-09
4.19617e-06
2.53879e-09
4.19567e-06
1.65233e-09
4.19542e-06
7.81234e-10
4.19541e-06
-5.5179e-11
4.19564e-06
-8.38743e-10
4.19608e-06
-1.55282e-09
4.1967e-06
-2.18256e-09
4.19749e-06
-2.71507e-09
4.19841e-06
-3.13987e-09
4.19942e-06
-3.44929e-09
4.20049e-06
-3.63897e-09
4.20159e-06
-3.70814e-09
4.20269e-06
-3.65982e-09
4.20374e-06
-3.50067e-09
4.20473e-06
-3.24064e-09
4.20563e-06
-2.89266e-09
4.20641e-06
-2.47214e-09
4.20706e-06
-1.99627e-09
4.20757e-06
-1.4832e-09
4.20793e-06
-9.51309e-10
4.20813e-06
-4.18796e-10
4.20819e-06
9.71037e-11
4.20811e-06
5.80852e-10
4.20789e-06
1.01882e-09
4.20756e-06
1.39921e-09
4.20713e-06
1.71235e-09
4.20661e-06
1.9512e-09
4.20603e-06
2.11136e-09
4.2054e-06
2.19069e-09
4.20474e-06
2.18947e-09
4.20406e-06
2.11115e-09
4.20337e-06
1.96258e-09
4.20269e-06
1.75395e-09
4.20203e-06
1.49959e-09
4.20137e-06
1.21892e-09
4.20072e-06
9.36308e-10
4.20007e-06
6.80836e-10
4.19941e-06
4.85491e-10
4.19871e-06
3.8439e-10
4.19796e-06
4.0895e-10
4.19712e-06
5.81844e-10
4.19618e-06
9.11284e-10
4.19512e-06
1.39275e-09
4.19392e-06
1.95745e-09
2.31101e-09
4.75088e-06
1.20394e-08
4.7476e-06
1.14036e-08
4.74438e-06
1.03345e-08
4.74128e-06
9.15166e-09
4.73834e-06
7.98585e-09
4.73561e-06
6.89736e-09
4.7331e-06
5.92336e-09
4.73081e-06
5.07779e-09
4.72875e-06
4.35695e-09
4.72691e-06
3.74666e-09
4.72528e-06
3.22797e-09
4.72384e-06
2.77896e-09
4.72257e-06
2.37747e-09
4.72148e-06
2.00437e-09
4.72053e-06
1.64281e-09
4.71974e-06
1.27783e-09
4.71909e-06
8.9887e-10
4.71857e-06
4.98866e-10
4.7182e-06
7.288e-11
4.71797e-06
-3.80982e-10
4.71788e-06
-8.61001e-10
4.71793e-06
-1.36334e-09
4.71812e-06
-1.88258e-09
4.71845e-06
-2.41135e-09
4.71892e-06
-2.94076e-09
4.71953e-06
-3.46141e-09
4.72027e-06
-3.96402e-09
4.72113e-06
-4.43965e-09
4.72211e-06
-4.87975e-09
4.72318e-06
-5.27667e-09
4.72435e-06
-5.62427e-09
4.7256e-06
-5.91793e-09
4.72692e-06
-6.15411e-09
4.72828e-06
-6.33026e-09
4.72969e-06
-6.44502e-09
4.73111e-06
-6.49802e-09
4.73254e-06
-6.48925e-09
4.73396e-06
-6.41876e-09
4.73536e-06
-6.28668e-09
4.73672e-06
-6.09323e-09
4.73803e-06
-5.83836e-09
4.73926e-06
-5.52155e-09
4.74042e-06
-5.14169e-09
4.74148e-06
-4.69725e-09
4.74242e-06
-4.18646e-09
4.74323e-06
-3.60738e-09
4.7439e-06
-2.95808e-09
4.74441e-06
-2.23707e-09
4.74473e-06
-1.44376e-09
4.74487e-06
-5.79128e-10
4.74479e-06
3.53748e-10
4.74449e-06
1.34914e-09
4.74395e-06
2.39808e-09
4.74317e-06
3.48779e-09
4.74214e-06
4.60117e-09
4.74086e-06
5.71645e-09
4.73934e-06
6.80724e-09
4.73759e-06
7.84292e-09
4.73563e-06
8.78932e-09
4.73349e-06
9.60969e-09
4.7312e-06
1.0266e-08
4.72881e-06
1.07205e-08
4.72638e-06
1.0938e-08
4.72395e-06
1.08876e-08
4.72161e-06
1.05453e-08
4.7194e-06
9.89568e-09
4.71741e-06
8.93361e-09
4.71569e-06
7.66566e-09
4.71431e-06
6.11091e-09
4.71333e-06
4.30129e-09
4.71278e-06
2.28121e-09
4.71271e-06
1.06584e-10
4.71312e-06
-2.1568e-09
4.71403e-06
-4.43543e-09
4.71542e-06
-6.65056e-09
4.71725e-06
-8.72125e-09
4.71947e-06
-1.05678e-08
4.72202e-06
-1.21156e-08
4.72482e-06
-1.32993e-08
4.72778e-06
-1.40668e-08
4.73081e-06
-1.4383e-08
4.7338e-06
-1.42331e-08
4.73665e-06
-1.36251e-08
4.73927e-06
-1.25901e-08
4.7416e-06
-1.11821e-08
4.74355e-06
-9.47523e-09
4.74509e-06
-7.55943e-09
4.7462e-06
-5.53466e-09
4.74687e-06
-3.50404e-09
4.74713e-06
-1.56665e-09
4.74701e-06
1.89439e-10
4.74657e-06
1.69309e-09
4.74588e-06
2.89457e-09
4.74501e-06
3.76813e-09
4.74401e-06
4.31259e-09
4.74297e-06
4.54999e-09
4.74194e-06
4.52261e-09
4.74096e-06
4.28869e-09
4.74005e-06
3.91722e-09
4.73924e-06
3.48234e-09
4.73851e-06
3.05764e-09
4.73785e-06
2.71082e-09
4.73723e-06
2.49887e-09
4.73661e-06
2.46396e-09
4.73595e-06
2.63015e-09
4.73521e-06
3.00125e-09
4.73434e-06
3.55983e-09
4.73332e-06
4.26784e-09
4.73214e-06
5.06867e-09
4.73078e-06
5.89087e-09
4.72927e-06
6.65329e-09
4.72764e-06
7.27131e-09
4.72594e-06
7.66382e-09
4.72423e-06
7.76022e-09
4.72259e-06
7.50685e-09
4.72109e-06
6.87218e-09
4.71983e-06
5.8501e-09
4.71887e-06
4.46114e-09
4.71828e-06
2.75126e-09
4.71812e-06
7.88605e-10
4.71841e-06
-1.34148e-09
4.71918e-06
-3.54263e-09
4.72042e-06
-5.71416e-09
4.7221e-06
-7.75757e-09
4.72417e-06
-9.58236e-09
4.72657e-06
-1.11107e-08
4.72923e-06
-1.22806e-08
4.73205e-06
-1.30488e-08
4.73495e-06
-1.33906e-08
4.73784e-06
-1.33006e-08
4.74062e-06
-1.27911e-08
4.74321e-06
-1.18904e-08
4.74553e-06
-1.06408e-08
4.74753e-06
-9.09581e-09
4.74914e-06
-7.31787e-09
4.75034e-06
-5.37515e-09
4.7511e-06
-3.3387e-09
4.75142e-06
-1.27936e-09
4.7513e-06
7.35128e-10
4.75077e-06
2.64278e-09
4.74985e-06
4.38952e-09
4.7486e-06
5.93082e-09
4.74706e-06
7.23264e-09
4.74529e-06
8.27196e-09
4.74334e-06
9.03663e-09
4.74128e-06
9.52475e-09
4.73916e-06
9.74339e-09
4.73705e-06
9.70706e-09
4.73498e-06
9.43612e-09
4.73301e-06
8.95534e-09
4.73119e-06
8.29253e-09
4.72953e-06
7.47719e-09
4.72807e-06
6.5393e-09
4.72684e-06
5.50866e-09
4.72585e-06
4.41461e-09
4.7251e-06
3.28561e-09
4.7246e-06
2.1489e-09
4.72436e-06
1.03035e-09
4.72435e-06
-4.54192e-11
4.72456e-06
-1.05513e-09
4.72499e-06
-1.97727e-09
4.7256e-06
-2.79262e-09
4.72637e-06
-3.48466e-09
4.72727e-06
-4.03991e-09
4.72827e-06
-4.44852e-09
4.72933e-06
-4.70475e-09
4.73043e-06
-4.80751e-09
4.73153e-06
-4.76052e-09
4.7326e-06
-4.57207e-09
4.73362e-06
-4.25465e-09
4.73455e-06
-3.82438e-09
4.73538e-06
-3.30052e-09
4.73609e-06
-2.70465e-09
4.73666e-06
-2.05956e-09
4.7371e-06
-1.38817e-09
4.73739e-06
-7.12899e-10
4.73754e-06
-5.49742e-11
4.73756e-06
5.66294e-10
4.73744e-06
1.13419e-09
4.73721e-06
1.63493e-09
4.73686e-06
2.05769e-09
4.73642e-06
2.39474e-09
4.73589e-06
2.64156e-09
4.73528e-06
2.79704e-09
4.73461e-06
2.86354e-09
4.73387e-06
2.84688e-09
4.73308e-06
2.75652e-09
4.73223e-06
2.60591e-09
4.73131e-06
2.41296e-09
4.73033e-06
2.20018e-09
4.72928e-06
1.99421e-09
4.72813e-06
1.82605e-09
4.72689e-06
1.72937e-09
4.72553e-06
1.73718e-09
4.72406e-06
1.87852e-09
4.72247e-06
2.17141e-09
4.72077e-06
2.61747e-09
4.71896e-06
3.20229e-09
4.71707e-06
3.8478e-09
4.25449e-09
5.17644e-06
1.57999e-08
5.17266e-06
1.51803e-08
5.16886e-06
1.4136e-08
5.1651e-06
1.29096e-08
5.16146e-06
1.1626e-08
5.158e-06
1.03611e-08
5.15475e-06
9.16671e-09
5.15176e-06
8.07169e-09
5.14903e-06
7.0873e-09
5.14656e-06
6.21175e-09
5.14436e-06
5.434e-09
5.1424e-06
4.73779e-09
5.14067e-06
4.10586e-09
5.13916e-06
3.51889e-09
5.13784e-06
2.95808e-09
5.13671e-06
2.40806e-09
5.13575e-06
1.85581e-09
5.13496e-06
1.29062e-09
5.13433e-06
7.05428e-10
5.13385e-06
9.72144e-11
5.13352e-06
-5.3383e-10
5.13335e-06
-1.18511e-09
5.13332e-06
-1.85111e-09
5.13343e-06
-2.52363e-09
5.13368e-06
-3.1931e-09
5.13407e-06
-3.84933e-09
5.13459e-06
-4.48174e-09
5.13523e-06
-5.0797e-09
5.13598e-06
-5.63326e-09
5.13684e-06
-6.13377e-09
5.13779e-06
-6.57415e-09
5.13882e-06
-6.94858e-09
5.13992e-06
-7.2525e-09
5.14107e-06
-7.48297e-09
5.14226e-06
-7.63851e-09
5.14348e-06
-7.71849e-09
5.14472e-06
-7.72263e-09
5.14595e-06
-7.65103e-09
5.14717e-06
-7.50412e-09
5.14836e-06
-7.28227e-09
5.1495e-06
-6.98532e-09
5.1506e-06
-6.61256e-09
5.15162e-06
-6.16287e-09
5.15255e-06
-5.63473e-09
5.15339e-06
-5.02616e-09
5.15412e-06
-4.33486e-09
5.15472e-06
-3.55859e-09
5.15518e-06
-2.69575e-09
5.15548e-06
-1.7459e-09
5.15562e-06
-7.10335e-10
5.15556e-06
4.07258e-10
5.15531e-06
1.60003e-09
5.15485e-06
2.85719e-09
5.15418e-06
4.16327e-09
5.15328e-06
5.49769e-09
5.15216e-06
6.83434e-09
5.15083e-06
8.14166e-09
5.14929e-06
9.383e-09
5.14756e-06
1.05175e-08
5.14567e-06
1.15012e-08
5.14364e-06
1.22888e-08
5.14153e-06
1.28352e-08
5.13937e-06
1.30985e-08
5.13722e-06
1.30421e-08
5.13512e-06
1.26373e-08
5.13315e-06
1.1866e-08
5.13136e-06
1.07223e-08
5.12982e-06
9.21429e-09
5.12856e-06
7.36517e-09
5.12765e-06
5.21326e-09
5.12712e-06
2.81173e-09
5.127e-06
2.27381e-10
5.1273e-06
-2.46131e-09
5.12803e-06
-5.16667e-09
5.12918e-06
-7.79491e-09
5.13071e-06
-1.02498e-08
5.13257e-06
-1.24367e-08
5.13473e-06
-1.42672e-08
5.13709e-06
-1.56641e-08
5.13959e-06
-1.65658e-08
5.14214e-06
-1.69312e-08
5.14465e-06
-1.67435e-08
5.14704e-06
-1.60123e-08
5.14922e-06
-1.47754e-08
5.15114e-06
-1.3097e-08
5.15273e-06
-1.10656e-08
5.15396e-06
-8.78819e-09
5.1548e-06
-6.38354e-09
5.15527e-06
-3.9742e-09
5.15539e-06
-1.6778e-09
5.15517e-06
4.01109e-10
5.15469e-06
2.17816e-09
5.15399e-06
3.59454e-09
5.15314e-06
4.62009e-09
5.1522e-06
5.25405e-09
5.15122e-06
5.5234e-09
5.15027e-06
5.47926e-09
5.14936e-06
5.19165e-09
5.14854e-06
4.74327e-09
5.1478e-06
4.22272e-09
5.14714e-06
3.7177e-09
5.14654e-06
3.30852e-09
5.14597e-06
3.06235e-09
5.14541e-06
3.02832e-09
5.14481e-06
3.23379e-09
5.14413e-06
3.68192e-09
5.14334e-06
4.35076e-09
5.14241e-06
5.19406e-09
5.14133e-06
6.1439e-09
5.14011e-06
7.11519e-09
5.13875e-06
8.01178e-09
5.13729e-06
8.73385e-09
5.13577e-06
9.1861e-09
5.13424e-06
9.28583e-09
5.13278e-06
8.97048e-09
5.13145e-06
8.20357e-09
5.13032e-06
6.97856e-09
5.12946e-06
5.32023e-09
5.12893e-06
3.28326e-09
5.12877e-06
9.48358e-10
5.12901e-06
-1.58362e-09
5.12966e-06
-4.19886e-09
5.13073e-06
-6.77841e-09
5.13218e-06
-9.20585e-09
5.13397e-06
-1.13741e-08
5.13605e-06
-1.3191e-08
5.13835e-06
-1.45835e-08
5.1408e-06
-1.54998e-08
5.14332e-06
-1.59108e-08
5.14583e-06
-1.58099e-08
5.14825e-06
-1.52112e-08
5.15051e-06
-1.41483e-08
5.15254e-06
-1.26708e-08
5.15429e-06
-1.08423e-08
5.15571e-06
-8.73641e-09
5.15676e-06
-6.43383e-09
5.15745e-06
-4.0186e-09
5.15774e-06
-1.57449e-09
5.15766e-06
8.18347e-10
5.15721e-06
3.08644e-09
5.15644e-06
5.16556e-09
5.15537e-06
7.00265e-09
5.15404e-06
8.55709e-09
5.15251e-06
9.80121e-09
5.15083e-06
1.07201e-08
5.14904e-06
1.1311e-08
5.1472e-06
1.15817e-08
5.14536e-06
1.15489e-08
5.14356e-06
1.12365e-08
5.14184e-06
1.06734e-08
5.14024e-06
9.89227e-09
5.13879e-06
8.92794e-09
5.13752e-06
7.81598e-09
5.13643e-06
6.59171e-09
5.13556e-06
5.28983e-09
5.1349e-06
3.94414e-09
5.13446e-06
2.58726e-09
5.13424e-06
1.25024e-09
5.13423e-06
-3.75158e-11
5.13443e-06
-1.24834e-09
5.13481e-06
-2.35659e-09
5.13535e-06
-3.33923e-09
5.13604e-06
-4.1764e-09
5.13686e-06
-4.85196e-09
5.13776e-06
-5.35407e-09
5.13873e-06
-5.6759e-09
5.13974e-06
-5.81601e-09
5.14076e-06
-5.77854e-09
5.14176e-06
-5.57299e-09
5.14272e-06
-5.21386e-09
5.14361e-06
-4.72005e-09
5.14443e-06
-4.11399e-09
5.14514e-06
-3.42077e-09
5.14575e-06
-2.66691e-09
5.14624e-06
-1.87903e-09
5.14661e-06
-1.08284e-09
5.14686e-06
-3.02473e-10
5.14699e-06
4.40192e-10
5.14699e-06
1.1264e-09
5.14689e-06
1.74125e-09
5.14667e-06
2.27375e-09
5.14635e-06
2.71654e-09
5.14593e-06
3.06616e-09
5.1454e-06
3.32353e-09
5.14477e-06
3.49385e-09
5.14403e-06
3.58586e-09
5.14317e-06
3.61204e-09
5.14219e-06
3.58891e-09
5.14107e-06
3.53694e-09
5.13979e-06
3.47974e-09
5.13834e-06
3.44376e-09
5.13671e-06
3.45762e-09
5.13489e-06
3.54963e-09
5.13288e-06
3.74552e-09
5.13069e-06
4.06433e-09
5.12835e-06
4.51288e-09
5.12589e-06
5.08018e-09
5.12335e-06
5.73826e-09
5.12079e-06
6.4046e-09
6.82327e-09
5.48929e-06
1.97795e-08
5.48525e-06
1.92206e-08
5.48111e-06
1.82784e-08
5.47694e-06
1.70768e-08
5.47284e-06
1.5726e-08
5.46889e-06
1.43134e-08
5.46515e-06
1.29069e-08
5.46167e-06
1.15548e-08
5.45847e-06
1.02856e-08
5.45557e-06
9.11324e-09
5.45296e-06
8.04152e-09
5.45063e-06
7.06317e-09
5.44858e-06
6.16488e-09
5.44676e-06
5.3311e-09
5.44518e-06
4.54469e-09
5.4438e-06
3.7878e-09
5.44261e-06
3.04445e-09
5.4416e-06
2.30231e-09
5.44075e-06
1.55216e-09
5.44006e-06
7.88043e-10
5.43952e-06
7.69056e-12
5.43912e-06
-7.87217e-10
5.43886e-06
-1.59149e-09
5.43873e-06
-2.3976e-09
5.43874e-06
-3.19625e-09
5.43886e-06
-3.9765e-09
5.43911e-06
-4.72669e-09
5.43946e-06
-5.43546e-09
5.43992e-06
-6.09227e-09
5.44048e-06
-6.68771e-09
5.44112e-06
-7.2136e-09
5.44183e-06
-7.66326e-09
5.44261e-06
-8.0317e-09
5.44344e-06
-8.31572e-09
5.44432e-06
-8.51342e-09
5.44522e-06
-8.62378e-09
5.44614e-06
-8.64649e-09
5.44708e-06
-8.58187e-09
5.448e-06
-8.43058e-09
5.44891e-06
-8.19296e-09
5.4498e-06
-7.86881e-09
5.45064e-06
-7.45748e-09
5.45144e-06
-6.958e-09
5.45217e-06
-6.36884e-09
5.45283e-06
-5.68782e-09
5.45341e-06
-4.91235e-09
5.45389e-06
-4.04005e-09
5.45426e-06
-3.06927e-09
5.45452e-06
-1.99959e-09
5.45464e-06
-8.32457e-10
5.45462e-06
4.28062e-10
5.45444e-06
1.77426e-09
5.45411e-06
3.19392e-09
5.4536e-06
4.66954e-09
5.45292e-06
6.17782e-09
5.45207e-06
7.68931e-09
5.45104e-06
9.16841e-09
5.44985e-06
1.05738e-08
5.44851e-06
1.18592e-08
5.44703e-06
1.29751e-08
5.44545e-06
1.38702e-08
5.44379e-06
1.44938e-08
5.44209e-06
1.47986e-08
5.44039e-06
1.47432e-08
5.43874e-06
1.42955e-08
5.43717e-06
1.3435e-08
5.43573e-06
1.21554e-08
5.43448e-06
1.0466e-08
5.43345e-06
8.39316e-09
5.43269e-06
5.98022e-09
5.43221e-06
3.28726e-09
5.43205e-06
3.89614e-10
5.43221e-06
-2.62426e-09
5.4327e-06
-5.65559e-09
5.4335e-06
-8.59886e-09
5.4346e-06
-1.13459e-08
5.43595e-06
-1.37905e-08
5.43752e-06
-1.58336e-08
5.43924e-06
-1.73887e-08
5.44107e-06
-1.83873e-08
5.44292e-06
-1.87838e-08
5.44474e-06
-1.85595e-08
5.44645e-06
-1.77263e-08
5.448e-06
-1.63267e-08
5.44934e-06
-1.44337e-08
5.45042e-06
-1.21469e-08
5.45122e-06
-9.58674e-09
5.45172e-06
-6.88712e-09
5.45193e-06
-4.18586e-09
5.45187e-06
-1.61525e-09
5.45156e-06
7.07269e-10
5.45105e-06
2.68714e-09
5.45039e-06
4.25868e-09
5.44962e-06
5.38869e-09
5.4488e-06
6.07723e-09
5.44796e-06
6.3558e-09
5.44716e-06
6.28316e-09
5.44641e-06
5.93935e-09
5.44574e-06
5.41847e-09
5.44514e-06
4.82103e-09
5.44461e-06
4.24607e-09
5.44414e-06
3.7839e-09
5.44369e-06
3.5095e-09
5.44324e-06
3.47707e-09
5.44276e-06
3.71596e-09
5.44221e-06
4.22813e-09
5.44158e-06
4.98733e-09
5.44083e-06
5.94024e-09
5.43996e-06
7.00963e-09
5.43898e-06
8.09945e-09
5.43789e-06
9.10175e-09
5.43672e-06
9.90493e-09
5.4355e-06
1.04028e-08
5.43428e-06
1.05036e-08
5.43312e-06
1.01383e-08
5.43205e-06
9.26679e-09
5.43115e-06
7.88266e-09
5.43046e-06
6.01413e-09
5.43002e-06
3.72275e-09
5.42987e-06
1.09898e-09
5.43003e-06
-1.74432e-09
5.43051e-06
-4.67995e-09
5.4313e-06
-7.57501e-09
5.4324e-06
-1.02994e-08
5.43376e-06
-1.27333e-08
5.43534e-06
-1.47738e-08
5.43709e-06
-1.6339e-08
5.43896e-06
-1.73711e-08
5.44089e-06
-1.78375e-08
5.44281e-06
-1.77305e-08
5.44467e-06
-1.7066e-08
5.4464e-06
-1.58812e-08
5.44796e-06
-1.42318e-08
5.44931e-06
-1.21885e-08
5.4504e-06
-9.83383e-09
5.45123e-06
-7.25788e-09
5.45176e-06
-4.55451e-09
5.45201e-06
-1.81728e-09
5.45196e-06
8.64308e-10
5.45164e-06
3.40808e-09
5.45106e-06
5.74204e-09
5.45026e-06
7.80659e-09
5.44926e-06
9.55594e-09
5.4481e-06
1.09588e-08
5.44682e-06
1.19983e-08
5.44547e-06
1.26706e-08
5.44406e-06
1.29839e-08
5.44266e-06
1.29566e-08
5.44128e-06
1.2615e-08
5.43996e-06
1.19912e-08
5.43873e-06
1.11214e-08
5.43761e-06
1.00443e-08
5.43663e-06
8.7996e-09
5.43579e-06
7.42694e-09
5.43512e-06
5.96518e-09
5.43461e-06
4.45208e-09
5.43428e-06
2.92422e-09
5.43411e-06
1.41661e-09
5.43411e-06
-3.75695e-11
5.43427e-06
-1.40719e-09
5.43457e-06
-2.66347e-09
5.43502e-06
-3.78049e-09
5.43558e-06
-4.73575e-09
5.43623e-06
-5.51096e-09
5.43697e-06
-6.09273e-09
5.43777e-06
-6.47331e-09
5.43861e-06
-6.65097e-09
5.43946e-06
-6.63004e-09
5.4403e-06
-6.42075e-09
5.44113e-06
-6.03902e-09
5.44192e-06
-5.50574e-09
5.44265e-06
-4.84564e-09
5.44331e-06
-4.08611e-09
5.4439e-06
-3.25602e-09
5.44441e-06
-2.38446e-09
5.44482e-06
-1.49943e-09
5.44515e-06
-6.26772e-10
5.44538e-06
2.10525e-10
5.44551e-06
9.93174e-10
5.44554e-06
1.70624e-09
5.44548e-06
2.33931e-09
5.44531e-06
2.88651e-09
5.44503e-06
3.34672e-09
5.44463e-06
3.72381e-09
5.4441e-06
4.02612e-09
5.44342e-06
4.26571e-09
5.44257e-06
4.45843e-09
5.44154e-06
4.62362e-09
5.44029e-06
4.78291e-09
5.43881e-06
4.9592e-09
5.43708e-06
5.17594e-09
5.43508e-06
5.45498e-09
5.43282e-06
5.81451e-09
5.43029e-06
6.2668e-09
5.42754e-06
6.81444e-09
5.42461e-06
7.44618e-09
5.42156e-06
8.134e-09
5.41846e-06
8.8329e-09
5.41541e-06
9.46207e-09
9.85276e-09
5.6932e-06
2.36487e-08
5.68924e-06
2.31795e-08
5.68513e-06
2.23925e-08
5.68094e-06
2.12658e-08
5.67678e-06
1.9887e-08
5.67273e-06
1.83574e-08
5.66888e-06
1.67596e-08
5.66527e-06
1.51597e-08
5.66195e-06
1.36078e-08
5.65893e-06
1.21368e-08
5.65621e-06
1.07639e-08
5.65377e-06
9.49414e-09
5.65162e-06
8.32257e-09
5.64971e-06
7.23709e-09
5.64803e-06
6.22139e-09
5.64657e-06
5.25741e-09
5.64528e-06
4.3278e-09
5.64417e-06
3.41729e-09
5.64321e-06
2.51343e-09
5.64239e-06
1.60771e-09
5.6417e-06
6.95966e-10
5.64113e-06
-2.21832e-10
5.64068e-06
-1.14225e-09
5.64035e-06
-2.0589e-09
5.64011e-06
-2.96268e-09
5.63998e-06
-3.84264e-09
5.63994e-06
-4.68721e-09
5.63999e-06
-5.48494e-09
5.64012e-06
-6.22483e-09
5.64033e-06
-6.8968e-09
5.64061e-06
-7.49215e-09
5.64095e-06
-8.00392e-09
5.64135e-06
-8.427e-09
5.64179e-06
-8.75785e-09
5.64227e-06
-8.99421e-09
5.64278e-06
-9.13494e-09
5.64331e-06
-9.17989e-09
5.64386e-06
-9.12952e-09
5.64442e-06
-8.98437e-09
5.64497e-06
-8.74475e-09
5.64551e-06
-8.41062e-09
5.64603e-06
-7.98161e-09
5.64653e-06
-7.45687e-09
5.647e-06
-6.8348e-09
5.64742e-06
-6.11312e-09
5.6478e-06
-5.2892e-09
5.64812e-06
-4.36059e-09
5.64838e-06
-3.32555e-09
5.64856e-06
-2.18349e-09
5.64866e-06
-9.35808e-10
5.64868e-06
4.13207e-10
5.6486e-06
1.85534e-09
5.64841e-06
3.37753e-09
5.64812e-06
4.96112e-09
5.64772e-06
6.58118e-09
5.6472e-06
8.20616e-09
5.64657e-06
9.79787e-09
5.64584e-06
1.13119e-08
5.645e-06
1.26987e-08
5.64407e-06
1.39048e-08
5.64306e-06
1.48751e-08
5.642e-06
1.5555e-08
5.64091e-06
1.58937e-08
5.6398e-06
1.58467e-08
5.63872e-06
1.53795e-08
5.63768e-06
1.44702e-08
5.63673e-06
1.31119e-08
5.63588e-06
1.13148e-08
5.63516e-06
9.10724e-09
5.63461e-06
6.53579e-09
5.63423e-06
3.66502e-09
5.63404e-06
5.7581e-10
5.63406e-06
-2.63695e-09
5.63427e-06
-5.86738e-09
5.63467e-06
-9.00243e-09
5.63525e-06
-1.19263e-08
5.63599e-06
-1.45255e-08
5.63685e-06
-1.66942e-08
5.6378e-06
-1.83404e-08
5.6388e-06
-1.93909e-08
5.63982e-06
-1.97975e-08
5.6408e-06
-1.9541e-08
5.64171e-06
-1.86344e-08
5.6425e-06
-1.7124e-08
5.64316e-06
-1.50884e-08
5.64365e-06
-1.26349e-08
5.64395e-06
-9.89286e-09
5.64407e-06
-7.00607e-09
5.64401e-06
-4.12245e-09
5.64378e-06
-1.38392e-09
5.6434e-06
1.08376e-09
5.64291e-06
3.17956e-09
5.64233e-06
4.83373e-09
5.64171e-06
6.01161e-09
5.64107e-06
6.71451e-09
5.64045e-06
6.97769e-09
5.63987e-06
6.86579e-09
5.63934e-06
6.46629e-09
5.63888e-06
5.88164e-09
5.63848e-06
5.22073e-09
5.63813e-06
4.59045e-09
5.63783e-06
4.08769e-09
5.63755e-06
3.79231e-09
5.63726e-06
3.76135e-09
5.63695e-06
4.02474e-09
5.6366e-06
4.58283e-09
5.63618e-06
5.4057e-09
5.63569e-06
6.43469e-09
5.63511e-06
7.58588e-09
5.63445e-06
8.75575e-09
5.63373e-06
9.8286e-09
5.63295e-06
1.06853e-08
5.63214e-06
1.12129e-08
5.63133e-06
1.13142e-08
5.63055e-06
1.09163e-08
5.62984e-06
9.97747e-09
5.62923e-06
8.49154e-09
5.62875e-06
6.48927e-09
5.62844e-06
4.03667e-09
5.62831e-06
1.23045e-09
5.62837e-06
-1.80897e-09
5.62864e-06
-4.94602e-09
5.6291e-06
-8.03915e-09
5.62975e-06
-1.09498e-08
5.63057e-06
-1.35505e-08
5.63153e-06
-1.57315e-08
5.63259e-06
-1.74057e-08
5.63374e-06
-1.85116e-08
5.63491e-06
-1.90145e-08
5.63609e-06
-1.89062e-08
5.63723e-06
-1.82036e-08
5.63829e-06
-1.69464e-08
5.63925e-06
-1.51938e-08
5.64009e-06
-1.30212e-08
5.64077e-06
-1.05164e-08
5.64129e-06
-7.77507e-09
5.64163e-06
-4.89705e-09
5.64179e-06
-1.98178e-09
5.64178e-06
8.75598e-10
5.6416e-06
3.58766e-09
5.64127e-06
6.07774e-09
5.64079e-06
8.28221e-09
5.64019e-06
1.01521e-08
5.6395e-06
1.16538e-08
5.63873e-06
1.2769e-08
5.63791e-06
1.34934e-08
5.63705e-06
1.38354e-08
5.6362e-06
1.3814e-08
5.63536e-06
1.34568e-08
5.63455e-06
1.27978e-08
5.63379e-06
1.18753e-08
5.63311e-06
1.07302e-08
5.6325e-06
9.40462e-09
5.63199e-06
7.94066e-09
5.63158e-06
6.37981e-09
5.63127e-06
4.7623e-09
5.63106e-06
3.12696e-09
5.63097e-06
1.51112e-09
5.63098e-06
-4.97012e-11
5.6311e-06
-1.52221e-09
5.63131e-06
-2.87565e-09
5.63161e-06
-4.08227e-09
5.63199e-06
-5.11795e-09
5.63244e-06
-5.96304e-09
5.63295e-06
-6.60312e-09
5.63351e-06
-7.02977e-09
5.6341e-06
-7.24093e-09
5.63471e-06
-7.24094e-09
5.63533e-06
-7.04038e-09
5.63595e-06
-6.6559e-09
5.63655e-06
-6.10943e-09
5.63713e-06
-5.42684e-09
5.63768e-06
-4.63658e-09
5.63819e-06
-3.76847e-09
5.63866e-06
-2.8526e-09
5.63908e-06
-1.91788e-09
5.63945e-06
-9.90635e-10
5.63975e-06
-9.35817e-11
5.63999e-06
7.54769e-10
5.64015e-06
1.54053e-09
5.64024e-06
2.25482e-09
5.64023e-06
2.89422e-09
5.64012e-06
3.4608e-09
5.63988e-06
3.96171e-09
5.6395e-06
4.40866e-09
5.63894e-06
4.81737e-09
5.6382e-06
5.20703e-09
5.63722e-06
5.59905e-09
5.63599e-06
6.01507e-09
5.63447e-06
6.47595e-09
5.63265e-06
6.99967e-09
5.63051e-06
7.59836e-09
5.62804e-06
8.2767e-09
5.62528e-06
9.02872e-09
5.62226e-06
9.83603e-09
5.61904e-06
1.06659e-08
5.6157e-06
1.14698e-08
5.61235e-06
1.21836e-08
5.60908e-06
1.27336e-08
1.30663e-08
5.79053e-06
2.70112e-08
5.78707e-06
2.66417e-08
5.78344e-06
2.6025e-08
5.77971e-06
2.4994e-08
5.77598e-06
2.3613e-08
5.77235e-06
2.19948e-08
5.76887e-06
2.02363e-08
5.76561e-06
1.84215e-08
5.7626e-06
1.66187e-08
5.75986e-06
1.48787e-08
5.75739e-06
1.32342e-08
5.75518e-06
1.17019e-08
5.75322e-06
1.02843e-08
5.75148e-06
8.97381e-09
5.74994e-06
7.75606e-09
5.74859e-06
6.61305e-09
5.74739e-06
5.52589e-09
5.74633e-06
4.47663e-09
5.7454e-06
3.45022e-09
5.74457e-06
2.43583e-09
5.74384e-06
1.42703e-09
5.74319e-06
4.21473e-10
5.74263e-06
-5.79323e-10
5.74214e-06
-1.57002e-09
5.74172e-06
-2.54233e-09
5.74136e-06
-3.4863e-09
5.74107e-06
-4.39112e-09
5.74083e-06
-5.24554e-09
5.74064e-06
-6.03845e-09
5.74051e-06
-6.75978e-09
5.74041e-06
-7.40094e-09
5.74037e-06
-7.95496e-09
5.74035e-06
-8.4165e-09
5.74038e-06
-8.78179e-09
5.74043e-06
-9.0485e-09
5.74051e-06
-9.21562e-09
5.74062e-06
-9.28311e-09
5.74074e-06
-9.25143e-09
5.74087e-06
-9.12107e-09
5.74102e-06
-8.89243e-09
5.74118e-06
-8.56574e-09
5.74134e-06
-8.14087e-09
5.7415e-06
-7.617e-09
5.74165e-06
-6.99251e-09
5.74181e-06
-6.26515e-09
5.74195e-06
-5.43239e-09
5.74208e-06
-4.49179e-09
5.7422e-06
-3.4414e-09
5.74229e-06
-2.28042e-09
5.74237e-06
-1.01004e-09
5.74242e-06
3.65451e-10
5.74243e-06
1.83777e-09
5.74242e-06
3.39376e-09
5.74236e-06
5.01454e-09
5.74227e-06
6.67476e-09
5.74213e-06
8.34219e-09
5.74195e-06
9.97772e-09
5.74173e-06
1.15358e-08
5.74146e-06
1.29655e-08
5.74116e-06
1.42121e-08
5.74081e-06
1.52186e-08
5.74044e-06
1.59291e-08
5.74004e-06
1.6291e-08
5.73963e-06
1.62587e-08
5.73921e-06
1.57965e-08
5.7388e-06
1.4882e-08
5.73841e-06
1.35081e-08
5.73804e-06
1.16851e-08
5.7377e-06
9.44188e-09
5.73741e-06
6.82647e-09
5.73717e-06
3.905e-09
5.73699e-06
7.60446e-10
5.73686e-06
-2.50992e-09
5.73679e-06
-5.79762e-09
5.73677e-06
-8.98691e-09
5.73681e-06
-1.19593e-08
5.73688e-06
-1.45988e-08
5.73698e-06
-1.67974e-08
5.7371e-06
-1.84609e-08
5.73723e-06
-1.95152e-08
5.73734e-06
-1.99112e-08
5.73743e-06
-1.96297e-08
5.73748e-06
-1.86848e-08
5.73748e-06
-1.71244e-08
5.73742e-06
-1.50296e-08
5.7373e-06
-1.2511e-08
5.7371e-06
-9.70186e-09
5.73685e-06
-6.74989e-09
5.73653e-06
-3.80716e-09
5.73617e-06
-1.01935e-09
5.73577e-06
1.48459e-09
5.73535e-06
3.6014e-09
5.73492e-06
5.26029e-09
5.7345e-06
6.42683e-09
5.73412e-06
7.10384e-09
5.73376e-06
7.32928e-09
5.73346e-06
7.17142e-09
5.7332e-06
6.72198e-09
5.733e-06
6.08788e-09
5.73284e-06
5.38229e-09
5.73271e-06
4.71577e-09
5.73261e-06
4.18793e-09
5.73252e-06
3.88024e-09
5.73243e-06
3.85014e-09
5.73233e-06
4.12681e-09
5.73221e-06
4.70875e-09
5.73205e-06
5.56345e-09
5.73185e-06
6.62905e-09
5.73162e-06
7.81821e-09
5.73135e-06
9.02399e-09
5.73105e-06
1.01275e-08
5.73073e-06
1.10069e-08
5.7304e-06
1.1547e-08
5.73006e-06
1.16492e-08
5.72974e-06
1.12397e-08
5.72944e-06
1.02767e-08
5.72918e-06
8.75477e-09
5.72896e-06
6.70594e-09
5.7288e-06
4.19803e-09
5.7287e-06
1.32997e-09
5.72867e-06
-1.77526e-09
5.7287e-06
-4.97932e-09
5.7288e-06
-8.13791e-09
5.72896e-06
-1.11099e-08
5.72917e-06
-1.37654e-08
5.72943e-06
-1.59929e-08
5.72973e-06
-1.77036e-08
5.73005e-06
-1.88351e-08
5.73039e-06
-1.93521e-08
5.73073e-06
-1.92466e-08
5.73107e-06
-1.8536e-08
5.73138e-06
-1.72605e-08
5.73167e-06
-1.54808e-08
5.73192e-06
-1.32734e-08
5.73213e-06
-1.07278e-08
5.7323e-06
-7.94114e-09
5.73241e-06
-5.01487e-09
5.73248e-06
-2.04994e-09
5.7325e-06
8.56941e-10
5.73247e-06
3.61694e-09
5.7324e-06
6.15208e-09
5.73228e-06
8.39762e-09
5.73213e-06
1.03037e-08
5.73195e-06
1.18359e-08
5.73174e-06
1.29755e-08
5.73152e-06
1.37179e-08
5.73128e-06
1.40712e-08
5.73104e-06
1.40546e-08
5.7308e-06
1.36956e-08
5.73057e-06
1.30289e-08
5.73035e-06
1.20931e-08
5.73015e-06
1.09296e-08
5.72998e-06
9.58099e-09
5.72983e-06
8.08993e-09
5.72971e-06
6.49858e-09
5.72962e-06
4.84787e-09
5.72957e-06
3.17723e-09
5.72956e-06
1.52452e-09
5.72959e-06
-7.41332e-11
5.72965e-06
-1.58477e-09
5.72975e-06
-2.97595e-09
5.72988e-06
-4.21932e-09
5.73006e-06
-5.29022e-09
5.73026e-06
-6.16855e-09
5.7305e-06
-6.83955e-09
5.73076e-06
-7.29444e-09
5.73105e-06
-7.53082e-09
5.73137e-06
-7.55287e-09
5.7317e-06
-7.37121e-09
5.73204e-06
-7.00248e-09
5.7324e-06
-6.4685e-09
5.73277e-06
-5.79506e-09
5.73314e-06
-5.0105e-09
5.73352e-06
-4.14441e-09
5.73389e-06
-3.22642e-09
5.73426e-06
-2.28476e-09
5.73462e-06
-1.3448e-09
5.73495e-06
-4.27963e-10
5.73526e-06
4.48885e-10
5.73552e-06
1.27379e-09
5.73574e-06
2.04034e-09
5.73588e-06
2.74824e-09
5.73594e-06
3.40284e-09
5.73589e-06
4.01444e-09
5.7357e-06
4.5982e-09
5.73534e-06
5.17358e-09
5.73479e-06
5.76258e-09
5.734e-06
6.38762e-09
5.73294e-06
7.06985e-09
5.73159e-06
7.82704e-09
5.72992e-06
8.6702e-09
5.72792e-06
9.60104e-09
5.72559e-06
1.06087e-08
5.72295e-06
1.16682e-08
5.72004e-06
1.27389e-08
5.71694e-06
1.37657e-08
5.71374e-06
1.4679e-08
5.71053e-06
1.53943e-08
5.70741e-06
1.58468e-08
1.61103e-08
5.78267e-06
2.94612e-08
5.78014e-06
2.91731e-08
5.77746e-06
2.87024e-08
5.7747e-06
2.7755e-08
5.77194e-06
2.63794e-08
5.76923e-06
2.47004e-08
5.76664e-06
2.2825e-08
5.76421e-06
2.08507e-08
5.76197e-06
1.8861e-08
5.75993e-06
1.69201e-08
5.75809e-06
1.50724e-08
5.75645e-06
1.33438e-08
5.75499e-06
1.17439e-08
5.75369e-06
1.02693e-08
5.75254e-06
8.90744e-09
5.75151e-06
7.64031e-09
5.75059e-06
6.44799e-09
5.74976e-06
5.31109e-09
5.749e-06
4.21254e-09
5.74829e-06
3.13898e-09
5.74764e-06
2.0817e-09
5.74702e-06
1.03646e-09
5.74644e-06
3.20923e-12
5.74588e-06
-1.01427e-09
5.74535e-06
-2.00925e-09
5.74484e-06
-2.97303e-09
5.74434e-06
-3.89556e-09
5.74386e-06
-4.76619e-09
5.7434e-06
-5.57454e-09
5.74295e-06
-6.31117e-09
5.74252e-06
-6.96792e-09
5.7421e-06
-7.53795e-09
5.7417e-06
-8.01602e-09
5.74132e-06
-8.39845e-09
5.74095e-06
-8.683e-09
5.74061e-06
-8.8687e-09
5.74028e-06
-8.9555e-09
5.73997e-06
-8.94382e-09
5.73968e-06
-8.83429e-09
5.73942e-06
-8.62751e-09
5.73918e-06
-8.32395e-09
5.73896e-06
-7.92358e-09
5.73877e-06
-7.42563e-09
5.73861e-06
-6.82859e-09
5.73847e-06
-6.13036e-09
5.73837e-06
-5.32853e-09
5.7383e-06
-4.42062e-09
5.73826e-06
-3.40451e-09
5.73826e-06
-2.27917e-09
5.73829e-06
-1.04557e-09
5.73837e-06
2.92327e-10
5.73848e-06
1.72671e-09
5.73863e-06
3.24501e-09
5.73881e-06
4.82906e-09
5.73903e-06
6.45428e-09
5.73929e-06
8.08924e-09
5.73957e-06
9.69564e-09
5.73987e-06
1.12289e-08
5.7402e-06
1.2639e-08
5.74054e-06
1.38719e-08
5.74089e-06
1.48719e-08
5.74123e-06
1.55835e-08
5.74157e-06
1.5955e-08
5.74189e-06
1.59413e-08
5.74218e-06
1.55073e-08
5.74243e-06
1.46307e-08
5.74263e-06
1.33041e-08
5.74278e-06
1.15377e-08
5.74286e-06
9.35983e-09
5.74287e-06
6.81734e-09
5.7428e-06
3.9752e-09
5.74265e-06
9.14768e-10
5.7424e-06
-2.26855e-09
5.74207e-06
-5.46843e-09
5.74166e-06
-8.57149e-09
5.74116e-06
-1.14617e-08
5.74059e-06
-1.40254e-08
5.73995e-06
-1.6157e-08
5.73925e-06
-1.77646e-08
5.73851e-06
-1.87755e-08
5.73774e-06
-1.91423e-08
5.73696e-06
-1.88465e-08
5.73618e-06
-1.79025e-08
5.73541e-06
-1.63578e-08
5.73467e-06
-1.42927e-08
5.73398e-06
-1.18164e-08
5.73334e-06
-9.0603e-09
5.73276e-06
-6.17008e-09
5.73225e-06
-3.29554e-09
5.73181e-06
-5.79987e-10
5.73144e-06
1.84991e-09
5.73115e-06
3.89306e-09
5.73093e-06
5.48068e-09
5.73078e-06
6.58014e-09
5.73068e-06
7.19585e-09
5.73065e-06
7.36707e-09
5.73065e-06
7.16302e-09
5.7307e-06
6.67602e-09
5.73078e-06
6.01311e-09
5.73087e-06
5.28712e-09
5.73098e-06
4.60774e-09
5.73109e-06
4.07323e-09
5.73121e-06
3.7633e-09
5.73133e-06
3.73341e-09
5.73144e-06
4.01072e-09
5.73156e-06
4.59201e-09
5.73168e-06
5.44347e-09
5.73181e-06
6.50264e-09
5.73194e-06
7.68236e-09
5.73209e-06
8.87664e-09
5.73225e-06
9.96829e-09
5.73242e-06
1.08377e-08
5.73259e-06
1.13723e-08
5.73277e-06
1.14759e-08
5.73293e-06
1.10769e-08
5.73307e-06
1.01352e-08
5.73318e-06
8.64618e-09
5.73324e-06
6.64173e-09
5.73325e-06
4.1887e-09
5.7332e-06
1.38414e-09
5.73307e-06
-1.65159e-09
5.73288e-06
-4.78326e-09
5.73261e-06
-7.86987e-09
5.73227e-06
-1.07737e-08
5.73188e-06
-1.33681e-08
5.73143e-06
-1.55443e-08
5.73094e-06
-1.72162e-08
5.73043e-06
-1.83229e-08
5.72991e-06
-1.88304e-08
5.72939e-06
-1.87312e-08
5.7289e-06
-1.80423e-08
5.72844e-06
-1.68034e-08
5.72803e-06
-1.50735e-08
5.72769e-06
-1.29275e-08
5.72741e-06
-1.04524e-08
5.72721e-06
-7.74279e-09
5.7271e-06
-4.89722e-09
5.72706e-06
-2.0138e-09
5.7271e-06
8.13463e-10
5.72722e-06
3.49818e-09
5.72741e-06
5.96452e-09
5.72766e-06
8.14959e-09
5.72796e-06
1.00049e-08
5.7283e-06
1.14971e-08
5.72866e-06
1.26077e-08
5.72905e-06
1.33321e-08
5.72944e-06
1.36781e-08
5.72983e-06
1.36642e-08
5.73021e-06
1.33171e-08
5.73057e-06
1.267e-08
5.7309e-06
1.17607e-08
5.7312e-06
1.06292e-08
5.73147e-06
9.31673e-09
5.73169e-06
7.86456e-09
5.73188e-06
6.3135e-09
5.73202e-06
4.7033e-09
5.73213e-06
3.07222e-09
5.73219e-06
1.45697e-09
5.73223e-06
-1.07395e-10
5.73223e-06
-1.58783e-09
5.73221e-06
-2.95366e-09
5.73217e-06
-4.17718e-09
5.73211e-06
-5.23432e-09
5.73205e-06
-6.10544e-09
5.73198e-06
-6.7761e-09
5.73193e-06
-7.23754e-09
5.73188e-06
-7.48719e-09
5.73186e-06
-7.52894e-09
5.73186e-06
-7.37301e-09
5.73189e-06
-7.03533e-09
5.73196e-06
-6.5366e-09
5.73207e-06
-5.90134e-09
5.73221e-06
-5.1567e-09
5.7324e-06
-4.33094e-09
5.73263e-06
-3.4519e-09
5.73289e-06
-2.54575e-09
5.73318e-06
-1.63575e-09
5.73349e-06
-7.41211e-10
5.73382e-06
1.23281e-10
5.73414e-06
9.48423e-10
5.73445e-06
1.73074e-09
5.73473e-06
2.47291e-09
5.73495e-06
3.18322e-09
5.73509e-06
3.87493e-09
5.73512e-06
4.56635e-09
5.73501e-06
5.27977e-09
5.73474e-06
6.03884e-09
5.73426e-06
6.86653e-09
5.73354e-06
7.78326e-09
5.73257e-06
8.80321e-09
5.73131e-06
9.93058e-09
5.72975e-06
1.11571e-08
5.7279e-06
1.2458e-08
5.72578e-06
1.37916e-08
5.72342e-06
1.50977e-08
5.72088e-06
1.63005e-08
5.71825e-06
1.7313e-08
5.71561e-06
1.80328e-08
5.71306e-06
1.84004e-08
1.86031e-08
5.6702e-06
3.06413e-08
5.66898e-06
3.03932e-08
5.66768e-06
3.00025e-08
5.66634e-06
2.90984e-08
5.66499e-06
2.77244e-08
5.66368e-06
2.60143e-08
5.66242e-06
2.40813e-08
5.66125e-06
2.20279e-08
5.66016e-06
1.99447e-08
5.65918e-06
1.79034e-08
5.6583e-06
1.59547e-08
5.65751e-06
1.41301e-08
5.65681e-06
1.24436e-08
5.65619e-06
1.08944e-08
5.65562e-06
9.47149e-09
5.65511e-06
8.15752e-09
5.65462e-06
6.93201e-09
5.65416e-06
5.77474e-09
5.6537e-06
4.66755e-09
5.65325e-06
3.59564e-09
5.65278e-06
2.5486e-09
5.6523e-06
1.52062e-09
5.65179e-06
5.10161e-10
5.65125e-06
-4.80646e-10
5.65069e-06
-1.44674e-09
5.6501e-06
-2.38074e-09
5.64948e-06
-3.27374e-09
5.64883e-06
-4.11623e-09
5.64815e-06
-4.89896e-09
5.64745e-06
-5.61335e-09
5.64674e-06
-6.25178e-09
5.64601e-06
-6.80795e-09
5.64527e-06
-7.27705e-09
5.64453e-06
-7.65575e-09
5.64378e-06
-7.94201e-09
5.64305e-06
-8.13489e-09
5.64233e-06
-8.23435e-09
5.64163e-06
-8.24088e-09
5.64095e-06
-8.15522e-09
5.6403e-06
-7.97813e-09
5.63968e-06
-7.71012e-09
5.63911e-06
-7.35123e-09
5.63859e-06
-6.90086e-09
5.63812e-06
-6.35771e-09
5.63771e-06
-5.7199e-09
5.63736e-06
-4.98511e-09
5.63709e-06
-4.15084e-09
5.6369e-06
-3.21489e-09
5.6368e-06
-2.17606e-09
5.63679e-06
-1.03502e-09
5.63688e-06
2.04907e-10
5.63707e-06
1.53681e-09
5.63736e-06
2.94937e-09
5.63777e-06
4.42592e-09
5.63828e-06
5.94373e-09
5.63889e-06
7.47355e-09
5.63961e-06
8.97969e-09
5.64042e-06
1.04204e-08
5.64131e-06
1.17488e-08
5.64227e-06
1.29142e-08
5.64327e-06
1.3864e-08
5.64431e-06
1.45459e-08
5.64535e-06
1.49111e-08
5.64638e-06
1.49171e-08
5.64736e-06
1.45305e-08
5.64826e-06
1.37301e-08
5.64905e-06
1.25088e-08
5.64971e-06
1.08757e-08
5.65022e-06
8.85735e-09
5.65054e-06
6.49756e-09
5.65065e-06
3.85717e-09
5.65056e-06
1.01239e-09
5.65024e-06
-1.94743e-09
5.64969e-06
-4.92272e-09
5.64893e-06
-7.80726e-09
5.64796e-06
-1.04924e-08
5.6468e-06
-1.28718e-08
5.64549e-06
-1.48466e-08
5.64406e-06
-1.63307e-08
5.64254e-06
-1.72564e-08
5.64097e-06
-1.75794e-08
5.63941e-06
-1.72829e-08
5.63789e-06
-1.63805e-08
5.63645e-06
-1.49177e-08
5.63513e-06
-1.29703e-08
5.63395e-06
-1.06413e-08
5.63295e-06
-8.05507e-09
5.63213e-06
-5.34894e-09
5.63149e-06
-2.66417e-09
5.63105e-06
-1.35775e-10
5.63078e-06
2.11721e-09
5.63067e-06
4.00011e-09
5.63071e-06
5.449e-09
5.63085e-06
6.43441e-09
5.63109e-06
6.96213e-09
5.63138e-06
7.07101e-09
5.63172e-06
6.82835e-09
5.63207e-06
6.32311e-09
5.63243e-06
5.65795e-09
5.63277e-06
4.94058e-09
5.63311e-06
4.27522e-09
5.63342e-06
3.75469e-09
5.63373e-06
3.45373e-09
5.63404e-06
3.42361e-09
5.63437e-06
3.68855e-09
5.63471e-06
4.24388e-09
5.6351e-06
5.05613e-09
5.63554e-06
6.06496e-09
5.63603e-06
7.18711e-09
5.63659e-06
8.32202e-09
5.6372e-06
9.35901e-09
5.63785e-06
1.01856e-08
5.63853e-06
1.06962e-08
5.6392e-06
1.0801e-08
5.63984e-06
1.04336e-08
5.64042e-06
9.55675e-09
5.6409e-06
8.1668e-09
5.64125e-06
6.29419e-09
5.64144e-06
4.00193e-09
5.64144e-06
1.38118e-09
5.64124e-06
-1.45529e-09
5.64084e-06
-4.38092e-09
5.64024e-06
-7.26391e-09
5.63944e-06
-9.97558e-09
5.63847e-06
-1.23979e-08
5.63735e-06
-1.44294e-08
5.63613e-06
-1.59901e-08
5.63483e-06
-1.70236e-08
5.63349e-06
-1.74986e-08
5.63217e-06
-1.74083e-08
5.6309e-06
-1.6769e-08
5.62971e-06
-1.56179e-08
5.62865e-06
-1.40103e-08
5.62774e-06
-1.20161e-08
5.627e-06
-9.71608e-09
5.62646e-06
-7.19854e-09
5.62611e-06
-4.55496e-09
5.62598e-06
-1.87649e-09
5.62604e-06
7.49564e-10
5.6263e-06
3.24296e-09
5.62673e-06
5.53328e-09
5.62732e-06
7.5622e-09
5.62804e-06
9.28484e-09
5.62886e-06
1.06703e-08
5.62977e-06
1.17013e-08
5.63073e-06
1.23736e-08
5.63171e-06
1.26945e-08
5.63269e-06
1.2681e-08
5.63365e-06
1.23581e-08
5.63457e-06
1.17565e-08
5.63542e-06
1.09111e-08
5.63619e-06
9.85904e-09
5.63686e-06
8.63846e-09
5.63744e-06
7.28757e-09
5.63791e-06
5.84401e-09
5.63827e-06
4.3445e-09
5.63852e-06
2.82445e-09
5.63866e-06
1.31784e-09
5.63869e-06
-1.42858e-10
5.63863e-06
-1.52695e-09
5.63848e-06
-2.80596e-09
5.63826e-06
-3.9541e-09
5.63798e-06
-4.94895e-09
5.63764e-06
-5.77216e-09
5.63728e-06
-6.41018e-09
5.63689e-06
-6.85476e-09
5.63651e-06
-7.10338e-09
5.63614e-06
-7.15948e-09
5.6358e-06
-7.03241e-09
5.6355e-06
-6.73675e-09
5.63526e-06
-6.29139e-09
5.63507e-06
-5.71874e-09
5.63496e-06
-5.04364e-09
5.63492e-06
-4.29179e-09
5.63496e-06
-3.48819e-09
5.63507e-06
-2.65605e-09
5.63525e-06
-1.81583e-09
5.63549e-06
-9.84127e-10
5.63579e-06
-1.72694e-10
5.63612e-06
6.12131e-10
5.63648e-06
1.36954e-09
5.63685e-06
2.10439e-09
5.63721e-06
2.82734e-09
5.63753e-06
3.55433e-09
5.63779e-06
4.30568e-09
5.63796e-06
5.10481e-09
5.63803e-06
5.97606e-09
5.63795e-06
6.94274e-09
5.63771e-06
8.02393e-09
5.63728e-06
9.23018e-09
5.63665e-06
1.05605e-08
5.63581e-06
1.1999e-08
5.63476e-06
1.35118e-08
5.63351e-06
1.50448e-08
5.63208e-06
1.65245e-08
5.63052e-06
1.78634e-08
5.62887e-06
1.89614e-08
5.6272e-06
1.97001e-08
5.62558e-06
2.00225e-08
2.01953e-08
5.45287e-06
3.03001e-08
5.45323e-06
3.0031e-08
5.4536e-06
2.96278e-08
5.45399e-06
2.87115e-08
5.45438e-06
2.73333e-08
5.45477e-06
2.56305e-08
5.45513e-06
2.37138e-08
5.45548e-06
2.16824e-08
5.4558e-06
1.96233e-08
5.4561e-06
1.76068e-08
5.45637e-06
1.56834e-08
5.45661e-06
1.38854e-08
5.45683e-06
1.22277e-08
5.45701e-06
1.07108e-08
5.45716e-06
9.32515e-09
5.45726e-06
8.05432e-09
5.45732e-06
6.87804e-09
5.45732e-06
5.77586e-09
5.45725e-06
4.72971e-09
5.45712e-06
3.72473e-09
5.45692e-06
2.7497e-09
5.45665e-06
1.79762e-09
5.45629e-06
8.65838e-10
5.45585e-06
-4.47021e-11
5.45534e-06
-9.3032e-10
5.45474e-06
-1.78516e-09
5.45407e-06
-2.60185e-09
5.45333e-06
-3.37234e-09
5.45252e-06
-4.08865e-09
5.45165e-06
-4.74325e-09
5.45073e-06
-5.32949e-09
5.44976e-06
-5.84185e-09
5.44876e-06
-6.27612e-09
5.44773e-06
-6.62934e-09
5.44669e-06
-6.89971e-09
5.44564e-06
-7.08648e-09
5.4446e-06
-7.18973e-09
5.44357e-06
-7.21003e-09
5.44256e-06
-7.14816e-09
5.44159e-06
-7.00487e-09
5.44066e-06
-6.7807e-09
5.43978e-06
-6.47575e-09
5.43897e-06
-6.0896e-09
5.43823e-06
-5.62118e-09
5.43758e-06
-5.06886e-09
5.43703e-06
-4.43044e-09
5.43658e-06
-3.7035e-09
5.43625e-06
-2.88586e-09
5.43605e-06
-1.97621e-09
5.43599e-06
-9.74819e-10
5.43608e-06
1.15767e-10
5.43633e-06
1.28989e-09
5.43674e-06
2.53789e-09
5.43732e-06
3.8453e-09
5.43807e-06
5.19213e-09
5.43899e-06
6.5526e-09
5.44008e-06
7.89509e-09
5.44131e-06
9.1825e-09
5.44269e-06
1.0373e-08
5.44418e-06
1.14212e-08
5.44577e-06
1.22798e-08
5.44741e-06
1.29021e-08
5.44908e-06
1.32442e-08
5.45073e-06
1.32677e-08
5.45231e-06
1.29424e-08
5.4538e-06
1.2249e-08
5.45512e-06
1.11808e-08
5.45625e-06
9.74562e-09
5.45714e-06
7.96695e-09
5.45776e-06
5.88382e-09
5.45806e-06
3.55037e-09
5.45804e-06
1.03448e-09
5.45768e-06
-1.58425e-09
5.45697e-06
-4.21706e-09
5.45594e-06
-6.76926e-09
5.45459e-06
-9.14395e-09
5.45296e-06
-1.12463e-08
5.4511e-06
-1.2988e-08
5.44906e-06
-1.42924e-08
5.44691e-06
-1.50992e-08
5.4447e-06
-1.5369e-08
5.4425e-06
-1.5087e-08
5.44039e-06
-1.42657e-08
5.43841e-06
-1.29461e-08
5.43664e-06
-1.11966e-08
5.43511e-06
-9.1101e-09
5.43385e-06
-6.79824e-09
5.43289e-06
-4.38471e-09
5.43222e-06
-1.99647e-09
5.43184e-06
2.4525e-10
5.43172e-06
2.23376e-09
5.43184e-06
3.88456e-09
5.43215e-06
5.14107e-09
5.4326e-06
5.97802e-09
5.43316e-06
6.40207e-09
5.43378e-06
6.44989e-09
5.43443e-06
6.18379e-09
5.43507e-06
5.68554e-09
5.43568e-06
5.04901e-09
5.43624e-06
4.37222e-09
5.43677e-06
3.74961e-09
5.43726e-06
3.26481e-09
5.43773e-06
2.98465e-09
5.4382e-06
2.95441e-09
5.43869e-06
3.19471e-09
5.43924e-06
3.69999e-09
5.43985e-06
4.43877e-09
5.44056e-06
5.35558e-09
5.44138e-06
6.37463e-09
5.44229e-06
7.40494e-09
5.4433e-06
8.34681e-09
5.44439e-06
9.09925e-09
5.44552e-06
9.56783e-09
5.44665e-06
9.67241e-09
5.44773e-06
9.35391e-09
5.4487e-06
8.57971e-09
5.44952e-06
7.34684e-09
5.45014e-06
5.68296e-09
5.45049e-06
3.64465e-09
5.45056e-06
1.31356e-09
5.45032e-06
-1.20951e-09
5.44975e-06
-3.81162e-09
5.44886e-06
-6.37532e-09
5.44767e-06
-8.78605e-09
5.44621e-06
-1.09389e-08
5.44452e-06
-1.27439e-08
5.44266e-06
-1.41301e-08
5.44069e-06
-1.5048e-08
5.43866e-06
-1.54701e-08
5.43664e-06
-1.53907e-08
5.4347e-06
-1.48248e-08
5.43289e-06
-1.38058e-08
5.43126e-06
-1.23828e-08
5.42986e-06
-1.0618e-08
5.42873e-06
-8.58328e-09
5.42788e-06
-6.35673e-09
5.42735e-06
-4.01938e-09
5.42712e-06
-1.65189e-09
5.42721e-06
6.68524e-10
5.42758e-06
2.87099e-09
5.42822e-06
4.89337e-09
5.4291e-06
6.68422e-09
5.43018e-06
8.20401e-09
5.43142e-06
9.42558e-09
5.43279e-06
1.03338e-08
5.43424e-06
1.0925e-08
5.43573e-06
1.12055e-08
5.43722e-06
1.11907e-08
5.43867e-06
1.09028e-08
5.44006e-06
1.0369e-08
5.44135e-06
9.61998e-09
5.44252e-06
8.68839e-09
5.44355e-06
7.60791e-09
5.44443e-06
6.41221e-09
5.44514e-06
5.13435e-09
5.44567e-06
3.8065e-09
5.44604e-06
2.45973e-09
5.44623e-06
1.12396e-09
5.44626e-06
-1.72209e-10
5.44614e-06
-1.40171e-09
5.44587e-06
-2.53942e-09
5.44548e-06
-3.5626e-09
5.44498e-06
-4.45139e-09
5.4444e-06
-5.18945e-09
5.44375e-06
-5.76469e-09
5.44307e-06
-6.16976e-09
5.44237e-06
-6.40238e-09
5.44167e-06
-6.46545e-09
5.44101e-06
-6.36702e-09
5.44039e-06
-6.1198e-09
5.43984e-06
-5.74047e-09
5.43937e-06
-5.24868e-09
5.43899e-06
-4.66594e-09
5.43871e-06
-4.01438e-09
5.43854e-06
-3.3155e-09
5.43848e-06
-2.58913e-09
5.43851e-06
-1.85237e-09
5.43865e-06
-1.11865e-09
5.43887e-06
-3.96827e-10
5.43917e-06
3.0933e-10
5.43954e-06
1.00111e-09
5.43996e-06
1.68489e-09
5.44041e-06
2.37279e-09
5.44089e-06
3.08205e-09
5.44136e-06
3.83336e-09
5.44181e-06
4.64975e-09
5.44224e-06
5.55557e-09
5.4426e-06
6.57358e-09
5.44291e-06
7.72025e-09
5.44313e-06
9.00387e-09
5.44327e-06
1.04213e-08
5.44332e-06
1.1952e-08
5.44327e-06
1.35578e-08
5.44314e-06
1.51811e-08
5.44292e-06
1.6745e-08
5.44262e-06
1.81582e-08
5.44227e-06
1.93171e-08
5.44187e-06
2.00968e-08
5.44146e-06
2.04334e-08
2.0622e-08
5.12934e-06
2.83396e-08
5.13139e-06
2.79786e-08
5.13355e-06
2.7465e-08
5.13578e-06
2.6485e-08
5.138e-06
2.51091e-08
5.14017e-06
2.34683e-08
5.14222e-06
2.16591e-08
5.14414e-06
1.97648e-08
5.1459e-06
1.78592e-08
5.14751e-06
1.60021e-08
5.14895e-06
1.42375e-08
5.15024e-06
1.25939e-08
5.15139e-06
1.10843e-08
5.15239e-06
9.70917e-09
5.15325e-06
8.45951e-09
5.15399e-06
7.3202e-09
5.15459e-06
6.27279e-09
5.15507e-06
5.29821e-09
5.15542e-06
4.37921e-09
5.15564e-06
3.50159e-09
5.15574e-06
2.65457e-09
5.15571e-06
1.83111e-09
5.15554e-06
1.02793e-09
5.15525e-06
2.45002e-10
5.15484e-06
-5.1518e-10
5.1543e-06
-1.24816e-09
5.15365e-06
-1.94809e-09
5.15288e-06
-2.60845e-09
5.15202e-06
-3.22268e-09
5.15106e-06
-3.78458e-09
5.15002e-06
-4.28872e-09
5.14891e-06
-4.73059e-09
5.14774e-06
-5.10666e-09
5.14652e-06
-5.41441e-09
5.14527e-06
-5.65238e-09
5.14401e-06
-5.82006e-09
5.14274e-06
-5.91761e-09
5.14147e-06
-5.9456e-09
5.14023e-06
-5.90474e-09
5.13902e-06
-5.79576e-09
5.13786e-06
-5.61922e-09
5.13676e-06
-5.37533e-09
5.13573e-06
-5.06377e-09
5.13479e-06
-4.68368e-09
5.13396e-06
-4.23365e-09
5.13324e-06
-3.71171e-09
5.13265e-06
-3.11567e-09
5.13221e-06
-2.44346e-09
5.13193e-06
-1.69367e-09
5.13182e-06
-8.66184e-10
5.1319e-06
3.72798e-11
5.13217e-06
1.0124e-09
5.13266e-06
2.05147e-09
5.13336e-06
3.14265e-09
5.13429e-06
4.26945e-09
5.13543e-06
5.41046e-09
5.13678e-06
6.53929e-09
5.13834e-06
7.62482e-09
5.14008e-06
8.63181e-09
5.14198e-06
9.52188e-09
5.14401e-06
1.02551e-08
5.14612e-06
1.07917e-08
5.14827e-06
1.10943e-08
5.15041e-06
1.11303e-08
5.15247e-06
1.08738e-08
5.15442e-06
1.0308e-08
5.15617e-06
9.42703e-09
5.15768e-06
8.23715e-09
5.15889e-06
6.7579e-09
5.15975e-06
5.02201e-09
5.16022e-06
3.07496e-09
5.16028e-06
9.73797e-10
5.15991e-06
-1.21452e-09
5.15911e-06
-3.41528e-09
5.15789e-06
-5.54871e-09
5.15628e-06
-7.53311e-09
5.15432e-06
-9.28849e-09
5.15207e-06
-1.07404e-08
5.14961e-06
-1.18242e-08
5.147e-06
-1.24891e-08
5.14433e-06
-1.27016e-08
5.14169e-06
-1.24495e-08
5.13917e-06
-1.17435e-08
5.13684e-06
-1.06186e-08
5.13478e-06
-9.13316e-09
5.13303e-06
-7.366e-09
5.13165e-06
-5.41231e-09
5.13064e-06
-3.3773e-09
5.13001e-06
-1.36895e-09
5.12975e-06
5.09744e-10
5.12981e-06
2.16831e-09
5.13016e-06
3.53536e-09
5.13074e-06
4.56356e-09
5.13149e-06
5.23243e-09
5.13234e-06
5.5489e-09
5.13324e-06
5.54563e-09
5.13415e-06
5.27715e-09
5.13502e-06
4.81453e-09
5.13583e-06
4.23892e-09
5.13657e-06
3.63473e-09
5.13724e-06
3.0829e-09
5.13785e-06
2.65478e-09
5.13842e-06
2.40695e-09
5.139e-06
2.37733e-09
5.13961e-06
2.58256e-09
5.1403e-06
3.0169e-09
5.14108e-06
3.65248e-09
5.142e-06
4.44119e-09
5.14306e-06
5.31776e-09
5.14426e-06
6.20432e-09
5.14559e-06
7.01586e-09
5.14702e-06
7.66653e-09
5.14851e-06
8.0763e-09
5.15001e-06
8.17739e-09
5.15144e-06
7.92003e-09
5.15274e-06
7.2769e-09
5.15384e-06
6.24582e-09
5.15468e-06
4.85044e-09
5.15518e-06
3.13884e-09
5.15532e-06
1.18018e-09
5.15505e-06
-9.40261e-10
5.15436e-06
-3.12709e-09
5.15327e-06
-5.28123e-09
5.15179e-06
-7.30623e-09
5.14996e-06
-9.11386e-09
5.14785e-06
-1.06287e-08
5.14551e-06
-1.17915e-08
5.14302e-06
-1.2561e-08
5.14047e-06
-1.29144e-08
5.13792e-06
-1.28476e-08
5.13547e-06
-1.23734e-08
5.13318e-06
-1.152e-08
5.13113e-06
-1.03292e-08
5.12937e-06
-8.85318e-09
5.12793e-06
-7.15218e-09
5.12687e-06
-5.29169e-09
5.12619e-06
-3.33954e-09
5.1259e-06
-1.3632e-09
5.126e-06
5.72823e-10
5.12646e-06
2.40939e-09
5.12726e-06
4.09478e-09
5.12836e-06
5.5862e-09
5.12971e-06
6.85079e-09
5.13127e-06
7.86599e-09
5.13298e-06
8.61934e-09
5.1348e-06
9.10793e-09
5.13667e-06
9.33738e-09
5.13854e-06
9.32067e-09
5.14036e-06
9.07654e-09
5.14211e-06
8.62782e-09
5.14373e-06
8.00001e-09
5.14519e-06
7.22029e-09
5.14648e-06
6.31671e-09
5.14758e-06
5.31731e-09
5.14846e-06
4.24951e-09
5.14913e-06
3.13987e-09
5.14958e-06
2.01412e-09
5.1498e-06
8.97061e-10
5.14982e-06
-1.87565e-10
5.14963e-06
-1.21731e-09
5.14927e-06
-2.1713e-09
5.14873e-06
-3.03055e-09
5.14806e-06
-3.77844e-09
5.14727e-06
-4.40126e-09
5.1464e-06
-4.88887e-09
5.14546e-06
-5.23511e-09
5.1445e-06
-5.43803e-09
5.14353e-06
-5.49997e-09
5.14259e-06
-5.42748e-09
5.1417e-06
-5.23114e-09
5.14089e-06
-4.92493e-09
5.14017e-06
-4.52514e-09
5.13955e-06
-4.04934e-09
5.13905e-06
-3.5156e-09
5.13868e-06
-2.9416e-09
5.13843e-06
-2.34344e-09
5.13831e-06
-1.73452e-09
5.13832e-06
-1.12505e-09
5.13844e-06
-5.21501e-10
5.13868e-06
7.42382e-11
5.13901e-06
6.64994e-10
5.13944e-06
1.25806e-09
5.13995e-06
1.86546e-09
5.14053e-06
2.50365e-09
5.14117e-06
3.19243e-09
5.14186e-06
3.95377e-09
5.14261e-06
4.80996e-09
5.1434e-06
5.78103e-09
5.14424e-06
6.88234e-09
5.14512e-06
8.12113e-09
5.14605e-06
9.49203e-09
5.14703e-06
1.09755e-08
5.14805e-06
1.25357e-08
5.14911e-06
1.41185e-08
5.1502e-06
1.56543e-08
5.1513e-06
1.70607e-08
5.15238e-06
1.8243e-08
5.15339e-06
1.90786e-08
5.15433e-06
1.94954e-08
1.97535e-08
4.69677e-06
2.48462e-08
4.70042e-06
2.43279e-08
4.70426e-06
2.36229e-08
4.70819e-06
2.25585e-08
4.71207e-06
2.12206e-08
4.71583e-06
1.9717e-08
4.71937e-06
1.81171e-08
4.72266e-06
1.64778e-08
4.72566e-06
1.48504e-08
4.72839e-06
1.32779e-08
4.73083e-06
1.17933e-08
4.73301e-06
1.04173e-08
4.73493e-06
9.15953e-09
4.73662e-06
8.01964e-09
4.73809e-06
6.98935e-09
4.73936e-06
6.05518e-09
4.74043e-06
5.20137e-09
4.74132e-06
4.41177e-09
4.74203e-06
3.67131e-09
4.74256e-06
2.96732e-09
4.74293e-06
2.29047e-09
4.74312e-06
1.63464e-09
4.74315e-06
9.96544e-10
4.74302e-06
3.75473e-10
4.74274e-06
-2.26999e-10
4.74229e-06
-8.07569e-10
4.74171e-06
-1.36186e-09
4.74099e-06
-1.88493e-09
4.74013e-06
-2.37174e-09
4.73917e-06
-2.81748e-09
4.7381e-06
-3.21799e-09
4.73694e-06
-3.56978e-09
4.7357e-06
-3.87011e-09
4.7344e-06
-4.11708e-09
4.73306e-06
-4.30966e-09
4.73169e-06
-4.44753e-09
4.7303e-06
-4.53085e-09
4.72891e-06
-4.5601e-09
4.72754e-06
-4.53589e-09
4.72621e-06
-4.4589e-09
4.72492e-06
-4.32969e-09
4.72369e-06
-4.14847e-09
4.72254e-06
-3.91505e-09
4.72149e-06
-3.62875e-09
4.72054e-06
-3.28838e-09
4.71972e-06
-2.89232e-09
4.71905e-06
-2.43866e-09
4.71853e-06
-1.92556e-09
4.71819e-06
-1.35164e-09
4.71804e-06
-7.16456e-10
4.7181e-06
-2.09808e-11
4.71838e-06
7.31757e-10
4.71889e-06
1.53606e-09
4.71965e-06
2.38297e-09
4.72066e-06
3.25989e-09
4.72192e-06
4.1503e-09
4.72343e-06
5.03373e-09
4.72516e-06
5.88587e-09
4.72712e-06
6.67907e-09
4.72926e-06
7.38311e-09
4.73154e-06
7.96647e-09
4.73394e-06
8.39772e-09
4.73639e-06
8.64724e-09
4.73883e-06
8.68896e-09
4.7412e-06
8.50217e-09
4.74343e-06
8.07328e-09
4.74546e-06
7.39731e-09
4.74722e-06
6.47899e-09
4.74865e-06
5.33339e-09
4.74968e-06
3.98603e-09
4.75028e-06
2.47242e-09
4.75042e-06
8.37184e-10
4.75007e-06
-8.67213e-10
4.74924e-06
-2.58216e-09
4.74794e-06
-4.245e-09
4.74619e-06
-5.7915e-09
4.74407e-06
-7.15872e-09
4.74161e-06
-8.28807e-09
4.73892e-06
-9.12857e-09
4.73607e-06
-9.6401e-09
4.73316e-06
-9.79641e-09
4.7303e-06
-9.58775e-09
4.72758e-06
-9.02271e-09
4.72509e-06
-8.12898e-09
4.72291e-06
-6.95281e-09
4.7211e-06
-5.5569e-09
4.71971e-06
-4.0168e-09
4.71874e-06
-2.41607e-09
4.71822e-06
-8.40453e-10
4.7181e-06
6.28361e-10
4.71835e-06
1.91873e-09
4.71891e-06
2.97435e-09
4.71971e-06
3.7582e-09
4.72069e-06
4.25481e-09
4.72177e-06
4.47068e-09
4.72288e-06
4.43287e-09
4.72397e-06
4.18586e-09
4.725e-06
3.78722e-09
4.72594e-06
3.30241e-09
4.72677e-06
2.79924e-09
4.72751e-06
2.34248e-09
4.72818e-06
1.98896e-09
4.7288e-06
1.78351e-09
4.72942e-06
1.75585e-09
4.73009e-06
1.9186e-09
4.73084e-06
2.26649e-09
4.73172e-06
2.77669e-09
4.73275e-06
3.41028e-09
4.73395e-06
4.11489e-09
4.73533e-06
4.82829e-09
4.73686e-06
5.48276e-09
4.73851e-06
6.01013e-09
4.74024e-06
6.34697e-09
4.74198e-06
6.43966e-09
4.74365e-06
6.24894e-09
4.74518e-06
5.75331e-09
4.74647e-06
4.95123e-09
4.74746e-06
3.86154e-09
4.74808e-06
2.52234e-09
4.74827e-06
9.88321e-10
4.748e-06
-6.73146e-10
4.74726e-06
-2.38679e-09
4.74605e-06
-4.07454e-09
4.74441e-06
-5.66056e-09
4.74237e-06
-7.07564e-09
4.74e-06
-8.26081e-09
4.73738e-06
-9.16983e-09
4.73459e-06
-9.77071e-09
4.73172e-06
-1.00461e-08
4.72887e-06
-9.99295e-09
4.72612e-06
-9.62173e-09
4.72355e-06
-8.95488e-09
4.72125e-06
-8.02518e-09
4.71927e-06
-6.87369e-09
4.71766e-06
-5.54766e-09
4.71647e-06
-4.09824e-09
4.71571e-06
-2.5784e-09
4.71539e-06
-1.04076e-09
4.71549e-06
4.64429e-10
4.71601e-06
1.89118e-09
4.71691e-06
3.19938e-09
4.71814e-06
4.3559e-09
4.71965e-06
5.33527e-09
4.7214e-06
6.12003e-09
4.72332e-06
6.70065e-09
4.72535e-06
7.07519e-09
4.72744e-06
7.24838e-09
4.72953e-06
7.23055e-09
4.73157e-06
7.03638e-09
4.73351e-06
6.68371e-09
4.73532e-06
6.19242e-09
4.73696e-06
5.58369e-09
4.73839e-06
4.87931e-09
4.73961e-06
4.101e-09
4.74059e-06
3.26992e-09
4.74132e-06
2.40651e-09
4.74181e-06
1.53058e-09
4.74204e-06
6.61261e-10
4.74204e-06
-1.8319e-10
4.74181e-06
-9.85513e-10
4.74137e-06
-1.72953e-09
4.74074e-06
-2.40041e-09
4.73994e-06
-2.98516e-09
4.73901e-06
-3.47318e-09
4.73798e-06
-3.85659e-09
4.73688e-06
-4.13053e-09
4.73573e-06
-4.29338e-09
4.73458e-06
-4.34695e-09
4.73345e-06
-4.29638e-09
4.73237e-06
-4.14992e-09
4.73136e-06
-3.91836e-09
4.73045e-06
-3.61429e-09
4.72965e-06
-3.25128e-09
4.72898e-06
-2.8433e-09
4.72844e-06
-2.4039e-09
4.72804e-06
-1.9452e-09
4.72779e-06
-1.47714e-09
4.72767e-06
-1.00712e-09
4.72769e-06
-5.39484e-10
4.72783e-06
-7.47708e-11
4.72811e-06
3.90432e-10
4.7285e-06
8.63077e-10
4.72902e-06
1.3538e-09
4.72964e-06
1.87713e-09
4.73038e-06
2.45036e-09
4.73125e-06
3.09227e-09
4.73223e-06
3.8222e-09
4.73336e-06
4.65713e-09
4.73463e-06
5.61001e-09
4.73606e-06
6.68692e-09
4.73767e-06
7.88375e-09
4.73946e-06
9.18482e-09
4.74144e-06
1.05605e-08
4.74359e-06
1.19687e-08
4.74589e-06
1.33557e-08
4.74829e-06
1.46591e-08
4.75072e-06
1.58055e-08
4.75311e-06
1.66924e-08
4.75536e-06
1.72409e-08
1.76193e-08
4.1503e-06
2.00957e-08
4.15526e-06
1.93748e-08
4.16043e-06
1.8452e-08
4.16565e-06
1.73377e-08
4.17075e-06
1.61139e-08
4.17563e-06
1.48425e-08
4.18019e-06
1.35536e-08
4.1844e-06
1.22715e-08
4.18823e-06
1.10214e-08
4.19168e-06
9.82743e-09
4.19476e-06
8.7092e-09
4.1975e-06
7.67907e-09
4.19992e-06
6.74236e-09
4.20204e-06
5.89803e-09
4.20389e-06
5.13934e-09
4.20549e-06
4.45533e-09
4.20686e-06
3.83339e-09
4.20801e-06
3.2611e-09
4.20895e-06
2.72689e-09
4.2097e-06
2.22085e-09
4.21025e-06
1.73561e-09
4.21062e-06
1.26635e-09
4.21081e-06
8.10367e-10
4.21082e-06
3.66848e-10
4.21065e-06
-6.32368e-11
4.21032e-06
-4.77626e-10
4.20983e-06
-8.7332e-10
4.20919e-06
-1.24691e-09
4.20842e-06
-1.59485e-09
4.20751e-06
-1.91374e-09
4.2065e-06
-2.2006e-09
4.20538e-06
-2.45295e-09
4.20418e-06
-2.66889e-09
4.20291e-06
-2.84714e-09
4.20159e-06
-2.98701e-09
4.20023e-06
-3.08836e-09
4.19885e-06
-3.15131e-09
4.19746e-06
-3.17627e-09
4.19609e-06
-3.16377e-09
4.19475e-06
-3.11438e-09
4.19344e-06
-3.02851e-09
4.1922e-06
-2.90636e-09
4.19104e-06
-2.74781e-09
4.18996e-06
-2.55239e-09
4.18899e-06
-2.3192e-09
4.18814e-06
-2.04692e-09
4.18744e-06
-1.73405e-09
4.18689e-06
-1.37908e-09
4.18652e-06
-9.80794e-10
4.18635e-06
-5.38606e-10
4.18638e-06
-5.29354e-11
4.18663e-06
4.7434e-10
4.18713e-06
1.03943e-09
4.18788e-06
1.63625e-09
4.18888e-06
2.25607e-09
4.19014e-06
2.88734e-09
4.19166e-06
3.51564e-09
4.19342e-06
4.12371e-09
4.19541e-06
4.69182e-09
4.1976e-06
5.19836e-09
4.19994e-06
5.62067e-09
4.2024e-06
5.93612e-09
4.20493e-06
6.1233e-09
4.20745e-06
6.16324e-09
4.20992e-06
6.04083e-09
4.21224e-06
5.746e-09
4.21437e-06
5.27493e-09
4.21621e-06
4.63075e-09
4.21772e-06
3.82405e-09
4.21884e-06
2.87284e-09
4.21951e-06
1.8023e-09
4.2197e-06
6.44158e-10
4.2194e-06
-5.64227e-10
4.21859e-06
-1.78101e-09
4.21731e-06
-2.96138e-09
4.21558e-06
-4.05935e-09
4.21345e-06
-5.02976e-09
4.21099e-06
-5.83055e-09
4.20829e-06
-6.42507e-09
4.20543e-06
-6.78441e-09
4.20253e-06
-6.88962e-09
4.19967e-06
-6.73363e-09
4.19697e-06
-6.32256e-09
4.19452e-06
-5.67637e-09
4.19239e-06
-4.82843e-09
4.19066e-06
-3.82408e-09
4.18936e-06
-2.71801e-09
4.18852e-06
-1.57071e-09
4.18812e-06
-4.44265e-10
4.18815e-06
6.02233e-10
4.18855e-06
1.51705e-09
4.18926e-06
2.25966e-09
4.19022e-06
2.80365e-09
4.19134e-06
3.13836e-09
4.19254e-06
3.26918e-09
4.19375e-06
3.21647e-09
4.19493e-06
3.01324e-09
4.19601e-06
2.70193e-09
4.19698e-06
2.33063e-09
4.19783e-06
1.94895e-09
4.19857e-06
1.60416e-09
4.19922e-06
1.33757e-09
4.19983e-06
1.18162e-09
4.20042e-06
1.15766e-09
4.20107e-06
1.27452e-09
4.20181e-06
1.52798e-09
4.20268e-06
1.90107e-09
4.20373e-06
2.3652e-09
4.20496e-06
2.88209e-09
4.20638e-06
3.40638e-09
4.20798e-06
3.8889e-09
4.20971e-06
4.28021e-09
4.21152e-06
4.53439e-09
4.21334e-06
4.6127e-09
4.21511e-06
4.48676e-09
4.21672e-06
4.14107e-09
4.2181e-06
3.57453e-09
4.21916e-06
2.80076e-09
4.21983e-06
1.84729e-09
4.22007e-06
7.53552e-10
4.21983e-06
-4.3189e-10
4.21909e-06
-1.65483e-09
4.21788e-06
-2.85915e-09
4.21621e-06
-3.99042e-09
4.21413e-06
-4.99917e-09
4.21171e-06
-5.84338e-09
4.20904e-06
-6.49026e-09
4.20618e-06
-6.91723e-09
4.20325e-06
-7.11219e-09
4.20033e-06
-7.07329e-09
4.19751e-06
-6.8082e-09
4.19489e-06
-6.33317e-09
4.19254e-06
-5.67178e-09
4.19052e-06
-4.85347e-09
4.18888e-06
-3.91197e-09
4.18767e-06
-2.88376e-09
4.1869e-06
-1.8065e-09
4.18657e-06
-7.17552e-10
4.18669e-06
3.47474e-10
4.18722e-06
1.35603e-09
4.18814e-06
2.27978e-09
4.1894e-06
3.09535e-09
4.19096e-06
3.78478e-09
4.19274e-06
4.33579e-09
4.1947e-06
4.74181e-09
4.19677e-06
5.00178e-09
4.1989e-06
5.11942e-09
4.20103e-06
5.10229e-09
4.2031e-06
4.96082e-09
4.20508e-06
4.70765e-09
4.20692e-06
4.35699e-09
4.20858e-06
3.92399e-09
4.21003e-06
3.42411e-09
4.21126e-06
2.87263e-09
4.21224e-06
2.28434e-09
4.21298e-06
1.67354e-09
4.21345e-06
1.0541e-09
4.21368e-06
4.39364e-10
4.21365e-06
-1.57971e-10
4.21339e-06
-7.25834e-10
4.21291e-06
-1.25276e-09
4.21224e-06
-1.72816e-09
4.2114e-06
-2.14287e-09
4.21042e-06
-2.48951e-09
4.20932e-06
-2.76254e-09
4.20815e-06
-2.95839e-09
4.20693e-06
-3.07582e-09
4.2057e-06
-3.11616e-09
4.20449e-06
-3.08315e-09
4.20332e-06
-2.98258e-09
4.20222e-06
-2.82199e-09
4.20122e-06
-2.61034e-09
4.20033e-06
-2.35742e-09
4.19956e-06
-2.07309e-09
4.19892e-06
-1.76668e-09
4.19842e-06
-1.44661e-09
4.19806e-06
-1.11994e-09
4.19785e-06
-7.91495e-10
4.19777e-06
-4.63607e-10
4.19783e-06
-1.36378e-10
4.19803e-06
1.92834e-10
4.19836e-06
5.30133e-10
4.19883e-06
8.84433e-10
4.19944e-06
1.26646e-09
4.20021e-06
1.68941e-09
4.20113e-06
2.16857e-09
4.20223e-06
2.71856e-09
4.20354e-06
3.35246e-09
4.20507e-06
4.08096e-09
4.20684e-06
4.90874e-09
4.20889e-06
5.83381e-09
4.21123e-06
6.84524e-09
4.21387e-06
7.92343e-09
4.2168e-06
9.04183e-09
4.21999e-06
1.01668e-08
4.22338e-06
1.12648e-08
4.22689e-06
1.22949e-08
4.23039e-06
1.31913e-08
4.23375e-06
1.38867e-08
1.44176e-08
3.48265e-06
1.45517e-08
3.4884e-06
1.36241e-08
3.4943e-06
1.25432e-08
3.50015e-06
1.14887e-08
3.50577e-06
1.04935e-08
3.51106e-06
9.55282e-09
3.51596e-06
8.65454e-09
3.52044e-06
7.79283e-09
3.52449e-06
6.97026e-09
3.52813e-06
6.19467e-09
3.53136e-06
5.47454e-09
3.53422e-06
4.81596e-09
3.53674e-06
4.22115e-09
3.53895e-06
3.68819e-09
3.54088e-06
3.21191e-09
3.54255e-06
2.78495e-09
3.54399e-06
2.39879e-09
3.5452e-06
2.04494e-09
3.54621e-06
1.71574e-09
3.54703e-06
1.40471e-09
3.54766e-06
1.10688e-09
3.5481e-06
8.19009e-10
3.54838e-06
5.39313e-10
3.54847e-06
2.67244e-10
3.54841e-06
3.30894e-12
3.54818e-06
-2.51172e-10
3.5478e-06
-4.94325e-10
3.54728e-06
-7.2398e-10
3.54662e-06
-9.37942e-10
3.54584e-06
-1.13417e-09
3.54495e-06
-1.31087e-09
3.54397e-06
-1.46652e-09
3.5429e-06
-1.59996e-09
3.54176e-06
-1.7104e-09
3.54057e-06
-1.79745e-09
3.53934e-06
-1.86101e-09
3.53809e-06
-1.90125e-09
3.53684e-06
-1.91852e-09
3.53558e-06
-1.91321e-09
3.53436e-06
-1.88569e-09
3.53316e-06
-1.83621e-09
3.53202e-06
-1.7649e-09
3.53095e-06
-1.67174e-09
3.52995e-06
-1.55645e-09
3.52905e-06
-1.41839e-09
3.52826e-06
-1.25662e-09
3.5276e-06
-1.07006e-09
3.52707e-06
-8.57615e-10
3.52671e-06
-6.18394e-10
3.52653e-06
-3.5187e-10
3.52653e-06
-5.81223e-11
3.52674e-06
2.6188e-10
3.52718e-06
6.05996e-10
3.52784e-06
9.70653e-10
3.52875e-06
1.35064e-09
3.5299e-06
1.73898e-09
3.53128e-06
2.12683e-09
3.5329e-06
2.50357e-09
3.53474e-06
2.85699e-09
3.53676e-06
3.17365e-09
3.53894e-06
3.43943e-09
3.54124e-06
3.64013e-09
3.5436e-06
3.76227e-09
3.54597e-06
3.79385e-09
3.54829e-06
3.72522e-09
3.55048e-06
3.54988e-09
3.55249e-06
3.26524e-09
3.55425e-06
2.87308e-09
3.55569e-06
2.37981e-09
3.55677e-06
1.79646e-09
3.55743e-06
1.13848e-09
3.55765e-06
4.25432e-10
3.55741e-06
-3.19603e-10
3.5567e-06
-1.07067e-09
3.55554e-06
-1.79991e-09
3.55395e-06
-2.47861e-09
3.552e-06
-3.07855e-09
3.54975e-06
-3.5734e-09
3.54726e-06
-3.94015e-09
3.54464e-06
-4.16062e-09
3.54197e-06
-4.22284e-09
3.53936e-06
-4.12228e-09
3.5369e-06
-3.86269e-09
3.53468e-06
-3.45653e-09
3.53278e-06
-2.92474e-09
3.53125e-06
-2.29583e-09
3.53013e-06
-1.60428e-09
3.52945e-06
-8.88259e-10
3.5292e-06
-1.86927e-10
3.52934e-06
4.62441e-10
3.52983e-06
1.02727e-09
3.5306e-06
1.48215e-09
3.5316e-06
1.81064e-09
3.53273e-06
2.00634e-09
3.53393e-06
2.07305e-09
3.53512e-06
2.02404e-09
3.53625e-06
1.88059e-09
3.53728e-06
1.66991e-09
3.53819e-06
1.42271e-09
3.53897e-06
1.17061e-09
3.53963e-06
9.43643e-10
3.5402e-06
7.68033e-10
3.54072e-06
6.64309e-10
3.54123e-06
6.45919e-10
3.54178e-06
7.18345e-10
3.54243e-06
8.78762e-10
3.54322e-06
1.11625e-09
3.54417e-06
1.41256e-09
3.54531e-06
1.74332e-09
3.54663e-06
2.07974e-09
3.54813e-06
2.39066e-09
3.54977e-06
2.64482e-09
3.55149e-06
2.8132e-09
3.55323e-06
2.87132e-09
3.55492e-06
2.80125e-09
3.55646e-06
2.59315e-09
3.55779e-06
2.24624e-09
3.55882e-06
1.76905e-09
3.55949e-06
1.17887e-09
3.55975e-06
5.005e-10
3.55955e-06
-2.35499e-10
3.55889e-06
-9.95061e-10
3.55777e-06
-1.74296e-09
3.55623e-06
-2.44517e-09
3.5543e-06
-3.07085e-09
3.55205e-06
-3.59399e-09
3.54956e-06
-3.99437e-09
3.5469e-06
-4.25817e-09
3.54416e-06
-4.37807e-09
3.54144e-06
-4.35305e-09
3.53882e-06
-4.18807e-09
3.53638e-06
-3.89336e-09
3.53419e-06
-3.48371e-09
3.53232e-06
-2.97755e-09
3.5308e-06
-2.39587e-09
3.52968e-06
-1.76131e-09
3.52897e-06
-1.09719e-09
3.52868e-06
-4.26542e-10
3.5288e-06
2.28705e-10
3.5293e-06
8.48542e-10
3.53017e-06
1.41553e-09
3.53135e-06
1.91526e-09
3.5328e-06
2.33672e-09
3.53446e-06
2.6724e-09
3.53628e-06
2.91844e-09
3.53821e-06
3.07446e-09
3.54019e-06
3.14303e-09
3.54216e-06
3.12896e-09
3.54408e-06
3.0387e-09
3.54591e-06
2.88003e-09
3.5476e-06
2.66183e-09
3.54914e-06
2.39366e-09
3.55047e-06
2.08511e-09
3.5516e-06
1.7455e-09
3.5525e-06
1.38379e-09
3.55317e-06
1.00864e-09
3.55359e-06
6.2844e-10
3.55378e-06
2.51161e-10
3.55374e-06
-1.15558e-10
3.55348e-06
-4.64306e-10
3.55301e-06
-7.87946e-10
3.55236e-06
-1.07995e-09
3.55155e-06
-1.3348e-09
3.55061e-06
-1.54803e-09
3.54957e-06
-1.7162e-09
3.54845e-06
-1.83703e-09
3.54728e-06
-1.90974e-09
3.5461e-06
-1.93517e-09
3.54493e-06
-1.91558e-09
3.5438e-06
-1.85452e-09
3.54274e-06
-1.75673e-09
3.54176e-06
-1.62789e-09
3.54087e-06
-1.47408e-09
3.5401e-06
-1.30127e-09
3.53945e-06
-1.11517e-09
3.53892e-06
-9.211e-10
3.53853e-06
-7.23346e-10
3.53826e-06
-5.24516e-10
3.53812e-06
-3.25876e-10
3.53811e-06
-1.27595e-10
3.53823e-06
7.23862e-11
3.53849e-06
2.78351e-10
3.53887e-06
4.95949e-10
3.53941e-06
7.32571e-10
3.5401e-06
9.97235e-10
3.54097e-06
1.29974e-09
3.54204e-06
1.64971e-09
3.54333e-06
2.05672e-09
3.54489e-06
2.52769e-09
3.54673e-06
3.06598e-09
3.54889e-06
3.67139e-09
3.5514e-06
4.33805e-09
3.55427e-06
5.05628e-09
3.5575e-06
5.81229e-09
3.56107e-06
6.59528e-09
3.56494e-06
7.39581e-09
3.56902e-06
8.21121e-09
3.57318e-06
9.03023e-09
3.57724e-06
9.8277e-09
1.05139e-08
2.68379e-06
8.84488e-09
2.68963e-06
7.78031e-09
2.69545e-06
6.72261e-09
2.70103e-06
5.91104e-09
2.70626e-06
5.26873e-09
2.71108e-06
4.72482e-09
2.7155e-06
4.2404e-09
2.7195e-06
3.79463e-09
2.72309e-06
3.37877e-09
2.72629e-06
2.99177e-09
2.72913e-06
2.63556e-09
2.73163e-06
2.31199e-09
2.73383e-06
2.02169e-09
2.73576e-06
1.76335e-09
2.73744e-06
1.53396e-09
2.73889e-06
1.32972e-09
2.74014e-06
1.1462e-09
2.74121e-06
9.78666e-10
2.7421e-06
8.22987e-10
2.74283e-06
6.75992e-10
2.7434e-06
5.3529e-10
2.74382e-06
3.9922e-10
2.74409e-06
2.66877e-10
2.74422e-06
1.37963e-10
2.74421e-06
1.26594e-11
2.74407e-06
-1.08406e-10
2.7438e-06
-2.24218e-10
2.74341e-06
-3.33602e-10
2.74291e-06
-4.35483e-10
2.7423e-06
-5.28958e-10
2.74161e-06
-6.13217e-10
2.74083e-06
-6.8752e-10
2.73998e-06
-7.51273e-10
2.73907e-06
-8.04084e-10
2.73812e-06
-8.45769e-10
2.73714e-06
-8.76346e-10
2.73613e-06
-8.95981e-10
2.73512e-06
-9.04902e-10
2.73411e-06
-9.0331e-10
2.73311e-06
-8.91344e-10
2.73215e-06
-8.69108e-10
2.73122e-06
-8.36696e-10
2.73034e-06
-7.94148e-10
2.72952e-06
-7.41339e-10
2.72878e-06
-6.77905e-10
2.72813e-06
-6.03272e-10
2.72758e-06
-5.16781e-10
2.72714e-06
-4.17814e-10
2.72683e-06
-3.05876e-10
2.72665e-06
-1.80653e-10
2.72664e-06
-4.20934e-11
2.72679e-06
1.09449e-10
2.72712e-06
2.7306e-10
2.72765e-06
4.47122e-10
2.72837e-06
6.29213e-10
2.72929e-06
8.16033e-10
2.73041e-06
1.00337e-09
2.73173e-06
1.1861e-09
2.73323e-06
1.35833e-09
2.73489e-06
1.51351e-09
2.73668e-06
1.64474e-09
2.73858e-06
1.74505e-09
2.74053e-06
1.80777e-09
2.7425e-06
1.82691e-09
2.74443e-06
1.7976e-09
2.74626e-06
1.71652e-09
2.74794e-06
1.58227e-09
2.74942e-06
1.39564e-09
2.75064e-06
1.15964e-09
2.75156e-06
8.79559e-10
2.75213e-06
5.6279e-10
2.75234e-06
2.18715e-10
2.75216e-06
-1.41534e-10
2.7516e-06
-5.05376e-10
2.75066e-06
-8.59202e-10
2.74937e-06
-1.18892e-09
2.74777e-06
-1.48063e-09
2.74592e-06
-1.72128e-09
2.74388e-06
-1.8995e-09
2.74172e-06
-2.00626e-09
2.73953e-06
-2.0356e-09
2.7374e-06
-1.98519e-09
2.73539e-06
-1.85681e-09
2.73359e-06
-1.65654e-09
2.73206e-06
-1.39468e-09
2.73085e-06
-1.08531e-09
2.72999e-06
-7.45518e-10
2.7295e-06
-3.94263e-10
2.72936e-06
-5.10115e-11
2.72956e-06
2.65727e-10
2.73005e-06
5.39812e-10
2.73077e-06
7.58707e-10
2.73167e-06
9.14379e-10
2.73267e-06
1.00381e-09
2.73372e-06
1.02906e-09
2.73474e-06
9.96895e-10
2.7357e-06
9.18067e-10
2.73657e-06
8.06243e-10
2.73731e-06
6.76813e-10
2.73794e-06
5.45609e-10
2.73846e-06
4.27672e-10
2.73889e-06
3.36131e-10
2.73927e-06
2.81282e-10
2.73965e-06
2.69875e-10
2.74006e-06
3.04667e-10
2.74055e-06
3.8424e-10
2.74117e-06
5.03101e-10
2.74193e-06
6.52076e-10
2.74285e-06
8.18954e-10
2.74394e-06
9.89347e-10
2.74518e-06
1.14771e-09
2.74655e-06
1.27846e-09
2.748e-06
1.36714e-09
2.74947e-06
1.40154e-09
2.7509e-06
1.37267e-09
2.75221e-06
1.27555e-09
2.75335e-06
1.10968e-09
2.75424e-06
8.79209e-10
2.75483e-06
5.92648e-10
2.75506e-06
2.6231e-10
2.75493e-06
-9.66242e-11
2.7544e-06
-4.67232e-10
2.75349e-06
-8.3207e-10
2.75222e-06
-1.17436e-09
2.75063e-06
-1.47903e-09
2.74876e-06
-1.73345e-09
2.7467e-06
-1.9279e-09
2.7445e-06
-2.05577e-09
2.74223e-06
-2.11357e-09
2.73998e-06
-2.10086e-09
2.73781e-06
-2.0201e-09
2.73579e-06
-1.87639e-09
2.73399e-06
-1.67706e-09
2.73244e-06
-1.4312e-09
2.73119e-06
-1.14912e-09
2.73027e-06
-8.41832e-10
2.7297e-06
-5.20651e-10
2.72947e-06
-1.96706e-10
2.72958e-06
1.19446e-10
2.73001e-06
4.18177e-10
2.73073e-06
6.91049e-10
2.73172e-06
9.31046e-10
2.73292e-06
1.13279e-09
2.7343e-06
1.29272e-09
2.73581e-06
1.40912e-09
2.7374e-06
1.482e-09
2.73903e-06
1.51276e-09
2.74066e-06
1.50379e-09
2.74224e-06
1.45818e-09
2.74374e-06
1.37971e-09
2.74513e-06
1.2728e-09
2.74638e-06
1.14226e-09
2.74747e-06
9.92823e-10
2.74839e-06
8.28922e-10
2.74911e-06
6.54786e-10
2.74965e-06
4.74509e-10
2.74999e-06
2.91984e-10
2.75013e-06
1.1087e-10
2.75007e-06
-6.52495e-11
2.74984e-06
-2.32731e-10
2.74944e-06
-3.88057e-10
2.74889e-06
-5.28165e-10
2.74821e-06
-6.50522e-10
2.74741e-06
-7.52971e-10
2.74653e-06
-8.33747e-10
2.74558e-06
-8.91753e-10
2.7446e-06
-9.26654e-10
2.7436e-06
-9.3874e-10
2.74262e-06
-9.28991e-10
2.74166e-06
-8.99275e-10
2.74076e-06
-8.52116e-10
2.73992e-06
-7.90215e-10
2.73916e-06
-7.16391e-10
2.7385e-06
-6.33653e-10
2.73793e-06
-5.44872e-10
2.73746e-06
-4.52487e-10
2.73709e-06
-3.58564e-10
2.73683e-06
-2.64596e-10
2.73668e-06
-1.71148e-10
2.73663e-06
-7.80073e-11
2.73668e-06
1.57829e-11
2.73685e-06
1.12302e-10
2.73713e-06
2.14455e-10
2.73754e-06
3.26064e-10
2.73808e-06
4.51969e-10
2.73879e-06
5.96968e-10
2.73967e-06
7.6627e-10
2.74076e-06
9.65231e-10
2.74209e-06
1.19686e-09
2.74369e-06
1.46386e-09
2.7456e-06
1.76646e-09
2.74783e-06
2.10205e-09
2.75042e-06
2.46739e-09
2.75338e-06
2.85899e-09
2.75669e-06
3.27774e-09
2.76036e-06
3.73234e-09
2.76433e-06
4.2437e-09
2.7685e-06
4.85346e-09
2.77271e-06
5.62082e-09
6.40825e-09
1.74098e-06
3.61345e-09
1.746e-06
2.76091e-09
1.75065e-06
2.07879e-09
1.75486e-06
1.69803e-09
1.75867e-06
1.46108e-09
1.76211e-06
1.28458e-09
1.76521e-06
1.1396e-09
1.76799e-06
1.01255e-09
1.77047e-06
8.96714e-10
1.77268e-06
7.9018e-10
1.77462e-06
6.93145e-10
1.77633e-06
6.05685e-10
1.77782e-06
5.27697e-10
1.77912e-06
4.58929e-10
1.78026e-06
3.9852e-10
1.78124e-06
3.4527e-10
1.78209e-06
2.97824e-10
1.78282e-06
2.5463e-10
1.78343e-06
2.14372e-10
1.78393e-06
1.76278e-10
1.78432e-06
1.39834e-10
1.78462e-06
1.04564e-10
1.78481e-06
7.01259e-11
1.78491e-06
3.63948e-11
1.78492e-06
3.44085e-12
1.78484e-06
-2.84976e-11
1.78468e-06
-5.90669e-11
1.78443e-06
-8.79099e-11
1.78411e-06
-1.14764e-10
1.78372e-06
-1.39448e-10
1.78327e-06
-1.61766e-10
1.78276e-06
-1.81473e-10
1.78221e-06
-1.98344e-10
1.78162e-06
-2.12254e-10
1.781e-06
-2.23188e-10
1.78035e-06
-2.31219e-10
1.77969e-06
-2.36454e-10
1.77903e-06
-2.38972e-10
1.77836e-06
-2.38797e-10
1.77771e-06
-2.35927e-10
1.77707e-06
-2.3038e-10
1.77645e-06
-2.22214e-10
1.77587e-06
-2.11482e-10
1.77533e-06
-1.98163e-10
1.77483e-06
-1.82113e-10
1.77439e-06
-1.63101e-10
1.77402e-06
-1.40878e-10
1.77371e-06
-1.15242e-10
1.77349e-06
-8.6056e-11
1.77337e-06
-5.32288e-11
1.77334e-06
-1.6717e-11
1.77343e-06
2.3437e-11
1.77363e-06
6.70308e-11
1.77397e-06
1.13668e-10
1.77443e-06
1.62723e-10
1.77503e-06
2.13329e-10
1.77577e-06
2.64361e-10
1.77665e-06
3.14438e-10
1.77764e-06
3.61946e-10
1.77875e-06
4.05092e-10
1.77995e-06
4.4197e-10
1.78123e-06
4.70642e-10
1.78255e-06
4.89216e-10
1.78388e-06
4.95966e-10
1.78518e-06
4.89466e-10
1.78643e-06
4.6873e-10
1.78758e-06
4.33327e-10
1.78859e-06
3.83441e-10
1.78943e-06
3.19882e-10
1.79007e-06
2.44067e-10
1.79047e-06
1.57975e-10
1.79063e-06
6.41167e-11
1.79052e-06
-3.45118e-11
1.79015e-06
-1.34479e-10
1.78952e-06
-2.32017e-10
1.78866e-06
-3.23166e-10
1.78758e-06
-4.03976e-10
1.78633e-06
-4.70738e-10
1.78495e-06
-5.20204e-10
1.78349e-06
-5.49808e-10
1.78202e-06
-5.57839e-10
1.78057e-06
-5.43612e-10
1.77923e-06
-5.07582e-10
1.77802e-06
-4.51419e-10
1.777e-06
-3.77997e-10
1.77621e-06
-2.91286e-10
1.77566e-06
-1.96127e-10
1.77536e-06
-9.79107e-11
1.77532e-06
-2.18235e-12
1.7755e-06
8.57876e-11
1.77587e-06
1.61425e-10
1.77641e-06
2.212e-10
1.77706e-06
2.62882e-10
1.77778e-06
2.85671e-10
1.77852e-06
2.90209e-10
1.77924e-06
2.78462e-10
1.7799e-06
2.53514e-10
1.78049e-06
2.19276e-10
1.78099e-06
1.80144e-10
1.78139e-06
1.40651e-10
1.78172e-06
1.05118e-10
1.78197e-06
7.73391e-11
1.78219e-06
6.03104e-11
1.78241e-06
5.6016e-11
1.78265e-06
6.52872e-11
1.78294e-06
8.77408e-11
1.78333e-06
1.218e-10
1.78381e-06
1.64812e-10
1.78442e-06
2.13259e-10
1.78514e-06
2.63013e-10
1.78598e-06
3.09639e-10
1.78691e-06
3.48697e-10
1.7879e-06
3.76058e-10
1.78892e-06
3.8821e-10
1.78991e-06
3.82542e-10
1.79083e-06
3.57566e-10
1.79162e-06
3.13067e-10
1.79225e-06
2.50154e-10
1.79267e-06
1.71218e-10
1.79286e-06
7.977e-11
1.79278e-06
-1.98304e-11
1.79243e-06
-1.22718e-10
1.79183e-06
-2.23925e-10
1.79097e-06
-3.18725e-10
1.7899e-06
-4.02938e-10
1.78863e-06
-4.73132e-10
1.78723e-06
-5.26698e-10
1.78574e-06
-5.61865e-10
1.7842e-06
-5.77671e-10
1.78268e-06
-5.73973e-10
1.78121e-06
-5.51449e-10
1.77984e-06
-5.11556e-10
1.77862e-06
-4.5641e-10
1.77758e-06
-3.88602e-10
1.77674e-06
-3.11017e-10
1.77613e-06
-2.26694e-10
1.77574e-06
-1.38721e-10
1.7756e-06
-5.01341e-11
1.77568e-06
3.62043e-11
1.77598e-06
1.17685e-10
1.77648e-06
1.91993e-10
1.77715e-06
2.57147e-10
1.77797e-06
3.11613e-10
1.77891e-06
3.54432e-10
1.77994e-06
3.85247e-10
1.78101e-06
4.04183e-10
1.78211e-06
4.1167e-10
1.78321e-06
4.08331e-10
1.78427e-06
3.94986e-10
1.78528e-06
3.72699e-10
1.78621e-06
3.42783e-10
1.78705e-06
3.06657e-10
1.78777e-06
2.65658e-10
1.78838e-06
2.20967e-10
1.78886e-06
1.73691e-10
1.78921e-06
1.24902e-10
1.78943e-06
7.55703e-11
1.78951e-06
2.65884e-11
1.78947e-06
-2.10843e-11
1.7893e-06
-6.63719e-11
1.78902e-06
-1.08281e-10
1.78864e-06
-1.46062e-10
1.78817e-06
-1.79099e-10
1.78762e-06
-2.06761e-10
1.78702e-06
-2.28514e-10
1.78637e-06
-2.44099e-10
1.7857e-06
-2.53424e-10
1.78501e-06
-2.56454e-10
1.78434e-06
-2.53432e-10
1.78368e-06
-2.45025e-10
1.78306e-06
-2.31975e-10
1.78249e-06
-2.14909e-10
1.78197e-06
-1.94631e-10
1.78151e-06
-1.72113e-10
1.78111e-06
-1.48097e-10
1.78078e-06
-1.23198e-10
1.78052e-06
-9.8112e-11
1.78033e-06
-7.32918e-11
1.78021e-06
-4.88651e-11
1.78015e-06
-2.47242e-11
1.78017e-06
-5.54458e-13
1.78026e-06
2.40348e-11
1.78042e-06
4.9862e-11
1.78067e-06
7.83068e-11
1.78101e-06
1.10608e-10
1.78146e-06
1.47889e-10
1.78203e-06
1.92291e-10
1.78275e-06
2.45027e-10
1.78364e-06
3.06804e-10
1.78473e-06
3.79639e-10
1.78603e-06
4.62237e-10
1.78758e-06
5.55134e-10
1.78939e-06
6.57374e-10
1.79148e-06
7.68748e-10
1.79386e-06
8.92578e-10
1.79656e-06
1.03668e-09
1.79958e-06
1.21994e-09
1.80294e-06
1.49805e-09
1.80657e-06
1.98695e-09
2.61642e-09
6.389e-07
6.41661e-07
6.4374e-07
6.45438e-07
6.46899e-07
6.48183e-07
6.49322e-07
6.50335e-07
6.51232e-07
6.52022e-07
6.52715e-07
6.5332e-07
6.53848e-07
6.54306e-07
6.54705e-07
6.55051e-07
6.55348e-07
6.55603e-07
6.55817e-07
6.55994e-07
6.56134e-07
6.56238e-07
6.56309e-07
6.56345e-07
6.56348e-07
6.5632e-07
6.56261e-07
6.56173e-07
6.56058e-07
6.55919e-07
6.55757e-07
6.55575e-07
6.55377e-07
6.55165e-07
6.54942e-07
6.5471e-07
6.54474e-07
6.54235e-07
6.53996e-07
6.5376e-07
6.53529e-07
6.53307e-07
6.53096e-07
6.52897e-07
6.52715e-07
6.52552e-07
6.52412e-07
6.52296e-07
6.5221e-07
6.52157e-07
6.5214e-07
6.52164e-07
6.52231e-07
6.52344e-07
6.52507e-07
6.5272e-07
6.52984e-07
6.53299e-07
6.53661e-07
6.54066e-07
6.54507e-07
6.54978e-07
6.55467e-07
6.55963e-07
6.56452e-07
6.56921e-07
6.57354e-07
6.57738e-07
6.58058e-07
6.58302e-07
6.5846e-07
6.58524e-07
6.58489e-07
6.58355e-07
6.58123e-07
6.578e-07
6.57396e-07
6.56925e-07
6.56405e-07
6.55855e-07
6.55298e-07
6.54754e-07
6.54247e-07
6.53795e-07
6.53417e-07
6.53126e-07
6.5293e-07
6.52832e-07
6.5283e-07
6.52916e-07
6.53078e-07
6.53299e-07
6.53562e-07
6.53847e-07
6.54137e-07
6.54416e-07
6.54669e-07
6.54888e-07
6.55068e-07
6.55209e-07
6.55314e-07
6.55391e-07
6.55451e-07
6.55507e-07
6.55573e-07
6.5566e-07
6.55782e-07
6.55947e-07
6.5616e-07
6.56423e-07
6.56733e-07
6.57082e-07
6.57458e-07
6.57846e-07
6.58229e-07
6.58586e-07
6.58899e-07
6.59149e-07
6.59321e-07
6.594e-07
6.59381e-07
6.59258e-07
6.59034e-07
6.58716e-07
6.58313e-07
6.5784e-07
6.57313e-07
6.56751e-07
6.56174e-07
6.556e-07
6.55048e-07
6.54537e-07
6.5408e-07
6.53692e-07
6.53381e-07
6.53154e-07
6.53015e-07
6.52965e-07
6.53001e-07
6.53119e-07
6.5331e-07
6.53567e-07
6.53879e-07
6.54233e-07
6.54619e-07
6.55023e-07
6.55434e-07
6.55843e-07
6.56237e-07
6.5661e-07
6.56953e-07
6.5726e-07
6.57525e-07
6.57746e-07
6.5792e-07
6.58045e-07
6.5812e-07
6.58146e-07
6.58125e-07
6.58059e-07
6.57951e-07
6.57804e-07
6.57625e-07
6.57418e-07
6.5719e-07
6.56946e-07
6.56693e-07
6.56436e-07
6.56183e-07
6.55938e-07
6.55706e-07
6.55491e-07
6.55297e-07
6.55125e-07
6.54977e-07
6.54853e-07
6.54755e-07
6.54682e-07
6.54633e-07
6.54609e-07
6.54608e-07
6.54632e-07
6.54682e-07
6.54761e-07
6.54871e-07
6.55019e-07
6.55211e-07
6.55456e-07
6.55763e-07
6.56142e-07
6.56605e-07
6.5716e-07
6.57817e-07
6.58586e-07
6.59478e-07
6.60515e-07
6.61736e-07
6.63234e-07
6.65221e-07
)
;

boundaryField
{
    inlet
    {
        type            calculated;
        value           nonuniform List<scalar> 
20
(
-6.53185e-07
-1.77541e-06
-2.73209e-06
-3.53919e-06
-4.20977e-06
-4.75419e-06
-5.1802e-06
-5.49327e-06
-5.69707e-06
-5.7939e-06
-5.78512e-06
-5.67138e-06
-5.45253e-06
-5.12738e-06
-4.69327e-06
-4.14555e-06
-3.4771e-06
-2.67808e-06
-1.73575e-06
-6.35289e-07
)
;
    }
    outlet
    {
        type            calculated;
        value           nonuniform List<scalar> 
20
(
6.56357e-07
1.78415e-06
2.74045e-06
3.53877e-06
4.19265e-06
4.71512e-06
5.11823e-06
5.41238e-06
5.60587e-06
5.70437e-06
5.71056e-06
5.62399e-06
5.44103e-06
5.1552e-06
4.7575e-06
4.23695e-06
3.58115e-06
2.77682e-06
1.81036e-06
6.67837e-07
)
;
    }
    walls
    {
        type            calculated;
        value           uniform 0;
    }
    frontAndBack
    {
        type            empty;
    }
}


// ************************************************************************* //
