/*--------------------------------*- C++ -*----------------------------------*\
| =========                 |                                                 |
| \\      /  F ield         | OpenFOAM: The Open Source CFD Toolbox           |
|  \\    /   O peration     | Version:  2406                                  |
|   \\  /    A nd           | Website:  www.openfoam.com                      |
|    \\/     M anipulation  |                                                 |
\*---------------------------------------------------------------------------*/
FoamFile
{
    version     2.0;
    format      ascii;
    arch        "LSB;label=32;scalar=64";
    class       volScalarField;
    location    "1.7";
    object      p;
}
// * * * * * * * * * * * * * * * * * * * * * * * * * * * * * * * * * * * * * //

dimensions      [1 -1 -2 0 0 0 0];

internalField   nonuniform List<scalar> 
6250
(
-2.45001
-3225.1
-1036.29
540.375
495.681
26.6439
-134.008
-56.7209
19.7153
26.0821
5.93565
-3.64902
-1.37352
2.31746
3.04492
2.22173
1.6839
1.71236
1.87472
1.92526
1.8927
1.86065
1.85423
1.85452
1.85431
1.85046
1.83341
1.8204
1.81867
1.80924
1.79749
1.79176
1.78537
1.77805
1.76822
1.75539
1.74613
1.74458
1.74331
1.73012
1.71804
1.71629
1.70835
1.69886
1.69599
1.68933
1.67934
1.67359
1.67187
1.66905
1.66295
1.65669
1.65387
1.65325
1.65153
1.64586
1.63449
1.62342
1.61716
1.6094
1.5957
1.58574
1.58388
1.57717
1.5672
1.56274
1.55636
1.54477
1.53168
1.52047
1.51358
1.50734
1.49821
1.48835
1.47953
1.47178
1.4651
1.45458
1.44214
1.43527
1.43112
1.4306
1.43227
1.42647
1.41716
1.40771
1.39312
1.37901
1.37121
1.36601
1.3629
1.35927
1.34812
1.33608
1.32847
1.31952
1.31442
1.31471
1.31096
1.30476
1.2984
1.28839
1.27794
1.27301
1.2718
1.26821
1.26197
1.25448
1.24394
1.22993
1.2155
1.20496
1.1995
1.19667
1.19169
1.18199
1.16913
1.15719
1.14854
1.13686
1.11983
1.10517
1.09427
1.08301
1.07323
1.0656
1.05445
1.03986
1.02548
1.01274
1.00143
0.989864
0.980451
0.973366
0.967545
0.96326
0.958874
0.953942
0.943982
0.929574
0.916793
0.905839
0.896663
0.888842
0.880579
0.869994
0.857721
0.844556
0.831532
0.821016
0.809042
0.795397
0.783665
0.774558
0.767892
0.761714
0.756699
0.74897
0.738108
0.728948
0.719896
0.712436
0.703882
0.691744
0.680236
0.669178
0.661833
0.66144
0.665218
0.667676
0.664343
0.656886
0.648525
0.640558
0.631312
0.620972
0.612497
0.607093
0.604215
0.600959
0.597422
0.593325
0.587073
0.579678
0.570548
0.561914
0.554329
0.546008
0.538809
0.530413
0.519154
0.508806
0.501634
0.496112
0.489307
0.480076
0.469661
0.461756
0.455489
0.447266
0.440934
0.436243
0.426483
0.414251
0.405666
0.399459
0.392509
0.383988
0.375602
0.368897
0.360893
0.351627
0.344584
0.336723
0.325339
0.314084
0.303883
0.291585
0.279607
0.271962
0.264335
0.254403
0.245621
0.238851
0.234352
0.229758
0.222669
0.215961
0.210163
0.203563
0.194948
0.183937
0.172844
0.162194
0.151657
0.141254
0.131308
0.122561
0.112157
0.10011
0.0889394
0.0788316
0.0696737
0.0607064
0.054308
0.0486352
0.0383207
0.0251405
0.0163675
0.00188494
-2.48466
-3225.17
-1036.33
540.385
495.692
26.6438
-134.01
-56.7247
19.7152
26.0905
5.93859
-3.65857
-1.38107
2.31722
3.04573
2.22211
1.6826
1.70978
1.87381
1.92244
1.88564
1.85637
1.85749
1.86233
1.85977
1.84868
1.83012
1.81901
1.81407
1.80431
1.79782
1.79575
1.78967
1.77886
1.76486
1.75505
1.75247
1.74728
1.73786
1.72652
1.71745
1.71575
1.71229
1.70352
1.69256
1.68122
1.67589
1.67487
1.67205
1.66748
1.66186
1.65579
1.65426
1.65642
1.65268
1.6418
1.63184
1.62758
1.62114
1.60663
1.59399
1.59017
1.58567
1.57347
1.56664
1.56548
1.5543
1.54135
1.53268
1.51947
1.50922
1.50736
1.50266
1.49215
1.48188
1.47214
1.46231
1.45078
1.43989
1.43488
1.43039
1.4289
1.43431
1.43218
1.41979
1.40654
1.39225
1.37837
1.37101
1.36679
1.36016
1.3537
1.34631
1.33747
1.33119
1.32442
1.31859
1.31552
1.30856
1.29937
1.29065
1.28129
1.27693
1.27942
1.2808
1.27561
1.26671
1.25482
1.23885
1.22299
1.2111
1.20382
1.20024
1.19841
1.19417
1.18552
1.17418
1.15983
1.14453
1.13021
1.11563
1.10406
1.09702
1.0886
1.0774
1.06605
1.05214
1.03723
1.02338
1.0117
1.00309
0.990596
0.977253
0.970557
0.967221
0.96336
0.958006
0.953876
0.94656
0.931637
0.916976
0.907442
0.899075
0.887549
0.876257
0.865982
0.854797
0.844747
0.833973
0.821184
0.807064
0.795079
0.785617
0.777586
0.772694
0.764031
0.752864
0.744994
0.737915
0.730832
0.721574
0.712212
0.701856
0.688977
0.678931
0.670647
0.665574
0.664026
0.662661
0.663608
0.66388
0.658713
0.650762
0.642873
0.631578
0.618425
0.60958
0.60515
0.604382
0.603836
0.601327
0.596771
0.588662
0.57885
0.566731
0.555823
0.550492
0.545772
0.539459
0.531684
0.522818
0.512946
0.501762
0.493226
0.486349
0.477765
0.47004
0.464541
0.457725
0.447784
0.439272
0.433354
0.425221
0.415213
0.406633
0.399801
0.394274
0.38736
0.377262
0.367911
0.359774
0.349653
0.340727
0.335661
0.32933
0.31842
0.30664
0.29402
0.279564
0.268903
0.25992
0.248858
0.242182
0.24001
0.237796
0.233617
0.225163
0.216867
0.212224
0.205143
0.191417
0.177027
0.168987
0.162883
0.153635
0.142864
0.131908
0.122379
0.112514
0.101274
0.0902477
0.079204
0.0705144
0.0633057
0.0555763
0.0465224
0.0340451
0.0219646
0.0117732
0.00477034
-2.48374
-3225.16
-1036.32
540.394
495.699
26.6468
-134.01
-56.7287
19.711
26.0903
5.94148
-3.65562
-1.38119
2.31491
3.04602
2.22399
1.68361
1.71209
1.87808
1.92666
1.88763
1.8563
1.85762
1.86236
1.85513
1.84497
1.83527
1.82457
1.81543
1.8091
1.80323
1.7923
1.77991
1.77414
1.76932
1.7608
1.75258
1.74582
1.73917
1.72905
1.72072
1.71909
1.71104
1.69816
1.69202
1.68617
1.67834
1.67418
1.67201
1.66751
1.66126
1.65719
1.65682
1.65594
1.65157
1.64454
1.63423
1.62441
1.61566
1.6059
1.59936
1.59345
1.58476
1.57381
1.56495
1.56282
1.55645
1.54145
1.52995
1.52248
1.51272
1.50537
1.50104
1.49223
1.482
1.47374
1.46205
1.44723
1.43824
1.43896
1.43779
1.43281
1.4333
1.42921
1.4147
1.40159
1.3912
1.38039
1.37378
1.37071
1.36422
1.35538
1.34577
1.33354
1.32545
1.32268
1.32033
1.31881
1.31309
1.30194
1.29103
1.28199
1.27762
1.27821
1.2788
1.27446
1.2636
1.25057
1.23867
1.22718
1.21724
1.2097
1.20199
1.19506
1.1894
1.18103
1.1703
1.1583
1.14531
1.13311
1.12056
1.10794
1.09822
1.0882
1.0751
1.06201
1.04884
1.03596
1.02371
1.01093
1.00047
0.991284
0.982569
0.975961
0.971239
0.966028
0.956165
0.947267
0.941427
0.931035
0.918334
0.909527
0.901997
0.889824
0.876386
0.865431
0.855184
0.84568
0.834623
0.821164
0.806576
0.794383
0.785351
0.776864
0.771407
0.764388
0.753946
0.744753
0.737031
0.731828
0.723532
0.71138
0.70004
0.687224
0.6752
0.667683
0.666775
0.669549
0.669158
0.666177
0.663073
0.658109
0.649223
0.639172
0.629004
0.618122
0.610563
0.607439
0.606494
0.604285
0.600407
0.595708
0.587662
0.578093
0.567496
0.557398
0.551914
0.546522
0.538127
0.529774
0.523277
0.516012
0.505221
0.49371
0.483483
0.475472
0.469586
0.463512
0.457729
0.451245
0.442137
0.432256
0.423137
0.414225
0.405028
0.397228
0.392495
0.387794
0.380092
0.371967
0.363891
0.352757
0.340756
0.332481
0.325572
0.314078
0.300962
0.2913
0.281599
0.271208
0.261938
0.253178
0.246708
0.241359
0.235522
0.229552
0.222391
0.216083
0.211307
0.204289
0.192804
0.180339
0.171968
0.164148
0.154064
0.143653
0.131173
0.11974
0.111435
0.101545
0.0889376
0.0770854
0.0701859
0.0653589
0.0575572
0.0454469
0.031427
0.0211577
0.0129599
0.00487983
-2.48605
-3225.17
-1036.33
540.381
495.694
26.6397
-134.017
-56.7296
19.708
26.0826
5.93848
-3.65322
-1.38084
2.31119
3.04098
2.22101
1.6845
1.71445
1.87884
1.9217
1.88369
1.86064
1.86076
1.85844
1.84877
1.84321
1.83962
1.82561
1.80957
1.80232
1.79789
1.79282
1.78704
1.77523
1.76499
1.76166
1.75559
1.74614
1.73868
1.73175
1.72285
1.71592
1.70989
1.69933
1.68963
1.68358
1.67818
1.67498
1.66963
1.66154
1.66003
1.66026
1.65683
1.65298
1.64706
1.64245
1.63798
1.62639
1.61353
1.60578
1.59941
1.59105
1.5842
1.57795
1.56701
1.5564
1.54985
1.54252
1.53313
1.52398
1.51461
1.50469
1.4973
1.49172
1.48346
1.47142
1.45943
1.44905
1.43983
1.43757
1.43932
1.4369
1.43416
1.42837
1.41376
1.39735
1.38662
1.38167
1.37773
1.37266
1.36431
1.35206
1.34229
1.33386
1.32688
1.32579
1.32336
1.31689
1.30942
1.29997
1.29105
1.28474
1.28001
1.27672
1.27699
1.27649
1.26653
1.25109
1.23617
1.2219
1.21334
1.20968
1.20292
1.19581
1.19136
1.18375
1.17288
1.15968
1.14325
1.12918
1.11815
1.10572
1.0957
1.08865
1.07813
1.06431
1.04993
1.03699
1.02523
1.01133
0.997618
0.986763
0.978448
0.972214
0.969438
0.969555
0.963672
0.952047
0.94165
0.930443
0.917606
0.906555
0.897575
0.887025
0.875521
0.865774
0.856678
0.847128
0.834873
0.820287
0.805692
0.793964
0.785616
0.777026
0.770478
0.764901
0.756105
0.745681
0.736445
0.730256
0.721348
0.708755
0.698132
0.687961
0.678765
0.671898
0.66794
0.668009
0.6677
0.664906
0.662425
0.659059
0.650608
0.639802
0.629321
0.618542
0.611421
0.608157
0.605658
0.602927
0.599083
0.593417
0.585826
0.578326
0.569187
0.559072
0.552881
0.546833
0.538589
0.530245
0.521036
0.512643
0.504497
0.493519
0.482997
0.476639
0.47084
0.463749
0.457983
0.45103
0.44108
0.430594
0.420335
0.412778
0.407549
0.40035
0.393643
0.38855
0.380163
0.369901
0.361241
0.352933
0.343314
0.333486
0.325515
0.315093
0.301321
0.290733
0.280627
0.268354
0.258871
0.253033
0.249163
0.244467
0.236666
0.228083
0.222372
0.217996
0.209712
0.200529
0.193223
0.182894
0.171478
0.161336
0.151338
0.142902
0.133024
0.121915
0.112367
0.101825
0.0903128
0.0794515
0.069563
0.0612545
0.0538553
0.0438023
0.0324373
0.0232757
0.0134658
0.00400984
-2.48626
-3225.17
-1036.34
540.377
495.697
26.6419
-134.021
-56.7268
19.7121
26.08
5.93575
-3.65437
-1.38198
2.3114
3.04402
2.22614
1.68834
1.71273
1.87257
1.92106
1.89419
1.86983
1.85833
1.85616
1.85155
1.84477
1.84005
1.82509
1.80893
1.80416
1.80191
1.79521
1.78606
1.77486
1.76615
1.76268
1.75763
1.74886
1.74004
1.73296
1.72658
1.71782
1.70697
1.69734
1.69145
1.68709
1.68042
1.67304
1.66661
1.6629
1.66299
1.66139
1.65635
1.65131
1.64672
1.64434
1.63785
1.62521
1.61715
1.61011
1.5986
1.59001
1.58434
1.57622
1.56589
1.55713
1.55095
1.54249
1.53114
1.52283
1.51543
1.50592
1.49947
1.49381
1.48273
1.47
1.45929
1.44991
1.44238
1.43991
1.44107
1.43831
1.4327
1.42597
1.4133
1.39861
1.38878
1.38308
1.37714
1.37101
1.36387
1.35158
1.34122
1.33641
1.33152
1.32861
1.32481
1.31586
1.30491
1.29527
1.29087
1.28873
1.28557
1.28305
1.27829
1.27098
1.2621
1.25024
1.23747
1.22578
1.21603
1.20865
1.20225
1.19648
1.19019
1.18055
1.16913
1.15849
1.14614
1.13327
1.12207
1.10883
1.09449
1.08323
1.07438
1.06476
1.05151
1.03765
1.02445
1.00878
0.995248
0.987845
0.982784
0.975858
0.969781
0.968028
0.963123
0.952517
0.942444
0.931245
0.91685
0.904524
0.896788
0.888854
0.879014
0.868432
0.85575
0.842459
0.831037
0.820743
0.809204
0.79821
0.78977
0.779523
0.768375
0.76038
0.754064
0.7464
0.736954
0.729481
0.721912
0.709969
0.696741
0.685257
0.677262
0.673372
0.672288
0.67265
0.671369
0.666524
0.660941
0.656095
0.647861
0.636536
0.626997
0.619986
0.615202
0.611995
0.608755
0.603772
0.597214
0.590817
0.583452
0.575955
0.569417
0.561927
0.553933
0.545909
0.538653
0.531388
0.521778
0.513148
0.505811
0.495129
0.483984
0.47693
0.470422
0.462133
0.454922
0.448209
0.440596
0.431963
0.421173
0.41261
0.408233
0.401597
0.394552
0.390514
0.382787
0.371153
0.360824
0.351997
0.343089
0.332628
0.323039
0.313445
0.300116
0.288074
0.279357
0.270377
0.261538
0.254968
0.250498
0.244148
0.236041
0.229154
0.223316
0.217843
0.208659
0.197956
0.191397
0.183472
0.17304
0.163154
0.152217
0.14255
0.133753
0.123002
0.110862
0.0987521
0.0889063
0.0804821
0.0716833
0.0623248
0.0526551
0.0427425
0.0336767
0.0241428
0.0129589
0.00395523
-2.48842
-3225.18
-1036.35
540.375
495.698
26.6388
-134.028
-56.7335
19.712
26.0796
5.9308
-3.65733
-1.38174
2.31058
3.04336
2.22375
1.6839
1.71375
1.87983
1.92763
1.89333
1.86235
1.84987
1.85323
1.85807
1.84537
1.83064
1.82232
1.80968
1.80069
1.80089
1.79589
1.78458
1.77477
1.76705
1.76242
1.75756
1.74982
1.74229
1.73501
1.72522
1.71498
1.7086
1.7003
1.68999
1.68471
1.6784
1.67023
1.66517
1.65984
1.6594
1.66214
1.65742
1.65029
1.64598
1.64089
1.63506
1.62584
1.61581
1.60975
1.60191
1.59143
1.5827
1.57471
1.565
1.5538
1.54741
1.54428
1.53403
1.52005
1.51205
1.50622
1.49798
1.49201
1.48487
1.4699
1.45689
1.45167
1.44559
1.44051
1.44217
1.44115
1.43243
1.42088
1.40804
1.39732
1.39048
1.38619
1.38099
1.37086
1.3597
1.34856
1.33959
1.33667
1.33294
1.32928
1.32644
1.31706
1.30518
1.296
1.2901
1.28697
1.28516
1.28353
1.27767
1.27007
1.26249
1.24995
1.2365
1.22555
1.21533
1.20705
1.20098
1.19573
1.19018
1.18167
1.1695
1.15767
1.14573
1.13195
1.12035
1.10887
1.09543
1.08426
1.0749
1.06393
1.05052
1.03601
1.02106
1.00707
0.996069
0.98721
0.981748
0.978233
0.972036
0.966505
0.962662
0.954976
0.943801
0.931239
0.917123
0.903972
0.892926
0.883883
0.877445
0.869651
0.857764
0.844796
0.832135
0.819026
0.806384
0.796572
0.788611
0.779472
0.770547
0.763026
0.755281
0.746838
0.736943
0.726112
0.716161
0.706352
0.696586
0.688234
0.681992
0.677569
0.673082
0.669335
0.668498
0.667096
0.662483
0.656437
0.648185
0.637132
0.62728
0.620851
0.615674
0.611112
0.607184
0.601568
0.595674
0.591753
0.584966
0.57522
0.568176
0.561489
0.553558
0.546842
0.539919
0.532093
0.5228
0.511914
0.502387
0.493226
0.483494
0.477082
0.4725
0.46445
0.454949
0.446513
0.437233
0.428519
0.420256
0.411808
0.407809
0.404968
0.39828
0.391325
0.383167
0.372159
0.36099
0.350822
0.341684
0.33144
0.321525
0.312416
0.299512
0.286569
0.277826
0.270773
0.26397
0.257158
0.250832
0.243618
0.236292
0.230027
0.222632
0.216334
0.208845
0.197971
0.190208
0.18287
0.172304
0.162215
0.152114
0.142411
0.133358
0.122618
0.110714
0.0993259
0.0891933
0.0802148
0.0717458
0.0621046
0.0528083
0.0425777
0.0316977
0.0220366
0.011178
0.0030259
-2.49182
-3225.18
-1036.34
540.375
495.693
26.6365
-134.028
-56.7363
19.7084
26.0793
5.93042
-3.6612
-1.38656
2.31093
3.04739
2.22698
1.68709
1.71553
1.87846
1.92923
1.89571
1.86018
1.85231
1.85765
1.85656
1.84647
1.83334
1.81954
1.80917
1.80752
1.80605
1.79422
1.78277
1.77722
1.76736
1.75989
1.7597
1.75579
1.74564
1.73493
1.72386
1.71498
1.71176
1.70257
1.68854
1.68438
1.6801
1.66963
1.6644
1.66401
1.66213
1.658
1.65353
1.65215
1.64911
1.64043
1.63332
1.6274
1.61853
1.61193
1.60303
1.58986
1.58092
1.57464
1.56597
1.55513
1.54665
1.54108
1.53327
1.52267
1.51269
1.50622
1.49924
1.49129
1.48414
1.47132
1.45758
1.45186
1.44975
1.44697
1.44399
1.43927
1.43012
1.41804
1.40742
1.40024
1.39398
1.38764
1.38064
1.36897
1.35769
1.34944
1.34119
1.33846
1.33646
1.33033
1.32497
1.31574
1.30352
1.29566
1.29287
1.29169
1.28853
1.28483
1.2783
1.26859
1.2597
1.24843
1.23547
1.22472
1.21676
1.21094
1.20477
1.1973
1.18757
1.17644
1.16634
1.15759
1.14803
1.13585
1.12217
1.10757
1.09509
1.0853
1.07413
1.06311
1.05096
1.03412
1.01744
1.00638
0.998112
0.988456
0.981676
0.97976
0.975531
0.968077
0.962709
0.955461
0.942704
0.929193
0.915923
0.903593
0.894171
0.886879
0.879656
0.86877
0.855421
0.842529
0.83025
0.819812
0.810453
0.799908
0.788746
0.779892
0.771908
0.762529
0.754812
0.747435
0.736067
0.723821
0.715612
0.707763
0.697327
0.688437
0.681805
0.677898
0.676135
0.673217
0.670474
0.667591
0.662531
0.654963
0.64486
0.635167
0.628178
0.623183
0.618416
0.613182
0.60775
0.601474
0.594929
0.589363
0.582799
0.574703
0.568971
0.56358
0.555148
0.547154
0.53953
0.531467
0.523654
0.513436
0.502642
0.494282
0.485963
0.476789
0.469192
0.462593
0.454498
0.445138
0.435369
0.427935
0.422313
0.41419
0.408384
0.40631
0.400292
0.391502
0.383083
0.373435
0.3621
0.350638
0.341361
0.331309
0.319476
0.308737
0.297441
0.286851
0.278729
0.272139
0.266125
0.257917
0.250146
0.244553
0.238559
0.23194
0.223134
0.214579
0.20716
0.19749
0.18901
0.181284
0.171673
0.162816
0.153827
0.14408
0.133605
0.122
0.110784
0.0989911
0.0878557
0.0802448
0.0723643
0.061481
0.0538973
0.0446057
0.0303802
0.0197907
0.0108473
0.00308298
-2.49675
-3225.18
-1036.35
540.371
495.688
26.6373
-134.027
-56.7421
19.7055
26.0787
5.92629
-3.66483
-1.38669
2.3145
3.04956
2.22413
1.68242
1.71515
1.88465
1.93236
1.89215
1.85948
1.85512
1.85759
1.85538
1.84432
1.82724
1.81708
1.81355
1.80722
1.80099
1.79336
1.78316
1.77603
1.76814
1.76224
1.76056
1.75534
1.74577
1.73477
1.72538
1.71761
1.70953
1.70027
1.6899
1.68177
1.67514
1.67057
1.6679
1.66212
1.6568
1.65614
1.65484
1.65078
1.64763
1.64088
1.63091
1.62428
1.61837
1.61255
1.60305
1.59029
1.58222
1.57356
1.56356
1.55491
1.54482
1.5373
1.53184
1.52197
1.511
1.50672
1.50075
1.48844
1.48027
1.47191
1.45979
1.45321
1.4524
1.45048
1.44484
1.43754
1.42696
1.41414
1.40662
1.403
1.39621
1.38799
1.37997
1.36627
1.35296
1.34767
1.34353
1.34197
1.34012
1.3307
1.32142
1.31206
1.30319
1.30015
1.29606
1.28912
1.28451
1.28332
1.27995
1.27141
1.26106
1.24753
1.23336
1.22286
1.21457
1.2085
1.20349
1.19666
1.18715
1.17764
1.16831
1.15768
1.14739
1.13446
1.11834
1.10496
1.09612
1.08668
1.07429
1.06258
1.04989
1.03357
1.01742
1.00529
0.99569
0.986378
0.980408
0.979419
0.978052
0.971914
0.964511
0.955533
0.941896
0.928158
0.914561
0.901716
0.892763
0.885577
0.87808
0.867576
0.855461
0.843292
0.830381
0.819745
0.810338
0.799367
0.787832
0.778812
0.772083
0.765329
0.758226
0.747451
0.733371
0.72012
0.710222
0.70439
0.699904
0.694255
0.685493
0.678336
0.675969
0.672526
0.669095
0.667034
0.662119
0.653322
0.643727
0.637298
0.631696
0.624748
0.618403
0.611526
0.604558
0.600086
0.595376
0.588226
0.58145
0.574672
0.568132
0.563258
0.556909
0.54932
0.540862
0.531144
0.522212
0.51212
0.501523
0.493878
0.486975
0.477354
0.46764
0.4609
0.453084
0.44321
0.433974
0.425951
0.421063
0.416613
0.411097
0.407419
0.401989
0.392357
0.381706
0.372182
0.361847
0.349688
0.340208
0.33096
0.318456
0.30738
0.296997
0.287013
0.279589
0.272278
0.264875
0.257727
0.251298
0.245075
0.237794
0.231369
0.223668
0.21475
0.207536
0.199035
0.189464
0.179751
0.169082
0.160004
0.152188
0.143786
0.133694
0.122025
0.111354
0.100973
0.0898524
0.0798314
0.0701513
0.0599754
0.0528438
0.0427827
0.029436
0.020118
0.0120017
0.00400828
-2.49591
-3225.18
-1036.35
540.369
495.687
26.636
-134.032
-56.7473
19.7011
26.0767
5.92879
-3.6641
-1.39106
2.3119
3.05017
2.22649
1.68923
1.72095
1.88447
1.93003
1.88731
1.85817
1.86133
1.85895
1.85049
1.84183
1.82815
1.82043
1.81809
1.81012
1.79978
1.79158
1.78511
1.77723
1.76978
1.76625
1.76117
1.75354
1.74613
1.73622
1.72693
1.7182
1.70887
1.69948
1.68893
1.68287
1.67873
1.67286
1.66795
1.66134
1.65619
1.65648
1.65588
1.65044
1.64563
1.63996
1.63027
1.62513
1.62306
1.61518
1.60133
1.58915
1.58203
1.57263
1.5636
1.55616
1.54518
1.53559
1.52814
1.52101
1.51439
1.50849
1.50099
1.48809
1.4772
1.47076
1.4642
1.45924
1.45666
1.45333
1.44421
1.43258
1.42536
1.41848
1.40985
1.40341
1.39655
1.38697
1.37845
1.36763
1.35467
1.34832
1.34483
1.34269
1.3415
1.33161
1.31956
1.31189
1.30475
1.3004
1.29692
1.29271
1.28919
1.28499
1.27797
1.26842
1.25908
1.2477
1.23503
1.22453
1.2165
1.2112
1.2044
1.194
1.18359
1.1752
1.16759
1.15917
1.14924
1.13585
1.12017
1.10604
1.09577
1.08674
1.07447
1.06094
1.0475
1.03248
1.01731
1.00501
0.996301
0.989199
0.982079
0.977644
0.978177
0.975357
0.966646
0.956219
0.941295
0.925949
0.913625
0.903422
0.895157
0.885291
0.875294
0.865312
0.8549
0.844739
0.832894
0.820495
0.80873
0.799027
0.789462
0.779991
0.774262
0.768507
0.758692
0.744834
0.73126
0.72071
0.711757
0.705056
0.699319
0.694002
0.687237
0.681032
0.678939
0.67446
0.669017
0.666239
0.661113
0.653056
0.644086
0.637183
0.631783
0.625923
0.62042
0.613728
0.605743
0.599377
0.593333
0.585349
0.579929
0.576573
0.56995
0.562922
0.556876
0.549932
0.542266
0.533269
0.523141
0.512364
0.501903
0.492946
0.486236
0.478747
0.467779
0.458254
0.449857
0.440949
0.434691
0.428407
0.422405
0.417968
0.412218
0.407064
0.40233
0.393865
0.38183
0.371656
0.363203
0.351011
0.339585
0.329975
0.317075
0.305439
0.296051
0.28771
0.281356
0.272695
0.26401
0.258753
0.253232
0.246111
0.238948
0.231859
0.222538
0.213536
0.207412
0.199067
0.188856
0.179171
0.16874
0.160142
0.153044
0.144793
0.13517
0.122712
0.110171
0.100412
0.0899455
0.0800003
0.0717761
0.061808
0.0516302
0.0405965
0.0287619
0.0197146
0.0124903
0.00473181
-2.49639
-3225.19
-1036.35
540.369
495.689
26.6305
-134.037
-56.7437
19.7056
26.0742
5.92254
-3.66573
-1.3864
2.31323
3.04911
2.23036
1.68794
1.71522
1.88431
1.9302
1.88736
1.85864
1.86133
1.86119
1.85083
1.84026
1.82961
1.82002
1.81473
1.81041
1.80066
1.78883
1.78217
1.77687
1.77212
1.77005
1.76351
1.75159
1.74367
1.73818
1.72812
1.71642
1.70746
1.70104
1.6908
1.67902
1.67558
1.67578
1.66711
1.65651
1.65714
1.65931
1.65407
1.64676
1.64271
1.63944
1.6316
1.62625
1.62272
1.61155
1.59865
1.59053
1.58271
1.57119
1.56234
1.55577
1.54461
1.53322
1.52464
1.51942
1.5149
1.50778
1.50004
1.48704
1.47439
1.47093
1.46745
1.46079
1.4579
1.45506
1.444
1.43109
1.42393
1.41683
1.40965
1.40661
1.39949
1.38571
1.37447
1.36432
1.35296
1.34976
1.34991
1.34485
1.33862
1.32793
1.31683
1.31337
1.3094
1.30191
1.2952
1.29094
1.28864
1.28587
1.27946
1.26785
1.25603
1.2453
1.23477
1.22643
1.21724
1.20748
1.20018
1.1921
1.18296
1.17753
1.17253
1.15961
1.14346
1.13026
1.11858
1.10773
1.09789
1.08689
1.07347
1.05932
1.04564
1.03235
1.01813
1.00412
0.993695
0.987386
0.982948
0.978857
0.978472
0.976752
0.967506
0.955514
0.940831
0.925781
0.913547
0.902596
0.892683
0.882371
0.873917
0.86507
0.854025
0.844267
0.833074
0.820615
0.808699
0.797806
0.788129
0.780409
0.77633
0.770489
0.759269
0.743989
0.729453
0.718871
0.710043
0.704297
0.699815
0.695146
0.689682
0.683185
0.679994
0.67568
0.668822
0.66339
0.656674
0.650595
0.645814
0.640689
0.634971
0.627246
0.619165
0.611519
0.604018
0.597925
0.592022
0.584268
0.578798
0.576817
0.571595
0.563672
0.556905
0.550218
0.542192
0.532634
0.522749
0.512647
0.503196
0.494095
0.484736
0.476245
0.4659
0.455612
0.448097
0.440628
0.434151
0.428022
0.422691
0.419417
0.414045
0.406744
0.400398
0.393752
0.383198
0.371031
0.361778
0.350837
0.33895
0.329383
0.316711
0.304466
0.296854
0.289256
0.280329
0.271043
0.263972
0.258916
0.25284
0.246245
0.238734
0.230408
0.22286
0.216263
0.20864
0.197404
0.186097
0.17701
0.168163
0.16088
0.153159
0.143422
0.13475
0.124401
0.112175
0.10105
0.0884096
0.0775565
0.070019
0.0620957
0.0519149
0.0397824
0.0302198
0.0221987
0.0132385
0.00462426
-2.49737
-3225.19
-1036.35
540.372
495.684
26.6231
-134.037
-56.7427
19.7001
26.0708
5.92644
-3.66118
-1.38727
2.3092
3.04759
2.23076
1.69303
1.72049
1.8811
1.9278
1.8914
1.86306
1.86001
1.85462
1.84631
1.84054
1.83053
1.82482
1.82021
1.80748
1.79594
1.7937
1.78972
1.77919
1.77243
1.76965
1.76025
1.7512
1.74822
1.73931
1.72545
1.71564
1.70867
1.701
1.69067
1.68204
1.67822
1.67203
1.66428
1.66171
1.66159
1.65777
1.65114
1.64602
1.6417
1.63848
1.6345
1.62772
1.61992
1.61075
1.59958
1.58893
1.58235
1.57473
1.56421
1.5548
1.54282
1.53012
1.52341
1.52238
1.51837
1.50756
1.49583
1.48432
1.47561
1.47366
1.47083
1.46614
1.4606
1.45084
1.44154
1.43404
1.42713
1.42151
1.41483
1.40594
1.39433
1.38221
1.37423
1.36693
1.35677
1.35147
1.35053
1.34521
1.3384
1.32955
1.31786
1.31164
1.30726
1.30193
1.30041
1.29856
1.29243
1.28375
1.27457
1.26498
1.25569
1.24662
1.23638
1.22762
1.21822
1.20886
1.20146
1.19222
1.18231
1.1755
1.16851
1.15838
1.14564
1.1316
1.11833
1.1083
1.09892
1.08727
1.07453
1.06028
1.04371
1.02855
1.01658
1.00582
0.995257
0.988162
0.985279
0.980796
0.978851
0.978698
0.968637
0.952818
0.937866
0.925737
0.916351
0.905591
0.894196
0.88182
0.87103
0.862993
0.854
0.844182
0.832564
0.819779
0.807173
0.797687
0.792475
0.786166
0.778269
0.768739
0.756601
0.743242
0.731386
0.721834
0.712648
0.705104
0.698345
0.693209
0.691307
0.686651
0.681242
0.676097
0.66935
0.664325
0.658143
0.651403
0.645943
0.639257
0.633109
0.627663
0.621386
0.613547
0.604264
0.595378
0.589125
0.585061
0.581798
0.578782
0.572976
0.564655
0.556283
0.548637
0.541479
0.533258
0.523468
0.513229
0.504945
0.496462
0.484635
0.47428
0.464215
0.452984
0.445712
0.440956
0.436724
0.431154
0.423882
0.418458
0.413391
0.406863
0.399675
0.392938
0.383934
0.370875
0.361252
0.353259
0.34145
0.329353
0.316174
0.304164
0.296911
0.288832
0.279316
0.271515
0.263714
0.256343
0.252949
0.25018
0.241115
0.230743
0.224153
0.216158
0.206078
0.195344
0.184324
0.175938
0.169501
0.162955
0.154606
0.144265
0.13501
0.125191
0.112623
0.0998184
0.0881215
0.0788534
0.0709447
0.0623509
0.0509192
0.0383509
0.0306981
0.0237148
0.0142326
0.00507356
-2.49818
-3225.19
-1036.35
540.368
495.682
26.6235
-134.038
-56.7444
19.6998
26.0709
5.92395
-3.66293
-1.38572
2.3137
3.05048
2.23023
1.69231
1.72141
1.88254
1.9271
1.88961
1.85857
1.8555
1.85636
1.8512
1.84504
1.83313
1.82104
1.81485
1.80789
1.79991
1.79345
1.78724
1.78052
1.77399
1.76722
1.76078
1.75479
1.74796
1.73724
1.72434
1.7154
1.70862
1.69965
1.69101
1.68409
1.67654
1.66791
1.6636
1.66549
1.66508
1.65545
1.64487
1.6423
1.64278
1.64203
1.63872
1.62725
1.61313
1.60449
1.59835
1.59121
1.58381
1.57472
1.5624
1.5496
1.53881
1.53222
1.52702
1.5211
1.51573
1.5038
1.49014
1.48504
1.48141
1.4747
1.47052
1.46753
1.46045
1.45028
1.44179
1.43285
1.42499
1.42287
1.41821
1.40732
1.39448
1.38088
1.37023
1.36438
1.35963
1.35481
1.35046
1.34328
1.33502
1.32867
1.32041
1.31261
1.30711
1.30221
1.29999
1.29793
1.29265
1.28414
1.27509
1.26453
1.25234
1.24479
1.23893
1.22751
1.21538
1.20626
1.19867
1.19228
1.18619
1.17701
1.16564
1.15507
1.14291
1.13012
1.11971
1.10972
1.09831
1.08532
1.07312
1.06029
1.04317
1.02762
1.016
1.0045
0.994176
0.987988
0.98565
0.98277
0.980319
0.976984
0.966431
0.953848
0.940813
0.92595
0.913066
0.901414
0.891417
0.881986
0.872818
0.864123
0.852223
0.840337
0.830924
0.820019
0.807153
0.797141
0.79221
0.787236
0.779871
0.770038
0.75745
0.743025
0.729
0.719036
0.71148
0.706484
0.701859
0.695594
0.691914
0.686999
0.680453
0.675053
0.668348
0.661359
0.655347
0.651684
0.648539
0.641729
0.634622
0.627499
0.619141
0.611685
0.603543
0.59479
0.588726
0.585034
0.581125
0.576586
0.571597
0.566057
0.558925
0.549582
0.541478
0.532665
0.522759
0.514215
0.505783
0.49534
0.482236
0.470934
0.462692
0.454391
0.446834
0.439491
0.433965
0.430231
0.424578
0.418798
0.413411
0.407235
0.400375
0.392498
0.382942
0.370289
0.359688
0.352869
0.342585
0.328814
0.315635
0.305088
0.296613
0.287631
0.279941
0.273018
0.263905
0.256057
0.252041
0.247347
0.239347
0.231528
0.224294
0.214171
0.204734
0.196733
0.186064
0.176114
0.168594
0.16063
0.152531
0.144425
0.13642
0.126491
0.112128
0.0984784
0.0887198
0.0801347
0.0701273
0.0603303
0.0508139
0.0403759
0.0329591
0.0247609
0.0138874
0.00471958
-2.49776
-3225.19
-1036.36
540.364
495.685
26.6256
-134.043
-56.7509
19.6994
26.0773
5.92857
-3.66569
-1.38945
2.31171
3.05276
2.23302
1.69012
1.71963
1.88213
1.9283
1.89744
1.8603
1.8468
1.85279
1.8542
1.84654
1.83258
1.82131
1.81389
1.80732
1.80514
1.80028
1.789
1.77827
1.77066
1.76815
1.76511
1.75571
1.74602
1.73703
1.72545
1.71521
1.70756
1.70084
1.6941
1.68365
1.67431
1.66912
1.66685
1.66784
1.66358
1.65329
1.64607
1.64498
1.64466
1.64091
1.6359
1.62587
1.61027
1.60132
1.59948
1.59432
1.58571
1.57564
1.56192
1.54605
1.53599
1.53313
1.53039
1.52446
1.51543
1.49964
1.48565
1.4847
1.48392
1.47986
1.47752
1.46959
1.45655
1.44657
1.44154
1.43779
1.43267
1.42759
1.418
1.40373
1.39186
1.3819
1.37236
1.36538
1.36046
1.35542
1.35091
1.34562
1.33687
1.32861
1.31952
1.30996
1.30656
1.30659
1.30467
1.29886
1.29183
1.28449
1.27444
1.26347
1.2529
1.2452
1.23775
1.22666
1.21689
1.20874
1.20064
1.19337
1.18487
1.1733
1.16274
1.15626
1.1459
1.13133
1.11974
1.10871
1.0973
1.08608
1.07432
1.06076
1.04421
1.02846
1.01427
1.0024
0.994801
0.988497
0.986357
0.986972
0.983262
0.975924
0.966001
0.953855
0.939288
0.924844
0.914463
0.903606
0.892179
0.882648
0.872679
0.862338
0.851233
0.839406
0.827429
0.817096
0.809901
0.803041
0.795742
0.789116
0.781056
0.768193
0.753986
0.742857
0.732565
0.722664
0.71357
0.706491
0.702082
0.696417
0.6927
0.688852
0.6805
0.673858
0.668793
0.662906
0.657379
0.652526
0.647167
0.640127
0.634666
0.62891
0.620362
0.612164
0.602552
0.592561
0.588157
0.587144
0.584066
0.579126
0.57276
0.565023
0.556905
0.548299
0.540065
0.53242
0.524586
0.516699
0.506729
0.49533
0.483475
0.471298
0.460368
0.451733
0.445764
0.440179
0.435805
0.432423
0.425407
0.418022
0.412538
0.406813
0.400138
0.391305
0.381526
0.371409
0.361896
0.354171
0.343174
0.328495
0.316142
0.306498
0.297131
0.288627
0.280128
0.269461
0.261407
0.258763
0.254269
0.247385
0.241554
0.233161
0.222787
0.212765
0.203341
0.194829
0.185129
0.175924
0.169128
0.162002
0.154732
0.146951
0.136934
0.124757
0.111351
0.0994743
0.0892505
0.0798619
0.0699058
0.0591205
0.0507315
0.0437222
0.0331742
0.0219381
0.0139447
0.00559065
-2.50111
-3225.19
-1036.36
540.364
495.683
26.6242
-134.043
-56.7466
19.7041
26.0748
5.92263
-3.66679
-1.38523
2.31696
3.05341
2.22982
1.68683
1.72086
1.88833
1.92913
1.88946
1.85641
1.84886
1.85457
1.85665
1.84811
1.83259
1.82033
1.81523
1.81061
1.80542
1.79784
1.78719
1.77685
1.77324
1.77249
1.76413
1.7518
1.74259
1.73552
1.72778
1.71944
1.70956
1.69746
1.68851
1.68438
1.67779
1.67013
1.66853
1.66761
1.6594
1.65059
1.64662
1.64598
1.64643
1.64143
1.63385
1.62348
1.60672
1.59831
1.59929
1.59471
1.58462
1.5732
1.55805
1.5446
1.53923
1.53713
1.53069
1.5197
1.5095
1.49974
1.48826
1.48298
1.4837
1.48153
1.47728
1.46936
1.45754
1.44642
1.44063
1.4396
1.43552
1.42723
1.4153
1.40188
1.39178
1.38177
1.37362
1.36895
1.36292
1.35473
1.34747
1.34174
1.33512
1.32808
1.32009
1.31257
1.30984
1.3082
1.30367
1.29617
1.28892
1.28273
1.2733
1.26427
1.25565
1.24556
1.23609
1.2255
1.21593
1.20772
1.19922
1.19192
1.18437
1.17397
1.16182
1.15239
1.14274
1.13159
1.12181
1.10932
1.09735
1.08681
1.07108
1.05558
1.04271
1.02833
1.01391
1.00411
0.997454
0.990214
0.987104
0.98585
0.979695
0.973059
0.966235
0.95566
0.941428
0.925429
0.911268
0.899547
0.890564
0.882776
0.872174
0.861039
0.850364
0.838922
0.827408
0.81707
0.808438
0.800791
0.79425
0.78917
0.782483
0.770946
0.756732
0.742943
0.729614
0.719716
0.712803
0.70766
0.704984
0.70029
0.694184
0.688217
0.680264
0.672768
0.666167
0.660648
0.656577
0.652287
0.64804
0.64173
0.634736
0.628201
0.619149
0.610625
0.603028
0.59459
0.589192
0.585981
0.581559
0.57715
0.571175
0.563655
0.558317
0.551098
0.54074
0.533529
0.526507
0.515634
0.503433
0.491798
0.480785
0.471067
0.462301
0.453482
0.446034
0.439276
0.433562
0.43046
0.424997
0.417909
0.412958
0.407447
0.39947
0.389367
0.37953
0.372182
0.364709
0.354241
0.341272
0.327836
0.315197
0.305085
0.298063
0.290055
0.2795
0.270333
0.264434
0.259505
0.252308
0.244818
0.238426
0.229398
0.21983
0.213023
0.205192
0.196771
0.188217
0.1779
0.167643
0.159444
0.152985
0.145867
0.136399
0.125196
0.112181
0.0994662
0.0896825
0.079517
0.0680225
0.0588648
0.0516635
0.0433417
0.0322927
0.0217915
0.0143251
0.00580116
-2.50041
-3225.19
-1036.36
540.362
495.68
26.6227
-134.041
-56.7467
19.7005
26.0755
5.92832
-3.66332
-1.38631
2.3138
3.05128
2.23144
1.68979
1.72099
1.88508
1.92728
1.89086
1.85818
1.8487
1.85582
1.85713
1.84362
1.8302
1.82381
1.8187
1.81135
1.80699
1.80069
1.78716
1.77867
1.77793
1.77276
1.76087
1.74981
1.74267
1.7379
1.72976
1.71808
1.70915
1.69825
1.68804
1.68351
1.67995
1.67652
1.67047
1.66218
1.65578
1.65288
1.65336
1.65095
1.64504
1.63731
1.62786
1.61863
1.60783
1.60148
1.59976
1.5933
1.58388
1.57268
1.55789
1.54595
1.54075
1.53738
1.5314
1.52012
1.50657
1.49642
1.48726
1.48477
1.49012
1.48715
1.47683
1.46555
1.45275
1.44592
1.44622
1.44569
1.43895
1.42804
1.41498
1.4002
1.38967
1.38342
1.37749
1.37102
1.36369
1.35663
1.34885
1.34161
1.33435
1.32592
1.31877
1.31425
1.31261
1.31041
1.30563
1.29833
1.2897
1.28214
1.27306
1.26368
1.25384
1.24318
1.23614
1.22797
1.218
1.21055
1.20231
1.19078
1.17935
1.17182
1.1633
1.15256
1.14257
1.1312
1.12069
1.11041
1.09926
1.08685
1.07087
1.05598
1.04271
1.02802
1.01357
1.00271
0.99738
0.993731
0.99049
0.987071
0.981115
0.973719
0.964071
0.952006
0.939908
0.927167
0.91431
0.902028
0.891013
0.881918
0.871869
0.860115
0.84859
0.836547
0.825648
0.818072
0.811955
0.804944
0.796552
0.78841
0.780611
0.770145
0.757111
0.745351
0.73391
0.722509
0.713577
0.70729
0.704605
0.701804
0.694251
0.686202
0.679783
0.674234
0.669055
0.663835
0.658003
0.651282
0.646175
0.64086
0.634766
0.62945
0.620325
0.609463
0.601268
0.593993
0.589589
0.588182
0.585028
0.579164
0.571599
0.563203
0.556437
0.549559
0.540746
0.533361
0.526212
0.515993
0.505187
0.493946
0.481644
0.470876
0.460743
0.450534
0.44515
0.442293
0.436431
0.431217
0.42597
0.418423
0.412441
0.406229
0.396915
0.386911
0.379205
0.373992
0.36686
0.355031
0.341329
0.328213
0.316414
0.307768
0.300056
0.287993
0.275935
0.269773
0.265025
0.259796
0.254328
0.246143
0.238215
0.230573
0.221278
0.212382
0.202464
0.193593
0.187434
0.179061
0.170389
0.163503
0.154925
0.14488
0.135037
0.124145
0.112262
0.100295
0.0896567
0.0790603
0.0683986
0.0599964
0.0512004
0.040673
0.0308561
0.023384
0.0162567
0.0062306
-2.50156
-3225.19
-1036.35
540.362
495.676
26.6258
-134.034
-56.7453
19.6959
26.0697
5.92654
-3.65791
-1.38309
2.3111
3.04912
2.23225
1.6935
1.71974
1.87932
1.92696
1.89124
1.85838
1.85294
1.85541
1.85355
1.8463
1.83523
1.82524
1.81783
1.81223
1.80727
1.79732
1.78629
1.78238
1.77922
1.77053
1.7592
1.7488
1.74092
1.73771
1.73433
1.7206
1.70407
1.69402
1.68784
1.68501
1.68211
1.67678
1.66932
1.66113
1.65537
1.65438
1.65475
1.64957
1.64314
1.63526
1.62369
1.61614
1.6092
1.6015
1.59716
1.5907
1.58093
1.5685
1.55628
1.5507
1.54686
1.53749
1.52723
1.51676
1.50193
1.4935
1.49376
1.49188
1.48857
1.48342
1.47386
1.46197
1.45333
1.45152
1.44916
1.44448
1.43813
1.4261
1.41255
1.40082
1.39155
1.38413
1.37774
1.37252
1.36512
1.35524
1.34622
1.33891
1.33197
1.32602
1.32235
1.31835
1.31353
1.30818
1.30355
1.29802
1.28839
1.27988
1.27212
1.26259
1.25417
1.24578
1.23708
1.22702
1.21649
1.20716
1.19835
1.1911
1.18308
1.17314
1.16126
1.14901
1.13925
1.12996
1.12192
1.112
1.09848
1.08588
1.07092
1.0536
1.0389
1.02674
1.0151
1.00568
1.00046
0.994622
0.987991
0.984143
0.980497
0.974234
0.964217
0.951895
0.938936
0.925197
0.912743
0.902269
0.892053
0.88157
0.869882
0.857547
0.846791
0.836884
0.827372
0.817971
0.809521
0.80365
0.796863
0.788385
0.781086
0.771856
0.759022
0.745333
0.732232
0.721484
0.714301
0.708641
0.705206
0.702758
0.69578
0.686855
0.67976
0.673126
0.666886
0.66194
0.657414
0.651248
0.646522
0.642777
0.635002
0.62674
0.618829
0.609418
0.601523
0.595259
0.590791
0.587987
0.583549
0.577218
0.570617
0.562949
0.555531
0.550285
0.543337
0.533776
0.524796
0.515239
0.503444
0.490477
0.478932
0.470556
0.462428
0.453108
0.445738
0.441068
0.436306
0.43118
0.425563
0.418813
0.411983
0.403784
0.39419
0.38621
0.380442
0.374453
0.365537
0.353696
0.340772
0.328911
0.319201
0.309159
0.297234
0.285659
0.276957
0.271088
0.265228
0.25923
0.253204
0.24514
0.237595
0.229992
0.219219
0.209478
0.20179
0.195524
0.190341
0.181162
0.170433
0.162295
0.154225
0.144962
0.134247
0.122996
0.112455
0.100507
0.0869545
0.0760694
0.0684326
0.0606906
0.0508669
0.0412784
0.0308232
0.020956
0.0129725
0.00466238
-2.49935
-3225.19
-1036.36
540.364
495.683
26.6278
-134.039
-56.7528
19.696
26.0779
5.93422
-3.6586
-1.38747
2.31203
3.05249
2.23254
1.68902
1.71607
1.88212
1.92866
1.89005
1.85949
1.85376
1.85593
1.85663
1.84663
1.83249
1.82586
1.82148
1.81402
1.8066
1.79951
1.792
1.78359
1.77525
1.76806
1.75877
1.75162
1.7483
1.74057
1.72779
1.71448
1.70494
1.69824
1.69198
1.68827
1.68263
1.67363
1.66541
1.6612
1.66097
1.65954
1.65663
1.64929
1.6389
1.63225
1.62317
1.61345
1.60925
1.60405
1.59554
1.58735
1.57934
1.56932
1.55933
1.55253
1.54744
1.53885
1.52681
1.51439
1.50033
1.49359
1.49748
1.49703
1.49137
1.4835
1.47004
1.45861
1.45459
1.45334
1.45041
1.44711
1.44096
1.42709
1.41203
1.40042
1.39126
1.38666
1.38292
1.3744
1.36389
1.35555
1.34751
1.33856
1.33171
1.32645
1.321
1.31724
1.31482
1.31086
1.30603
1.30036
1.29073
1.28053
1.26999
1.25987
1.25358
1.24564
1.236
1.22738
1.21849
1.21051
1.20184
1.19109
1.17962
1.16989
1.16097
1.15049
1.14044
1.13044
1.12046
1.11062
1.09891
1.08605
1.07157
1.05494
1.03811
1.02458
1.01638
1.00914
1.00154
0.994933
0.989559
0.985912
0.981854
0.973936
0.961678
0.948607
0.937191
0.926761
0.916132
0.904734
0.892584
0.880458
0.868407
0.856208
0.845353
0.835825
0.827484
0.820037
0.812105
0.804865
0.797567
0.789184
0.780467
0.770245
0.759213
0.747715
0.735118
0.724112
0.716345
0.710198
0.705286
0.700865
0.69383
0.686496
0.681076
0.67504
0.669305
0.664038
0.657436
0.650213
0.645399
0.641986
0.635484
0.62842
0.620679
0.609146
0.599092
0.593832
0.591647
0.589589
0.584996
0.578524
0.571356
0.564108
0.556849
0.549764
0.541679
0.531748
0.522951
0.514804
0.504495
0.492763
0.480546
0.469196
0.460225
0.452503
0.446591
0.443391
0.439867
0.432895
0.42509
0.418659
0.411325
0.401774
0.39321
0.386761
0.379859
0.372371
0.364157
0.35397
0.342771
0.332318
0.322104
0.309453
0.296445
0.286534
0.277561
0.269677
0.263592
0.257514
0.252364
0.247273
0.240635
0.230614
0.217224
0.207983
0.202575
0.195318
0.188469
0.180929
0.17352
0.166327
0.155062
0.143365
0.132876
0.122355
0.112825
0.100736
0.0855178
0.0747953
0.0695349
0.0614604
0.0494804
0.0384797
0.029222
0.021822
0.0142741
0.00541115
-2.50016
-3225.19
-1036.35
540.368
495.68
26.6205
-134.036
-56.7413
19.7044
26.0768
5.92683
-3.66068
-1.38341
2.31238
3.04947
2.23001
1.68839
1.71739
1.8802
1.9253
1.88971
1.86046
1.85652
1.85677
1.85358
1.84621
1.83337
1.82532
1.8227
1.81478
1.80559
1.80146
1.79521
1.78336
1.77247
1.76583
1.75944
1.75332
1.74664
1.73564
1.72535
1.71619
1.70533
1.69817
1.69501
1.68911
1.67891
1.67081
1.66672
1.6645
1.66289
1.65855
1.65294
1.64603
1.63776
1.6309
1.62152
1.61247
1.60797
1.60227
1.59415
1.58545
1.57602
1.56693
1.56031
1.55566
1.54904
1.53774
1.52263
1.50967
1.50155
1.49882
1.50048
1.4971
1.48758
1.47837
1.46993
1.46227
1.45618
1.45323
1.45096
1.44585
1.43789
1.4242
1.40996
1.40189
1.39591
1.39108
1.3851
1.373
1.36051
1.35245
1.34514
1.33811
1.33318
1.32863
1.32355
1.31833
1.3131
1.30813
1.30382
1.29824
1.28889
1.27821
1.27007
1.26404
1.25641
1.24484
1.23429
1.22615
1.21719
1.20852
1.19978
1.19022
1.18028
1.1702
1.15981
1.14895
1.13976
1.13106
1.12104
1.10983
1.09655
1.0822
1.06887
1.0548
1.03865
1.02693
1.01967
1.01063
1.00036
0.992305
0.987336
0.984835
0.981647
0.974477
0.962401
0.948553
0.936327
0.924953
0.913872
0.904407
0.893831
0.880183
0.867345
0.856008
0.844721
0.83401
0.825658
0.819415
0.811615
0.804537
0.79907
0.791154
0.781403
0.770725
0.75929
0.746667
0.733454
0.723282
0.716739
0.711382
0.70626
0.701407
0.6951
0.687599
0.680707
0.674294
0.669149
0.663321
0.65611
0.650195
0.644968
0.640233
0.63495
0.628146
0.619929
0.609807
0.60088
0.595223
0.59189
0.588517
0.583194
0.577167
0.570963
0.565022
0.558429
0.549612
0.540356
0.531221
0.521838
0.512029
0.501715
0.491335
0.480563
0.470672
0.461929
0.453556
0.44797
0.444968
0.440369
0.432141
0.422849
0.415699
0.409029
0.400931
0.394185
0.388279
0.379996
0.371684
0.363545
0.353114
0.342861
0.332694
0.320301
0.307832
0.297582
0.288206
0.278106
0.269823
0.263939
0.257857
0.252517
0.246917
0.238498
0.227187
0.215106
0.208155
0.20396
0.196153
0.189043
0.181937
0.17213
0.163886
0.154317
0.143345
0.13402
0.124081
0.111526
0.0973954
0.0854062
0.0756523
0.067598
0.0590452
0.0492283
0.0406361
0.0301362
0.0187226
0.00935477
0.00265019
-2.49654
-3225.19
-1036.35
540.367
495.683
26.6269
-134.036
-56.7433
19.7017
26.0746
5.92948
-3.66022
-1.38148
2.31956
3.05235
2.22805
1.68689
1.71446
1.87781
1.9305
1.89715
1.85944
1.85145
1.85639
1.85568
1.84784
1.83615
1.82741
1.82133
1.81461
1.80984
1.80465
1.79425
1.78212
1.77338
1.76837
1.76411
1.75725
1.74647
1.73258
1.72148
1.71567
1.70958
1.70127
1.69391
1.68782
1.67938
1.67212
1.66966
1.66731
1.66406
1.65944
1.65311
1.64543
1.63479
1.62708
1.62214
1.61467
1.60864
1.6014
1.58961
1.58129
1.57688
1.57141
1.56551
1.55731
1.54601
1.53364
1.52066
1.51211
1.50889
1.50443
1.49994
1.49553
1.48639
1.47614
1.46937
1.46398
1.45791
1.45446
1.45323
1.44674
1.43622
1.42453
1.41085
1.40117
1.3978
1.39452
1.38687
1.3751
1.36293
1.35192
1.34315
1.33795
1.33419
1.32966
1.32327
1.31697
1.31366
1.31073
1.3063
1.29958
1.28863
1.2776
1.27054
1.26432
1.2556
1.24357
1.23202
1.22516
1.2204
1.21377
1.20261
1.18844
1.17735
1.16876
1.15836
1.14931
1.14248
1.13217
1.1203
1.10966
1.09656
1.08213
1.068
1.05275
1.0383
1.02762
1.01994
1.01182
1.00271
0.994785
0.989924
0.985874
0.980075
0.971524
0.960158
0.94853
0.937253
0.925926
0.915552
0.905185
0.89273
0.879309
0.86739
0.855723
0.844552
0.834996
0.826423
0.819493
0.812226
0.805215
0.799495
0.791639
0.782359
0.771666
0.758848
0.746527
0.735401
0.725775
0.718703
0.713123
0.706099
0.698928
0.693442
0.687773
0.681846
0.676056
0.670765
0.664659
0.65714
0.650779
0.644669
0.639078
0.634562
0.627833
0.618756
0.609833
0.602738
0.596562
0.591753
0.588446
0.583361
0.578094
0.573384
0.566645
0.558219
0.548512
0.538902
0.530104
0.520766
0.510768
0.501219
0.491828
0.480818
0.469979
0.461238
0.455038
0.451995
0.448153
0.440835
0.432439
0.423272
0.414127
0.407309
0.400807
0.392811
0.385311
0.378419
0.371973
0.365573
0.356831
0.345892
0.332678
0.318698
0.308118
0.299022
0.288463
0.278276
0.269669
0.262075
0.256357
0.252739
0.246369
0.23606
0.226836
0.217903
0.209683
0.204157
0.196554
0.188822
0.183011
0.174328
0.164886
0.153603
0.141778
0.13293
0.122559
0.109812
0.0972187
0.0861161
0.077221
0.0686369
0.059067
0.048801
0.0375318
0.0263412
0.0201842
0.0162197
0.00685703
-2.49436
-3225.18
-1036.35
540.369
495.681
26.624
-134.033
-56.7401
19.7005
26.0719
5.92967
-3.65514
-1.38055
2.31259
3.04763
2.22714
1.68518
1.71619
1.88345
1.92986
1.89151
1.85697
1.8517
1.85621
1.85407
1.8465
1.83547
1.82667
1.82296
1.81683
1.80889
1.80386
1.79505
1.78176
1.77407
1.77118
1.76372
1.75094
1.7402
1.73315
1.72407
1.71505
1.70986
1.70286
1.69313
1.68465
1.67721
1.67309
1.67262
1.66962
1.66401
1.65705
1.64897
1.64295
1.63571
1.62626
1.61973
1.61309
1.60488
1.59787
1.58997
1.5814
1.5757
1.57235
1.56668
1.55614
1.54238
1.52981
1.5212
1.5144
1.51055
1.50868
1.50167
1.49145
1.48261
1.47449
1.46834
1.46413
1.46065
1.45799
1.45322
1.44308
1.43203
1.42229
1.41028
1.40325
1.40181
1.39637
1.38811
1.37683
1.3616
1.34904
1.34112
1.33579
1.33263
1.33038
1.32605
1.3205
1.31511
1.30888
1.30277
1.29488
1.28544
1.27937
1.27362
1.26423
1.25378
1.24367
1.23377
1.22579
1.21941
1.21071
1.19938
1.18844
1.17812
1.16754
1.15774
1.14986
1.14216
1.13277
1.12133
1.10741
1.09319
1.07945
1.06538
1.05271
1.04161
1.03049
1.02022
1.01102
1.00242
0.995491
0.989803
0.983585
0.976905
0.969189
0.959933
0.950407
0.939554
0.927218
0.914551
0.902226
0.890672
0.878485
0.866366
0.855258
0.845194
0.83621
0.826899
0.818457
0.81089
0.804094
0.798939
0.792484
0.78451
0.774057
0.759585
0.745241
0.732936
0.723429
0.718244
0.714179
0.707615
0.700371
0.694001
0.687641
0.682619
0.677243
0.670008
0.663187
0.656767
0.650935
0.64479
0.638688
0.63363
0.626267
0.61707
0.60942
0.603775
0.598287
0.59266
0.587997
0.58285
0.578566
0.574486
0.566768
0.557349
0.547382
0.536976
0.528147
0.519986
0.509909
0.498882
0.489702
0.480712
0.471624
0.46436
0.458384
0.453695
0.447396
0.438604
0.430638
0.42225
0.413213
0.406509
0.400041
0.391636
0.384636
0.37929
0.373147
0.366287
0.357119
0.345
0.331863
0.319204
0.308213
0.298123
0.288241
0.279093
0.270448
0.262563
0.256822
0.252245
0.243904
0.232881
0.225669
0.219538
0.211468
0.205492
0.198572
0.189487
0.18171
0.17235
0.162101
0.152299
0.14237
0.132113
0.120199
0.108519
0.0975865
0.0864892
0.0775049
0.0676051
0.0570842
0.0472555
0.0366585
0.0284151
0.0209375
0.0123729
0.00456894
-2.49077
-3225.18
-1036.35
540.366
495.685
26.6319
-134.03
-56.739
19.7033
26.0773
5.93351
-3.65526
-1.38148
2.3139
3.05053
2.22893
1.68643
1.71783
1.88279
1.92942
1.89349
1.85699
1.85024
1.85856
1.85771
1.84669
1.83591
1.82911
1.82396
1.81923
1.81181
1.80164
1.79402
1.78703
1.77988
1.77167
1.7596
1.75082
1.74476
1.73418
1.72334
1.7167
1.71106
1.70198
1.69045
1.68371
1.68142
1.67709
1.67345
1.67085
1.66424
1.65656
1.64888
1.64196
1.63538
1.62655
1.62059
1.61399
1.60249
1.5929
1.58657
1.5836
1.5817
1.57652
1.56664
1.55113
1.53762
1.53082
1.52532
1.51958
1.51593
1.51039
1.49887
1.48885
1.48244
1.47438
1.46839
1.46668
1.46389
1.45691
1.4497
1.4428
1.43225
1.42226
1.41463
1.4075
1.40157
1.39517
1.38749
1.37674
1.36386
1.35142
1.34101
1.33586
1.33322
1.33024
1.32618
1.32022
1.31499
1.30943
1.30288
1.29674
1.29001
1.28122
1.27059
1.26122
1.25243
1.24279
1.23432
1.22725
1.22025
1.2113
1.20136
1.19048
1.17726
1.16564
1.15711
1.15004
1.14377
1.13442
1.11947
1.10393
1.09255
1.08128
1.06724
1.05353
1.04113
1.02978
1.01965
1.01139
1.0047
0.997791
0.990688
0.983266
0.975776
0.968255
0.959794
0.950105
0.938384
0.926708
0.916344
0.904426
0.891318
0.878176
0.865098
0.853365
0.844151
0.836828
0.828765
0.820733
0.813322
0.805448
0.798485
0.791565
0.783496
0.772763
0.758543
0.745405
0.73547
0.727545
0.72082
0.713916
0.706175
0.698844
0.693208
0.688075
0.683226
0.677768
0.671111
0.665067
0.65817
0.651196
0.645338
0.6388
0.63232
0.625064
0.61704
0.610022
0.603936
0.597912
0.591941
0.58809
0.585432
0.582194
0.576408
0.566231
0.555472
0.54537
0.535276
0.52688
0.519024
0.509902
0.499681
0.489729
0.480147
0.471944
0.466015
0.460591
0.455051
0.447566
0.438329
0.430525
0.422872
0.414253
0.406033
0.397988
0.389913
0.383918
0.379793
0.374017
0.366008
0.356376
0.345659
0.334464
0.32173
0.308695
0.298126
0.289369
0.279341
0.268419
0.260192
0.255192
0.250436
0.243022
0.234272
0.228074
0.222349
0.213072
0.203813
0.196942
0.191118
0.183811
0.172246
0.160675
0.151554
0.141433
0.12948
0.11826
0.108647
0.0974699
0.0858604
0.0786267
0.0701152
0.0595755
0.0503138
0.0363117
0.0234117
0.0186859
0.0151415
0.00680025
-2.488
-3225.17
-1036.34
540.37
495.682
26.6264
-134.034
-56.7414
19.702
26.0746
5.9311
-3.65596
-1.38513
2.31201
3.05078
2.22732
1.68619
1.71824
1.88165
1.92516
1.89069
1.86018
1.84953
1.85569
1.85841
1.84261
1.83216
1.83356
1.82693
1.81614
1.80782
1.80048
1.79632
1.78906
1.78038
1.77109
1.7562
1.74729
1.74321
1.73306
1.724
1.7179
1.70927
1.70016
1.69228
1.68535
1.68034
1.67633
1.67377
1.67072
1.66321
1.65534
1.64813
1.63996
1.63398
1.62816
1.61989
1.60873
1.59817
1.5915
1.58786
1.58752
1.58319
1.5739
1.56352
1.54808
1.53585
1.53049
1.52599
1.52332
1.51915
1.51009
1.4973
1.48647
1.48032
1.47482
1.47085
1.46685
1.46178
1.4573
1.45076
1.44075
1.42936
1.42138
1.41491
1.40844
1.40458
1.39791
1.38769
1.37613
1.36224
1.34959
1.34122
1.33627
1.33184
1.32937
1.32774
1.323
1.3168
1.30781
1.29887
1.29341
1.28761
1.28076
1.27211
1.26221
1.25275
1.24468
1.23705
1.226
1.21539
1.20814
1.20004
1.18958
1.17848
1.16842
1.15874
1.15001
1.14162
1.13104
1.11914
1.106
1.0921
1.07858
1.0651
1.05249
1.04179
1.03204
1.02147
1.01244
1.00546
0.997354
0.988894
0.980648
0.972958
0.96626
0.959354
0.952024
0.941958
0.929341
0.915874
0.901159
0.888003
0.876361
0.864654
0.854525
0.84546
0.837049
0.829049
0.820877
0.812783
0.804851
0.798283
0.791744
0.783532
0.773551
0.76063
0.746297
0.733582
0.724371
0.718517
0.713384
0.707596
0.701634
0.69556
0.689053
0.683548
0.677734
0.670131
0.663658
0.657316
0.651123
0.645934
0.639129
0.631931
0.623771
0.614931
0.608918
0.604205
0.598887
0.593706
0.589948
0.586751
0.582464
0.575465
0.564925
0.554284
0.544081
0.534033
0.525828
0.517612
0.508578
0.499025
0.4892
0.480573
0.474326
0.469312
0.462796
0.454872
0.445188
0.435529
0.429064
0.422464
0.413961
0.405292
0.396822
0.390459
0.386785
0.381646
0.373061
0.364059
0.355405
0.346014
0.334924
0.32145
0.308701
0.298627
0.288889
0.278313
0.268816
0.26148
0.255423
0.2497
0.24298
0.235563
0.228356
0.220724
0.212604
0.204569
0.197722
0.191984
0.183563
0.170775
0.158602
0.149109
0.139733
0.129172
0.118739
0.108539
0.0972332
0.0880739
0.0794832
0.0682405
0.0568666
0.0475718
0.03684
0.0265889
0.0180226
0.0103486
0.00455617
-2.4881
-3225.16
-1036.33
540.381
495.692
26.6256
-134.035
-56.7346
19.7101
26.0808
5.93093
-3.65989
-1.38265
2.31528
3.05286
2.23269
1.68716
1.71274
1.88029
1.93274
1.89768
1.86019
1.8507
1.85557
1.85284
1.8449
1.84029
1.83265
1.823
1.81863
1.81258
1.80282
1.79669
1.78883
1.77844
1.7704
1.76042
1.75048
1.74231
1.7333
1.7262
1.71894
1.70766
1.69777
1.69229
1.68638
1.68273
1.68093
1.67534
1.66945
1.66229
1.65455
1.64826
1.64036
1.63517
1.62977
1.61848
1.60533
1.59513
1.59163
1.59237
1.5913
1.58319
1.57134
1.56039
1.54688
1.53657
1.53239
1.53007
1.52799
1.52048
1.50815
1.49448
1.48414
1.48087
1.47833
1.47423
1.46815
1.46053
1.45416
1.44774
1.44025
1.43002
1.4214
1.41712
1.41226
1.40637
1.39824
1.38763
1.37428
1.35914
1.34809
1.34215
1.34
1.33728
1.33137
1.32495
1.31925
1.31519
1.30952
1.30255
1.29643
1.28864
1.27978
1.2696
1.26024
1.2523
1.2436
1.23637
1.22864
1.21932
1.20974
1.19897
1.18704
1.17576
1.16829
1.16168
1.15295
1.14284
1.12952
1.11522
1.10342
1.09257
1.07996
1.06627
1.05371
1.04225
1.03187
1.02199
1.01304
1.00484
0.996217
0.989212
0.982513
0.97488
0.968068
0.959971
0.949487
0.937977
0.927021
0.916499
0.903711
0.889934
0.877106
0.865022
0.854017
0.843761
0.835361
0.829102
0.823281
0.816352
0.807755
0.79928
0.789925
0.778913
0.769219
0.759601
0.748567
0.73814
0.72931
0.720803
0.712205
0.70528
0.699362
0.693226
0.688465
0.685541
0.680411
0.672271
0.66547
0.657748
0.649707
0.645171
0.639132
0.631216
0.624067
0.616531
0.609207
0.602191
0.596688
0.594135
0.592877
0.589424
0.583138
0.57513
0.564433
0.553397
0.542809
0.532059
0.524439
0.517909
0.508803
0.499028
0.489816
0.481095
0.475414
0.470677
0.462217
0.453799
0.446412
0.437875
0.430364
0.42188
0.412032
0.40371
0.396455
0.391149
0.38733
0.380742
0.371967
0.36476
0.356813
0.346031
0.334119
0.321416
0.309706
0.299769
0.289321
0.278558
0.26921
0.260877
0.253294
0.247695
0.243135
0.237373
0.229267
0.22036
0.212721
0.205397
0.199365
0.192307
0.18154
0.169957
0.158438
0.147079
0.137498
0.128752
0.119391
0.109126
0.0987589
0.0906961
0.0801496
0.0652537
0.0540621
0.0475584
0.0379192
0.0272309
0.0206172
0.0134636
0.00544222
-2.48507
-3225.17
-1036.34
540.373
495.685
26.6275
-134.031
-56.7343
19.7067
26.0752
5.92793
-3.66195
-1.38454
2.31612
3.05115
2.22646
1.6853
1.71575
1.88194
1.93236
1.89485
1.85869
1.85015
1.85239
1.85407
1.84762
1.83665
1.83199
1.82529
1.81557
1.81071
1.80347
1.79533
1.78915
1.77992
1.76982
1.75836
1.7482
1.74252
1.73476
1.72481
1.71661
1.70772
1.69869
1.69266
1.68727
1.68262
1.67951
1.67504
1.66895
1.66119
1.65516
1.64929
1.64032
1.63465
1.62719
1.61418
1.6033
1.59673
1.59514
1.5935
1.58896
1.58183
1.56973
1.55705
1.54532
1.53703
1.53542
1.53474
1.52916
1.51736
1.50465
1.49287
1.48514
1.48463
1.47976
1.47105
1.46641
1.46123
1.45516
1.44863
1.43847
1.42761
1.42243
1.41958
1.41358
1.4072
1.39806
1.38563
1.37268
1.35914
1.3495
1.34388
1.33944
1.33502
1.33042
1.32676
1.32205
1.31565
1.30701
1.29882
1.29356
1.28734
1.27994
1.27121
1.26209
1.25372
1.24399
1.23538
1.22715
1.21804
1.20904
1.19802
1.18671
1.17761
1.16944
1.16066
1.15163
1.14107
1.12826
1.11729
1.10645
1.09187
1.07688
1.0646
1.05395
1.04318
1.03333
1.02399
1.0136
1.00331
0.994648
0.987839
0.980595
0.974053
0.968879
0.960257
0.950547
0.941594
0.928854
0.913961
0.899942
0.887207
0.87625
0.866317
0.85634
0.845305
0.835485
0.828972
0.822484
0.814699
0.807348
0.799719
0.790439
0.781095
0.771811
0.759639
0.746244
0.735151
0.726422
0.719799
0.714465
0.70842
0.700977
0.693949
0.688425
0.684223
0.679362
0.672301
0.665927
0.658554
0.65017
0.645149
0.638193
0.628884
0.622579
0.615984
0.608593
0.603704
0.600075
0.596492
0.593622
0.58849
0.580589
0.573645
0.564652
0.552736
0.542073
0.532713
0.524944
0.517426
0.507447
0.497418
0.489456
0.482304
0.476882
0.471638
0.462363
0.453248
0.446259
0.437366
0.428793
0.420842
0.411413
0.403396
0.397863
0.392869
0.387512
0.380521
0.372248
0.365314
0.357244
0.345395
0.332926
0.321332
0.310409
0.299982
0.289095
0.278611
0.270099
0.26234
0.254574
0.24891
0.243021
0.234394
0.225591
0.217806
0.211938
0.207552
0.201783
0.192162
0.180702
0.169659
0.157798
0.146355
0.137491
0.128618
0.119411
0.109793
0.0999851
0.0898572
0.0780426
0.0662402
0.054674
0.0436408
0.0352157
0.0281622
0.0201266
0.0118537
0.00532566
-2.45828
-3225.11
-1036.31
540.366
495.672
26.623
-134.025
-56.7268
19.7065
26.075
5.93268
-3.6592
-1.38567
2.31403
3.05077
2.22898
1.68786
1.71654
1.88312
1.93485
1.89658
1.85846
1.85047
1.85341
1.85327
1.84741
1.8379
1.83065
1.82411
1.81856
1.81411
1.80302
1.7921
1.78825
1.78139
1.76985
1.75884
1.74921
1.74257
1.73639
1.72575
1.715
1.70781
1.69899
1.69137
1.68833
1.68554
1.68218
1.67547
1.66625
1.6601
1.65535
1.64934
1.64269
1.63427
1.62284
1.6132
1.60577
1.59878
1.59756
1.59549
1.58693
1.57842
1.56832
1.5562
1.54646
1.54061
1.53746
1.53415
1.52903
1.51806
1.50305
1.49143
1.48577
1.48386
1.48005
1.47432
1.46744
1.45919
1.45362
1.44761
1.43811
1.42857
1.42169
1.41788
1.41427
1.40907
1.39982
1.38537
1.36947
1.35665
1.34927
1.34532
1.34332
1.33954
1.33122
1.32417
1.32003
1.31547
1.3089
1.30147
1.29426
1.2859
1.27886
1.27176
1.26092
1.25071
1.24351
1.2365
1.22836
1.21992
1.20971
1.19744
1.18687
1.17739
1.16867
1.16134
1.15156
1.13929
1.12759
1.11621
1.10427
1.09221
1.07928
1.0654
1.05271
1.04239
1.03464
1.02643
1.01516
1.00404
0.994688
0.986771
0.981157
0.976332
0.969081
0.95874
0.948245
0.93789
0.926231
0.915027
0.903027
0.888701
0.875965
0.866269
0.85674
0.84632
0.837093
0.829325
0.821272
0.814136
0.807775
0.799809
0.790364
0.78
0.768887
0.757935
0.748516
0.739568
0.729159
0.719696
0.712982
0.706789
0.700398
0.69495
0.689282
0.683486
0.678859
0.673139
0.666677
0.660019
0.651702
0.644019
0.636285
0.628333
0.622761
0.616649
0.609191
0.60374
0.600073
0.596814
0.593945
0.588724
0.580201
0.572164
0.562977
0.551552
0.542516
0.534632
0.525401
0.516418
0.506746
0.496807
0.490505
0.485427
0.477567
0.469285
0.461277
0.45395
0.447694
0.438856
0.428683
0.419881
0.410935
0.403319
0.3981
0.392094
0.385194
0.379426
0.373607
0.366517
0.356557
0.343057
0.330348
0.320512
0.311066
0.301006
0.29081
0.280823
0.271431
0.26237
0.253923
0.24768
0.242022
0.234014
0.225776
0.219618
0.21414
0.208033
0.199984
0.190566
0.180756
0.168683
0.157899
0.148674
0.138611
0.128699
0.120527
0.109827
0.0974698
0.0894585
0.0782055
0.0637922
0.0550974
0.0468487
0.0368488
0.0300007
0.0231822
0.0166988
0.00134672
)
;

boundaryField
{
    inlet
    {
        type            calculated;
        value           uniform 5000;
    }
    outlet
    {
        type            calculated;
        value           uniform 0;
    }
    walls
    {
        type            calculated;
        value           nonuniform List<scalar> 
500
(
-2.45001
-3225.1
-1036.29
540.375
495.681
26.6439
-134.008
-56.7209
19.7153
26.0821
5.93565
-3.64902
-1.37352
2.31746
3.04492
2.22173
1.6839
1.71236
1.87472
1.92526
1.8927
1.86065
1.85423
1.85452
1.85431
1.85046
1.83341
1.8204
1.81867
1.80924
1.79749
1.79176
1.78537
1.77805
1.76822
1.75539
1.74613
1.74458
1.74331
1.73012
1.71804
1.71629
1.70835
1.69886
1.69599
1.68933
1.67934
1.67359
1.67187
1.66905
1.66295
1.65669
1.65387
1.65325
1.65153
1.64586
1.63449
1.62342
1.61716
1.6094
1.5957
1.58574
1.58388
1.57717
1.5672
1.56274
1.55636
1.54477
1.53168
1.52047
1.51358
1.50734
1.49821
1.48835
1.47953
1.47178
1.4651
1.45458
1.44214
1.43527
1.43112
1.4306
1.43227
1.42647
1.41716
1.40771
1.39312
1.37901
1.37121
1.36601
1.3629
1.35927
1.34812
1.33608
1.32847
1.31952
1.31442
1.31471
1.31096
1.30476
1.2984
1.28839
1.27794
1.27301
1.2718
1.26821
1.26197
1.25448
1.24394
1.22993
1.2155
1.20496
1.1995
1.19667
1.19169
1.18199
1.16913
1.15719
1.14854
1.13686
1.11983
1.10517
1.09427
1.08301
1.07323
1.0656
1.05445
1.03986
1.02548
1.01274
1.00143
0.989864
0.980451
0.973366
0.967545
0.96326
0.958874
0.953942
0.943982
0.929574
0.916793
0.905839
0.896663
0.888842
0.880579
0.869994
0.857721
0.844556
0.831532
0.821016
0.809042
0.795397
0.783665
0.774558
0.767892
0.761714
0.756699
0.74897
0.738108
0.728948
0.719896
0.712436
0.703882
0.691744
0.680236
0.669178
0.661833
0.66144
0.665218
0.667676
0.664343
0.656886
0.648525
0.640558
0.631312
0.620972
0.612497
0.607093
0.604215
0.600959
0.597422
0.593325
0.587073
0.579678
0.570548
0.561914
0.554329
0.546008
0.538809
0.530413
0.519154
0.508806
0.501634
0.496112
0.489307
0.480076
0.469661
0.461756
0.455489
0.447266
0.440934
0.436243
0.426483
0.414251
0.405666
0.399459
0.392509
0.383988
0.375602
0.368897
0.360893
0.351627
0.344584
0.336723
0.325339
0.314084
0.303883
0.291585
0.279607
0.271962
0.264335
0.254403
0.245621
0.238851
0.234352
0.229758
0.222669
0.215961
0.210163
0.203563
0.194948
0.183937
0.172844
0.162194
0.151657
0.141254
0.131308
0.122561
0.112157
0.10011
0.0889394
0.0788316
0.0696737
0.0607064
0.054308
0.0486352
0.0383207
0.0251405
0.0163675
0.00188494
-2.45828
-3225.11
-1036.31
540.366
495.672
26.623
-134.025
-56.7268
19.7065
26.075
5.93268
-3.6592
-1.38567
2.31403
3.05077
2.22898
1.68786
1.71654
1.88312
1.93485
1.89658
1.85846
1.85047
1.85341
1.85327
1.84741
1.8379
1.83065
1.82411
1.81856
1.81411
1.80302
1.7921
1.78825
1.78139
1.76985
1.75884
1.74921
1.74257
1.73639
1.72575
1.715
1.70781
1.69899
1.69137
1.68833
1.68554
1.68218
1.67547
1.66625
1.6601
1.65535
1.64934
1.64269
1.63427
1.62284
1.6132
1.60577
1.59878
1.59756
1.59549
1.58693
1.57842
1.56832
1.5562
1.54646
1.54061
1.53746
1.53415
1.52903
1.51806
1.50305
1.49143
1.48577
1.48386
1.48005
1.47432
1.46744
1.45919
1.45362
1.44761
1.43811
1.42857
1.42169
1.41788
1.41427
1.40907
1.39982
1.38537
1.36947
1.35665
1.34927
1.34532
1.34332
1.33954
1.33122
1.32417
1.32003
1.31547
1.3089
1.30147
1.29426
1.2859
1.27886
1.27176
1.26092
1.25071
1.24351
1.2365
1.22836
1.21992
1.20971
1.19744
1.18687
1.17739
1.16867
1.16134
1.15156
1.13929
1.12759
1.11621
1.10427
1.09221
1.07928
1.0654
1.05271
1.04239
1.03464
1.02643
1.01516
1.00404
0.994688
0.986771
0.981157
0.976332
0.969081
0.95874
0.948245
0.93789
0.926231
0.915027
0.903027
0.888701
0.875965
0.866269
0.85674
0.84632
0.837093
0.829325
0.821272
0.814136
0.807775
0.799809
0.790364
0.78
0.768887
0.757935
0.748516
0.739568
0.729159
0.719696
0.712982
0.706789
0.700398
0.69495
0.689282
0.683486
0.678859
0.673139
0.666677
0.660019
0.651702
0.644019
0.636285
0.628333
0.622761
0.616649
0.609191
0.60374
0.600073
0.596814
0.593945
0.588724
0.580201
0.572164
0.562977
0.551552
0.542516
0.534632
0.525401
0.516418
0.506746
0.496807
0.490505
0.485427
0.477567
0.469285
0.461277
0.45395
0.447694
0.438856
0.428683
0.419881
0.410935
0.403319
0.3981
0.392094
0.385194
0.379426
0.373607
0.366517
0.356557
0.343057
0.330348
0.320512
0.311066
0.301006
0.29081
0.280823
0.271431
0.26237
0.253923
0.24768
0.242022
0.234014
0.225776
0.219618
0.21414
0.208033
0.199984
0.190566
0.180756
0.168683
0.157899
0.148674
0.138611
0.128699
0.120527
0.109827
0.0974698
0.0894585
0.0782055
0.0637922
0.0550974
0.0468487
0.0368488
0.0300007
0.0231822
0.0166988
0.00134672
)
;
    }
    frontAndBack
    {
        type            empty;
    }
}


// ************************************************************************* //
