/*--------------------------------*- C++ -*----------------------------------*\
| =========                 |                                                 |
| \\      /  F ield         | OpenFOAM: The Open Source CFD Toolbox           |
|  \\    /   O peration     | Version:  2406                                  |
|   \\  /    A nd           | Website:  www.openfoam.com                      |
|    \\/     M anipulation  |                                                 |
\*---------------------------------------------------------------------------*/
FoamFile
{
    version     2.0;
    format      ascii;
    arch        "LSB;label=32;scalar=64";
    class       volScalarField;
    location    "0.05";
    object      p_rgh;
}
// * * * * * * * * * * * * * * * * * * * * * * * * * * * * * * * * * * * * * //

dimensions      [1 -1 -2 0 0 0 0];

internalField   nonuniform List<scalar> 
6250
(
4999.99
4999.99
4999.98
4999.98
4999.98
4999.98
4999.98
4999.98
4999.98
4999.98
4999.97
4999.97
4999.97
4999.97
4999.97
4999.97
4999.97
4999.97
4999.97
4999.96
4999.96
4999.96
4999.96
4999.96
4999.96
4999.96
4999.95
4996.71
5004.57
4980.66
4959.94
4945.96
4932.25
4917.15
4900.61
4882.88
4864.27
4844.91
4824.9
4804.35
4783.39
4762.11
4740.59
4718.84
4696.91
4674.83
4652.63
4630.33
4607.95
4585.51
4562.99
4540.42
4517.81
4495.16
4472.48
4449.76
4427.01
4404.24
4381.45
4358.65
4335.85
4313.05
4290.22
4267.38
4244.53
4221.67
4198.8
4175.94
4153.07
4130.19
4107.32
4084.43
4061.53
4038.63
4015.74
3992.84
3969.94
3947.05
3924.15
3901.26
3878.37
3855.47
3832.57
3809.67
3786.76
3763.84
3740.93
3718.02
3695.12
3672.23
3649.35
3626.47
3603.59
3580.7
3557.79
3534.88
3511.97
3489.06
3466.16
3443.26
3420.38
3397.51
3374.63
3351.76
3328.88
3306
3283.11
3260.21
3237.32
3214.42
3191.53
3168.64
3145.75
3122.86
3099.97
3077.08
3054.19
3031.29
3008.4
2985.5
2962.6
2939.7
2916.81
2893.91
2871.02
2848.13
2825.24
2802.36
2779.48
2756.59
2733.7
2710.8
2687.89
2664.98
2642.06
2619.14
2596.23
2573.33
2550.43
2527.53
2504.65
2481.76
2458.88
2436
2413.11
2390.22
2367.32
2344.41
2321.51
2298.6
2275.69
2252.79
2229.89
2207
2184.12
2161.24
2138.37
2115.5
2092.63
2069.75
2046.88
2023.99
2001.11
1978.21
1955.31
1932.41
1909.5
1886.59
1863.68
1840.76
1817.85
1794.93
1772.02
1749.11
1726.2
1703.29
1680.38
1657.48
1634.58
1611.68
1588.79
1565.9
1543.02
1520.14
1497.27
1474.4
1451.52
1428.65
1405.78
1382.9
1360.01
1337.11
1314.21
1291.3
1268.38
1245.45
1222.51
1199.57
1176.63
1153.68
1130.74
1107.78
1084.83
1061.87
1038.91
1015.94
992.977
970.005
947.03
924.052
901.07
878.084
855.093
832.098
809.097
786.092
763.082
740.067
717.05
694.029
671.008
647.985
624.964
601.945
578.929
555.917
532.911
509.909
486.911
463.918
440.928
417.943
394.961
371.984
349.011
326.04
303.075
280.116
257.165
234.224
211.296
188.386
165.505
142.664
119.887
97.1946
74.5973
52.0672
29.8749
9.46443
4999.99
4999.98
4999.98
4999.98
4999.98
4999.98
4999.98
4999.98
4999.98
4999.98
4999.97
4999.97
4999.97
4999.97
4999.97
4999.97
4999.97
4999.97
4999.97
4999.96
4999.96
4999.96
4999.96
4999.96
4999.96
4999.96
5000.07
5000.58
4997.64
4979.94
4963.8
4946.58
4931.18
4916.88
4900.85
4883.27
4864.61
4845.21
4825.17
4804.58
4783.57
4762.24
4740.68
4718.92
4696.97
4674.87
4652.66
4630.36
4607.99
4585.54
4563.03
4540.46
4517.84
4495.18
4472.49
4449.77
4427.03
4404.26
4381.48
4358.69
4335.87
4313.04
4290.2
4267.34
4244.48
4221.62
4198.76
4175.91
4153.04
4130.18
4107.31
4084.42
4061.53
4038.64
4015.74
3992.84
3969.94
3947.05
3924.15
3901.26
3878.36
3855.46
3832.56
3809.65
3786.74
3763.82
3740.91
3718.01
3695.12
3672.23
3649.35
3626.48
3603.59
3580.7
3557.79
3534.88
3511.97
3489.06
3466.16
3443.28
3420.39
3397.52
3374.64
3351.76
3328.88
3305.99
3283.1
3260.2
3237.31
3214.41
3191.51
3168.62
3145.72
3122.83
3099.94
3077.05
3054.15
3031.26
3008.36
2985.47
2962.57
2939.68
2916.78
2893.89
2871.01
2848.12
2825.25
2802.37
2779.49
2756.6
2733.71
2710.8
2687.89
2664.98
2642.06
2619.15
2596.24
2573.33
2550.44
2527.55
2504.66
2481.78
2458.9
2436.01
2413.13
2390.23
2367.33
2344.42
2321.51
2298.6
2275.68
2252.78
2229.88
2206.99
2184.11
2161.23
2138.36
2115.49
2092.63
2069.75
2046.87
2023.99
2001.1
1978.2
1955.3
1932.4
1909.49
1886.58
1863.66
1840.75
1817.84
1794.92
1772.01
1749.1
1726.18
1703.28
1680.37
1657.46
1634.56
1611.67
1588.78
1565.89
1543.01
1520.13
1497.26
1474.39
1451.52
1428.65
1405.78
1382.9
1360.01
1337.12
1314.21
1291.3
1268.37
1245.45
1222.51
1199.57
1176.63
1153.68
1130.74
1107.78
1084.83
1061.87
1038.91
1015.94
992.976
970.005
947.031
924.054
901.073
878.088
855.097
832.101
809.1
786.094
763.083
740.068
717.049
694.028
671.005
647.982
624.96
601.941
578.926
555.916
532.91
509.91
486.914
463.923
440.937
417.954
394.976
372.003
349.034
326.07
303.111
280.159
257.215
234.281
211.36
188.457
165.577
142.728
119.924
97.1765
74.4412
51.6021
29.0304
9.09316
4999.99
4999.98
4999.98
4999.98
4999.98
4999.98
4999.98
4999.98
4999.98
4999.98
4999.97
4999.97
4999.97
4999.97
4999.97
4999.97
4999.97
4999.97
4999.97
4999.96
4999.96
4999.96
4999.96
4999.96
4999.96
4999.96
4999.97
4999.95
4999.34
4997.11
4988.28
4964.91
4943.77
4926.06
4907.55
4888.36
4868.58
4848.27
4827.53
4806.45
4785.09
4763.47
4741.66
4719.69
4697.59
4675.38
4653.07
4630.7
4608.25
4585.74
4563.18
4540.58
4517.95
4495.28
4472.58
4449.85
4427.09
4404.31
4381.52
4358.71
4335.9
4313.07
4290.24
4267.39
4244.54
4221.67
4198.81
4175.93
4153.06
4130.18
4107.3
4084.42
4061.53
4038.64
4015.75
3992.85
3969.95
3947.06
3924.16
3901.27
3878.38
3855.48
3832.58
3809.67
3786.75
3763.83
3740.92
3718.01
3695.11
3672.23
3649.35
3626.47
3603.58
3580.68
3557.77
3534.86
3511.95
3489.04
3466.15
3443.27
3420.39
3397.52
3374.64
3351.76
3328.88
3305.99
3283.1
3260.2
3237.31
3214.42
3191.53
3168.64
3145.75
3122.86
3099.97
3077.07
3054.18
3031.28
3008.38
2985.48
2962.59
2939.69
2916.79
2893.9
2871.01
2848.13
2825.25
2802.37
2779.49
2756.6
2733.71
2710.8
2687.89
2664.97
2642.05
2619.14
2596.23
2573.32
2550.43
2527.54
2504.65
2481.77
2458.89
2436.01
2413.12
2390.22
2367.32
2344.41
2321.5
2298.59
2275.68
2252.77
2229.88
2206.99
2184.11
2161.24
2138.37
2115.51
2092.64
2069.77
2046.89
2024
2001.11
1978.22
1955.31
1932.41
1909.5
1886.59
1863.68
1840.76
1817.85
1794.93
1772.02
1749.1
1726.19
1703.28
1680.37
1657.47
1634.56
1611.67
1588.78
1565.89
1543.01
1520.13
1497.26
1474.4
1451.53
1428.66
1405.79
1382.91
1360.02
1337.13
1314.22
1291.31
1268.38
1245.45
1222.52
1199.58
1176.64
1153.69
1130.74
1107.79
1084.84
1061.88
1038.92
1015.95
992.987
970.016
947.041
924.064
901.082
878.096
855.106
832.109
809.107
786.1
763.087
740.071
717.051
694.029
671.005
647.981
624.959
601.94
578.925
555.915
532.911
509.911
486.915
463.925
440.938
417.956
394.979
372.006
349.037
326.074
303.115
280.163
257.217
234.279
211.352
188.438
165.538
142.658
119.806
96.9859
74.1153
51.0124
28.1574
8.72946
4999.99
4999.98
4999.98
4999.98
4999.98
4999.98
4999.98
4999.98
4999.98
4999.98
4999.97
4999.97
4999.97
4999.97
4999.97
4999.97
4999.97
4999.97
4999.96
4999.96
4999.96
4999.96
4999.96
4999.96
4999.96
4999.96
4999.96
4999.94
4999.77
4998.92
4995.6
4985.27
4965.07
4941.77
4919.09
4897.06
4875.29
4853.47
4831.59
4809.65
4787.65
4765.56
4743.37
4721.09
4698.74
4676.34
4653.88
4631.38
4608.82
4586.22
4563.58
4540.92
4518.24
4495.54
4472.81
4450.05
4427.26
4404.45
4381.62
4358.79
4335.96
4313.12
4290.28
4267.43
4244.57
4221.71
4198.84
4175.97
4153.09
4130.21
4107.33
4084.45
4061.56
4038.67
4015.78
3992.87
3969.96
3947.06
3924.16
3901.26
3878.37
3855.48
3832.58
3809.67
3786.75
3763.83
3740.92
3718.01
3695.12
3672.23
3649.35
3626.46
3603.57
3580.67
3557.76
3534.85
3511.95
3489.05
3466.16
3443.28
3420.4
3397.52
3374.64
3351.75
3328.86
3305.97
3283.08
3260.18
3237.29
3214.4
3191.51
3168.62
3145.73
3122.84
3099.95
3077.06
3054.16
3031.26
3008.37
2985.47
2962.57
2939.68
2916.78
2893.9
2871.01
2848.13
2825.26
2802.38
2779.5
2756.61
2733.71
2710.8
2687.89
2664.97
2642.05
2619.14
2596.23
2573.33
2550.43
2527.55
2504.66
2481.78
2458.9
2436.02
2413.12
2390.23
2367.32
2344.41
2321.49
2298.58
2275.67
2252.76
2229.87
2206.98
2184.1
2161.23
2138.37
2115.5
2092.63
2069.76
2046.88
2024
2001.11
1978.21
1955.31
1932.4
1909.5
1886.59
1863.67
1840.76
1817.84
1794.93
1772.01
1749.1
1726.18
1703.27
1680.36
1657.46
1634.55
1611.66
1588.77
1565.88
1543
1520.13
1497.26
1474.39
1451.53
1428.66
1405.79
1382.91
1360.02
1337.12
1314.22
1291.3
1268.38
1245.45
1222.52
1199.58
1176.64
1153.69
1130.75
1107.8
1084.84
1061.88
1038.92
1015.96
992.988
970.017
947.043
924.065
901.084
878.097
855.106
832.108
809.105
786.097
763.085
740.067
717.047
694.023
670.999
647.975
624.952
601.933
578.919
555.91
532.905
509.905
486.909
463.917
440.93
417.947
394.967
371.991
349.019
326.052
303.088
280.127
257.171
234.218
211.272
188.331
165.396
142.468
119.555
96.6554
73.6639
50.3654
27.3472
8.40383
4999.99
4999.98
4999.98
4999.98
4999.98
4999.98
4999.98
4999.98
4999.98
4999.97
4999.97
4999.97
4999.97
4999.97
4999.97
4999.97
4999.97
4999.97
4999.96
4999.96
4999.96
4999.96
4999.96
4999.96
4999.96
4999.96
4999.96
4999.95
4999.88
4999.47
4997.89
4991.91
4975.49
4952.4
4928.11
4904.5
4881.46
4858.6
4835.85
4813.17
4790.54
4767.94
4745.35
4722.76
4700.15
4677.54
4654.9
4632.24
4609.56
4586.85
4564.13
4541.39
4518.63
4495.87
4473.08
4450.28
4427.46
4404.63
4381.79
4358.95
4336.11
4313.25
4290.38
4267.51
4244.63
4221.76
4198.88
4176
4153.12
4130.24
4107.36
4084.48
4061.58
4038.69
4015.78
3992.87
3969.96
3947.06
3924.17
3901.28
3878.39
3855.49
3832.59
3809.68
3786.76
3763.84
3740.93
3718.02
3695.12
3672.22
3649.33
3626.44
3603.55
3580.65
3557.75
3534.85
3511.96
3489.06
3466.18
3443.29
3420.41
3397.52
3374.63
3351.74
3328.85
3305.96
3283.07
3260.18
3237.3
3214.41
3191.52
3168.64
3145.75
3122.86
3099.96
3077.07
3054.17
3031.27
3008.37
2985.47
2962.57
2939.68
2916.79
2893.9
2871.02
2848.14
2825.26
2802.38
2779.5
2756.61
2733.71
2710.8
2687.89
2664.97
2642.05
2619.14
2596.23
2573.33
2550.43
2527.55
2504.67
2481.79
2458.9
2436.02
2413.12
2390.22
2367.32
2344.4
2321.49
2298.57
2275.66
2252.76
2229.87
2206.99
2184.11
2161.24
2138.37
2115.51
2092.64
2069.76
2046.88
2024
2001.11
1978.21
1955.31
1932.41
1909.5
1886.59
1863.68
1840.77
1817.85
1794.93
1772.02
1749.1
1726.19
1703.27
1680.36
1657.45
1634.55
1611.65
1588.76
1565.88
1543
1520.13
1497.26
1474.4
1451.53
1428.67
1405.79
1382.91
1360.02
1337.13
1314.22
1291.31
1268.38
1245.46
1222.52
1199.59
1176.64
1153.7
1130.75
1107.8
1084.85
1061.89
1038.93
1015.96
992.993
970.022
947.048
924.07
901.088
878.1
855.107
832.109
809.105
786.095
763.082
740.063
717.041
694.017
670.992
647.968
624.945
601.926
578.912
555.902
532.896
509.895
486.898
463.904
440.915
417.929
394.945
371.965
348.987
326.013
303.04
280.068
257.097
234.128
211.159
188.191
165.221
142.251
119.286
96.3251
73.2483
49.8201
26.7067
8.14143
4999.99
4999.98
4999.98
4999.98
4999.98
4999.98
4999.98
4999.98
4999.98
4999.97
4999.97
4999.97
4999.97
4999.97
4999.97
4999.97
4999.97
4999.97
4999.96
4999.96
4999.96
4999.96
4999.96
4999.96
4999.96
4999.96
4999.95
4999.95
4999.89
4999.57
4998.33
4993.86
4980.38
4958.41
4933.99
4909.83
4886.2
4862.78
4839.5
4816.34
4793.26
4770.26
4747.33
4724.45
4701.61
4678.79
4655.96
4633.14
4610.32
4587.51
4564.71
4541.89
4519.07
4496.24
4473.39
4450.54
4427.68
4404.83
4381.98
4359.13
4336.26
4313.39
4290.51
4267.62
4244.73
4221.85
4198.96
4176.08
4153.19
4130.3
4107.41
4084.51
4061.61
4038.7
4015.79
3992.88
3969.98
3947.08
3924.18
3901.29
3878.4
3855.5
3832.6
3809.69
3786.77
3763.85
3740.93
3718.02
3695.12
3672.22
3649.33
3626.44
3603.54
3580.65
3557.75
3534.86
3511.96
3489.07
3466.18
3443.29
3420.4
3397.51
3374.62
3351.73
3328.84
3305.95
3283.06
3260.17
3237.28
3214.4
3191.51
3168.63
3145.74
3122.85
3099.96
3077.06
3054.16
3031.26
3008.36
2985.47
2962.57
2939.68
2916.79
2893.9
2871.02
2848.15
2825.27
2802.39
2779.51
2756.61
2733.71
2710.8
2687.89
2664.97
2642.06
2619.14
2596.23
2573.33
2550.44
2527.56
2504.67
2481.79
2458.91
2436.02
2413.12
2390.22
2367.31
2344.4
2321.48
2298.57
2275.66
2252.76
2229.87
2206.98
2184.11
2161.24
2138.37
2115.5
2092.63
2069.76
2046.88
2023.99
2001.11
1978.21
1955.31
1932.41
1909.5
1886.6
1863.68
1840.77
1817.85
1794.94
1772.02
1749.1
1726.18
1703.27
1680.36
1657.45
1634.54
1611.65
1588.76
1565.87
1543
1520.13
1497.26
1474.4
1451.53
1428.67
1405.79
1382.91
1360.02
1337.13
1314.22
1291.31
1268.38
1245.46
1222.52
1199.59
1176.65
1153.71
1130.76
1107.81
1084.85
1061.89
1038.93
1015.96
992.995
970.024
947.049
924.071
901.088
878.1
855.106
832.106
809.101
786.091
763.076
740.057
717.035
694.01
670.985
647.959
624.937
601.918
578.903
555.893
532.886
509.883
486.884
463.888
440.895
417.906
394.918
371.932
348.948
325.965
302.982
279.998
257.012
234.026
211.037
188.045
165.046
142.042
119.04
96.037
72.9061
49.3995
26.2338
7.93845
4999.99
4999.98
4999.98
4999.98
4999.98
4999.98
4999.98
4999.98
4999.98
4999.97
4999.97
4999.97
4999.97
4999.97
4999.97
4999.97
4999.97
4999.96
4999.96
4999.96
4999.96
4999.96
4999.96
4999.96
4999.96
4999.95
4999.95
4999.94
4999.87
4999.55
4998.36
4994.24
4982.19
4961.48
4937.41
4913.28
4889.51
4865.86
4842.3
4818.86
4795.52
4772.28
4749.11
4726.01
4702.96
4679.95
4656.97
4634.01
4611.09
4588.19
4565.31
4542.43
4519.54
4496.65
4473.75
4450.85
4427.96
4405.07
4382.19
4359.31
4336.42
4313.51
4290.61
4267.71
4244.82
4221.93
4199.04
4176.15
4153.25
4130.35
4107.44
4084.53
4061.63
4038.72
4015.81
3992.91
3970
3947.1
3924.2
3901.3
3878.4
3855.5
3832.6
3809.69
3786.77
3763.85
3740.94
3718.02
3695.12
3672.22
3649.33
3626.44
3603.55
3580.66
3557.76
3534.87
3511.97
3489.08
3466.19
3443.29
3420.4
3397.51
3374.62
3351.72
3328.83
3305.94
3283.05
3260.17
3237.28
3214.4
3191.52
3168.63
3145.74
3122.85
3099.95
3077.06
3054.16
3031.26
3008.36
2985.46
2962.57
2939.68
2916.79
2893.91
2871.03
2848.15
2825.27
2802.39
2779.51
2756.61
2733.71
2710.8
2687.89
2664.97
2642.06
2619.14
2596.24
2573.34
2550.45
2527.56
2504.68
2481.8
2458.91
2436.02
2413.12
2390.22
2367.31
2344.39
2321.48
2298.57
2275.66
2252.76
2229.87
2206.99
2184.11
2161.24
2138.37
2115.5
2092.63
2069.75
2046.88
2023.99
2001.1
1978.21
1955.32
1932.41
1909.51
1886.6
1863.69
1840.78
1817.86
1794.94
1772.02
1749.1
1726.18
1703.27
1680.35
1657.44
1634.54
1611.64
1588.75
1565.87
1543
1520.13
1497.26
1474.4
1451.53
1428.67
1405.79
1382.91
1360.02
1337.13
1314.22
1291.31
1268.39
1245.46
1222.53
1199.59
1176.65
1153.71
1130.76
1107.81
1084.86
1061.9
1038.93
1015.97
992.998
970.026
947.051
924.072
901.088
878.098
855.103
832.102
809.096
786.085
763.07
740.05
717.027
694.002
670.976
647.951
624.928
601.909
578.893
555.882
532.873
509.869
486.868
463.869
440.874
417.879
394.887
371.895
348.904
325.914
302.921
279.926
256.927
233.926
210.921
187.909
164.889
141.861
118.834
95.8052
72.6436
49.0936
25.9016
7.78757
4999.99
4999.98
4999.98
4999.98
4999.98
4999.98
4999.98
4999.98
4999.98
4999.97
4999.97
4999.97
4999.97
4999.97
4999.97
4999.97
4999.97
4999.96
4999.96
4999.96
4999.96
4999.96
4999.96
4999.96
4999.96
4999.95
4999.95
4999.94
4999.86
4999.53
4998.33
4994.28
4982.99
4963
4939.32
4915.4
4891.69
4868
4844.34
4820.77
4797.28
4773.9
4750.59
4727.34
4704.15
4681.01
4657.91
4634.87
4611.86
4588.89
4565.92
4542.96
4520
4497.03
4474.08
4451.13
4428.21
4405.3
4382.39
4359.49
4336.58
4313.67
4290.75
4267.84
4244.93
4222.03
4199.13
4176.22
4153.31
4130.39
4107.47
4084.56
4061.65
4038.74
4015.84
3992.94
3970.03
3947.12
3924.22
3901.31
3878.41
3855.51
3832.6
3809.69
3786.78
3763.86
3740.95
3718.03
3695.13
3672.23
3649.33
3626.45
3603.56
3580.67
3557.78
3534.88
3511.98
3489.08
3466.19
3443.29
3420.4
3397.5
3374.61
3351.72
3328.83
3305.94
3283.05
3260.16
3237.28
3214.39
3191.51
3168.62
3145.73
3122.84
3099.95
3077.05
3054.15
3031.25
3008.36
2985.46
2962.57
2939.68
2916.8
2893.92
2871.04
2848.16
2825.28
2802.4
2779.51
2756.61
2733.71
2710.8
2687.89
2664.97
2642.06
2619.15
2596.25
2573.35
2550.46
2527.57
2504.69
2481.8
2458.92
2436.02
2413.12
2390.22
2367.31
2344.39
2321.48
2298.57
2275.66
2252.77
2229.87
2206.99
2184.11
2161.24
2138.37
2115.5
2092.62
2069.75
2046.87
2023.99
2001.1
1978.21
1955.32
1932.42
1909.51
1886.6
1863.69
1840.78
1817.86
1794.94
1772.02
1749.1
1726.18
1703.26
1680.35
1657.44
1634.54
1611.64
1588.75
1565.87
1542.99
1520.13
1497.26
1474.4
1451.53
1428.67
1405.79
1382.91
1360.02
1337.12
1314.22
1291.31
1268.39
1245.46
1222.53
1199.6
1176.66
1153.72
1130.77
1107.81
1084.86
1061.9
1038.93
1015.97
992.999
970.027
947.051
924.071
901.086
878.095
855.099
832.097
809.09
786.078
763.062
740.042
717.019
693.993
670.967
647.942
624.919
601.9
578.884
555.871
532.862
509.855
486.852
463.852
440.853
417.854
394.856
371.859
348.863
325.865
302.864
279.859
256.85
233.838
210.82
187.793
164.757
141.714
118.672
95.6284
72.4517
48.8801
25.6767
7.67982
4999.99
4999.98
4999.98
4999.98
4999.98
4999.98
4999.98
4999.98
4999.97
4999.97
4999.97
4999.97
4999.97
4999.97
4999.97
4999.97
4999.97
4999.96
4999.96
4999.96
4999.96
4999.96
4999.96
4999.96
4999.95
4999.95
4999.95
4999.94
4999.86
4999.52
4998.32
4994.31
4983.35
4963.75
4940.39
4916.68
4893.08
4869.44
4845.79
4822.18
4798.64
4775.16
4751.75
4728.41
4705.12
4681.89
4658.71
4635.58
4612.5
4589.45
4566.42
4543.39
4520.38
4497.37
4474.37
4451.4
4428.45
4405.51
4382.58
4359.65
4336.72
4313.79
4290.86
4267.93
4245.02
4222.1
4199.19
4176.27
4153.36
4130.44
4107.52
4084.61
4061.7
4038.79
4015.88
3992.97
3970.05
3947.14
3924.23
3901.32
3878.41
3855.51
3832.6
3809.69
3786.78
3763.86
3740.95
3718.04
3695.13
3672.24
3649.35
3626.46
3603.57
3580.68
3557.78
3534.88
3511.98
3489.08
3466.19
3443.29
3420.4
3397.51
3374.61
3351.72
3328.83
3305.93
3283.04
3260.16
3237.27
3214.39
3191.5
3168.61
3145.73
3122.83
3099.94
3077.04
3054.15
3031.25
3008.36
2985.46
2962.57
2939.69
2916.8
2893.92
2871.04
2848.16
2825.28
2802.39
2779.5
2756.61
2733.71
2710.8
2687.89
2664.97
2642.06
2619.15
2596.25
2573.36
2550.47
2527.58
2504.69
2481.81
2458.92
2436.02
2413.12
2390.22
2367.31
2344.39
2321.48
2298.57
2275.67
2252.77
2229.88
2206.99
2184.11
2161.24
2138.36
2115.49
2092.62
2069.74
2046.87
2023.99
2001.1
1978.21
1955.32
1932.42
1909.52
1886.61
1863.7
1840.78
1817.87
1794.95
1772.02
1749.1
1726.18
1703.26
1680.35
1657.44
1634.54
1611.64
1588.75
1565.87
1543
1520.13
1497.26
1474.4
1451.53
1428.66
1405.79
1382.91
1360.02
1337.12
1314.22
1291.31
1268.39
1245.46
1222.53
1199.6
1176.66
1153.72
1130.77
1107.82
1084.86
1061.9
1038.94
1015.97
993
970.027
947.051
924.07
901.083
878.091
855.093
832.09
809.082
786.07
763.054
740.034
717.01
693.985
670.958
647.933
624.911
601.892
578.875
555.862
532.851
509.844
486.839
463.835
440.833
417.831
394.829
371.828
348.826
325.823
302.815
279.802
256.785
233.765
210.736
187.699
164.653
141.601
118.549
95.4987
72.316
48.7353
25.5288
7.60556
4999.99
4999.98
4999.98
4999.98
4999.98
4999.98
4999.98
4999.98
4999.97
4999.97
4999.97
4999.97
4999.97
4999.97
4999.97
4999.97
4999.96
4999.96
4999.96
4999.96
4999.96
4999.96
4999.96
4999.96
4999.95
4999.95
4999.95
4999.94
4999.85
4999.51
4998.32
4994.35
4983.55
4964.15
4941
4917.46
4893.97
4870.4
4846.78
4823.18
4799.61
4776.08
4752.62
4729.21
4705.87
4682.58
4659.34
4636.15
4613
4589.89
4566.81
4543.74
4520.7
4497.67
4474.65
4451.64
4428.65
4405.68
4382.72
4359.77
4336.83
4313.88
4290.94
4268.01
4245.09
4222.17
4199.25
4176.33
4153.41
4130.48
4107.56
4084.63
4061.72
4038.81
4015.89
3992.98
3970.06
3947.14
3924.23
3901.32
3878.42
3855.52
3832.62
3809.71
3786.79
3763.88
3740.96
3718.05
3695.15
3672.26
3649.37
3626.48
3603.59
3580.69
3557.79
3534.88
3511.98
3489.08
3466.19
3443.29
3420.4
3397.51
3374.62
3351.72
3328.83
3305.93
3283.04
3260.15
3237.26
3214.38
3191.49
3168.61
3145.72
3122.83
3099.93
3077.04
3054.14
3031.25
3008.36
2985.47
2962.58
2939.69
2916.81
2893.93
2871.04
2848.16
2825.28
2802.39
2779.5
2756.6
2733.7
2710.79
2687.88
2664.97
2642.06
2619.16
2596.26
2573.36
2550.47
2527.59
2504.7
2481.81
2458.92
2436.02
2413.12
2390.22
2367.31
2344.4
2321.48
2298.58
2275.67
2252.77
2229.88
2206.99
2184.11
2161.24
2138.36
2115.49
2092.62
2069.74
2046.86
2023.98
2001.1
1978.21
1955.32
1932.42
1909.52
1886.61
1863.7
1840.78
1817.87
1794.95
1772.02
1749.1
1726.18
1703.26
1680.35
1657.44
1634.54
1611.64
1588.75
1565.87
1543
1520.13
1497.26
1474.4
1451.53
1428.66
1405.79
1382.91
1360.02
1337.12
1314.22
1291.31
1268.39
1245.46
1222.54
1199.6
1176.66
1153.72
1130.77
1107.82
1084.86
1061.9
1038.94
1015.97
993
970.026
947.049
924.067
901.079
878.086
855.086
832.082
809.074
786.062
763.045
740.025
717.002
693.977
670.951
647.927
624.905
601.886
578.869
555.855
532.843
509.835
486.828
463.823
440.818
417.812
394.807
371.803
348.798
325.79
302.776
279.757
256.734
233.707
210.672
187.628
164.575
141.517
118.461
95.4082
72.2239
48.6407
25.4345
7.55655
4999.99
4999.98
4999.98
4999.98
4999.98
4999.98
4999.98
4999.98
4999.97
4999.97
4999.97
4999.97
4999.97
4999.97
4999.97
4999.97
4999.96
4999.96
4999.96
4999.96
4999.96
4999.96
4999.96
4999.96
4999.95
4999.95
4999.95
4999.94
4999.85
4999.51
4998.33
4994.39
4983.68
4964.39
4941.39
4917.97
4894.55
4871.03
4847.43
4823.83
4800.24
4776.7
4753.21
4729.78
4706.41
4683.09
4659.82
4636.59
4613.4
4590.24
4567.11
4544.02
4520.95
4497.89
4474.85
4451.83
4428.82
4405.83
4382.86
4359.89
4336.93
4313.98
4291.02
4268.08
4245.14
4222.22
4199.3
4176.37
4153.45
4130.52
4107.59
4084.67
4061.75
4038.83
4015.91
3992.99
3970.08
3947.16
3924.25
3901.34
3878.43
3855.53
3832.62
3809.71
3786.79
3763.88
3740.97
3718.07
3695.17
3672.28
3649.38
3626.49
3603.59
3580.69
3557.79
3534.88
3511.98
3489.08
3466.19
3443.3
3420.41
3397.52
3374.62
3351.73
3328.83
3305.93
3283.04
3260.15
3237.26
3214.37
3191.49
3168.6
3145.71
3122.82
3099.93
3077.04
3054.14
3031.25
3008.36
2985.47
2962.58
2939.7
2916.81
2893.93
2871.05
2848.16
2825.28
2802.39
2779.5
2756.6
2733.7
2710.79
2687.88
2664.97
2642.07
2619.16
2596.26
2573.37
2550.48
2527.59
2504.7
2481.81
2458.92
2436.02
2413.12
2390.22
2367.31
2344.4
2321.49
2298.58
2275.68
2252.78
2229.88
2207
2184.11
2161.24
2138.36
2115.49
2092.61
2069.74
2046.86
2023.98
2001.1
1978.21
1955.32
1932.42
1909.52
1886.61
1863.7
1840.79
1817.87
1794.95
1772.03
1749.1
1726.18
1703.26
1680.35
1657.44
1634.54
1611.64
1588.76
1565.88
1543
1520.13
1497.26
1474.4
1451.53
1428.66
1405.79
1382.91
1360.02
1337.12
1314.22
1291.31
1268.39
1245.47
1222.54
1199.6
1176.67
1153.72
1130.77
1107.82
1084.86
1061.9
1038.94
1015.97
992.999
970.026
947.047
924.064
901.075
878.08
855.079
832.074
809.066
786.053
763.037
740.018
716.995
693.97
670.945
647.922
624.901
601.882
578.866
555.851
532.838
509.829
486.821
463.814
440.807
417.799
394.792
371.785
348.778
325.766
302.749
279.725
256.698
233.666
210.627
187.578
164.522
141.46
118.402
95.3484
72.1644
48.5815
25.3771
7.52605
4999.99
4999.98
4999.98
4999.98
4999.98
4999.98
4999.98
4999.98
4999.97
4999.97
4999.97
4999.97
4999.97
4999.97
4999.97
4999.97
4999.96
4999.96
4999.96
4999.96
4999.96
4999.96
4999.96
4999.96
4999.95
4999.95
4999.95
4999.94
4999.85
4999.52
4998.34
4994.43
4983.79
4964.59
4941.67
4918.3
4894.93
4871.44
4847.85
4824.24
4800.66
4777.11
4753.61
4730.16
4706.77
4683.42
4660.12
4636.85
4613.62
4590.44
4567.3
4544.2
4521.12
4498.05
4474.99
4451.94
4428.91
4405.91
4382.91
4359.94
4336.98
4314.02
4291.07
4268.12
4245.19
4222.26
4199.34
4176.41
4153.48
4130.54
4107.61
4084.67
4061.75
4038.83
4015.91
3993
3970.08
3947.17
3924.26
3901.35
3878.45
3855.54
3832.63
3809.72
3786.8
3763.89
3740.98
3718.08
3695.18
3672.29
3649.4
3626.5
3603.6
3580.69
3557.78
3534.88
3511.98
3489.08
3466.19
3443.3
3420.41
3397.52
3374.62
3351.73
3328.83
3305.93
3283.04
3260.15
3237.26
3214.37
3191.48
3168.6
3145.71
3122.82
3099.93
3077.03
3054.14
3031.25
3008.36
2985.47
2962.58
2939.7
2916.81
2893.93
2871.04
2848.16
2825.27
2802.38
2779.49
2756.59
2733.69
2710.79
2687.88
2664.97
2642.07
2619.17
2596.27
2573.37
2550.48
2527.59
2504.7
2481.81
2458.92
2436.02
2413.12
2390.22
2367.31
2344.4
2321.49
2298.59
2275.68
2252.78
2229.89
2207
2184.12
2161.24
2138.36
2115.49
2092.61
2069.74
2046.86
2023.98
2001.09
1978.21
1955.31
1932.42
1909.51
1886.61
1863.7
1840.78
1817.87
1794.95
1772.02
1749.1
1726.18
1703.27
1680.35
1657.45
1634.54
1611.65
1588.76
1565.88
1543
1520.13
1497.27
1474.4
1451.53
1428.66
1405.79
1382.9
1360.01
1337.12
1314.21
1291.3
1268.39
1245.47
1222.54
1199.6
1176.66
1153.72
1130.77
1107.82
1084.86
1061.9
1038.94
1015.97
992.999
970.024
947.045
924.06
901.07
878.073
855.072
832.066
809.057
786.045
763.03
740.011
716.989
693.966
670.942
647.92
624.9
601.881
578.864
555.849
532.836
509.826
486.818
463.811
440.803
417.794
394.786
371.778
348.768
325.754
302.733
279.707
256.677
233.642
210.6
187.55
164.491
141.428
118.369
95.3143
72.1311
48.549
25.3462
7.5096
4999.99
4999.98
4999.98
4999.98
4999.98
4999.98
4999.98
4999.98
4999.97
4999.97
4999.97
4999.97
4999.97
4999.97
4999.97
4999.97
4999.96
4999.96
4999.96
4999.96
4999.96
4999.96
4999.96
4999.96
4999.95
4999.95
4999.95
4999.94
4999.85
4999.52
4998.34
4994.45
4983.88
4964.78
4941.88
4918.51
4895.14
4871.65
4848.06
4824.46
4800.87
4777.31
4753.79
4730.33
4706.91
4683.55
4660.23
4636.96
4613.74
4590.55
4567.41
4544.29
4521.19
4498.11
4475.04
4451.99
4428.96
4405.96
4382.98
4360
4337.03
4314.06
4291.1
4268.14
4245.2
4222.27
4199.34
4176.41
4153.48
4130.54
4107.61
4084.68
4061.76
4038.84
4015.93
3993.01
3970.1
3947.19
3924.28
3901.36
3878.45
3855.54
3832.63
3809.72
3786.81
3763.9
3740.99
3718.09
3695.19
3672.29
3649.4
3626.49
3603.59
3580.69
3557.78
3534.88
3511.98
3489.09
3466.2
3443.31
3420.41
3397.52
3374.62
3351.73
3328.83
3305.93
3283.04
3260.15
3237.26
3214.37
3191.48
3168.6
3145.71
3122.82
3099.92
3077.03
3054.14
3031.25
3008.36
2985.47
2962.59
2939.7
2916.81
2893.93
2871.04
2848.16
2825.27
2802.38
2779.48
2756.59
2733.68
2710.78
2687.88
2664.97
2642.07
2619.17
2596.27
2573.37
2550.48
2527.59
2504.7
2481.81
2458.92
2436.02
2413.12
2390.22
2367.31
2344.41
2321.5
2298.59
2275.69
2252.79
2229.89
2207
2184.12
2161.24
2138.36
2115.49
2092.61
2069.74
2046.86
2023.98
2001.09
1978.2
1955.31
1932.41
1909.51
1886.6
1863.69
1840.78
1817.86
1794.94
1772.02
1749.1
1726.19
1703.27
1680.36
1657.45
1634.55
1611.66
1588.77
1565.89
1543.01
1520.14
1497.27
1474.4
1451.53
1428.66
1405.78
1382.9
1360.01
1337.12
1314.21
1291.3
1268.38
1245.46
1222.53
1199.6
1176.66
1153.72
1130.77
1107.82
1084.86
1061.9
1038.94
1015.97
992.998
970.023
947.042
924.056
901.064
878.067
855.064
832.059
809.05
786.039
763.024
740.006
716.986
693.963
670.941
647.92
624.901
601.883
578.866
555.851
532.838
509.829
486.821
463.814
440.806
417.796
394.787
371.778
348.767
325.752
302.729
279.702
256.671
233.635
210.592
187.54
164.481
141.417
118.357
95.3027
72.1202
48.5386
25.3366
7.50449
4999.99
4999.98
4999.98
4999.98
4999.98
4999.98
4999.98
4999.97
4999.97
4999.97
4999.97
4999.97
4999.97
4999.97
4999.97
4999.97
4999.96
4999.96
4999.96
4999.96
4999.96
4999.96
4999.96
4999.96
4999.95
4999.95
4999.95
4999.94
4999.85
4999.52
4998.33
4994.45
4983.97
4964.96
4942.04
4918.63
4895.22
4871.69
4848.08
4824.46
4800.85
4777.28
4753.75
4730.28
4706.87
4683.51
4660.2
4636.93
4613.7
4590.51
4567.37
4544.26
4521.17
4498.1
4475.04
4451.99
4428.97
4405.95
4382.96
4359.98
4337.02
4314.05
4291.09
4268.14
4245.2
4222.27
4199.34
4176.41
4153.48
4130.54
4107.6
4084.67
4061.75
4038.83
4015.92
3993.02
3970.11
3947.2
3924.28
3901.37
3878.46
3855.54
3832.63
3809.72
3786.81
3763.9
3741
3718.1
3695.2
3672.3
3649.4
3626.49
3603.59
3580.68
3557.78
3534.88
3511.98
3489.09
3466.2
3443.31
3420.41
3397.52
3374.62
3351.73
3328.83
3305.93
3283.04
3260.15
3237.26
3214.37
3191.49
3168.6
3145.71
3122.82
3099.92
3077.03
3054.14
3031.25
3008.36
2985.47
2962.59
2939.7
2916.81
2893.93
2871.04
2848.15
2825.27
2802.37
2779.48
2756.58
2733.68
2710.78
2687.87
2664.97
2642.07
2619.17
2596.27
2573.37
2550.48
2527.59
2504.7
2481.81
2458.92
2436.02
2413.12
2390.22
2367.31
2344.41
2321.5
2298.59
2275.69
2252.79
2229.9
2207.01
2184.13
2161.25
2138.37
2115.49
2092.62
2069.74
2046.86
2023.98
2001.09
1978.2
1955.31
1932.41
1909.51
1886.6
1863.69
1840.78
1817.86
1794.94
1772.02
1749.11
1726.19
1703.28
1680.37
1657.46
1634.56
1611.66
1588.78
1565.89
1543.01
1520.14
1497.27
1474.4
1451.53
1428.66
1405.78
1382.9
1360.01
1337.11
1314.21
1291.3
1268.38
1245.46
1222.53
1199.6
1176.66
1153.71
1130.77
1107.81
1084.86
1061.9
1038.93
1015.97
992.996
970.021
947.04
924.052
901.059
878.06
855.058
832.052
809.044
786.033
763.02
740.004
716.984
693.963
670.942
647.922
624.904
601.886
578.87
555.856
532.844
509.836
486.83
463.823
440.815
417.806
394.796
371.787
348.776
325.761
302.739
279.712
256.681
233.645
210.602
187.55
164.491
141.427
118.367
95.3133
72.1307
48.5487
25.3462
7.50953
4999.99
4999.98
4999.98
4999.98
4999.98
4999.98
4999.98
4999.97
4999.97
4999.97
4999.97
4999.97
4999.97
4999.97
4999.97
4999.97
4999.96
4999.96
4999.96
4999.96
4999.96
4999.96
4999.96
4999.95
4999.95
4999.95
4999.95
4999.94
4999.86
4999.52
4998.32
4994.43
4984.03
4965.1
4942.11
4918.6
4895.11
4871.54
4847.89
4824.24
4800.61
4777.04
4753.51
4730.04
4706.63
4683.28
4659.99
4636.75
4613.54
4590.38
4567.24
4544.13
4521.05
4497.98
4474.93
4451.91
4428.9
4405.91
4382.93
4359.96
4336.99
4314.02
4291.05
4268.1
4245.16
4222.23
4199.31
4176.38
4153.46
4130.53
4107.6
4084.67
4061.76
4038.84
4015.94
3993.03
3970.11
3947.2
3924.28
3901.37
3878.45
3855.54
3832.63
3809.72
3786.81
3763.9
3740.99
3718.09
3695.19
3672.29
3649.39
3626.49
3603.59
3580.68
3557.78
3534.88
3511.98
3489.09
3466.19
3443.3
3420.41
3397.52
3374.62
3351.73
3328.83
3305.94
3283.05
3260.16
3237.27
3214.38
3191.49
3168.6
3145.71
3122.82
3099.92
3077.03
3054.14
3031.25
3008.36
2985.48
2962.59
2939.7
2916.81
2893.93
2871.04
2848.15
2825.26
2802.37
2779.47
2756.57
2733.67
2710.77
2687.87
2664.96
2642.06
2619.16
2596.26
2573.37
2550.48
2527.59
2504.7
2481.8
2458.91
2436.02
2413.12
2390.22
2367.32
2344.41
2321.5
2298.6
2275.7
2252.8
2229.91
2207.02
2184.13
2161.25
2138.38
2115.5
2092.62
2069.74
2046.86
2023.97
2001.09
1978.2
1955.3
1932.4
1909.5
1886.59
1863.68
1840.77
1817.86
1794.94
1772.02
1749.11
1726.19
1703.28
1680.37
1657.47
1634.57
1611.67
1588.78
1565.9
1543.02
1520.15
1497.27
1474.4
1451.53
1428.66
1405.78
1382.9
1360.01
1337.11
1314.2
1291.29
1268.37
1245.45
1222.52
1199.59
1176.65
1153.71
1130.76
1107.81
1084.86
1061.9
1038.93
1015.97
992.995
970.018
947.036
924.048
901.054
878.054
855.052
832.046
809.039
786.03
763.018
740.003
716.985
693.965
670.945
647.926
624.909
601.893
578.878
555.865
532.855
509.848
486.843
463.837
440.83
417.82
394.812
371.804
348.795
325.782
302.762
279.736
256.706
233.671
210.629
187.579
164.522
141.46
118.401
95.347
72.1633
48.5802
25.3763
7.52579
4999.99
4999.98
4999.98
4999.98
4999.98
4999.98
4999.98
4999.97
4999.97
4999.97
4999.97
4999.97
4999.97
4999.97
4999.97
4999.97
4999.96
4999.96
4999.96
4999.96
4999.96
4999.96
4999.96
4999.95
4999.95
4999.95
4999.95
4999.94
4999.86
4999.51
4998.3
4994.43
4984.06
4965.14
4942.01
4918.34
4894.76
4871.11
4847.42
4823.74
4800.11
4776.53
4753.01
4729.56
4706.19
4682.88
4659.63
4636.41
4613.23
4590.08
4566.97
4543.9
4520.85
4497.82
4474.79
4451.77
4428.77
4405.78
4382.81
4359.85
4336.9
4313.95
4291
4268.06
4245.13
4222.21
4199.28
4176.36
4153.43
4130.5
4107.58
4084.66
4061.75
4038.84
4015.93
3993.02
3970.11
3947.19
3924.27
3901.36
3878.45
3855.54
3832.63
3809.72
3786.81
3763.9
3740.99
3718.09
3695.19
3672.29
3649.39
3626.48
3603.58
3580.68
3557.77
3534.87
3511.98
3489.08
3466.19
3443.3
3420.41
3397.52
3374.62
3351.73
3328.84
3305.94
3283.05
3260.16
3237.27
3214.38
3191.49
3168.6
3145.71
3122.82
3099.93
3077.04
3054.14
3031.25
3008.37
2985.48
2962.59
2939.7
2916.81
2893.92
2871.04
2848.15
2825.26
2802.36
2779.47
2756.57
2733.67
2710.77
2687.86
2664.96
2642.06
2619.16
2596.26
2573.36
2550.47
2527.58
2504.69
2481.8
2458.91
2436.01
2413.12
2390.22
2367.32
2344.41
2321.51
2298.61
2275.71
2252.81
2229.92
2207.03
2184.14
2161.26
2138.38
2115.5
2092.62
2069.74
2046.86
2023.97
2001.08
1978.19
1955.3
1932.4
1909.49
1886.59
1863.68
1840.77
1817.85
1794.94
1772.02
1749.11
1726.2
1703.29
1680.38
1657.48
1634.58
1611.68
1588.79
1565.91
1543.03
1520.15
1497.28
1474.4
1451.53
1428.66
1405.78
1382.89
1360
1337.1
1314.2
1291.29
1268.37
1245.44
1222.51
1199.58
1176.65
1153.7
1130.76
1107.81
1084.85
1061.89
1038.93
1015.96
992.992
970.015
947.032
924.043
901.048
878.049
855.046
832.042
809.036
786.029
763.018
740.004
716.987
693.968
670.949
647.932
624.916
601.902
578.888
555.877
532.868
509.863
486.859
463.855
440.849
417.841
394.835
371.83
348.824
325.814
302.796
279.773
256.746
233.715
210.676
187.63
164.576
141.517
118.46
95.4054
72.2211
48.6384
25.4334
7.55626
4999.99
4999.98
4999.98
4999.98
4999.98
4999.98
4999.98
4999.97
4999.97
4999.97
4999.97
4999.97
4999.97
4999.97
4999.97
4999.97
4999.96
4999.96
4999.96
4999.96
4999.96
4999.96
4999.96
4999.95
4999.95
4999.95
4999.95
4999.94
4999.86
4999.52
4998.29
4994.43
4984.01
4964.98
4941.63
4917.75
4894.03
4870.31
4846.56
4822.87
4799.25
4775.71
4752.25
4728.86
4705.53
4682.26
4659.06
4635.9
4612.78
4589.68
4566.61
4543.57
4520.54
4497.54
4474.55
4451.57
4428.6
4405.65
4382.7
4359.75
4336.8
4313.85
4290.91
4267.98
4245.06
4222.14
4199.23
4176.32
4153.4
4130.48
4107.57
4084.66
4061.75
4038.84
4015.93
3993.01
3970.09
3947.18
3924.26
3901.35
3878.44
3855.53
3832.62
3809.71
3786.8
3763.9
3740.99
3718.09
3695.19
3672.29
3649.38
3626.48
3603.57
3580.67
3557.77
3534.87
3511.97
3489.08
3466.19
3443.3
3420.41
3397.52
3374.63
3351.74
3328.84
3305.95
3283.06
3260.17
3237.28
3214.39
3191.5
3168.61
3145.71
3122.82
3099.93
3077.04
3054.15
3031.26
3008.37
2985.48
2962.59
2939.7
2916.81
2893.92
2871.03
2848.14
2825.25
2802.36
2779.46
2756.56
2733.66
2710.76
2687.86
2664.96
2642.05
2619.15
2596.25
2573.36
2550.47
2527.57
2504.68
2481.79
2458.9
2436.01
2413.12
2390.22
2367.32
2344.42
2321.51
2298.61
2275.71
2252.82
2229.93
2207.04
2184.15
2161.27
2138.39
2115.51
2092.63
2069.74
2046.86
2023.97
2001.08
1978.19
1955.29
1932.39
1909.49
1886.58
1863.67
1840.76
1817.85
1794.94
1772.02
1749.11
1726.2
1703.3
1680.39
1657.49
1634.59
1611.69
1588.8
1565.92
1543.03
1520.16
1497.28
1474.41
1451.53
1428.66
1405.78
1382.89
1360
1337.1
1314.19
1291.28
1268.36
1245.43
1222.51
1199.57
1176.64
1153.7
1130.75
1107.81
1084.85
1061.89
1038.93
1015.96
992.988
970.01
947.027
924.037
901.043
878.044
855.043
832.04
809.035
786.029
763.019
740.006
716.989
693.972
670.954
647.939
624.926
601.913
578.901
555.891
532.883
509.879
486.877
463.876
440.873
417.869
394.866
371.864
348.861
325.854
302.84
279.821
256.8
233.776
210.744
187.703
164.655
141.6
118.547
95.4955
72.3133
48.7338
25.5283
7.60533
4999.99
4999.98
4999.98
4999.98
4999.98
4999.98
4999.98
4999.98
4999.97
4999.97
4999.97
4999.97
4999.97
4999.97
4999.97
4999.97
4999.96
4999.96
4999.96
4999.96
4999.96
4999.96
4999.96
4999.96
4999.95
4999.95
4999.95
4999.94
4999.87
4999.53
4998.31
4994.4
4983.78
4964.42
4940.72
4916.6
4892.75
4868.96
4845.21
4821.56
4798
4774.54
4751.15
4727.85
4704.62
4681.45
4658.33
4635.23
4612.17
4589.14
4566.14
4543.17
4520.2
4497.24
4474.27
4451.31
4428.37
4405.44
4382.52
4359.6
4336.68
4313.75
4290.82
4267.9
4244.98
4222.08
4199.17
4176.27
4153.36
4130.45
4107.54
4084.63
4061.72
4038.82
4015.9
3992.99
3970.07
3947.16
3924.25
3901.34
3878.43
3855.52
3832.62
3809.71
3786.8
3763.89
3740.99
3718.09
3695.18
3672.28
3649.38
3626.47
3603.57
3580.67
3557.76
3534.87
3511.97
3489.08
3466.19
3443.3
3420.41
3397.52
3374.63
3351.74
3328.85
3305.96
3283.07
3260.18
3237.28
3214.39
3191.5
3168.61
3145.72
3122.82
3099.93
3077.04
3054.15
3031.26
3008.37
2985.48
2962.59
2939.69
2916.81
2893.92
2871.03
2848.14
2825.25
2802.35
2779.46
2756.56
2733.66
2710.76
2687.85
2664.95
2642.05
2619.15
2596.25
2573.35
2550.46
2527.57
2504.68
2481.79
2458.9
2436.01
2413.11
2390.22
2367.32
2344.42
2321.52
2298.62
2275.72
2252.83
2229.94
2207.05
2184.16
2161.28
2138.39
2115.51
2092.63
2069.74
2046.86
2023.97
2001.08
1978.18
1955.29
1932.39
1909.48
1886.57
1863.67
1840.76
1817.84
1794.93
1772.02
1749.12
1726.21
1703.3
1680.4
1657.5
1634.6
1611.71
1588.81
1565.93
1543.04
1520.16
1497.28
1474.41
1451.53
1428.66
1405.77
1382.89
1359.99
1337.09
1314.18
1291.27
1268.35
1245.42
1222.5
1199.57
1176.63
1153.69
1130.75
1107.8
1084.85
1061.89
1038.92
1015.95
992.982
970.004
947.021
924.032
901.038
878.041
855.04
832.038
809.035
786.029
763.02
740.007
716.992
693.976
670.961
647.948
624.936
601.925
578.915
555.905
532.899
509.896
486.898
463.9
440.901
417.901
394.901
371.903
348.905
325.902
302.894
279.883
256.87
233.854
210.83
187.798
164.759
141.713
118.669
95.626
72.4501
48.8786
25.6754
7.67918
4999.99
4999.98
4999.98
4999.98
4999.98
4999.98
4999.98
4999.98
4999.97
4999.97
4999.97
4999.97
4999.97
4999.97
4999.97
4999.97
4999.96
4999.96
4999.96
4999.96
4999.96
4999.96
4999.96
4999.96
4999.95
4999.95
4999.95
4999.94
4999.88
4999.56
4998.35
4994.36
4983.12
4962.99
4938.86
4914.54
4890.64
4866.89
4843.22
4819.67
4796.27
4772.96
4749.73
4726.56
4703.45
4680.41
4657.41
4634.44
4611.48
4588.53
4565.6
4542.68
4519.77
4496.86
4473.95
4451.05
4428.14
4405.24
4382.34
4359.43
4336.52
4313.61
4290.7
4267.79
4244.9
4222
4199.11
4176.22
4153.32
4130.42
4107.52
4084.61
4061.7
4038.79
4015.88
3992.97
3970.05
3947.14
3924.24
3901.33
3878.43
3855.52
3832.62
3809.71
3786.8
3763.89
3740.99
3718.08
3695.18
3672.27
3649.37
3626.47
3603.56
3580.66
3557.76
3534.86
3511.97
3489.08
3466.19
3443.31
3420.42
3397.53
3374.64
3351.75
3328.86
3305.97
3283.07
3260.18
3237.29
3214.4
3191.51
3168.61
3145.72
3122.83
3099.94
3077.04
3054.15
3031.26
3008.36
2985.47
2962.58
2939.69
2916.8
2893.91
2871.02
2848.13
2825.24
2802.35
2779.45
2756.56
2733.66
2710.76
2687.85
2664.95
2642.05
2619.14
2596.24
2573.35
2550.45
2527.56
2504.67
2481.78
2458.89
2436
2413.11
2390.21
2367.32
2344.42
2321.52
2298.62
2275.73
2252.83
2229.94
2207.05
2184.17
2161.28
2138.4
2115.52
2092.63
2069.75
2046.86
2023.97
2001.08
1978.18
1955.28
1932.38
1909.48
1886.57
1863.66
1840.75
1817.84
1794.93
1772.03
1749.12
1726.21
1703.31
1680.41
1657.51
1634.61
1611.72
1588.82
1565.94
1543.05
1520.17
1497.29
1474.41
1451.54
1428.66
1405.77
1382.88
1359.99
1337.08
1314.17
1291.26
1268.34
1245.41
1222.49
1199.56
1176.63
1153.69
1130.75
1107.8
1084.84
1061.88
1038.92
1015.95
992.975
969.997
947.015
924.028
901.035
878.038
855.039
832.037
809.034
786.029
763.02
740.009
716.995
693.981
670.968
647.957
624.947
601.937
578.927
555.919
532.915
509.916
486.92
463.926
440.93
417.933
394.937
371.943
348.951
325.956
302.957
279.956
256.952
233.946
210.934
187.916
164.892
141.863
118.834
95.8042
72.6418
49.0911
25.8999
7.78741
4999.99
4999.98
4999.98
4999.98
4999.98
4999.98
4999.98
4999.98
4999.97
4999.97
4999.97
4999.97
4999.97
4999.97
4999.97
4999.97
4999.96
4999.96
4999.96
4999.96
4999.96
4999.96
4999.96
4999.96
4999.95
4999.95
4999.95
4999.95
4999.89
4999.57
4998.32
4994.06
4981.45
4959.87
4935.39
4911.05
4887.29
4863.77
4840.38
4817.13
4793.99
4770.94
4747.95
4725.01
4702.11
4679.24
4656.38
4633.53
4610.69
4587.86
4565.03
4542.19
4519.34
4496.47
4473.6
4450.74
4427.88
4405.02
4382.15
4359.27
4336.38
4313.49
4290.59
4267.7
4244.81
4221.93
4199.05
4176.16
4153.27
4130.37
4107.47
4084.57
4061.67
4038.76
4015.85
3992.95
3970.04
3947.14
3924.23
3901.33
3878.43
3855.52
3832.62
3809.71
3786.8
3763.89
3740.98
3718.08
3695.17
3672.27
3649.37
3626.46
3603.56
3580.66
3557.76
3534.87
3511.98
3489.09
3466.2
3443.32
3420.43
3397.54
3374.65
3351.76
3328.86
3305.97
3283.08
3260.18
3237.29
3214.4
3191.51
3168.62
3145.72
3122.83
3099.94
3077.04
3054.15
3031.25
3008.36
2985.47
2962.57
2939.68
2916.79
2893.9
2871.01
2848.13
2825.24
2802.35
2779.45
2756.56
2733.66
2710.75
2687.85
2664.95
2642.04
2619.14
2596.24
2573.34
2550.45
2527.56
2504.67
2481.78
2458.89
2436
2413.11
2390.21
2367.32
2344.42
2321.52
2298.63
2275.73
2252.84
2229.95
2207.06
2184.17
2161.29
2138.4
2115.52
2092.63
2069.75
2046.86
2023.97
2001.07
1978.18
1955.28
1932.37
1909.47
1886.56
1863.65
1840.75
1817.84
1794.93
1772.03
1749.12
1726.22
1703.32
1680.42
1657.52
1634.62
1611.73
1588.83
1565.94
1543.06
1520.17
1497.29
1474.42
1451.54
1428.65
1405.77
1382.88
1359.98
1337.07
1314.16
1291.25
1268.33
1245.4
1222.48
1199.55
1176.62
1153.68
1130.74
1107.79
1084.84
1061.88
1038.91
1015.94
992.968
969.991
947.01
924.024
901.032
878.036
855.036
832.035
809.032
786.028
763.021
740.011
717
693.987
670.975
647.964
624.955
601.945
578.937
555.932
532.931
509.935
486.943
463.951
440.958
417.964
394.972
371.984
348.999
326.014
303.023
280.031
257.038
234.047
211.053
188.055
165.052
142.046
119.041
96.0352
72.9037
49.3979
26.2336
7.93843
4999.99
4999.98
4999.98
4999.98
4999.98
4999.98
4999.98
4999.98
4999.97
4999.97
4999.97
4999.97
4999.97
4999.97
4999.97
4999.97
4999.96
4999.96
4999.96
4999.96
4999.96
4999.96
4999.96
4999.96
4999.96
4999.95
4999.95
4999.95
4999.88
4999.47
4997.84
4992.26
4976.64
4953.66
4929.31
4905.57
4882.43
4859.49
4836.65
4813.93
4791.26
4768.6
4745.94
4723.29
4700.64
4677.99
4655.32
4632.62
4609.9
4587.18
4564.43
4541.68
4518.9
4496.1
4473.29
4450.47
4427.64
4404.81
4381.96
4359.1
4336.23
4313.36
4290.48
4267.61
4244.74
4221.87
4198.99
4176.11
4153.22
4130.33
4107.43
4084.53
4061.63
4038.73
4015.83
3992.93
3970.03
3947.13
3924.23
3901.33
3878.43
3855.52
3832.61
3809.7
3786.79
3763.88
3740.98
3718.07
3695.17
3672.27
3649.37
3626.46
3603.56
3580.66
3557.77
3534.87
3511.98
3489.1
3466.21
3443.33
3420.44
3397.55
3374.65
3351.76
3328.87
3305.97
3283.08
3260.19
3237.3
3214.41
3191.51
3168.62
3145.73
3122.83
3099.94
3077.04
3054.15
3031.25
3008.35
2985.46
2962.56
2939.67
2916.78
2893.9
2871.01
2848.12
2825.24
2802.35
2779.45
2756.56
2733.66
2710.75
2687.85
2664.94
2642.04
2619.14
2596.24
2573.34
2550.45
2527.56
2504.67
2481.78
2458.89
2435.99
2413.1
2390.21
2367.31
2344.42
2321.52
2298.63
2275.74
2252.84
2229.95
2207.07
2184.18
2161.29
2138.41
2115.52
2092.64
2069.75
2046.86
2023.97
2001.07
1978.17
1955.27
1932.37
1909.46
1886.56
1863.65
1840.74
1817.84
1794.93
1772.03
1749.13
1726.23
1703.33
1680.43
1657.53
1634.63
1611.74
1588.84
1565.95
1543.07
1520.18
1497.3
1474.42
1451.54
1428.65
1405.77
1382.87
1359.97
1337.07
1314.15
1291.24
1268.32
1245.4
1222.47
1199.54
1176.61
1153.68
1130.73
1107.78
1084.83
1061.87
1038.9
1015.93
992.961
969.985
947.005
924.02
901.029
878.033
855.033
832.032
809.03
786.026
763.022
740.014
717.004
693.992
670.98
647.969
624.959
601.952
578.947
555.944
532.946
509.953
486.962
463.971
440.98
417.991
395.005
372.024
349.046
326.067
303.084
280.103
257.125
234.152
211.179
188.204
165.229
142.254
119.286
96.325
73.2485
49.8197
26.7055
8.14081
4999.99
4999.98
4999.98
4999.98
4999.98
4999.98
4999.98
4999.98
4999.97
4999.97
4999.97
4999.97
4999.97
4999.97
4999.97
4999.97
4999.97
4999.96
4999.96
4999.96
4999.96
4999.96
4999.96
4999.96
4999.96
4999.96
4999.96
4999.93
4999.77
4998.95
4995.65
4985.85
4966.18
4942.71
4920
4897.9
4876.07
4854.23
4832.32
4810.35
4788.29
4766.15
4743.92
4721.61
4699.23
4676.8
4654.31
4631.78
4609.2
4586.58
4563.92
4541.23
4518.51
4495.76
4473
4450.22
4427.44
4404.64
4381.82
4358.98
4336.13
4313.27
4290.4
4267.54
4244.68
4221.81
4198.93
4176.05
4153.17
4130.28
4107.39
4084.5
4061.61
4038.72
4015.82
3992.93
3970.03
3947.13
3924.23
3901.33
3878.42
3855.51
3832.6
3809.69
3786.78
3763.88
3740.98
3718.07
3695.17
3672.27
3649.37
3626.47
3603.57
3580.67
3557.77
3534.88
3511.99
3489.11
3466.22
3443.33
3420.44
3397.55
3374.66
3351.76
3328.87
3305.98
3283.09
3260.19
3237.3
3214.41
3191.52
3168.62
3145.73
3122.83
3099.94
3077.04
3054.14
3031.24
3008.35
2985.45
2962.56
2939.66
2916.78
2893.89
2871
2848.12
2825.23
2802.34
2779.45
2756.56
2733.66
2710.75
2687.85
2664.94
2642.04
2619.14
2596.24
2573.34
2550.45
2527.55
2504.66
2481.77
2458.88
2435.99
2413.1
2390.21
2367.31
2344.42
2321.53
2298.63
2275.74
2252.85
2229.96
2207.07
2184.18
2161.3
2138.41
2115.53
2092.64
2069.75
2046.86
2023.97
2001.07
1978.17
1955.27
1932.36
1909.46
1886.55
1863.64
1840.74
1817.83
1794.93
1772.03
1749.13
1726.23
1703.33
1680.44
1657.54
1634.64
1611.75
1588.85
1565.96
1543.07
1520.19
1497.3
1474.42
1451.54
1428.65
1405.76
1382.87
1359.96
1337.06
1314.14
1291.23
1268.31
1245.39
1222.46
1199.53
1176.6
1153.67
1130.73
1107.78
1084.82
1061.86
1038.89
1015.92
992.953
969.979
947
924.016
901.025
878.028
855.029
832.028
809.027
786.026
763.023
740.017
717.007
693.994
670.981
647.97
624.962
601.958
578.956
555.957
532.96
509.966
486.975
463.986
440.998
418.013
395.031
372.054
349.08
326.106
303.133
280.165
257.203
234.247
211.293
188.343
165.402
142.473
119.558
96.6576
73.6627
50.3631
27.3461
8.40431
4999.99
4999.98
4999.98
4999.98
4999.98
4999.98
4999.98
4999.98
4999.97
4999.97
4999.97
4999.97
4999.97
4999.97
4999.97
4999.97
4999.97
4999.96
4999.96
4999.96
4999.96
4999.96
4999.96
4999.96
4999.96
4999.96
4999.96
4999.95
4999.36
4997.18
4988.62
4965.53
4944.23
4926.52
4908.11
4888.96
4869.19
4848.88
4828.15
4807.06
4785.65
4764.02
4742.18
4720.19
4698.07
4675.84
4653.5
4631.09
4608.62
4586.1
4563.52
4540.89
4518.22
4495.52
4472.8
4450.05
4427.29
4404.5
4381.7
4358.88
4336.05
4313.2
4290.35
4267.5
4244.64
4221.77
4198.9
4176.02
4153.14
4130.25
4107.37
4084.48
4061.6
4038.71
4015.82
3992.92
3970.03
3947.13
3924.23
3901.32
3878.41
3855.5
3832.59
3809.68
3786.78
3763.88
3740.98
3718.08
3695.18
3672.27
3649.37
3626.47
3603.57
3580.67
3557.78
3534.89
3512
3489.11
3466.22
3443.33
3420.44
3397.55
3374.66
3351.77
3328.87
3305.98
3283.09
3260.2
3237.31
3214.41
3191.52
3168.62
3145.73
3122.83
3099.93
3077.04
3054.14
3031.24
3008.34
2985.44
2962.55
2939.66
2916.77
2893.89
2871
2848.12
2825.23
2802.34
2779.45
2756.56
2733.66
2710.75
2687.85
2664.94
2642.04
2619.14
2596.24
2573.34
2550.45
2527.55
2504.66
2481.77
2458.88
2435.99
2413.1
2390.2
2367.31
2344.42
2321.53
2298.63
2275.74
2252.85
2229.96
2207.08
2184.19
2161.3
2138.42
2115.53
2092.64
2069.75
2046.86
2023.96
2001.07
1978.17
1955.26
1932.36
1909.45
1886.55
1863.64
1840.74
1817.83
1794.93
1772.03
1749.13
1726.24
1703.34
1680.44
1657.55
1634.65
1611.75
1588.86
1565.97
1543.08
1520.19
1497.31
1474.42
1451.54
1428.65
1405.76
1382.86
1359.96
1337.05
1314.14
1291.22
1268.3
1245.38
1222.45
1199.53
1176.6
1153.66
1130.72
1107.77
1084.81
1061.85
1038.88
1015.92
992.946
969.973
946.995
924.01
901.019
878.023
855.023
832.024
809.025
786.026
763.024
740.018
717.007
693.993
670.98
647.971
624.966
601.964
578.964
555.964
532.965
509.971
486.982
463.995
441.011
418.027
395.046
372.07
349.098
326.131
303.166
280.206
257.253
234.308
211.373
188.452
165.549
142.669
119.809
96.986
74.1133
51.0117
28.156
8.72882
4999.99
4999.98
4999.98
4999.98
4999.98
4999.98
4999.98
4999.98
4999.97
4999.97
4999.97
4999.97
4999.97
4999.97
4999.97
4999.97
4999.97
4999.96
4999.96
4999.96
4999.96
4999.96
4999.96
4999.96
4999.96
4999.96
5000.07
5000.58
4997.72
4980.18
4964.2
4946.98
4931.47
4917.23
4901.28
4883.77
4865.14
4845.73
4825.68
4805.1
4784.11
4762.78
4741.19
4719.39
4697.42
4675.3
4653.07
4630.74
4608.33
4585.85
4563.3
4540.71
4518.07
4495.39
4472.69
4449.97
4427.21
4404.44
4381.64
4358.82
4336
4313.16
4290.32
4267.46
4244.61
4221.74
4198.87
4176
4153.12
4130.24
4107.36
4084.48
4061.59
4038.71
4015.82
3992.92
3970.03
3947.12
3924.22
3901.31
3878.4
3855.49
3832.59
3809.68
3786.78
3763.88
3740.98
3718.08
3695.18
3672.28
3649.38
3626.47
3603.58
3580.68
3557.79
3534.89
3512.01
3489.12
3466.23
3443.34
3420.45
3397.55
3374.66
3351.77
3328.88
3305.99
3283.1
3260.2
3237.31
3214.42
3191.52
3168.62
3145.73
3122.83
3099.93
3077.03
3054.13
3031.23
3008.34
2985.44
2962.55
2939.66
2916.77
2893.89
2871
2848.12
2825.23
2802.34
2779.45
2756.55
2733.65
2710.75
2687.85
2664.94
2642.04
2619.14
2596.24
2573.34
2550.45
2527.55
2504.66
2481.77
2458.88
2435.99
2413.09
2390.2
2367.31
2344.42
2321.53
2298.63
2275.74
2252.85
2229.97
2207.08
2184.19
2161.3
2138.42
2115.53
2092.64
2069.75
2046.86
2023.96
2001.06
1978.16
1955.26
1932.35
1909.45
1886.54
1863.64
1840.74
1817.83
1794.93
1772.04
1749.14
1726.24
1703.34
1680.45
1657.55
1634.66
1611.76
1588.87
1565.97
1543.09
1520.2
1497.31
1474.43
1451.54
1428.65
1405.75
1382.85
1359.95
1337.04
1314.13
1291.21
1268.29
1245.37
1222.45
1199.52
1176.59
1153.65
1130.71
1107.76
1084.8
1061.84
1038.88
1015.91
992.939
969.966
946.988
924.002
901.011
878.015
855.017
832.019
809.022
786.024
763.021
740.014
717.002
693.988
670.978
647.971
624.968
601.967
578.965
555.963
532.965
509.971
486.983
463.998
441.012
418.025
395.042
372.066
349.097
326.131
303.164
280.201
257.247
234.31
211.385
188.477
165.591
142.736
119.926
97.178
74.4404
51.6007
29.0291
9.09306
4999.99
4999.98
4999.98
4999.98
4999.98
4999.98
4999.98
4999.98
4999.97
4999.97
4999.97
4999.97
4999.97
4999.97
4999.97
4999.97
4999.97
4999.96
4999.96
4999.96
4999.96
4999.96
4999.96
4999.96
4999.96
4999.95
4999.95
4996.73
5004.86
4981.04
4960.18
4946.22
4932.6
4917.56
4901.07
4883.4
4864.8
4845.42
4825.39
4804.85
4783.9
4762.61
4741.06
4719.29
4697.33
4675.23
4653.01
4630.69
4608.29
4585.82
4563.28
4540.68
4518.04
4495.37
4472.67
4449.94
4427.19
4404.42
4381.63
4358.82
4336
4313.16
4290.32
4267.47
4244.61
4221.74
4198.87
4175.99
4153.12
4130.24
4107.36
4084.48
4061.59
4038.7
4015.81
3992.92
3970.02
3947.12
3924.21
3901.3
3878.4
3855.49
3832.58
3809.68
3786.78
3763.88
3740.98
3718.08
3695.18
3672.28
3649.38
3626.48
3603.58
3580.68
3557.79
3534.9
3512.01
3489.12
3466.23
3443.34
3420.45
3397.55
3374.66
3351.77
3328.88
3305.99
3283.1
3260.2
3237.31
3214.41
3191.52
3168.62
3145.73
3122.83
3099.93
3077.03
3054.13
3031.23
3008.34
2985.44
2962.55
2939.66
2916.77
2893.89
2871
2848.12
2825.23
2802.34
2779.45
2756.55
2733.65
2710.75
2687.85
2664.94
2642.04
2619.14
2596.24
2573.35
2550.45
2527.56
2504.66
2481.77
2458.88
2435.99
2413.1
2390.2
2367.31
2344.42
2321.53
2298.64
2275.75
2252.86
2229.97
2207.08
2184.19
2161.3
2138.42
2115.53
2092.64
2069.75
2046.85
2023.96
2001.06
1978.16
1955.26
1932.35
1909.45
1886.54
1863.64
1840.74
1817.84
1794.94
1772.04
1749.14
1726.24
1703.35
1680.45
1657.55
1634.66
1611.76
1588.87
1565.98
1543.09
1520.2
1497.31
1474.43
1451.54
1428.64
1405.75
1382.85
1359.94
1337.03
1314.12
1291.2
1268.29
1245.36
1222.44
1199.51
1176.58
1153.64
1130.7
1107.75
1084.79
1061.83
1038.87
1015.9
992.933
969.959
946.98
923.994
901.002
878.008
855.012
832.016
809.019
786.02
763.016
740.007
716.996
693.985
670.976
647.971
624.968
601.965
578.961
555.959
532.962
509.97
486.981
463.993
441.001
418.011
395.027
372.05
349.076
326.101
303.126
280.158
257.202
234.257
211.323
188.408
165.519
142.674
119.894
97.2
74.5975
52.0663
29.8739
9.46341
)
;

boundaryField
{
    inlet
    {
        type            fixedValue;
        value           uniform 5000;
    }
    outlet
    {
        type            fixedValue;
        value           uniform 0;
    }
    walls
    {
        type            zeroGradient;
    }
    frontAndBack
    {
        type            empty;
    }
}


// ************************************************************************* //
