/*--------------------------------*- C++ -*----------------------------------*\
| =========                 |                                                 |
| \\      /  F ield         | OpenFOAM: The Open Source CFD Toolbox           |
|  \\    /   O peration     | Version:  2406                                  |
|   \\  /    A nd           | Website:  www.openfoam.com                      |
|    \\/     M anipulation  |                                                 |
\*---------------------------------------------------------------------------*/
FoamFile
{
    version     2.0;
    format      ascii;
    arch        "LSB;label=32;scalar=64";
    class       volScalarField;
    location    "0.1";
    object      p_rgh;
}
// * * * * * * * * * * * * * * * * * * * * * * * * * * * * * * * * * * * * * //

dimensions      [1 -1 -2 0 0 0 0];

internalField   nonuniform List<scalar> 
6250
(
4999.93
4999.9
4999.92
4999.92
4999.92
4999.91
4999.91
4999.9
4999.9
4999.9
4999.9
4999.89
4999.89
4999.89
4999.89
4999.89
4999.88
4999.88
4999.88
4999.88
4999.88
4999.88
4999.88
4999.87
4999.87
4999.87
4999.87
4999.87
4999.87
5000.48
5026.88
5052.26
5052.25
5030.25
5010.42
5003.62
5001.62
4996.9
4986.4
4972.39
4957.56
4944.15
4934.78
4930.48
4928.78
4926.53
4922.06
4915.96
4909.4
4902.71
4895.28
4886.52
4876.21
4864.37
4851.05
4836.3
4820.22
4802.93
4784.58
4765.27
4745.13
4724.29
4702.82
4680.82
4658.37
4635.53
4612.36
4588.91
4565.22
4541.32
4517.24
4493.01
4468.66
4444.19
4419.63
4394.99
4370.27
4345.49
4320.65
4295.76
4270.84
4245.88
4220.89
4195.87
4170.83
4145.77
4120.69
4095.59
4070.49
4045.37
4020.24
3995.1
3969.95
3944.79
3919.63
3894.46
3869.3
3844.13
3818.95
3793.77
3768.59
3743.4
3718.21
3693.01
3667.81
3642.62
3617.42
3592.23
3567.03
3541.84
3516.64
3491.44
3466.24
3441.04
3415.83
3390.62
3365.41
3340.21
3315
3289.8
3264.6
3239.4
3214.2
3188.99
3163.78
3138.57
3113.35
3088.13
3062.91
3037.69
3012.48
2987.26
2962.04
2936.83
2911.62
2886.41
2861.2
2835.99
2810.79
2785.58
2760.36
2735.15
2709.94
2684.72
2659.5
2634.27
2609.05
2583.82
2558.59
2533.36
2508.12
2482.88
2457.64
2432.4
2407.16
2381.91
2356.66
2331.4
2306.15
2280.89
2255.62
2230.36
2205.09
2179.81
2154.54
2129.25
2103.97
2078.68
2053.39
2028.09
2002.79
1977.49
1952.19
1926.88
1901.57
1876.27
1850.96
1825.65
1800.34
1775.04
1749.73
1724.43
1699.13
1673.83
1648.54
1623.24
1597.95
1572.66
1547.37
1522.07
1496.79
1471.5
1446.21
1420.92
1395.64
1370.36
1345.07
1319.79
1294.51
1269.23
1243.94
1218.66
1193.38
1168.1
1142.82
1117.54
1092.26
1066.98
1041.7
1016.42
991.14
965.863
940.588
915.313
890.04
864.766
839.494
814.223
788.952
763.682
738.413
713.144
687.876
662.609
637.342
612.077
586.812
561.547
536.284
511.021
485.76
460.5
435.242
409.987
384.735
359.487
334.245
309.011
283.787
258.576
233.383
208.213
183.075
157.981
132.949
108.002
83.1474
58.3623
33.8575
10.8245
4999.92
4999.89
4999.91
4999.92
4999.92
4999.91
4999.91
4999.9
4999.9
4999.9
4999.9
4999.89
4999.89
4999.89
4999.89
4999.89
4999.88
4999.88
4999.88
4999.88
4999.88
4999.88
4999.87
4999.87
4999.87
4999.87
4999.87
4999.87
4999.87
4999.92
4999.94
4999.73
4999.81
4999.51
4997.55
4993.07
4997.6
5001.81
4992.74
4981.57
4972.84
4960.05
4939.03
4924.31
4917.39
4913.02
4906.73
4899.61
4894.71
4891.37
4887.22
4880.55
4871.45
4860.42
4847.78
4833.58
4817.95
4801.03
4782.97
4763.91
4743.99
4723.3
4701.99
4680.11
4657.77
4635.01
4611.91
4588.52
4564.88
4541.03
4517
4492.8
4468.47
4444.03
4419.48
4394.85
4370.15
4345.39
4320.57
4295.7
4270.78
4245.83
4220.84
4195.82
4170.79
4145.73
4120.65
4095.57
4070.46
4045.35
4020.22
3995.08
3969.94
3944.78
3919.62
3894.46
3869.29
3844.12
3818.95
3793.77
3768.59
3743.4
3718.21
3693.01
3667.81
3642.62
3617.42
3592.22
3567.03
3541.84
3516.64
3491.44
3466.24
3441.03
3415.83
3390.62
3365.41
3340.21
3315
3289.8
3264.6
3239.4
3214.2
3188.99
3163.78
3138.57
3113.35
3088.14
3062.92
3037.7
3012.48
2987.27
2962.05
2936.84
2911.63
2886.42
2861.21
2836
2810.79
2785.58
2760.37
2735.16
2709.94
2684.72
2659.5
2634.28
2609.06
2583.83
2558.6
2533.37
2508.13
2482.89
2457.65
2432.41
2407.17
2381.92
2356.67
2331.41
2306.16
2280.9
2255.63
2230.37
2205.1
2179.82
2154.55
2129.26
2103.98
2078.69
2053.39
2028.1
2002.8
1977.49
1952.19
1926.88
1901.58
1876.27
1850.96
1825.65
1800.35
1775.04
1749.74
1724.43
1699.13
1673.83
1648.54
1623.24
1597.95
1572.66
1547.37
1522.08
1496.79
1471.5
1446.21
1420.93
1395.64
1370.36
1345.07
1319.79
1294.51
1269.23
1243.95
1218.66
1193.38
1168.1
1142.82
1117.54
1092.26
1066.98
1041.7
1016.42
991.145
965.868
940.592
915.317
890.043
864.77
839.498
814.227
788.957
763.687
738.419
713.151
687.884
662.619
637.354
612.09
586.827
561.565
536.304
511.045
485.788
460.533
435.28
410.032
384.788
359.55
334.32
309.099
283.89
258.695
233.519
208.366
183.241
158.151
133.111
108.13
83.1741
58.1533
33.3372
10.5747
4999.92
4999.88
4999.91
4999.92
4999.92
4999.91
4999.91
4999.9
4999.9
4999.9
4999.9
4999.89
4999.89
4999.89
4999.89
4999.88
4999.88
4999.88
4999.88
4999.88
4999.87
4999.87
4999.87
4999.87
4999.87
4999.87
4999.86
4999.86
4999.86
4999.85
4999.81
4999.8
4999.81
4999.81
4999.77
4999.76
4999.78
4999.78
4999.77
4999.77
4999.78
4999.74
4997.72
4989.13
4983.37
4982.31
4959.58
4921.56
4896.9
4887.38
4884.05
4879.07
4871.4
4861.76
4849.85
4835.86
4820.17
4803.09
4784.83
4765.56
4745.43
4724.56
4703.07
4681.05
4658.57
4635.71
4612.51
4589.04
4565.33
4541.41
4517.33
4493.09
4468.72
4444.24
4419.67
4395.01
4370.28
4345.5
4320.66
4295.78
4270.86
4245.89
4220.89
4195.87
4170.83
4145.76
4120.69
4095.59
4070.49
4045.37
4020.24
3995.1
3969.95
3944.79
3919.63
3894.46
3869.3
3844.13
3818.95
3793.78
3768.6
3743.41
3718.21
3693.02
3667.82
3642.63
3617.43
3592.23
3567.04
3541.84
3516.65
3491.45
3466.24
3441.04
3415.83
3390.62
3365.42
3340.21
3315.01
3289.81
3264.6
3239.4
3214.2
3188.99
3163.77
3138.56
3113.34
3088.13
3062.91
3037.69
3012.47
2987.26
2962.05
2936.83
2911.62
2886.42
2861.21
2836
2810.79
2785.58
2760.36
2735.15
2709.94
2684.72
2659.5
2634.28
2609.05
2583.83
2558.6
2533.37
2508.13
2482.89
2457.65
2432.41
2407.16
2381.91
2356.66
2331.41
2306.16
2280.9
2255.63
2230.37
2205.1
2179.82
2154.55
2129.26
2103.98
2078.69
2053.39
2028.1
2002.8
1977.49
1952.19
1926.88
1901.57
1876.26
1850.96
1825.65
1800.34
1775.04
1749.73
1724.43
1699.13
1673.83
1648.53
1623.23
1597.94
1572.65
1547.36
1522.07
1496.79
1471.5
1446.21
1420.93
1395.64
1370.36
1345.07
1319.79
1294.5
1269.22
1243.94
1218.66
1193.38
1168.1
1142.82
1117.54
1092.26
1066.98
1041.7
1016.42
991.145
965.869
940.593
915.318
890.043
864.77
839.498
814.227
788.957
763.688
738.421
713.153
687.887
662.622
637.358
612.095
586.834
561.574
536.315
511.058
485.803
460.551
435.302
410.058
384.818
359.584
334.358
309.142
283.938
258.747
233.573
208.417
183.283
158.174
133.1
108.064
83.0028
57.7763
32.7291
10.3106
4999.92
4999.88
4999.91
4999.92
4999.91
4999.91
4999.9
4999.9
4999.9
4999.9
4999.9
4999.89
4999.89
4999.89
4999.89
4999.88
4999.88
4999.88
4999.88
4999.87
4999.87
4999.87
4999.87
4999.86
4999.86
4999.86
4999.85
4999.85
4999.84
4999.82
4999.81
4999.8
4999.79
4999.78
4999.78
4999.78
4999.78
4999.78
4999.78
4999.79
4999.79
4999.79
4999.78
4999.7
4999.72
4999.52
4997.47
4991.65
4977.07
4956.18
4932.23
4902.62
4884.5
4872.96
4860.43
4845.41
4828.47
4810.24
4790.97
4770.82
4749.93
4728.41
4706.36
4683.86
4660.98
4637.77
4614.29
4590.57
4566.65
4542.55
4518.3
4493.93
4469.44
4444.86
4420.2
4395.47
4370.68
4345.84
4320.96
4296.04
4271.08
4246.08
4221.06
4196.01
4170.95
4145.88
4120.78
4095.68
4070.57
4045.44
4020.3
3995.15
3970
3944.83
3919.67
3894.49
3869.32
3844.15
3818.98
3793.8
3768.62
3743.43
3718.24
3693.04
3667.84
3642.64
3617.44
3592.24
3567.04
3541.84
3516.65
3491.45
3466.24
3441.04
3415.83
3390.63
3365.42
3340.21
3315.01
3289.8
3264.6
3239.39
3214.18
3188.97
3163.76
3138.55
3113.33
3088.12
3062.9
3037.69
3012.47
2987.26
2962.05
2936.84
2911.63
2886.41
2861.2
2835.99
2810.79
2785.57
2760.36
2735.15
2709.93
2684.72
2659.5
2634.28
2609.06
2583.83
2558.6
2533.37
2508.14
2482.9
2457.66
2432.41
2407.17
2381.92
2356.67
2331.41
2306.15
2280.89
2255.63
2230.36
2205.1
2179.82
2154.54
2129.26
2103.98
2078.69
2053.39
2028.1
2002.8
1977.5
1952.19
1926.88
1901.58
1876.27
1850.96
1825.65
1800.34
1775.04
1749.73
1724.43
1699.13
1673.83
1648.53
1623.24
1597.94
1572.65
1547.36
1522.07
1496.78
1471.49
1446.21
1420.92
1395.64
1370.35
1345.07
1319.79
1294.51
1269.22
1243.94
1218.66
1193.38
1168.09
1142.81
1117.53
1092.26
1066.98
1041.7
1016.42
991.146
965.868
940.593
915.319
890.045
864.773
839.501
814.229
788.959
763.69
738.422
713.155
687.888
662.623
637.36
612.097
586.836
561.576
536.317
511.061
485.806
460.554
435.305
410.059
384.819
359.583
334.355
309.134
283.923
258.722
233.534
208.359
183.197
158.05
132.925
107.82
82.656
57.264
32.0775
10.0519
4999.92
4999.88
4999.91
4999.92
4999.91
4999.91
4999.9
4999.9
4999.9
4999.9
4999.89
4999.89
4999.89
4999.89
4999.88
4999.88
4999.88
4999.88
4999.87
4999.87
4999.87
4999.87
4999.86
4999.86
4999.85
4999.85
4999.85
4999.84
4999.83
4999.82
4999.81
4999.8
4999.79
4999.79
4999.78
4999.78
4999.78
4999.78
4999.78
4999.78
4999.77
4999.77
4999.77
4999.77
4999.77
4999.76
4999.68
4999.36
4998.07
4993.44
4980.05
4951.42
4921.07
4897.21
4878.58
4860.92
4841.88
4821.59
4800.55
4778.94
4756.82
4734.27
4711.35
4688.11
4664.61
4640.88
4616.95
4592.85
4568.61
4544.24
4519.76
4495.18
4470.53
4445.8
4421.02
4396.18
4371.3
4346.38
4321.42
4296.43
4271.42
4246.37
4221.31
4196.23
4171.14
4146.04
4120.93
4095.81
4070.68
4045.54
4020.39
3995.23
3970.06
3944.89
3919.72
3894.54
3869.36
3844.19
3819.01
3793.83
3768.65
3743.46
3718.26
3693.06
3667.86
3642.66
3617.45
3592.25
3567.05
3541.85
3516.66
3491.46
3466.26
3441.05
3415.85
3390.64
3365.43
3340.22
3315.01
3289.8
3264.59
3239.38
3214.17
3188.96
3163.75
3138.54
3113.33
3088.12
3062.91
3037.69
3012.48
2987.27
2962.06
2936.84
2911.63
2886.42
2861.21
2836
2810.78
2785.57
2760.36
2735.15
2709.93
2684.72
2659.5
2634.28
2609.06
2583.84
2558.61
2533.38
2508.14
2482.9
2457.66
2432.42
2407.17
2381.92
2356.67
2331.41
2306.15
2280.89
2255.63
2230.36
2205.09
2179.82
2154.54
2129.26
2103.97
2078.69
2053.39
2028.1
2002.8
1977.49
1952.19
1926.88
1901.58
1876.27
1850.96
1825.65
1800.34
1775.03
1749.73
1724.43
1699.12
1673.83
1648.53
1623.23
1597.94
1572.65
1547.36
1522.07
1496.78
1471.49
1446.21
1420.92
1395.64
1370.35
1345.07
1319.79
1294.5
1269.22
1243.94
1218.66
1193.37
1168.09
1142.81
1117.53
1092.25
1066.97
1041.7
1016.42
991.144
965.867
940.592
915.318
890.045
864.772
839.501
814.23
788.959
763.689
738.421
713.153
687.887
662.621
637.357
612.094
586.832
561.571
536.311
511.053
485.797
460.543
435.291
410.042
384.797
359.556
334.32
309.09
283.867
258.652
233.444
208.245
183.052
157.867
132.693
107.529
82.2811
56.7642
31.4884
9.82446
4999.92
4999.88
4999.91
4999.92
4999.91
4999.91
4999.9
4999.9
4999.9
4999.9
4999.89
4999.89
4999.89
4999.89
4999.88
4999.88
4999.88
4999.87
4999.87
4999.87
4999.87
4999.86
4999.86
4999.85
4999.85
4999.85
4999.84
4999.84
4999.83
4999.82
4999.82
4999.81
4999.8
4999.8
4999.79
4999.79
4999.79
4999.78
4999.78
4999.78
4999.78
4999.77
4999.77
4999.76
4999.76
4999.75
4999.73
4999.65
4999.36
4998.46
4996.09
4990.03
4972.75
4938.43
4907.96
4883.49
4860.08
4836.58
4812.94
4789.26
4765.47
4741.56
4717.53
4693.38
4669.11
4644.73
4620.25
4595.69
4571.05
4546.34
4521.58
4496.76
4471.89
4446.98
4422.04
4397.07
4372.07
4347.04
4322
4296.93
4271.85
4246.75
4221.64
4196.52
4171.4
4146.26
4121.12
4095.97
4070.82
4045.66
4020.49
3995.32
3970.14
3944.96
3919.78
3894.6
3869.42
3844.24
3819.06
3793.87
3768.68
3743.49
3718.29
3693.09
3667.88
3642.68
3617.47
3592.27
3567.07
3541.87
3516.67
3491.47
3466.27
3441.07
3415.86
3390.65
3365.44
3340.23
3315.02
3289.8
3264.59
3239.38
3214.17
3188.96
3163.75
3138.54
3113.33
3088.12
3062.91
3037.7
3012.49
2987.28
2962.06
2936.85
2911.64
2886.42
2861.21
2835.99
2810.78
2785.57
2760.36
2735.14
2709.93
2684.72
2659.5
2634.29
2609.07
2583.84
2558.62
2533.39
2508.15
2482.91
2457.67
2432.42
2407.17
2381.92
2356.67
2331.41
2306.15
2280.89
2255.63
2230.36
2205.09
2179.82
2154.54
2129.26
2103.97
2078.69
2053.39
2028.1
2002.8
1977.5
1952.19
1926.88
1901.58
1876.27
1850.96
1825.65
1800.34
1775.04
1749.73
1724.43
1699.12
1673.83
1648.53
1623.23
1597.94
1572.65
1547.36
1522.07
1496.78
1471.49
1446.21
1420.92
1395.64
1370.35
1345.07
1319.79
1294.5
1269.22
1243.94
1218.66
1193.37
1168.09
1142.81
1117.53
1092.25
1066.97
1041.7
1016.42
991.142
965.866
940.591
915.317
890.043
864.771
839.499
814.228
788.958
763.687
738.418
713.15
687.882
662.616
637.351
612.086
586.823
561.56
536.299
511.038
485.779
460.521
435.265
410.01
384.758
359.51
334.264
309.023
283.786
258.554
233.326
208.102
182.88
157.66
132.445
107.234
81.9238
56.3143
30.9795
9.62757
4999.92
4999.88
4999.9
4999.92
4999.91
4999.91
4999.9
4999.9
4999.9
4999.9
4999.89
4999.89
4999.89
4999.88
4999.88
4999.88
4999.88
4999.87
4999.87
4999.87
4999.86
4999.86
4999.86
4999.85
4999.85
4999.84
4999.84
4999.83
4999.83
4999.82
4999.82
4999.81
4999.81
4999.8
4999.8
4999.79
4999.79
4999.79
4999.78
4999.78
4999.78
4999.77
4999.77
4999.76
4999.76
4999.75
4999.74
4999.7
4999.59
4999.31
4998.53
4996.2
4989.2
4968.41
4935.95
4905.39
4877.82
4851.51
4825.58
4799.92
4774.51
4749.25
4724.1
4699.01
4673.95
4648.9
4623.85
4598.79
4573.73
4548.67
4523.59
4498.5
4473.4
4448.3
4423.18
4398.06
4372.93
4347.79
4322.64
4297.49
4272.34
4247.18
4222.02
4196.85
4171.68
4146.51
4121.33
4096.16
4070.98
4045.8
4020.61
3995.43
3970.24
3945.05
3919.86
3894.67
3869.48
3844.29
3819.1
3793.91
3768.72
3743.52
3718.31
3693.11
3667.9
3642.7
3617.49
3592.29
3567.09
3541.89
3516.69
3491.49
3466.29
3441.08
3415.87
3390.66
3365.45
3340.23
3315.02
3289.8
3264.59
3239.38
3214.17
3188.96
3163.75
3138.54
3113.34
3088.13
3062.92
3037.71
3012.5
2987.28
2962.07
2936.85
2911.64
2886.42
2861.2
2835.99
2810.78
2785.56
2760.35
2735.14
2709.93
2684.72
2659.51
2634.29
2609.07
2583.85
2558.63
2533.39
2508.16
2482.92
2457.67
2432.43
2407.18
2381.92
2356.67
2331.41
2306.15
2280.89
2255.62
2230.36
2205.09
2179.81
2154.54
2129.26
2103.97
2078.68
2053.39
2028.1
2002.8
1977.5
1952.19
1926.89
1901.58
1876.27
1850.96
1825.65
1800.34
1775.04
1749.73
1724.43
1699.13
1673.83
1648.53
1623.23
1597.94
1572.65
1547.36
1522.07
1496.78
1471.49
1446.2
1420.92
1395.63
1370.35
1345.07
1319.78
1294.5
1269.22
1243.94
1218.65
1193.37
1168.09
1142.81
1117.53
1092.25
1066.97
1041.69
1016.42
991.14
965.866
940.589
915.315
890.042
864.769
839.497
814.225
788.954
763.684
738.414
713.145
687.876
662.609
637.342
612.076
586.81
561.545
536.281
511.018
485.755
460.492
435.231
409.97
384.711
359.453
334.198
308.944
283.693
258.445
233.198
207.953
182.706
157.457
132.21
106.963
81.6067
55.9298
30.5552
9.46063
4999.91
4999.87
4999.9
4999.92
4999.91
4999.9
4999.9
4999.9
4999.9
4999.89
4999.89
4999.89
4999.89
4999.88
4999.88
4999.88
4999.87
4999.87
4999.87
4999.86
4999.86
4999.86
4999.85
4999.85
4999.85
4999.84
4999.84
4999.83
4999.83
4999.82
4999.82
4999.81
4999.81
4999.8
4999.8
4999.8
4999.79
4999.79
4999.78
4999.78
4999.78
4999.77
4999.77
4999.76
4999.76
4999.75
4999.74
4999.72
4999.67
4999.52
4999.12
4998
4994.5
4981.71
4953.89
4921.79
4892.01
4863.91
4836.47
4809.41
4782.75
4756.41
4730.32
4704.4
4678.63
4652.97
4627.39
4601.88
4576.42
4551
4525.62
4500.27
4474.94
4449.64
4424.35
4399.08
4373.81
4348.56
4323.32
4298.08
4272.85
4247.63
4222.41
4197.19
4171.98
4146.77
4121.56
4096.35
4071.15
4045.95
4020.74
3995.54
3970.34
3945.14
3919.94
3894.74
3869.54
3844.34
3819.14
3793.94
3768.74
3743.54
3718.34
3693.13
3667.93
3642.72
3617.52
3592.31
3567.11
3541.91
3516.71
3491.51
3466.3
3441.1
3415.88
3390.67
3365.46
3340.24
3315.02
3289.81
3264.59
3239.38
3214.17
3188.96
3163.75
3138.55
3113.34
3088.14
3062.93
3037.71
3012.5
2987.29
2962.07
2936.85
2911.63
2886.42
2861.2
2835.99
2810.77
2785.56
2760.35
2735.14
2709.93
2684.73
2659.51
2634.3
2609.08
2583.86
2558.63
2533.4
2508.17
2482.92
2457.68
2432.43
2407.18
2381.92
2356.67
2331.41
2306.15
2280.88
2255.62
2230.35
2205.08
2179.81
2154.53
2129.25
2103.97
2078.68
2053.39
2028.1
2002.8
1977.5
1952.19
1926.89
1901.58
1876.27
1850.96
1825.65
1800.34
1775.04
1749.73
1724.43
1699.13
1673.83
1648.53
1623.23
1597.94
1572.65
1547.36
1522.07
1496.78
1471.49
1446.2
1420.92
1395.63
1370.35
1345.07
1319.78
1294.5
1269.22
1243.93
1218.65
1193.37
1168.09
1142.81
1117.53
1092.25
1066.97
1041.69
1016.42
991.14
965.864
940.588
915.314
890.04
864.767
839.494
814.222
788.951
763.68
738.409
713.139
687.869
662.6
637.332
612.064
586.796
561.529
536.262
510.995
485.728
460.461
435.194
409.927
384.66
359.394
334.129
308.864
283.601
258.338
233.075
207.812
182.544
157.273
132.002
106.729
81.3401
55.6147
30.2128
9.32214
4999.91
4999.87
4999.9
4999.92
4999.91
4999.9
4999.9
4999.9
4999.9
4999.89
4999.89
4999.89
4999.89
4999.88
4999.88
4999.88
4999.87
4999.87
4999.87
4999.86
4999.86
4999.86
4999.85
4999.85
4999.85
4999.84
4999.84
4999.83
4999.83
4999.82
4999.82
4999.81
4999.81
4999.81
4999.8
4999.8
4999.79
4999.79
4999.79
4999.78
4999.78
4999.77
4999.77
4999.76
4999.76
4999.75
4999.75
4999.73
4999.7
4999.6
4999.33
4998.54
4996.04
4986.94
4963.45
4932.39
4901.99
4873.08
4844.83
4816.97
4789.52
4762.43
4735.65
4709.11
4682.77
4656.61
4630.59
4604.68
4578.88
4553.16
4527.51
4501.92
4476.38
4450.9
4425.45
4400.04
4374.66
4349.3
4323.96
4298.64
4273.34
4248.06
4222.78
4197.52
4172.26
4147.02
4121.78
4096.54
4071.31
4046.09
4020.88
3995.66
3970.45
3945.23
3920.02
3894.81
3869.6
3844.39
3819.18
3793.98
3768.77
3743.57
3718.36
3693.15
3667.95
3642.74
3617.54
3592.34
3567.13
3541.93
3516.73
3491.52
3466.31
3441.1
3415.89
3390.68
3365.46
3340.25
3315.03
3289.81
3264.6
3239.39
3214.18
3188.97
3163.76
3138.56
3113.35
3088.14
3062.93
3037.72
3012.5
2987.29
2962.07
2936.85
2911.63
2886.41
2861.2
2835.98
2810.77
2785.56
2760.35
2735.15
2709.94
2684.73
2659.52
2634.31
2609.09
2583.87
2558.64
2533.41
2508.17
2482.93
2457.68
2432.43
2407.18
2381.92
2356.67
2331.41
2306.14
2280.88
2255.62
2230.35
2205.08
2179.81
2154.53
2129.25
2103.97
2078.68
2053.39
2028.1
2002.8
1977.5
1952.19
1926.89
1901.58
1876.27
1850.96
1825.65
1800.35
1775.04
1749.73
1724.43
1699.13
1673.83
1648.53
1623.23
1597.94
1572.65
1547.36
1522.07
1496.78
1471.49
1446.2
1420.92
1395.63
1370.35
1345.07
1319.78
1294.5
1269.22
1243.93
1218.65
1193.37
1168.09
1142.81
1117.53
1092.25
1066.97
1041.69
1016.42
991.138
965.863
940.586
915.312
890.038
864.764
839.491
814.219
788.947
763.675
738.403
713.132
687.862
662.592
637.322
612.052
586.782
561.512
536.242
510.972
485.701
460.43
435.158
409.885
384.612
359.339
334.065
308.791
283.517
258.242
232.966
207.688
182.406
157.117
131.829
106.538
81.1263
55.3668
29.9465
9.21111
4999.91
4999.87
4999.9
4999.92
4999.91
4999.9
4999.9
4999.9
4999.9
4999.89
4999.89
4999.89
4999.88
4999.88
4999.88
4999.88
4999.87
4999.87
4999.87
4999.86
4999.86
4999.86
4999.85
4999.85
4999.84
4999.84
4999.84
4999.83
4999.83
4999.82
4999.82
4999.81
4999.81
4999.81
4999.8
4999.8
4999.79
4999.79
4999.79
4999.78
4999.78
4999.77
4999.77
4999.76
4999.76
4999.76
4999.75
4999.74
4999.71
4999.63
4999.4
4998.73
4996.57
4988.9
4968.26
4938.68
4908.45
4879.34
4850.78
4822.53
4794.63
4767.09
4739.85
4712.88
4686.15
4659.61
4633.25
4607.04
4580.96
4554.99
4529.12
4503.33
4477.63
4451.99
4426.41
4400.88
4375.39
4349.94
4324.52
4299.13
4273.77
4248.43
4223.11
4197.81
4172.52
4147.24
4121.97
4096.71
4071.47
4046.22
4020.99
3995.76
3970.53
3945.31
3920.09
3894.86
3869.65
3844.43
3819.22
3794.01
3768.8
3743.59
3718.38
3693.17
3667.97
3642.76
3617.56
3592.35
3567.15
3541.94
3516.74
3491.53
3466.32
3441.11
3415.9
3390.68
3365.47
3340.25
3315.04
3289.83
3264.61
3239.4
3214.19
3188.98
3163.77
3138.56
3113.35
3088.14
3062.93
3037.72
3012.5
2987.28
2962.06
2936.84
2911.62
2886.41
2861.19
2835.98
2810.77
2785.56
2760.35
2735.15
2709.94
2684.74
2659.53
2634.31
2609.1
2583.87
2558.65
2533.41
2508.18
2482.93
2457.68
2432.43
2407.18
2381.92
2356.66
2331.4
2306.14
2280.88
2255.61
2230.35
2205.08
2179.8
2154.53
2129.25
2103.96
2078.68
2053.39
2028.09
2002.8
1977.5
1952.19
1926.89
1901.58
1876.27
1850.96
1825.65
1800.35
1775.04
1749.73
1724.43
1699.13
1673.83
1648.53
1623.23
1597.94
1572.65
1547.36
1522.07
1496.78
1471.49
1446.2
1420.92
1395.63
1370.35
1345.07
1319.78
1294.5
1269.22
1243.93
1218.65
1193.37
1168.09
1142.81
1117.53
1092.25
1066.97
1041.69
1016.41
991.136
965.865
940.586
915.311
890.037
864.763
839.489
814.216
788.943
763.671
738.399
713.127
687.855
662.584
637.312
612.041
586.769
561.498
536.225
510.952
485.678
460.403
435.127
409.849
384.571
359.291
334.011
308.729
283.446
258.163
232.877
207.589
182.295
156.995
131.694
106.391
80.964
55.1816
29.7491
9.12637
4999.91
4999.87
4999.9
4999.92
4999.91
4999.9
4999.9
4999.9
4999.9
4999.89
4999.89
4999.89
4999.88
4999.88
4999.88
4999.88
4999.87
4999.87
4999.87
4999.86
4999.86
4999.85
4999.85
4999.85
4999.84
4999.84
4999.84
4999.83
4999.83
4999.82
4999.82
4999.82
4999.81
4999.81
4999.8
4999.8
4999.79
4999.79
4999.79
4999.78
4999.78
4999.77
4999.77
4999.77
4999.76
4999.76
4999.75
4999.74
4999.71
4999.64
4999.43
4998.79
4996.73
4989.64
4970.72
4942.26
4912.41
4883.36
4854.72
4826.3
4798.19
4770.38
4742.88
4715.64
4688.64
4661.85
4635.25
4608.82
4582.54
4556.39
4530.36
4504.43
4478.59
4452.84
4427.16
4401.54
4375.97
4350.45
4324.96
4299.52
4274.11
4248.73
4223.37
4198.04
4172.72
4147.42
4122.13
4096.85
4071.59
4046.33
4021.08
3995.84
3970.6
3945.37
3920.14
3894.91
3869.69
3844.47
3819.25
3794.04
3768.82
3743.61
3718.4
3693.19
3667.99
3642.78
3617.57
3592.37
3567.16
3541.95
3516.74
3491.53
3466.32
3441.11
3415.9
3390.69
3365.48
3340.26
3315.05
3289.84
3264.63
3239.42
3214.21
3189
3163.78
3138.57
3113.36
3088.14
3062.93
3037.71
3012.49
2987.27
2962.06
2936.84
2911.62
2886.4
2861.19
2835.98
2810.77
2785.56
2760.36
2735.15
2709.95
2684.74
2659.53
2634.32
2609.1
2583.88
2558.65
2533.42
2508.18
2482.93
2457.69
2432.43
2407.18
2381.92
2356.66
2331.4
2306.14
2280.88
2255.61
2230.34
2205.07
2179.8
2154.52
2129.24
2103.96
2078.68
2053.39
2028.09
2002.79
1977.49
1952.19
1926.89
1901.58
1876.27
1850.96
1825.65
1800.35
1775.04
1749.73
1724.43
1699.13
1673.83
1648.53
1623.23
1597.94
1572.65
1547.36
1522.07
1496.78
1471.49
1446.2
1420.92
1395.63
1370.35
1345.06
1319.78
1294.5
1269.21
1243.93
1218.65
1193.37
1168.09
1142.81
1117.53
1092.25
1066.97
1041.69
1016.41
991.137
965.861
940.584
915.31
890.035
864.761
839.487
814.214
788.941
763.668
738.395
713.122
687.85
662.578
637.305
612.032
586.759
561.486
536.212
510.936
485.66
460.382
435.103
409.822
384.539
359.255
333.97
308.683
283.394
258.104
232.812
207.516
182.214
156.907
131.598
106.287
80.8509
55.0541
29.6138
9.06674
4999.91
4999.87
4999.9
4999.92
4999.91
4999.9
4999.9
4999.9
4999.9
4999.89
4999.89
4999.89
4999.88
4999.88
4999.88
4999.87
4999.87
4999.87
4999.87
4999.86
4999.86
4999.85
4999.85
4999.85
4999.84
4999.84
4999.84
4999.83
4999.83
4999.82
4999.82
4999.82
4999.81
4999.81
4999.8
4999.8
4999.79
4999.79
4999.79
4999.78
4999.78
4999.77
4999.77
4999.77
4999.76
4999.76
4999.75
4999.74
4999.71
4999.65
4999.44
4998.8
4996.79
4989.97
4972
4944.24
4914.66
4885.69
4857.05
4828.57
4800.35
4772.41
4744.76
4717.37
4690.21
4663.27
4636.53
4609.96
4583.56
4557.3
4531.17
4505.15
4479.23
4453.4
4427.65
4401.97
4376.34
4350.78
4325.26
4299.78
4274.34
4248.93
4223.55
4198.19
4172.86
4147.54
4122.24
4096.94
4071.67
4046.4
4021.15
3995.9
3970.66
3945.42
3920.18
3894.95
3869.72
3844.5
3819.28
3794.06
3768.84
3743.63
3718.42
3693.21
3668
3642.79
3617.58
3592.37
3567.16
3541.95
3516.74
3491.53
3466.32
3441.11
3415.9
3390.69
3365.48
3340.28
3315.07
3289.86
3264.65
3239.44
3214.22
3189.01
3163.79
3138.58
3113.36
3088.14
3062.92
3037.7
3012.49
2987.27
2962.05
2936.83
2911.62
2886.4
2861.19
2835.98
2810.77
2785.57
2760.36
2735.16
2709.95
2684.75
2659.54
2634.32
2609.1
2583.88
2558.65
2533.42
2508.18
2482.93
2457.69
2432.43
2407.18
2381.92
2356.66
2331.4
2306.14
2280.87
2255.61
2230.34
2205.07
2179.8
2154.52
2129.24
2103.96
2078.67
2053.38
2028.09
2002.79
1977.49
1952.19
1926.89
1901.58
1876.27
1850.96
1825.66
1800.35
1775.04
1749.74
1724.43
1699.13
1673.83
1648.53
1623.24
1597.94
1572.65
1547.36
1522.07
1496.78
1471.49
1446.2
1420.92
1395.63
1370.35
1345.06
1319.78
1294.5
1269.21
1243.93
1218.65
1193.37
1168.09
1142.81
1117.53
1092.25
1066.97
1041.69
1016.41
991.137
965.861
940.585
915.309
890.034
864.76
839.486
814.212
788.939
763.666
738.393
713.12
687.847
662.574
637.301
612.027
586.753
561.479
536.203
510.927
485.649
460.369
435.088
409.805
384.52
359.233
333.944
308.654
283.362
258.068
232.772
207.472
182.166
156.854
131.541
106.226
80.7845
54.9796
29.535
9.03132
4999.91
4999.87
4999.9
4999.92
4999.91
4999.9
4999.9
4999.9
4999.9
4999.89
4999.89
4999.89
4999.88
4999.88
4999.88
4999.87
4999.87
4999.87
4999.86
4999.86
4999.86
4999.85
4999.85
4999.85
4999.84
4999.84
4999.84
4999.83
4999.83
4999.82
4999.82
4999.82
4999.81
4999.81
4999.8
4999.8
4999.79
4999.79
4999.79
4999.78
4999.78
4999.77
4999.77
4999.77
4999.76
4999.76
4999.75
4999.74
4999.72
4999.65
4999.44
4998.82
4996.82
4990.17
4972.66
4945.2
4915.67
4886.7
4858.03
4829.52
4801.24
4773.24
4745.52
4718.07
4690.85
4663.85
4637.05
4610.43
4583.97
4557.67
4531.5
4505.44
4479.49
4453.63
4427.85
4402.15
4376.51
4350.92
4325.38
4299.89
4274.44
4249.02
4223.63
4198.26
4172.92
4147.59
4122.28
4096.98
4071.71
4046.43
4021.18
3995.93
3970.68
3945.44
3920.21
3894.98
3869.75
3844.52
3819.29
3794.07
3768.85
3743.64
3718.43
3693.21
3668
3642.79
3617.58
3592.37
3567.16
3541.95
3516.74
3491.53
3466.32
3441.11
3415.9
3390.7
3365.49
3340.29
3315.08
3289.87
3264.66
3239.45
3214.23
3189.02
3163.8
3138.58
3113.36
3088.14
3062.92
3037.7
3012.48
2987.26
2962.05
2936.83
2911.62
2886.4
2861.19
2835.98
2810.78
2785.57
2760.37
2735.16
2709.96
2684.75
2659.54
2634.32
2609.1
2583.88
2558.65
2533.42
2508.18
2482.93
2457.68
2432.43
2407.18
2381.92
2356.66
2331.4
2306.14
2280.87
2255.61
2230.34
2205.07
2179.8
2154.52
2129.24
2103.96
2078.67
2053.38
2028.09
2002.79
1977.49
1952.19
1926.88
1901.58
1876.27
1850.96
1825.66
1800.35
1775.04
1749.74
1724.43
1699.13
1673.83
1648.53
1623.24
1597.94
1572.65
1547.36
1522.07
1496.78
1471.49
1446.2
1420.92
1395.63
1370.35
1345.06
1319.78
1294.5
1269.21
1243.93
1218.65
1193.37
1168.09
1142.81
1117.53
1092.25
1066.97
1041.69
1016.41
991.136
965.86
940.584
915.309
890.034
864.76
839.486
814.212
788.939
763.666
738.392
713.119
687.846
662.573
637.299
612.026
586.751
561.476
536.201
510.923
485.645
460.365
435.083
409.799
384.513
359.225
333.936
308.644
283.351
258.056
232.759
207.457
182.15
156.836
131.522
106.205
80.7626
54.9552
29.5092
9.01965
4999.91
4999.87
4999.9
4999.92
4999.91
4999.9
4999.9
4999.9
4999.9
4999.89
4999.89
4999.89
4999.88
4999.88
4999.88
4999.87
4999.87
4999.87
4999.87
4999.86
4999.86
4999.85
4999.85
4999.85
4999.84
4999.84
4999.84
4999.83
4999.83
4999.82
4999.82
4999.82
4999.81
4999.81
4999.8
4999.8
4999.79
4999.79
4999.79
4999.78
4999.78
4999.77
4999.77
4999.77
4999.76
4999.76
4999.75
4999.74
4999.72
4999.65
4999.45
4998.83
4996.85
4990.3
4972.85
4945.31
4915.59
4886.48
4857.74
4829.19
4800.89
4772.89
4745.18
4717.74
4690.54
4663.56
4636.79
4610.2
4583.77
4557.49
4531.34
4505.31
4479.37
4453.53
4427.76
4402.07
4376.44
4350.86
4325.34
4299.85
4274.41
4248.99
4223.61
4198.24
4172.9
4147.57
4122.27
4096.97
4071.7
4046.43
4021.17
3995.93
3970.68
3945.45
3920.21
3894.98
3869.75
3844.52
3819.3
3794.08
3768.86
3743.64
3718.43
3693.22
3668.01
3642.8
3617.59
3592.38
3567.16
3541.95
3516.74
3491.53
3466.32
3441.11
3415.9
3390.7
3365.5
3340.29
3315.09
3289.88
3264.67
3239.45
3214.24
3189.02
3163.8
3138.57
3113.35
3088.13
3062.91
3037.69
3012.48
2987.26
2962.04
2936.83
2911.62
2886.41
2861.2
2835.99
2810.78
2785.58
2760.37
2735.16
2709.96
2684.75
2659.54
2634.32
2609.1
2583.88
2558.65
2533.41
2508.17
2482.93
2457.68
2432.43
2407.18
2381.92
2356.66
2331.4
2306.14
2280.87
2255.61
2230.34
2205.07
2179.79
2154.52
2129.24
2103.95
2078.67
2053.38
2028.08
2002.79
1977.49
1952.19
1926.88
1901.58
1876.27
1850.96
1825.66
1800.35
1775.04
1749.74
1724.43
1699.13
1673.83
1648.53
1623.24
1597.94
1572.65
1547.36
1522.07
1496.78
1471.49
1446.2
1420.92
1395.63
1370.35
1345.06
1319.78
1294.5
1269.21
1243.93
1218.65
1193.37
1168.09
1142.81
1117.53
1092.25
1066.97
1041.69
1016.41
991.136
965.86
940.585
915.309
890.035
864.761
839.488
814.214
788.94
763.667
738.394
713.121
687.848
662.575
637.301
612.028
586.754
561.479
536.204
510.927
485.649
460.369
435.088
409.805
384.52
359.233
333.944
308.654
283.362
258.069
232.772
207.472
182.167
156.854
131.541
106.226
80.7849
54.9798
29.5351
9.03142
4999.91
4999.87
4999.9
4999.92
4999.91
4999.9
4999.9
4999.9
4999.9
4999.89
4999.89
4999.89
4999.88
4999.88
4999.88
4999.88
4999.87
4999.87
4999.87
4999.86
4999.86
4999.85
4999.85
4999.85
4999.84
4999.84
4999.84
4999.83
4999.83
4999.82
4999.82
4999.81
4999.81
4999.81
4999.8
4999.8
4999.79
4999.79
4999.79
4999.78
4999.78
4999.77
4999.77
4999.77
4999.76
4999.76
4999.75
4999.74
4999.72
4999.65
4999.46
4998.84
4996.87
4990.32
4972.43
4944.35
4914.21
4884.88
4856.06
4827.49
4799.23
4771.3
4743.69
4716.36
4689.27
4662.42
4635.76
4609.27
4582.95
4556.76
4530.69
4504.74
4478.87
4453.09
4427.38
4401.74
4376.15
4350.62
4325.12
4299.67
4274.25
4248.85
4223.48
4198.14
4172.81
4147.5
4122.2
4096.92
4071.65
4046.39
4021.14
3995.9
3970.66
3945.43
3920.19
3894.96
3869.74
3844.51
3819.29
3794.07
3768.85
3743.64
3718.43
3693.22
3668.01
3642.8
3617.59
3592.37
3567.16
3541.95
3516.74
3491.52
3466.31
3441.11
3415.9
3390.7
3365.5
3340.3
3315.09
3289.88
3264.67
3239.46
3214.24
3189.02
3163.79
3138.57
3113.35
3088.13
3062.91
3037.69
3012.47
2987.26
2962.05
2936.84
2911.63
2886.42
2861.21
2836
2810.79
2785.58
2760.37
2735.17
2709.96
2684.74
2659.53
2634.31
2609.09
2583.87
2558.64
2533.41
2508.17
2482.93
2457.68
2432.43
2407.18
2381.92
2356.66
2331.4
2306.14
2280.87
2255.61
2230.34
2205.07
2179.79
2154.52
2129.23
2103.95
2078.66
2053.37
2028.08
2002.78
1977.48
1952.18
1926.88
1901.57
1876.27
1850.96
1825.65
1800.35
1775.04
1749.74
1724.43
1699.13
1673.83
1648.53
1623.24
1597.94
1572.65
1547.36
1522.07
1496.78
1471.49
1446.2
1420.92
1395.63
1370.35
1345.06
1319.78
1294.5
1269.21
1243.93
1218.65
1193.37
1168.09
1142.81
1117.53
1092.25
1066.97
1041.69
1016.41
991.137
965.861
940.586
915.311
890.036
864.763
839.49
814.216
788.943
763.67
738.397
713.124
687.852
662.579
637.307
612.034
586.761
561.487
536.213
510.937
485.66
460.382
435.103
409.822
384.54
359.255
333.97
308.683
283.395
258.105
232.812
207.517
182.215
156.908
131.599
106.288
80.8518
55.0545
29.6141
9.06688
4999.91
4999.87
4999.9
4999.92
4999.91
4999.9
4999.9
4999.9
4999.9
4999.89
4999.89
4999.89
4999.88
4999.88
4999.88
4999.88
4999.87
4999.87
4999.87
4999.86
4999.86
4999.86
4999.85
4999.85
4999.84
4999.84
4999.84
4999.83
4999.83
4999.82
4999.82
4999.81
4999.81
4999.81
4999.8
4999.8
4999.79
4999.79
4999.79
4999.78
4999.78
4999.77
4999.77
4999.76
4999.76
4999.75
4999.75
4999.74
4999.71
4999.65
4999.44
4998.81
4996.78
4990.01
4970.88
4941.7
4911.01
4881.5
4852.67
4824.2
4796.1
4768.38
4740.99
4713.89
4687.05
4660.41
4633.97
4607.68
4581.53
4555.51
4529.59
4503.76
4478.02
4452.34
4426.73
4401.17
4375.66
4350.19
4324.75
4299.35
4273.97
4248.61
4223.27
4197.96
4172.65
4147.36
4122.09
4096.82
4071.57
4046.32
4021.08
3995.84
3970.61
3945.38
3920.15
3894.93
3869.71
3844.49
3819.27
3794.06
3768.84
3743.63
3718.42
3693.22
3668.01
3642.8
3617.59
3592.37
3567.16
3541.94
3516.73
3491.52
3466.31
3441.1
3415.9
3390.7
3365.5
3340.29
3315.09
3289.88
3264.67
3239.45
3214.23
3189.01
3163.79
3138.56
3113.34
3088.12
3062.91
3037.69
3012.48
2987.27
2962.06
2936.85
2911.64
2886.43
2861.22
2836.01
2810.8
2785.58
2760.37
2735.16
2709.95
2684.74
2659.52
2634.31
2609.09
2583.86
2558.63
2533.4
2508.16
2482.92
2457.68
2432.43
2407.17
2381.92
2356.66
2331.4
2306.14
2280.87
2255.61
2230.34
2205.07
2179.79
2154.51
2129.23
2103.95
2078.66
2053.37
2028.08
2002.78
1977.48
1952.18
1926.88
1901.57
1876.27
1850.96
1825.65
1800.35
1775.04
1749.74
1724.43
1699.13
1673.83
1648.54
1623.24
1597.94
1572.65
1547.36
1522.07
1496.78
1471.49
1446.2
1420.92
1395.63
1370.35
1345.06
1319.78
1294.5
1269.21
1243.93
1218.65
1193.37
1168.09
1142.81
1117.53
1092.25
1066.97
1041.69
1016.41
991.138
965.862
940.587
915.312
890.038
864.765
839.492
814.219
788.946
763.674
738.402
713.13
687.858
662.586
637.315
612.043
586.771
561.499
536.227
510.953
485.679
460.403
435.127
409.85
384.571
359.291
334.011
308.729
283.447
258.163
232.878
207.59
182.296
156.996
131.696
106.393
80.9653
55.1823
29.7495
9.1266
4999.91
4999.87
4999.9
4999.92
4999.91
4999.9
4999.9
4999.9
4999.9
4999.89
4999.89
4999.89
4999.89
4999.88
4999.88
4999.88
4999.87
4999.87
4999.87
4999.86
4999.86
4999.86
4999.85
4999.85
4999.85
4999.84
4999.84
4999.83
4999.83
4999.82
4999.82
4999.81
4999.81
4999.81
4999.8
4999.8
4999.79
4999.79
4999.78
4999.78
4999.78
4999.77
4999.77
4999.76
4999.76
4999.75
4999.75
4999.73
4999.7
4999.62
4999.38
4998.66
4996.41
4988.69
4967.04
4936.13
4905.09
4875.68
4847.11
4818.98
4791.28
4763.99
4737.02
4710.33
4683.87
4657.59
4631.46
4605.47
4579.59
4553.8
4528.09
4502.45
4476.87
4451.34
4425.86
4400.41
4375
4349.61
4324.25
4298.91
4273.59
4248.28
4222.99
4197.71
4172.44
4147.18
4121.93
4096.69
4071.45
4046.22
4020.99
3995.76
3970.54
3945.31
3920.1
3894.88
3869.67
3844.45
3819.24
3794.04
3768.83
3743.62
3718.42
3693.21
3668
3642.79
3617.58
3592.37
3567.15
3541.94
3516.73
3491.51
3466.3
3441.1
3415.9
3390.69
3365.49
3340.29
3315.08
3289.87
3264.66
3239.44
3214.22
3189
3163.78
3138.56
3113.34
3088.12
3062.91
3037.69
3012.48
2987.27
2962.07
2936.86
2911.65
2886.43
2861.22
2836.01
2810.8
2785.59
2760.37
2735.16
2709.95
2684.73
2659.52
2634.3
2609.08
2583.85
2558.62
2533.39
2508.16
2482.92
2457.67
2432.42
2407.17
2381.92
2356.66
2331.4
2306.14
2280.88
2255.61
2230.34
2205.07
2179.79
2154.51
2129.23
2103.94
2078.66
2053.37
2028.07
2002.78
1977.48
1952.18
1926.87
1901.57
1876.27
1850.96
1825.65
1800.35
1775.04
1749.74
1724.44
1699.13
1673.83
1648.54
1623.24
1597.95
1572.65
1547.36
1522.07
1496.78
1471.49
1446.21
1420.92
1395.63
1370.35
1345.07
1319.78
1294.5
1269.21
1243.93
1218.65
1193.37
1168.09
1142.81
1117.53
1092.25
1066.97
1041.69
1016.42
991.139
965.864
940.589
915.315
890.041
864.767
839.495
814.222
788.95
763.678
738.407
713.136
687.866
662.595
637.325
612.055
586.784
561.514
536.244
510.973
485.702
460.43
435.158
409.886
384.613
359.339
334.065
308.791
283.517
258.243
232.968
207.69
182.408
157.12
131.831
106.54
81.1279
55.3677
29.9471
9.21149
4999.91
4999.87
4999.9
4999.92
4999.91
4999.9
4999.9
4999.9
4999.9
4999.89
4999.89
4999.89
4999.89
4999.88
4999.88
4999.88
4999.87
4999.87
4999.87
4999.86
4999.86
4999.86
4999.85
4999.85
4999.85
4999.84
4999.84
4999.83
4999.83
4999.82
4999.82
4999.81
4999.81
4999.8
4999.8
4999.8
4999.79
4999.79
4999.78
4999.78
4999.78
4999.77
4999.77
4999.76
4999.76
4999.75
4999.74
4999.72
4999.68
4999.55
4999.18
4998.15
4995.14
4984.51
4958.43
4925.85
4895.28
4866.68
4838.91
4811.57
4784.66
4758.11
4731.83
4705.75
4679.84
4654.06
4628.37
4602.77
4577.23
4551.74
4526.29
4500.88
4475.51
4450.16
4424.83
4399.52
4374.22
4348.94
4323.67
4298.4
4273.15
4247.9
4222.66
4197.43
4172.2
4146.97
4121.75
4096.53
4071.31
4046.09
4020.88
3995.66
3970.45
3945.24
3920.03
3894.82
3869.62
3844.42
3819.21
3794.01
3768.81
3743.61
3718.4
3693.2
3667.99
3642.78
3617.57
3592.36
3567.15
3541.93
3516.72
3491.51
3466.3
3441.09
3415.89
3390.69
3365.48
3340.28
3315.07
3289.86
3264.65
3239.43
3214.21
3188.99
3163.77
3138.56
3113.34
3088.12
3062.91
3037.7
3012.49
2987.28
2962.08
2936.87
2911.66
2886.44
2861.23
2836.02
2810.8
2785.59
2760.37
2735.15
2709.94
2684.72
2659.51
2634.29
2609.07
2583.84
2558.61
2533.38
2508.15
2482.91
2457.67
2432.42
2407.17
2381.92
2356.66
2331.4
2306.14
2280.88
2255.61
2230.34
2205.07
2179.79
2154.51
2129.23
2103.94
2078.65
2053.36
2028.07
2002.77
1977.47
1952.17
1926.87
1901.57
1876.26
1850.96
1825.65
1800.35
1775.04
1749.74
1724.44
1699.14
1673.84
1648.54
1623.24
1597.95
1572.65
1547.36
1522.07
1496.78
1471.49
1446.21
1420.92
1395.63
1370.35
1345.07
1319.78
1294.5
1269.22
1243.93
1218.65
1193.37
1168.09
1142.81
1117.53
1092.25
1066.97
1041.69
1016.42
991.141
965.865
940.591
915.317
890.043
864.77
839.498
814.226
788.955
763.684
738.413
713.143
687.874
662.605
637.336
612.067
586.799
561.531
536.264
510.996
485.729
460.461
435.194
409.927
384.66
359.394
334.129
308.865
283.601
258.339
233.077
207.814
182.547
157.276
132.005
106.733
81.3423
55.6157
30.2135
9.32258
4999.91
4999.87
4999.9
4999.92
4999.91
4999.9
4999.9
4999.9
4999.9
4999.9
4999.89
4999.89
4999.89
4999.88
4999.88
4999.88
4999.88
4999.87
4999.87
4999.87
4999.86
4999.86
4999.86
4999.85
4999.85
4999.84
4999.84
4999.83
4999.83
4999.82
4999.82
4999.81
4999.81
4999.8
4999.8
4999.79
4999.79
4999.79
4999.78
4999.78
4999.77
4999.77
4999.77
4999.76
4999.76
4999.75
4999.74
4999.71
4999.61
4999.36
4998.69
4996.77
4990.97
4972.79
4941.02
4909.09
4880.82
4854.12
4827.93
4802.02
4776.4
4750.96
4725.64
4700.4
4675.2
4650.04
4624.89
4599.75
4574.61
4549.47
4524.33
4499.18
4474.03
4448.88
4423.72
4398.55
4373.38
4348.21
4323.03
4297.85
4272.67
4247.49
4222.31
4197.12
4171.93
4146.74
4121.55
4096.35
4071.16
4045.96
4020.76
3995.56
3970.36
3945.16
3919.96
3894.77
3869.57
3844.38
3819.18
3793.98
3768.78
3743.59
3718.38
3693.18
3667.98
3642.77
3617.56
3592.35
3567.13
3541.92
3516.71
3491.5
3466.29
3441.09
3415.88
3390.68
3365.48
3340.27
3315.06
3289.85
3264.64
3239.42
3214.2
3188.99
3163.77
3138.55
3113.34
3088.13
3062.92
3037.71
3012.5
2987.3
2962.09
2936.88
2911.67
2886.45
2861.24
2836.02
2810.8
2785.58
2760.37
2735.15
2709.93
2684.71
2659.49
2634.28
2609.05
2583.83
2558.6
2533.38
2508.14
2482.91
2457.66
2432.42
2407.17
2381.92
2356.66
2331.41
2306.14
2280.88
2255.61
2230.34
2205.06
2179.79
2154.51
2129.22
2103.94
2078.65
2053.36
2028.06
2002.77
1977.47
1952.17
1926.87
1901.56
1876.26
1850.96
1825.65
1800.35
1775.04
1749.74
1724.44
1699.14
1673.84
1648.54
1623.24
1597.95
1572.66
1547.36
1522.07
1496.78
1471.49
1446.21
1420.92
1395.64
1370.35
1345.07
1319.78
1294.5
1269.22
1243.93
1218.65
1193.37
1168.09
1142.81
1117.53
1092.25
1066.97
1041.7
1016.42
991.143
965.867
940.593
915.319
890.046
864.773
839.502
814.23
788.959
763.689
738.419
713.15
687.882
662.614
637.346
612.08
586.814
561.549
536.284
511.02
485.756
460.493
435.231
409.97
384.711
359.453
334.198
308.944
283.694
258.446
233.2
207.955
182.709
157.461
132.214
106.967
81.6094
55.9309
30.5559
9.46111
4999.92
4999.88
4999.91
4999.92
4999.91
4999.91
4999.9
4999.9
4999.9
4999.9
4999.89
4999.89
4999.89
4999.89
4999.88
4999.88
4999.88
4999.87
4999.87
4999.87
4999.87
4999.86
4999.86
4999.85
4999.85
4999.85
4999.84
4999.84
4999.83
4999.82
4999.82
4999.81
4999.8
4999.8
4999.79
4999.79
4999.79
4999.78
4999.78
4999.78
4999.77
4999.77
4999.77
4999.76
4999.76
4999.75
4999.73
4999.67
4999.42
4998.65
4996.61
4991.5
4976.81
4943.81
4911.5
4886.13
4862.41
4838.75
4814.96
4791.13
4767.2
4743.16
4719
4694.73
4670.35
4645.88
4621.31
4596.67
4571.96
4547.18
4522.36
4497.48
4472.56
4447.6
4422.62
4397.6
4372.56
4347.5
4322.42
4297.32
4272.21
4247.09
4221.96
4196.82
4171.67
4146.52
4121.36
4096.19
4071.01
4045.83
4020.65
3995.46
3970.28
3945.09
3919.9
3894.72
3869.53
3844.34
3819.15
3793.95
3768.75
3743.56
3718.36
3693.16
3667.95
3642.75
3617.54
3592.33
3567.12
3541.91
3516.7
3491.5
3466.29
3441.08
3415.88
3390.68
3365.47
3340.26
3315.05
3289.84
3264.63
3239.41
3214.2
3188.98
3163.77
3138.55
3113.34
3088.13
3062.93
3037.72
3012.51
2987.31
2962.1
2936.89
2911.67
2886.46
2861.24
2836.02
2810.8
2785.58
2760.36
2735.14
2709.92
2684.7
2659.48
2634.26
2609.04
2583.82
2558.6
2533.37
2508.14
2482.9
2457.66
2432.42
2407.17
2381.92
2356.66
2331.41
2306.14
2280.88
2255.61
2230.34
2205.06
2179.79
2154.5
2129.22
2103.93
2078.65
2053.35
2028.06
2002.76
1977.47
1952.17
1926.86
1901.56
1876.26
1850.95
1825.65
1800.35
1775.04
1749.74
1724.44
1699.14
1673.84
1648.54
1623.25
1597.95
1572.66
1547.37
1522.07
1496.78
1471.5
1446.21
1420.92
1395.64
1370.35
1345.07
1319.78
1294.5
1269.22
1243.93
1218.65
1193.37
1168.09
1142.81
1117.53
1092.25
1066.98
1041.7
1016.42
991.144
965.869
940.594
915.321
890.048
864.776
839.505
814.234
788.963
763.693
738.424
713.156
687.889
662.622
637.356
612.091
586.827
561.564
536.301
511.04
485.78
460.521
435.265
410.011
384.759
359.51
334.264
309.023
283.786
258.555
233.328
208.105
182.885
157.665
132.451
107.239
81.9265
56.3154
30.9803
9.62832
4999.92
4999.88
4999.91
4999.92
4999.91
4999.91
4999.9
4999.9
4999.9
4999.9
4999.89
4999.89
4999.89
4999.89
4999.88
4999.88
4999.88
4999.88
4999.87
4999.87
4999.87
4999.87
4999.86
4999.86
4999.85
4999.85
4999.85
4999.84
4999.83
4999.82
4999.81
4999.8
4999.79
4999.79
4999.78
4999.78
4999.78
4999.78
4999.78
4999.78
4999.77
4999.77
4999.77
4999.77
4999.77
4999.76
4999.7
4999.45
4998.36
4994.45
4982.94
4956.53
4925.21
4899.89
4880.2
4862.55
4843.57
4823.3
4802.22
4780.55
4758.35
4735.72
4712.71
4689.4
4665.82
4642.01
4618
4593.84
4569.52
4545.09
4520.55
4495.93
4471.22
4446.45
4421.62
4396.74
4371.81
4346.85
4321.86
4296.84
4271.8
4246.73
4221.65
4196.55
4171.44
4146.31
4121.18
4096.03
4070.88
4045.72
4020.55
3995.38
3970.21
3945.03
3919.85
3894.67
3869.49
3844.3
3819.11
3793.92
3768.72
3743.52
3718.33
3693.13
3667.93
3642.72
3617.52
3592.32
3567.11
3541.9
3516.7
3491.49
3466.29
3441.08
3415.88
3390.67
3365.47
3340.26
3315.05
3289.83
3264.62
3239.4
3214.19
3188.98
3163.76
3138.55
3113.35
3088.14
3062.94
3037.73
3012.52
2987.32
2962.11
2936.89
2911.68
2886.46
2861.24
2836.02
2810.8
2785.58
2760.35
2735.13
2709.91
2684.69
2659.47
2634.25
2609.03
2583.81
2558.59
2533.36
2508.13
2482.9
2457.66
2432.42
2407.17
2381.92
2356.66
2331.41
2306.14
2280.88
2255.61
2230.34
2205.06
2179.78
2154.5
2129.22
2103.93
2078.64
2053.35
2028.06
2002.76
1977.46
1952.16
1926.86
1901.56
1876.26
1850.95
1825.65
1800.34
1775.04
1749.74
1724.44
1699.14
1673.84
1648.54
1623.25
1597.95
1572.66
1547.37
1522.08
1496.79
1471.5
1446.21
1420.92
1395.64
1370.35
1345.07
1319.79
1294.5
1269.22
1243.94
1218.65
1193.37
1168.09
1142.81
1117.53
1092.25
1066.98
1041.7
1016.42
991.145
965.87
940.596
915.323
890.051
864.779
839.507
814.236
788.965
763.696
738.428
713.16
687.894
662.628
637.363
612.099
586.836
561.575
536.314
511.055
485.798
460.543
435.291
410.042
384.797
359.556
334.32
309.09
283.868
258.653
233.447
208.249
183.058
157.873
132.699
107.534
82.2842
56.7651
31.4891
9.82526
4999.92
4999.88
4999.91
4999.92
4999.91
4999.91
4999.9
4999.9
4999.9
4999.9
4999.9
4999.89
4999.89
4999.89
4999.89
4999.88
4999.88
4999.88
4999.88
4999.87
4999.87
4999.87
4999.87
4999.86
4999.86
4999.86
4999.85
4999.85
4999.84
4999.82
4999.81
4999.8
4999.79
4999.78
4999.78
4999.78
4999.78
4999.78
4999.78
4999.78
4999.79
4999.79
4999.77
4999.7
4999.72
4999.59
4997.96
4992.65
4980.06
4959.09
4936.7
4905.94
4885.83
4873.64
4861.32
4846.56
4829.78
4811.61
4792.37
4772.22
4751.3
4729.74
4707.63
4685.07
4662.13
4638.86
4615.32
4591.54
4567.56
4543.4
4519.1
4494.68
4470.15
4445.53
4420.82
4396.05
4371.22
4346.34
4321.42
4296.46
4271.47
4246.45
4221.4
4196.34
4171.25
4146.15
4121.04
4095.92
4070.78
4045.63
4020.48
3995.32
3970.16
3944.99
3919.81
3894.64
3869.46
3844.27
3819.08
3793.89
3768.69
3743.49
3718.3
3693.1
3667.9
3642.7
3617.5
3592.3
3567.1
3541.9
3516.69
3491.49
3466.29
3441.08
3415.88
3390.67
3365.46
3340.25
3315.04
3289.83
3264.61
3239.4
3214.19
3188.97
3163.76
3138.56
3113.35
3088.15
3062.94
3037.74
3012.53
2987.32
2962.11
2936.9
2911.68
2886.46
2861.24
2836.02
2810.8
2785.57
2760.35
2735.13
2709.91
2684.69
2659.47
2634.25
2609.03
2583.8
2558.58
2533.35
2508.12
2482.89
2457.65
2432.41
2407.17
2381.92
2356.66
2331.4
2306.14
2280.88
2255.61
2230.33
2205.06
2179.78
2154.5
2129.21
2103.93
2078.64
2053.35
2028.05
2002.76
1977.46
1952.16
1926.86
1901.56
1876.25
1850.95
1825.65
1800.34
1775.04
1749.74
1724.44
1699.14
1673.84
1648.55
1623.25
1597.96
1572.66
1547.37
1522.08
1496.79
1471.5
1446.21
1420.92
1395.64
1370.36
1345.07
1319.79
1294.5
1269.22
1243.94
1218.66
1193.37
1168.09
1142.81
1117.53
1092.26
1066.98
1041.7
1016.42
991.147
965.872
940.598
915.324
890.052
864.779
839.508
814.236
788.966
763.697
738.429
713.162
687.896
662.631
637.366
612.102
586.84
561.579
536.32
511.063
485.807
460.555
435.305
410.059
384.818
359.583
334.354
309.134
283.923
258.724
233.537
208.363
183.203
158.058
132.933
107.827
82.6596
57.2649
32.0781
10.0528
4999.92
4999.88
4999.91
4999.92
4999.92
4999.91
4999.91
4999.9
4999.9
4999.9
4999.9
4999.89
4999.89
4999.89
4999.89
4999.88
4999.88
4999.88
4999.88
4999.88
4999.87
4999.87
4999.87
4999.87
4999.87
4999.87
4999.86
4999.86
4999.86
4999.85
4999.81
4999.79
4999.8
4999.81
4999.77
4999.76
4999.78
4999.78
4999.77
4999.77
4999.77
4999.74
4998.05
4989.99
4983.48
4983.17
4963.41
4925.64
4898.98
4887.71
4884.03
4879.35
4871.8
4862.33
4850.63
4836.84
4821.27
4804.27
4786.05
4766.79
4746.65
4725.76
4704.23
4682.16
4659.64
4636.74
4613.51
4589.98
4566.22
4542.25
4518.12
4493.83
4469.42
4444.9
4420.29
4395.59
4370.83
4346.01
4321.13
4296.21
4271.25
4246.26
4221.24
4196.2
4171.13
4146.05
4120.95
4095.84
4070.71
4045.58
4020.43
3995.28
3970.12
3944.96
3919.79
3894.61
3869.43
3844.24
3819.05
3793.86
3768.66
3743.47
3718.27
3693.08
3667.88
3642.69
3617.49
3592.29
3567.09
3541.89
3516.69
3491.49
3466.29
3441.08
3415.88
3390.67
3365.46
3340.25
3315.03
3289.82
3264.61
3239.4
3214.19
3188.98
3163.77
3138.56
3113.36
3088.15
3062.95
3037.74
3012.54
2987.33
2962.12
2936.9
2911.68
2886.46
2861.24
2836.02
2810.79
2785.57
2760.34
2735.12
2709.9
2684.68
2659.46
2634.24
2609.02
2583.8
2558.57
2533.35
2508.12
2482.89
2457.65
2432.41
2407.16
2381.91
2356.66
2331.4
2306.14
2280.87
2255.6
2230.33
2205.06
2179.78
2154.49
2129.21
2103.92
2078.63
2053.34
2028.05
2002.75
1977.45
1952.16
1926.85
1901.55
1876.25
1850.95
1825.65
1800.34
1775.04
1749.74
1724.44
1699.14
1673.84
1648.55
1623.25
1597.96
1572.66
1547.37
1522.08
1496.79
1471.5
1446.21
1420.93
1395.64
1370.36
1345.07
1319.79
1294.5
1269.22
1243.94
1218.66
1193.38
1168.1
1142.82
1117.54
1092.26
1066.98
1041.7
1016.42
991.147
965.872
940.598
915.324
890.051
864.779
839.507
814.236
788.966
763.697
738.429
713.162
687.896
662.63
637.365
612.101
586.838
561.577
536.318
511.06
485.805
460.552
435.303
410.058
384.818
359.584
334.359
309.143
283.939
258.749
233.576
208.422
183.29
158.184
133.11
108.072
83.0077
57.778
32.7304
10.3119
4999.92
4999.89
4999.91
4999.92
4999.92
4999.91
4999.91
4999.9
4999.9
4999.9
4999.9
4999.89
4999.89
4999.89
4999.89
4999.89
4999.88
4999.88
4999.88
4999.88
4999.88
4999.88
4999.88
4999.87
4999.87
4999.87
4999.87
4999.87
4999.87
4999.92
4999.94
4999.73
4999.81
4999.5
4997.55
4993.15
4997.67
5001.93
4993.02
4981.96
4973.43
4961.44
4940.79
4925.55
4918.28
4913.89
4907.63
4900.23
4894.91
4891.41
4887.45
4881.05
4872.15
4861.22
4848.68
4834.58
4819.02
4802.14
4784.1
4765.05
4745.11
4724.42
4703.07
4681.17
4658.79
4636
4612.87
4589.43
4565.75
4541.85
4517.77
4493.54
4469.17
4444.69
4420.1
4395.44
4370.7
4345.9
4321.04
4296.13
4271.18
4246.2
4221.19
4196.15
4171.09
4146.01
4120.92
4095.81
4070.69
4045.56
4020.42
3995.27
3970.11
3944.95
3919.78
3894.6
3869.42
3844.23
3819.04
3793.85
3768.65
3743.46
3718.26
3693.07
3667.87
3642.68
3617.48
3592.29
3567.09
3541.89
3516.69
3491.49
3466.29
3441.08
3415.87
3390.67
3365.46
3340.25
3315.03
3289.82
3264.61
3239.4
3214.19
3188.98
3163.77
3138.56
3113.36
3088.15
3062.95
3037.74
3012.54
2987.33
2962.11
2936.9
2911.68
2886.46
2861.24
2836.01
2810.79
2785.57
2760.34
2735.12
2709.9
2684.68
2659.46
2634.24
2609.02
2583.79
2558.57
2533.34
2508.11
2482.88
2457.64
2432.4
2407.16
2381.91
2356.65
2331.4
2306.13
2280.87
2255.6
2230.33
2205.05
2179.77
2154.49
2129.21
2103.92
2078.63
2053.34
2028.04
2002.75
1977.45
1952.15
1926.85
1901.55
1876.25
1850.95
1825.64
1800.34
1775.04
1749.74
1724.44
1699.14
1673.85
1648.55
1623.26
1597.96
1572.67
1547.37
1522.08
1496.79
1471.5
1446.22
1420.93
1395.64
1370.36
1345.07
1319.79
1294.51
1269.22
1243.94
1218.66
1193.38
1168.1
1142.82
1117.54
1092.26
1066.98
1041.7
1016.42
991.146
965.87
940.596
915.323
890.051
864.778
839.506
814.235
788.964
763.695
738.427
713.159
687.892
662.625
637.359
612.094
586.831
561.568
536.307
511.046
485.788
460.532
435.28
410.032
384.788
359.551
334.32
309.1
283.891
258.698
233.523
208.371
183.248
158.16
133.119
108.136
83.1757
58.1522
33.3376
10.5758
4999.93
4999.9
4999.92
4999.92
4999.92
4999.91
4999.91
4999.9
4999.9
4999.9
4999.9
4999.89
4999.89
4999.89
4999.89
4999.89
4999.88
4999.88
4999.88
4999.88
4999.88
4999.88
4999.88
4999.87
4999.87
4999.87
4999.87
4999.87
4999.87
5000.52
5027.26
5052.3
5052.25
5030.39
5010.72
5004.01
5002.12
4997.54
4987.22
4973.41
4958.72
4945.25
4935.62
4931.09
4929.37
4927.26
4922.91
4916.76
4910.05
4903.26
4895.85
4887.18
4876.97
4865.26
4852.05
4837.39
4821.37
4804.11
4785.75
4766.43
4746.27
4725.4
4703.9
4681.87
4659.38
4636.5
4613.29
4589.8
4566.06
4542.12
4518.01
4493.74
4469.35
4444.84
4420.24
4395.56
4370.8
4345.98
4321.11
4296.19
4271.24
4246.25
4221.23
4196.18
4171.12
4146.04
4120.94
4095.83
4070.71
4045.57
4020.43
3995.28
3970.12
3944.96
3919.78
3894.6
3869.42
3844.23
3819.04
3793.84
3768.65
3743.46
3718.26
3693.07
3667.87
3642.68
3617.48
3592.29
3567.09
3541.89
3516.69
3491.49
3466.28
3441.08
3415.87
3390.67
3365.46
3340.24
3315.03
3289.82
3264.61
3239.4
3214.19
3188.98
3163.77
3138.56
3113.36
3088.15
3062.95
3037.74
3012.53
2987.32
2962.11
2936.89
2911.68
2886.46
2861.23
2836.01
2810.79
2785.56
2760.34
2735.12
2709.9
2684.68
2659.46
2634.23
2609.01
2583.79
2558.57
2533.34
2508.11
2482.87
2457.64
2432.4
2407.15
2381.9
2356.65
2331.39
2306.13
2280.86
2255.59
2230.32
2205.04
2179.77
2154.48
2129.2
2103.91
2078.62
2053.33
2028.04
2002.74
1977.45
1952.15
1926.85
1901.55
1876.25
1850.95
1825.64
1800.34
1775.04
1749.74
1724.45
1699.15
1673.85
1648.55
1623.26
1597.96
1572.67
1547.38
1522.08
1496.79
1471.51
1446.22
1420.93
1395.65
1370.36
1345.08
1319.79
1294.51
1269.22
1243.94
1218.66
1193.38
1168.09
1142.82
1117.54
1092.26
1066.98
1041.7
1016.42
991.145
965.87
940.596
915.323
890.05
864.777
839.504
814.233
788.962
763.692
738.423
713.154
687.886
662.618
637.35
612.083
586.818
561.553
536.289
511.025
485.762
460.501
435.243
409.988
384.736
359.488
334.247
309.013
283.79
258.58
233.389
208.22
183.084
157.991
132.958
108.008
83.15
58.3624
33.8587
10.826
)
;

boundaryField
{
    inlet
    {
        type            fixedValue;
        value           uniform 5000;
    }
    outlet
    {
        type            fixedValue;
        value           uniform 0;
    }
    walls
    {
        type            zeroGradient;
    }
    frontAndBack
    {
        type            empty;
    }
}


// ************************************************************************* //
