/*--------------------------------*- C++ -*----------------------------------*\
| =========                 |                                                 |
| \\      /  F ield         | OpenFOAM: The Open Source CFD Toolbox           |
|  \\    /   O peration     | Version:  2406                                  |
|   \\  /    A nd           | Website:  www.openfoam.com                      |
|    \\/     M anipulation  |                                                 |
\*---------------------------------------------------------------------------*/
FoamFile
{
    version     2.0;
    format      ascii;
    arch        "LSB;label=32;scalar=64";
    class       volScalarField;
    location    "100";
    object      nut;
}
// * * * * * * * * * * * * * * * * * * * * * * * * * * * * * * * * * * * * * //

dimensions      [0 2 -1 0 0 0 0];

internalField   nonuniform List<scalar> 
5619
(
0.000117326
0.000120526
0.000124103
0.000127946
0.000132081
0.000136536
0.000141315
0.000146418
0.000151842
0.000157597
0.000163695
0.000170146
0.000176938
0.000184036
0.000191381
0.000198895
0.000206482
0.000214025
0.000221384
0.000228386
0.000234832
0.000240507
0.000245197
0.000248714
0.000250927
0.000251788
0.000251353
0.000249799
0.000247425
0.00024464
0.000241913
0.000239705
0.000238389
0.000238192
0.000239194
0.000241358
0.000244583
0.000248743
0.000253716
0.000259394
0.000265681
0.000272497
0.000279771
0.000287439
0.000295443
0.000303726
0.000312238
0.000320927
0.000329747
0.000338656
0.000347611
0.000356577
0.000365519
0.000374402
0.000383193
0.000391859
0.000400363
0.000408664
0.000416717
0.000424471
0.00043187
0.00043885
0.000445344
0.000451283
0.000456595
0.00046121
0.000465064
0.000468102
0.000470285
0.00047159
0.000472018
0.0004716
0.000470389
0.000468289
0.00046533
0.000461575
0.000457088
0.000451948
0.000446248
0.000440099
0.000433629
0.000426975
0.000420286
0.000413712
0.000407397
0.000401473
0.00039605
0.000391209
0.000386996
0.000383428
0.000380489
0.000378138
0.000376315
0.000374947
0.000373954
0.000373257
0.000372789
0.000372487
0.000372285
0.000372115
0.000371911
0.000371715
0.000371466
0.00037108
0.000370447
0.000369455
0.000368024
0.000366132
0.000363833
0.000361244
0.000358509
0.000355748
0.000353013
0.000350266
0.000347396
0.000344242
0.000340634
0.000336429
0.00033153
0.000325904
0.000319574
0.000312604
0.000305071
0.000297046
0.000288583
0.000279735
0.000270585
0.000261278
0.000252034
0.000242251
0.000231907
0.00022098
0.000209452
0.000197307
0.000184541
0.000171162
0.000157206
0.000142754
0.000127955
0.000113055
9.84386e-05
8.46585e-05
7.24236e-05
6.247e-05
5.52592e-05
5.06363e-05
4.78496e-05
4.60442e-05
4.46662e-05
4.34581e-05
4.23083e-05
4.11587e-05
3.99704e-05
3.87141e-05
3.73701e-05
3.59287e-05
3.43926e-05
3.27774e-05
3.11128e-05
2.94407e-05
2.7811e-05
2.62731e-05
2.48665e-05
2.36146e-05
2.25257e-05
2.1599e-05
2.08291e-05
2.02077e-05
1.97225e-05
1.93562e-05
1.90881e-05
1.88982e-05
1.87687e-05
1.86858e-05
1.86387e-05
1.86203e-05
1.86264e-05
1.86607e-05
1.87247e-05
1.88304e-05
1.90006e-05
1.92651e-05
1.96496e-05
2.01488e-05
2.06659e-05
2.08467e-05
1.95834e-05
0.00104617
0.00107888
0.00111811
0.00115964
0.00120384
0.00125105
0.00130151
0.00135523
0.00141213
0.00147221
0.0015356
0.00160251
0.001673
0.00174684
0.00182344
0.00190195
0.0019813
0.00206019
0.00213706
0.00220999
0.00227665
0.00233439
0.00238041
0.00241206
0.00242722
0.00242453
0.00240366
0.00236532
0.00231141
0.00224509
0.00217085
0.00209429
0.00202127
0.00195687
0.00190448
0.00186563
0.00184032
0.00182762
0.0018263
0.00183507
0.0018528
0.00187853
0.00191147
0.00195093
0.00199631
0.00204705
0.00210261
0.00216244
0.002226
0.00229274
0.00236215
0.00243372
0.00250701
0.00258163
0.00265726
0.00273365
0.00281063
0.00288805
0.00296582
0.00304389
0.0031222
0.00320064
0.00327902
0.00335711
0.00343458
0.00351099
0.00358574
0.00365798
0.00372674
0.00379085
0.0038489
0.00389953
0.0039399
0.00396779
0.00398649
0.00399557
0.00399437
0.00398221
0.00395851
0.0039229
0.00387525
0.00381581
0.00374529
0.00366492
0.00357648
0.00348226
0.00338494
0.00328743
0.00319264
0.00310322
0.00302139
0.00294877
0.00288633
0.00283439
0.00279271
0.00275977
0.00273465
0.00271706
0.00270687
0.00270399
0.0027079
0.00271832
0.0027348
0.00275629
0.00278118
0.0028073
0.00283218
0.00285371
0.00287082
0.00288395
0.00289488
0.0029062
0.00292035
0.0029389
0.00296217
0.00298922
0.00301815
0.00304652
0.00307186
0.00309205
0.00310576
0.00311257
0.00311286
0.00310732
0.00309631
0.00307942
0.00305537
0.00302266
0.00297975
0.00292683
0.00286456
0.0027929
0.00271162
0.00262023
0.00251804
0.00240409
0.00227718
0.00213588
0.00197852
0.00180339
0.00160909
0.00139569
0.00116676
0.000932232
0.000709964
0.00052179
0.00038268
0.00029184
0.000236436
0.000202288
0.000179687
0.000163311
0.000150424
0.0001395
0.000129523
0.000119712
0.000109467
9.83851e-05
8.63266e-05
7.34874e-05
6.04463e-05
4.81312e-05
3.76478e-05
2.99485e-05
2.54587e-05
2.39336e-05
2.4659e-05
2.67926e-05
2.9613e-05
3.2577e-05
3.52872e-05
3.74787e-05
3.90174e-05
3.98751e-05
4.00805e-05
3.9669e-05
3.86502e-05
3.70926e-05
3.51392e-05
3.2791e-05
3.00882e-05
2.7208e-05
2.45122e-05
2.25532e-05
2.21283e-05
2.48026e-05
3.63037e-05
0.0026673
0.00274164
0.00283145
0.00292628
0.00302699
0.00313454
0.00324953
0.00337189
0.0035014
0.00363804
0.00378228
0.00393486
0.00409622
0.00426609
0.00444339
0.00462636
0.00481276
0.00499988
0.00518437
0.00536192
0.00552709
0.00567329
0.00579317
0.00587921
0.00592455
0.00592375
0.0058735
0.00577328
0.00562606
0.00543922
0.00522502
0.00499964
0.0047804
0.00458213
0.00441452
0.00428155
0.00418282
0.00411543
0.00407558
0.00405954
0.00406409
0.00408655
0.00412475
0.0041769
0.00424147
0.00431709
0.00440251
0.0044965
0.00459791
0.00470562
0.00481858
0.0049358
0.00505645
0.00517978
0.0053052
0.00543226
0.00556062
0.00569002
0.00582028
0.00595133
0.00608303
0.00621513
0.00634726
0.00647893
0.00660951
0.00673812
0.00686356
0.00698445
0.00709934
0.00720686
0.00730351
0.00738551
0.00745175
0.00750366
0.00754078
0.00756192
0.00756581
0.00755128
0.00751743
0.00746368
0.0073899
0.0072965
0.00718448
0.00705548
0.0069118
0.00675637
0.00659264
0.00642447
0.00625594
0.00609115
0.00593395
0.00578772
0.00565516
0.00553815
0.00543506
0.00534703
0.0052748
0.00521807
0.00517601
0.00514722
0.00513014
0.00512791
0.00514045
0.00516509
0.00519906
0.00523893
0.00528065
0.00532041
0.00535592
0.00538727
0.00541706
0.00544952
0.00548912
0.00553917
0.005601
0.00567373
0.00575452
0.00583908
0.00592228
0.00599884
0.00606403
0.00611428
0.00614759
0.00616341
0.00616224
0.00614495
0.00611219
0.00606411
0.00599792
0.00591273
0.00580931
0.00568744
0.00554629
0.00538441
0.00519983
0.00499001
0.00475201
0.00448274
0.00417928
0.00383958
0.00346352
0.00305444
0.0026212
0.00217999
0.00175463
0.00137331
0.00106119
0.000830688
0.000676081
0.000578059
0.000515064
0.000471284
0.000437596
0.000409176
0.000383275
0.000358038
0.000332091
0.000304456
0.000274596
0.000242484
0.000208631
0.000174024
0.000139961
0.000107885
7.96028e-05
5.78574e-05
4.48571e-05
3.93919e-05
3.8378e-05
3.9496e-05
4.14508e-05
4.34869e-05
4.51349e-05
4.6138e-05
4.64156e-05
4.60212e-05
4.51014e-05
4.3981e-05
4.2994e-05
4.23719e-05
4.23995e-05
4.34493e-05
4.60437e-05
5.10402e-05
6.02099e-05
7.81214e-05
0.000121797
0.00453953
0.00465586
0.00479619
0.00494438
0.00510168
0.00526972
0.00544945
0.00564072
0.00584312
0.00605671
0.00628241
0.00652164
0.00677534
0.00704327
0.00732381
0.00761428
0.00791121
0.00821033
0.00850624
0.00879185
0.00905801
0.0092934
0.00948507
0.00961938
0.00968339
0.00966649
0.0095619
0.00936826
0.00909134
0.00874537
0.0083533
0.0079442
0.00754796
0.00718917
0.00688316
0.00663555
0.00644467
0.00630483
0.00620909
0.00615076
0.00612414
0.00612457
0.00614835
0.00619251
0.00625458
0.00633243
0.00642415
0.00652797
0.00664222
0.0067653
0.00689571
0.00703204
0.00717302
0.00731754
0.00746465
0.00761359
0.00776376
0.00791455
0.00806552
0.00821634
0.00836674
0.00851635
0.00866468
0.00881119
0.00895525
0.00909615
0.00923145
0.00935914
0.0094771
0.00958284
0.00967607
0.00975681
0.00982452
0.00987857
0.00991797
0.00994161
0.0099484
0.0099374
0.00990786
0.00985923
0.00979124
0.00970389
0.00959749
0.00947267
0.0093304
0.00917202
0.00899929
0.0088144
0.00861997
0.00841911
0.00821531
0.00801242
0.00781355
0.00761973
0.00743599
0.00726602
0.00711263
0.00697793
0.00686332
0.00676936
0.00669419
0.00663765
0.00660328
0.00659133
0.00659931
0.00662384
0.00666024
0.00670303
0.0067475
0.00679127
0.00683492
0.00688142
0.00693476
0.00699839
0.00707401
0.00716114
0.00725712
0.00735746
0.00745642
0.00754772
0.00762541
0.00768471
0.00772284
0.00773925
0.00773533
0.00771355
0.00767642
0.00762554
0.00755781
0.00747112
0.00736548
0.00724005
0.00709333
0.00692315
0.00672667
0.00650042
0.00624045
0.00594262
0.0056031
0.00521904
0.00478949
0.0043166
0.00380695
0.00327296
0.00273397
0.00221619
0.00175047
0.00136594
0.00107948
0.000886836
0.000765082
0.000686554
0.000630651
0.000585738
0.000545867
0.000507802
0.0004696
0.000430169
0.000389174
0.000347011
0.000304728
0.000263798
0.000225713
0.000191366
0.000160337
0.000131078
0.000104305
8.47606e-05
7.39909e-05
6.91145e-05
6.73978e-05
6.7297e-05
6.79953e-05
6.90774e-05
7.03816e-05
7.1915e-05
7.37847e-05
7.64578e-05
8.02723e-05
8.54631e-05
9.23407e-05
0.000101338
0.00011316
0.000129175
0.000152359
0.000189884
0.000263034
0.00647402
0.00663129
0.00682013
0.00701974
0.00723156
0.0074578
0.00769968
0.00795693
0.00822908
0.00851631
0.00882008
0.00914246
0.00948484
0.00984695
0.0102267
0.0106204
0.0110234
0.0114297
0.0118318
0.0122197
0.0125805
0.0128979
0.0131535
0.0133272
0.0134003
0.0133571
0.0131882
0.0128924
0.0124792
0.0119703
0.0113985
0.0108041
0.0102274
0.00970194
0.00924834
0.0088744
0.00857779
0.00835046
0.00818239
0.00806384
0.00798645
0.00794345
0.00792952
0.00794044
0.00797287
0.008024
0.00809142
0.00817295
0.00826653
0.00837023
0.00848217
0.00860058
0.00872385
0.00885043
0.00897886
0.0091082
0.00923787
0.00936716
0.00949539
0.0096219
0.00974569
0.00986627
0.00998306
0.0100954
0.0102022
0.0103022
0.0103964
0.0104848
0.0105671
0.0106427
0.0107117
0.0107737
0.0108285
0.0108754
0.0109138
0.0109429
0.0109618
0.0109699
0.0109663
0.0109502
0.0109209
0.0108773
0.0108187
0.0107438
0.0106518
0.0105415
0.010412
0.0102625
0.0100926
0.00990246
0.00969275
0.00946428
0.0092188
0.00896172
0.00869806
0.008433
0.0081721
0.00792135
0.00768692
0.00747474
0.00728512
0.00712032
0.00698638
0.00688457
0.00681936
0.00679125
0.00679573
0.00682449
0.00686787
0.00691781
0.00696969
0.00702256
0.00707796
0.00713826
0.00720525
0.00727933
0.00735924
0.00744221
0.00752425
0.00760074
0.00766701
0.00771918
0.0077549
0.00777387
0.00777781
0.00776958
0.00775202
0.00772676
0.00769137
0.00764398
0.00758374
0.00750916
0.00741818
0.00730813
0.00717563
0.00701651
0.00682592
0.00659847
0.00632866
0.00601136
0.00564259
0.00522039
0.00474587
0.00422435
0.0036667
0.00309064
0.00252208
0.00199493
0.00154653
0.00120523
0.000974583
0.000830252
0.000737594
0.000670387
0.000614483
0.000563322
0.000514096
0.000465959
0.000419234
0.000374965
0.000334553
0.000299376
0.000270347
0.000247299
0.000228046
0.000208117
0.000184851
0.000162932
0.00014782
0.000139339
0.000135262
0.000133947
0.000134487
0.000136419
0.000139519
0.00014369
0.000148905
0.00015562
0.000164013
0.000174163
0.000186305
0.000200917
0.00021889
0.000241834
0.000272635
0.000316372
0.000381118
0.00836128
0.00855756
0.00879182
0.00903984
0.00930291
0.00958362
0.00988337
0.0102018
0.0105384
0.0108937
0.0112695
0.0116684
0.0120923
0.0125408
0.0130113
0.0134994
0.0139992
0.0145032
0.015002
0.0154829
0.0159296
0.0163219
0.0166362
0.0168474
0.0169312
0.016868
0.016646
0.0162641
0.0157347
0.0150842
0.0143516
0.0135847
0.012832
0.012135
0.0115214
0.0110032
0.0105797
0.0102416
0.00997646
0.00977139
0.00961507
0.00949818
0.0094134
0.00935504
0.00931872
0.00930097
0.00929895
0.00931022
0.0093326
0.00936401
0.00940248
0.00944603
0.00949336
0.00954357
0.00959452
0.00964372
0.00969143
0.00973696
0.00977943
0.00981796
0.00985403
0.00988848
0.0099215
0.00995341
0.00998461
0.0100157
0.0100474
0.0100805
0.0101155
0.0101527
0.0101922
0.0102342
0.0102784
0.0103243
0.0103715
0.010419
0.0104661
0.0105116
0.0105543
0.0105929
0.0106257
0.0106509
0.0106663
0.0106697
0.0106581
0.0106287
0.0105782
0.0105028
0.0103991
0.0102632
0.0100919
0.00988519
0.00964566
0.00937516
0.00907591
0.00875121
0.00840607
0.00804779
0.00768617
0.00733331
0.00699205
0.00667047
0.00638821
0.00615184
0.00597256
0.0058635
0.00582171
0.00583266
0.00587671
0.0059358
0.00599752
0.00605574
0.00610888
0.00615761
0.00620304
0.00624583
0.00628595
0.0063229
0.006356
0.00638455
0.00640791
0.00642548
0.00643696
0.00644299
0.00644574
0.00644846
0.00645395
0.00646304
0.00647432
0.00648627
0.00649697
0.00650422
0.0065055
0.00649789
0.00647783
0.00644089
0.00638155
0.00629357
0.00617002
0.00600355
0.00578691
0.00551363
0.00517894
0.00478067
0.00432038
0.00380463
0.00324681
0.00266995
0.00210956
0.00161188
0.0012205
0.000952223
0.000785475
0.000680295
0.000605291
0.000544247
0.000490824
0.00044347
0.000402536
0.000368846
0.000343079
0.000325384
0.00031485
0.00030865
0.000301458
0.000287847
0.00026859
0.000250689
0.000238595
0.000231979
0.000229193
0.000228985
0.000230622
0.000233708
0.000238039
0.000243515
0.000250094
0.000258119
0.000267706
0.000278929
0.000292002
0.000307317
0.000325476
0.000347308
0.000373766
0.00040536
0.000440262
0.0101121
0.0103438
0.0106188
0.0109104
0.0112194
0.0115487
0.0118996
0.0122716
0.0126644
0.0130786
0.0135166
0.0139814
0.014475
0.0149971
0.0155447
0.0161127
0.0166945
0.0172815
0.0178627
0.0184235
0.0189452
0.0194048
0.0197755
0.0200279
0.020134
0.0200703
0.0198228
0.0193895
0.018783
0.0180302
0.0171717
0.0162575
0.015341
0.014471
0.0136838
0.0129992
0.0124213
0.0119425
0.0115489
0.0112249
0.0109558
0.0107289
0.0105341
0.0103633
0.0102106
0.0100712
0.00994167
0.00981928
0.00970175
0.009587
0.00947335
0.00935818
0.00923794
0.00911731
0.00899853
0.00888481
0.00878091
0.00868725
0.0086034
0.00852873
0.00846289
0.00840559
0.00835687
0.00831722
0.00828743
0.00826849
0.00826135
0.00826673
0.00828509
0.00831653
0.00836081
0.00841735
0.00848525
0.00856329
0.00865002
0.00874378
0.00884277
0.00894507
0.00904867
0.00915148
0.00925131
0.00934583
0.0094325
0.00950852
0.00957074
0.00961559
0.00963899
0.00963632
0.0096024
0.00953146
0.00942085
0.00927288
0.00908742
0.00886338
0.00859971
0.00829627
0.00795479
0.00757987
0.00718003
0.00676839
0.00634728
0.00592821
0.00554289
0.00520631
0.00492615
0.00473607
0.00464441
0.0046337
0.00467277
0.00473175
0.00479075
0.00484037
0.004878
0.00490419
0.00492039
0.00492805
0.00492837
0.00492235
0.0049109
0.00489492
0.00487512
0.00485141
0.00482231
0.00478515
0.00473874
0.00468699
0.00463867
0.00460335
0.00458634
0.00458684
0.00460445
0.00463794
0.00468542
0.00474443
0.00481192
0.00488437
0.00495436
0.00501486
0.0050583
0.00507569
0.00505696
0.0049916
0.00486945
0.00468154
0.00442099
0.0040838
0.00366976
0.00318439
0.00264564
0.00208916
0.00157152
0.00115792
0.000883148
0.000724313
0.000631916
0.000569596
0.000520873
0.000481182
0.000450207
0.000427988
0.000413692
0.000405243
0.00039901
0.000390367
0.000376278
0.000358317
0.00034144
0.000329241
0.000322102
0.000318834
0.000318219
0.000319422
0.000321948
0.000325519
0.000329996
0.000335317
0.000341421
0.000348585
0.000356836
0.000366201
0.000376746
0.000388564
0.000401726
0.000416193
0.000431632
0.000447094
0.000460658
0.0116427
0.0119037
0.0122126
0.0125407
0.0128879
0.0132568
0.0136489
0.0140635
0.0145003
0.0149602
0.0154459
0.0159607
0.0165066
0.0170834
0.017688
0.018315
0.0189574
0.0196061
0.0202494
0.0208716
0.0214527
0.021969
0.0223918
0.0226901
0.022833
0.0227944
0.0225577
0.0221189
0.0214882
0.0206894
0.0197588
0.018743
0.0176949
0.0166675
0.0157058
0.0148402
0.0140841
0.0134358
0.0128834
0.0124104
0.0119988
0.0116323
0.0112966
0.0109801
0.0106736
0.0103698
0.010063
0.00974846
0.0094224
0.00908057
0.00871904
0.00834454
0.00796741
0.0076057
0.00726852
0.00696397
0.00669829
0.00647426
0.00629167
0.00614788
0.00603867
0.00595954
0.00590681
0.0058781
0.00587211
0.0058881
0.00592539
0.0059831
0.00605995
0.00615425
0.00626399
0.00638685
0.00652035
0.00666195
0.00680912
0.00695943
0.00711059
0.00726048
0.00740714
0.00754873
0.00768346
0.00780956
0.00792516
0.00802822
0.0081165
0.00818744
0.00823815
0.00826535
0.00826539
0.00823447
0.00817445
0.0080864
0.00796904
0.00782012
0.00763738
0.00741935
0.00716613
0.00688029
0.00656781
0.00623855
0.00589252
0.00553584
0.00518924
0.00485698
0.00453176
0.00425015
0.00406593
0.00399198
0.00399723
0.00404116
0.0040973
0.00415461
0.00421026
0.00426352
0.00431288
0.00435549
0.00438765
0.00440583
0.00440772
0.00439321
0.00436481
0.00432705
0.00428418
0.00423624
0.00417534
0.0040974
0.00400474
0.00390628
0.0038103
0.00371561
0.00362537
0.00354312
0.00347257
0.00341763
0.00338222
0.00337013
0.00338437
0.00342626
0.00349413
0.00358209
0.00367944
0.00377141
0.00384077
0.00386988
0.00384232
0.00374408
0.00356318
0.00328703
0.00291393
0.00245653
0.00194526
0.00144241
0.00104339
0.000822896
0.000750669
0.000730595
0.000703757
0.000664078
0.000620778
0.000580347
0.000544387
0.000511841
0.000481468
0.000453384
0.000429121
0.000410304
0.000397389
0.000389597
0.000385632
0.000384295
0.000384709
0.000386297
0.000388714
0.00039176
0.000395328
0.000399334
0.000403808
0.000408826
0.00041436
0.000420373
0.00042682
0.000433629
0.000440682
0.00044778
0.000454618
0.000460779
0.000465842
0.0128915
0.0131737
0.0135085
0.0138643
0.0142398
0.0146375
0.0150584
0.015502
0.0159679
0.0164572
0.0169728
0.0175181
0.0180951
0.0187035
0.0193404
0.0200006
0.0206771
0.0213611
0.0220408
0.0227006
0.0233201
0.0238759
0.0243406
0.024683
0.0248719
0.0248798
0.0246884
0.0242913
0.0236951
0.0229172
0.0219857
0.0209379
0.0198195
0.0186819
0.0175749
0.0165393
0.0156011
0.0147695
0.0140404
0.0134003
0.0128317
0.0123159
0.0118357
0.0113758
0.0109235
0.0104686
0.0100027
0.00951904
0.00900949
0.00846182
0.00787318
0.00727096
0.00667139
0.00609299
0.00555237
0.00506646
0.00465217
0.00432396
0.00409004
0.00394871
0.00388788
0.00388944
0.00393581
0.00401373
0.00411438
0.004232
0.0043625
0.00450264
0.00464968
0.0048012
0.00495507
0.00510945
0.00526276
0.00541369
0.00556112
0.00570409
0.0058418
0.00597353
0.00609861
0.00621638
0.0063262
0.00642736
0.00651909
0.00660053
0.00667071
0.00672852
0.00677268
0.00680176
0.00681412
0.00680826
0.00678547
0.00674496
0.00668507
0.0066039
0.00649982
0.00637182
0.00621996
0.0060458
0.0058526
0.00564508
0.00541946
0.00517103
0.00490144
0.00461005
0.004314
0.00406362
0.003914
0.00387448
0.00391467
0.00399784
0.00409983
0.0042087
0.00431816
0.00442287
0.00451655
0.00459197
0.00464168
0.00465922
0.00464074
0.00458689
0.00450443
0.00440693
0.00431337
0.00424099
0.00419235
0.00415492
0.0041123
0.004058
0.00399408
0.00391685
0.00382677
0.00372561
0.00361585
0.00350024
0.0033817
0.00326325
0.00314819
0.00304032
0.00294419
0.00286484
0.00280612
0.00277017
0.00275752
0.00276509
0.0027844
0.00280085
0.00279476
0.00274444
0.00262735
0.00242087
0.00210969
0.00170686
0.00128359
0.000952091
0.000823662
0.000853127
0.000880603
0.000847658
0.000777774
0.000700513
0.000630875
0.000572631
0.000525774
0.000489748
0.000463642
0.000445951
0.000434807
0.000428391
0.000425198
0.000424108
0.000424353
0.000425419
0.000427004
0.000428938
0.000431122
0.000433531
0.00043616
0.000438986
0.000441981
0.000445108
0.000448331
0.000451603
0.000454868
0.000458067
0.00046114
0.000464056
0.000466849
0.0138536
0.0141495
0.0145036
0.0148794
0.0152748
0.0156916
0.0161307
0.0165914
0.0170735
0.0175781
0.0181082
0.018667
0.0192566
0.0198767
0.0205245
0.021195
0.0218818
0.0225767
0.0232687
0.0239429
0.0245778
0.0251519
0.0256406
0.026015
0.0262458
0.0263067
0.0261793
0.0258567
0.0253416
0.0246445
0.0237826
0.0227806
0.0216721
0.0205
0.0193128
0.0181568
0.0170688
0.016071
0.0151715
0.0143661
0.0136434
0.0129878
0.0123835
0.0118163
0.0112748
0.0107512
0.0102404
0.00973506
0.00920246
0.00862879
0.00802751
0.00741223
0.00678948
0.00616148
0.00553089
0.00490793
0.00431542
0.00379413
0.00339491
0.00315405
0.00306769
0.00309428
0.00318414
0.00330159
0.00342732
0.00355261
0.0036741
0.00379087
0.00390293
0.00401041
0.00411342
0.00421211
0.00430661
0.00439707
0.00448361
0.00456632
0.00464528
0.00472051
0.004792
0.00485965
0.00492332
0.0049828
0.00503777
0.00508786
0.00513259
0.0051714
0.00520362
0.00522851
0.00524522
0.00525279
0.00524994
0.00523585
0.00520976
0.00517094
0.00511883
0.0050531
0.00497368
0.00488074
0.00477466
0.00465606
0.00452188
0.00436916
0.00420777
0.00405881
0.0039529
0.00391717
0.00395335
0.0040446
0.00417029
0.0043144
0.00446697
0.00462157
0.00477234
0.00491218
0.00503205
0.00512127
0.00516829
0.00516225
0.00509547
0.00496716
0.00478666
0.00457645
0.00437382
0.0042235
0.0041484
0.00413184
0.00414258
0.00415574
0.00416181
0.00415217
0.00412226
0.0040707
0.0039984
0.0039076
0.00380128
0.00368275
0.00355555
0.00342363
0.00329113
0.00315922
0.0030291
0.00290424
0.00278845
0.00268543
0.00259789
0.0025261
0.00246603
0.00240748
0.00233253
0.00221502
0.00202432
0.00173866
0.00138652
0.00108024
0.000932758
0.00093961
0.000976417
0.000953282
0.000870027
0.000767898
0.00067703
0.000605246
0.000550945
0.000511303
0.000483688
0.000465487
0.000454198
0.000447677
0.000444271
0.000442802
0.000442493
0.00044288
0.00044368
0.000444729
0.000445939
0.000447264
0.000448681
0.000450178
0.000451744
0.000453375
0.000455066
0.000456817
0.000458632
0.000460523
0.000462515
0.000464651
0.000467002
0.0145779
0.0148849
0.0152562
0.0156493
0.0160614
0.016494
0.0169476
0.0174216
0.0179159
0.0184316
0.0189715
0.0195388
0.0201355
0.0207615
0.0214138
0.022088
0.0227777
0.0234755
0.0241712
0.0248506
0.0254899
0.0260691
0.026567
0.0269579
0.0272163
0.0273188
0.0272505
0.0270058
0.0265852
0.0259934
0.0252382
0.0243325
0.0232975
0.0221657
0.0209784
0.0197809
0.0186138
0.0175084
0.0164831
0.0155453
0.0146929
0.0139188
0.0132136
0.0125687
0.0119776
0.0114371
0.0109438
0.0104804
0.0100047
0.00952421
0.0090394
0.00854915
0.0080431
0.0074966
0.00687957
0.00617209
0.0053704
0.00451716
0.0037145
0.00310351
0.00276847
0.00266476
0.00268579
0.00275168
0.00282366
0.00288674
0.00293624
0.00297262
0.00300127
0.00302442
0.0030432
0.00305832
0.00307036
0.00307978
0.00308697
0.00309226
0.00309593
0.0030982
0.00309925
0.00309923
0.00309827
0.00309649
0.00309397
0.00309086
0.00308729
0.00308345
0.00307954
0.00307782
0.00307943
0.00308505
0.00309527
0.00310932
0.00312654
0.00314655
0.00316914
0.00319428
0.00322221
0.00325369
0.00329023
0.00333444
0.00339149
0.00346707
0.0035657
0.00369196
0.00384694
0.00402494
0.00421644
0.00441306
0.00460917
0.00480275
0.00499405
0.00518287
0.00536607
0.00553601
0.00568032
0.00578271
0.00582452
0.00578698
0.00565471
0.00542325
0.00510552
0.00473936
0.00439887
0.00414038
0.00399504
0.00395603
0.00398943
0.00405589
0.00413156
0.00419906
0.00424559
0.00426409
0.0042521
0.00421045
0.0041421
0.00405125
0.00394258
0.00382042
0.00368518
0.00353904
0.00338548
0.0032281
0.00307078
0.00291765
0.00277279
0.00263914
0.00251679
0.00240123
0.00228157
0.00213688
0.00193708
0.00166636
0.0013633
0.00111243
0.000998494
0.00100559
0.00102656
0.000988463
0.00089519
0.0007857
0.000689109
0.000613593
0.000557232
0.000516667
0.000488881
0.000470921
0.000459994
0.000453775
0.000450527
0.00044906
0.00044862
0.000448754
0.000449209
0.000449846
0.000450598
0.000451431
0.000452332
0.000453299
0.000454335
0.000455448
0.000456651
0.000457959
0.00045939
0.000460973
0.00046274
0.000464736
0.00046702
0.0150431
0.0153619
0.015749
0.0161589
0.0165877
0.017036
0.0175042
0.017992
0.0184996
0.0190283
0.0195805
0.0201591
0.0207659
0.0214011
0.0220626
0.0227464
0.0234468
0.0241567
0.0248665
0.0255616
0.026215
0.0268106
0.0273286
0.0277441
0.0280341
0.0281774
0.0281603
0.0279771
0.0276278
0.0271155
0.0264454
0.0256272
0.0246777
0.0236233
0.0224983
0.0213411
0.0201882
0.01907
0.018008
0.0170146
0.016095
0.0152488
0.0144729
0.0137633
0.0131165
0.0125295
0.0119976
0.0115095
0.0110443
0.0105881
0.01014
0.00969306
0.00922987
0.00871756
0.0081047
0.00732014
0.00632337
0.00515462
0.00391199
0.00280544
0.00206277
0.00170339
0.00156189
0.00150362
0.00147376
0.00145575
0.00144495
0.00143905
0.0014343
0.00143081
0.00142919
0.00142998
0.00143361
0.00144041
0.00145064
0.00146449
0.00148207
0.0015035
0.00152882
0.00155809
0.00159133
0.00162854
0.00166974
0.00171495
0.00176418
0.00181746
0.00187487
0.00193614
0.00200014
0.00206631
0.00213455
0.00220498
0.00227789
0.00235378
0.00243335
0.00251758
0.00260777
0.00270558
0.00281308
0.0029328
0.00306951
0.0032281
0.00341268
0.00363199
0.00389459
0.00420094
0.00453557
0.00486749
0.00516593
0.00542014
0.0056422
0.00585141
0.00605786
0.00625586
0.006426
0.00654049
0.00656836
0.00647899
0.00624376
0.00585238
0.00535705
0.00481857
0.00432103
0.00394519
0.00373385
0.00367696
0.00373163
0.00384658
0.00398681
0.00412563
0.00424254
0.00432549
0.00436933
0.00437398
0.00434267
0.0042804
0.00419255
0.00407907
0.00394308
0.00378872
0.00361982
0.00344032
0.00325483
0.00306892
0.00288834
0.00271668
0.00255198
0.00238416
0.00220052
0.00199074
0.00175078
0.001489
0.00123948
0.00105995
0.000989023
0.000992093
0.000991541
0.000942937
0.000852858
0.000752693
0.000665585
0.000597417
0.000546409
0.000509838
0.000485042
0.000469235
0.000459772
0.000454472
0.000451745
0.000450526
0.000450156
0.000450253
0.000450608
0.000451114
0.000451718
0.000452398
0.000453146
0.000453965
0.000454863
0.000455849
0.000456941
0.000458154
0.00045951
0.000461038
0.000462769
0.000464744
0.000467021
0.0150428
0.0153632
0.015755
0.0161707
0.0166045
0.0170557
0.0175246
0.0180113
0.0185167
0.0190424
0.0195902
0.0201621
0.0207594
0.0213832
0.0220331
0.0227073
0.0234021
0.0241115
0.0248276
0.0255363
0.0262128
0.0268453
0.027413
0.0278886
0.0282484
0.0284663
0.0285203
0.0283987
0.0280999
0.0276291
0.0269964
0.0262175
0.0253148
0.0243167
0.023256
0.0221659
0.0210766
0.0200125
0.0189912
0.0180231
0.0171126
0.0162601
0.0154633
0.0147188
0.0140234
0.0133745
0.0127696
0.0122052
0.0116762
0.0111771
0.0107021
0.0102403
0.00977051
0.00925674
0.00864496
0.00786325
0.00682342
0.00555391
0.00413405
0.00277204
0.00179819
0.00134564
0.00120536
0.00117352
0.00117523
0.00119164
0.00121791
0.00125229
0.00129387
0.00134228
0.00139728
0.00145864
0.00152615
0.00159955
0.0016786
0.00176302
0.00185253
0.00194685
0.00204568
0.00214874
0.00225576
0.00236646
0.00248063
0.00259804
0.00271853
0.00284196
0.00296822
0.00309742
0.00322987
0.00336337
0.00349657
0.0036286
0.0037587
0.00388623
0.00401058
0.00413126
0.00424798
0.00436079
0.00447018
0.00457722
0.0046848
0.00478306
0.00486267
0.00492509
0.00498622
0.00508022
0.00525724
0.0055505
0.00592013
0.00626056
0.00651249
0.00671217
0.00691221
0.00711893
0.00729764
0.00739798
0.00737088
0.00717435
0.00677031
0.00616877
0.00542824
0.00464867
0.00396443
0.00349474
0.00329063
0.00331162
0.00347361
0.00369496
0.00392801
0.00413968
0.00430945
0.00442967
0.00450063
0.00452523
0.00450245
0.00442765
0.0042988
0.00412504
0.00391702
0.00368745
0.0034562
0.00323939
0.00304317
0.00286438
0.00269529
0.00252747
0.00235311
0.00216365
0.00195232
0.00172172
0.00148296
0.00125482
0.00106521
0.000944093
0.000898345
0.000894705
0.000884975
0.000841483
0.000768872
0.000690613
0.000622934
0.000569268
0.000528424
0.000498764
0.000478479
0.000465483
0.000457704
0.000453386
0.000451212
0.000450293
0.000450076
0.000450245
0.000450627
0.00045114
0.000451741
0.000452415
0.000453158
0.000453972
0.000454867
0.000455851
0.000456942
0.000458155
0.000459511
0.000461038
0.000462769
0.000464744
0.000467021
0.0144612
0.0147679
0.0151477
0.0155501
0.0159685
0.0164017
0.0168495
0.0173127
0.0177928
0.0182917
0.0188108
0.0193515
0.0199154
0.0205045
0.0211206
0.0217636
0.0224312
0.0231188
0.0238195
0.0245219
0.025206
0.0258598
0.0264633
0.0269952
0.0274312
0.027731
0.0278592
0.0277934
0.0275288
0.0270717
0.0264379
0.0256512
0.0247423
0.0237461
0.0226989
0.0216341
0.0205793
0.0195552
0.0185764
0.0176506
0.0167797
0.0159624
0.0151952
0.0144732
0.0137916
0.013147
0.0125386
0.0119668
0.0114324
0.0109352
0.0104717
0.0100313
0.00959252
0.00911812
0.00855353
0.0078283
0.00685814
0.00563844
0.00423813
0.00283144
0.00176032
0.00124914
0.00111318
0.00111104
0.00115011
0.00120802
0.00127936
0.00136226
0.00145582
0.00155945
0.00167275
0.00179531
0.00192678
0.00206676
0.00221485
0.00237058
0.00253348
0.002703
0.00287859
0.00305964
0.00324554
0.00343566
0.00362932
0.00382589
0.00402466
0.00422494
0.00442598
0.00462697
0.00482993
0.00503578
0.00524275
0.0054492
0.00565386
0.00585585
0.00605459
0.00624992
0.00644203
0.00663136
0.00681828
0.00700261
0.00718789
0.00735908
0.0074897
0.0075552
0.00753749
0.00743484
0.0072942
0.00722342
0.00734631
0.0076338
0.00787042
0.00798246
0.00808513
0.00822545
0.00834395
0.00835454
0.00818748
0.0077966
0.00716163
0.0062951
0.00524809
0.00418507
0.00332351
0.00281485
0.00273255
0.00300941
0.00344915
0.00386923
0.00419779
0.00441804
0.00453809
0.00455946
0.0044743
0.0042933
0.00404436
0.00377661
0.00353519
0.0033405
0.00318727
0.00305721
0.00293543
0.00281454
0.00269025
0.0025578
0.00241184
0.00224801
0.00206432
0.00186109
0.00164222
0.00141779
0.0012028
0.00101522
0.000873665
0.000791161
0.000763874
0.000766625
0.000764825
0.000735355
0.000682918
0.000627112
0.000578915
0.000539985
0.000509617
0.000487003
0.000471131
0.000460714
0.00045437
0.000450838
0.000449112
0.000448473
0.000448453
0.00044878
0.000449304
0.000449953
0.00045069
0.000451501
0.00045238
0.000453328
0.000454351
0.000455456
0.000456656
0.000457962
0.000459392
0.000460974
0.00046274
0.000464735
0.00046702
0.0135012
0.0137934
0.0141547
0.0145367
0.014933
0.0153424
0.0157652
0.0162025
0.0166564
0.0171288
0.0176215
0.0181361
0.018675
0.0192411
0.019837
0.0204632
0.0211179
0.0217966
0.0224921
0.0231938
0.0238859
0.0245548
0.0251795
0.0257341
0.0261937
0.0265315
0.026705
0.0266593
0.0263909
0.0259098
0.0252377
0.024406
0.0234539
0.0224228
0.0213551
0.0202869
0.0192447
0.0182472
0.0173081
0.016432
0.0156172
0.014859
0.0141508
0.0134842
0.0128488
0.012239
0.0116545
0.0110989
0.0105783
0.0100993
0.00966473
0.00926939
0.0088935
0.00849798
0.00802384
0.00739699
0.00653854
0.005449
0.00416477
0.00282768
0.00174955
0.00120365
0.0010645
0.00108161
0.0011476
0.00123588
0.00134021
0.00145861
0.00159018
0.00173435
0.00189072
0.0020589
0.00223851
0.0024291
0.00263014
0.00284101
0.00306102
0.00328937
0.00352519
0.00376755
0.00401541
0.00426768
0.0045232
0.00478068
0.00503872
0.00529574
0.00554995
0.00579925
0.00604119
0.00627761
0.00651081
0.00674099
0.00696786
0.00719211
0.00741616
0.0076447
0.00788503
0.00814643
0.00843773
0.0087624
0.00912608
0.00951287
0.00987182
0.0101428
0.0102636
0.0101913
0.00996504
0.00968211
0.00951644
0.00962339
0.0098391
0.00980802
0.00966839
0.00960615
0.00955444
0.00938437
0.00900472
0.00836547
0.00745676
0.00631899
0.00505712
0.00384309
0.00287259
0.00229166
0.0022186
0.00267716
0.00327184
0.00364106
0.0037828
0.00376533
0.00364387
0.00346699
0.00328494
0.00314357
0.00304436
0.00296949
0.00290845
0.00285683
0.00280955
0.00275861
0.00269572
0.00261448
0.00251029
0.00237997
0.00222193
0.00203698
0.00182895
0.00160474
0.00137472
0.0011531
0.000956399
0.000800919
0.000699423
0.000656631
0.000662631
0.000688711
0.00069806
0.000673871
0.000630189
0.000586044
0.000548561
0.000518097
0.000493939
0.00047551
0.00046218
0.000453143
0.000447478
0.000444278
0.000442756
0.000442308
0.000442517
0.000443126
0.000443986
0.00044502
0.000446182
0.000447453
0.000448816
0.000450262
0.000451791
0.000453398
0.000455079
0.000456824
0.000458635
0.000460525
0.000462516
0.000464651
0.000467002
0.0123499
0.012629
0.0129701
0.0133303
0.013704
0.0140902
0.0144899
0.0149042
0.0153356
0.0157862
0.0162581
0.0167532
0.0172744
0.017825
0.0184076
0.0190229
0.0196688
0.0203408
0.0210316
0.0217312
0.0224263
0.0231019
0.023736
0.0243018
0.02477
0.0251068
0.0252773
0.0252356
0.0249453
0.0244263
0.0237088
0.0228337
0.0218487
0.0208032
0.0197426
0.0187023
0.0177067
0.0167694
0.0159043
0.015111
0.0143833
0.0137122
0.0130874
0.0124963
0.0119163
0.0113378
0.01076
0.0101876
0.00963221
0.00910905
0.00863361
0.00821567
0.00785037
0.00750801
0.00712934
0.00663447
0.00594786
0.00503576
0.00391952
0.00271818
0.0017056
0.00116006
0.00101534
0.00103902
0.00111705
0.00121934
0.00133884
0.0014735
0.00162251
0.00178545
0.00196208
0.00215216
0.00235537
0.00257127
0.00279926
0.00303853
0.00328804
0.00354656
0.00381257
0.00408435
0.00435996
0.00463729
0.00491416
0.00518829
0.00545744
0.00571935
0.00597174
0.00621222
0.00643816
0.00664646
0.00683596
0.00700867
0.00717149
0.00732992
0.00749245
0.00767388
0.00789792
0.00819865
0.00861713
0.00918464
0.00991346
0.0107606
0.011597
0.0122902
0.0126924
0.0127931
0.0126315
0.0123098
0.0120059
0.0118853
0.0119589
0.0118991
0.0115819
0.0112533
0.0109367
0.0105504
0.00998958
0.00918426
0.00812024
0.00684399
0.00546664
0.00414343
0.00301164
0.00213958
0.00159065
0.00154281
0.00213911
0.00286728
0.00323382
0.00331036
0.00326131
0.00318788
0.00313087
0.0030938
0.00307267
0.00306093
0.00305175
0.00303858
0.0030144
0.00297141
0.00290195
0.00279956
0.00265979
0.00248076
0.00226373
0.00201393
0.00174128
0.00146067
0.00119149
0.000955352
0.000771977
0.000654758
0.000607715
0.000621229
0.000665167
0.000696398
0.000690419
0.000656033
0.000613256
0.000573233
0.000538508
0.000508949
0.000484361
0.000464707
0.000449822
0.000439253
0.000432295
0.000428137
0.000426017
0.000425312
0.000425567
0.000426482
0.000427868
0.000429619
0.000431661
0.000433958
0.000436474
0.000439183
0.000442092
0.000445167
0.000448362
0.000451619
0.000454875
0.00045807
0.000461141
0.000464055
0.00046685
0.0110262
0.0112864
0.0116019
0.0119349
0.0122806
0.0126386
0.0130097
0.0133955
0.0137982
0.0142203
0.0146637
0.0151305
0.0156235
0.0161459
0.0167004
0.0172873
0.0179049
0.0185487
0.019212
0.0198859
0.0205589
0.0212157
0.0218349
0.0223903
0.0228504
0.0231793
0.0233395
0.0232954
0.023007
0.022479
0.0217525
0.0208766
0.0199065
0.018896
0.017891
0.0169244
0.0160203
0.015195
0.0144454
0.0137644
0.013141
0.0125625
0.0120164
0.011491
0.0109766
0.0104584
0.00991548
0.00934568
0.00875999
0.00817378
0.00760729
0.00708243
0.00661701
0.00621554
0.00585672
0.00548408
0.00501285
0.00436205
0.00350023
0.00250632
0.00162
0.00111132
0.000965685
0.000987768
0.0010665
0.00116982
0.00128993
0.0014246
0.00157306
0.001735
0.00191035
0.00209906
0.00230106
0.00251618
0.00274404
0.00298383
0.00323442
0.00349435
0.00376155
0.00403335
0.00430637
0.00457665
0.00483977
0.00509105
0.00532591
0.00554023
0.00573078
0.00589543
0.00603332
0.006145
0.00623249
0.006296
0.00633019
0.00634981
0.00637295
0.00642271
0.00653673
0.00677848
0.00725135
0.00809731
0.00941725
0.0110408
0.0126442
0.0139461
0.0147769
0.0151493
0.0151122
0.0147648
0.0142508
0.01375
0.0135198
0.013394
0.0130053
0.0126885
0.0124121
0.0119754
0.0113785
0.0105801
0.00954333
0.00828231
0.00687261
0.0054358
0.00409405
0.00292122
0.00195413
0.00128415
0.0011565
0.00194798
0.00310403
0.00379927
0.00404907
0.00408238
0.00404475
0.003995
0.00395176
0.00391598
0.0038811
0.00383759
0.00377489
0.00368242
0.00355051
0.00337141
0.00314032
0.00285666
0.00252544
0.00215893
0.00177788
0.00141105
0.00109123
0.000847232
0.000694603
0.000630011
0.000629184
0.000651171
0.000660562
0.00064812
0.000622742
0.000594475
0.000567962
0.000543679
0.000520583
0.000497676
0.000474695
0.000452387
0.000432265
0.000415808
0.000403697
0.000395681
0.000390974
0.000388719
0.000388219
0.000388993
0.000390724
0.000393229
0.000396384
0.000400127
0.00040441
0.000409203
0.00041458
0.000420494
0.000426884
0.000433662
0.000440696
0.000447786
0.000454621
0.000460779
0.000465842
0.00951492
0.00974774
0.0100297
0.010327
0.0106362
0.0109568
0.0112897
0.0116363
0.011999
0.0123797
0.0127806
0.0132033
0.0136504
0.0141248
0.0146287
0.0151629
0.0157256
0.0163129
0.0169191
0.017537
0.0181562
0.018763
0.0193382
0.0198573
0.0202901
0.0206016
0.020755
0.0207158
0.0204581
0.0199667
0.0192846
0.0184658
0.0175684
0.0166471
0.0157458
0.0148965
0.0141219
0.0134238
0.0127972
0.012232
0.0117156
0.0112349
0.0107769
0.0103298
0.0098833
0.0094287
0.00895973
0.00846467
0.007929
0.00735947
0.00677106
0.00618115
0.00560905
0.00507345
0.00458705
0.00414872
0.0037345
0.00329398
0.00276402
0.00212359
0.00148591
0.00106936
0.000931511
0.000946402
0.00101822
0.00111469
0.00122711
0.00135286
0.00149095
0.00164103
0.001803
0.00197689
0.00216236
0.00235985
0.00256957
0.00278761
0.00301252
0.00324476
0.0034835
0.00372687
0.00397205
0.00421543
0.00445255
0.00467835
0.00488753
0.00507529
0.00523858
0.00537763
0.00549654
0.00559956
0.00567782
0.00569093
0.00560844
0.00545816
0.0052626
0.00505883
0.00489533
0.00484788
0.00506187
0.00587598
0.00783891
0.010449
0.0130071
0.0149825
0.0163235
0.0170353
0.0171727
0.0168324
0.0161417
0.0153133
0.0147149
0.0144531
0.0140423
0.013706
0.0136453
0.0135426
0.0131406
0.0125304
0.0116813
0.0105623
0.00918986
0.00764315
0.00604566
0.00452206
0.00315691
0.00199956
0.00115205
0.000933404
0.00188764
0.00332826
0.00432772
0.00479819
0.00495855
0.00497447
0.00493068
0.00486291
0.00478057
0.00467982
0.00455106
0.00438317
0.00416599
0.00389209
0.00355822
0.00316703
0.00272904
0.0022648
0.0018058
0.00139153
0.00105988
0.000831988
0.000700893
0.000635967
0.000602879
0.000580135
0.000559523
0.000539504
0.000520413
0.000502561
0.000485999
0.000470774
0.000456943
0.000444195
0.000431349
0.000416414
0.000397975
0.000377205
0.000357695
0.000342555
0.000332535
0.000326797
0.000324194
0.000323851
0.000325185
0.000327865
0.000331683
0.000336537
0.000342371
0.000349173
0.000357184
0.000366396
0.000376853
0.00038862
0.000401751
0.000416204
0.000431637
0.000447094
0.000460658
0.00784215
0.00804048
0.00828141
0.00853539
0.0087998
0.0090744
0.00935992
0.00965755
0.0099693
0.0102971
0.0106425
0.0110069
0.0113924
0.0118014
0.0122359
0.0126966
0.013182
0.013689
0.0142133
0.0147487
0.0152871
0.0158169
0.016322
0.0167815
0.0171689
0.0174534
0.0176014
0.017581
0.0173692
0.0169568
0.016368
0.0156584
0.0148836
0.0140948
0.0133321
0.0126284
0.0119934
0.0114273
0.0109238
0.0104724
0.0100613
0.00967811
0.00931121
0.00895004
0.00858546
0.00820995
0.00781773
0.00740468
0.00696862
0.00650084
0.00599313
0.00545551
0.00490022
0.00433999
0.00378808
0.00325758
0.00275928
0.00229916
0.00187785
0.00149774
0.0011813
0.000977948
0.000910596
0.000935829
0.00100403
0.0010931
0.00119587
0.00130988
0.00143421
0.00156869
0.00171385
0.00187043
0.00203055
0.00219671
0.0023704
0.002552
0.00274093
0.00293664
0.00313844
0.00334512
0.00355478
0.00376474
0.00397156
0.00417107
0.00435844
0.00452859
0.0046766
0.00479829
0.00489058
0.00495187
0.00498493
0.00500404
0.00504074
0.00505804
0.00496254
0.00468788
0.00421042
0.00365963
0.00335128
0.00371532
0.00604197
0.00948657
0.0128247
0.0155007
0.0173595
0.0184032
0.0187083
0.018388
0.0175791
0.0165032
0.0155628
0.0150581
0.0146623
0.0142917
0.0143769
0.0146687
0.014826
0.0146111
0.014123
0.0132971
0.0120872
0.010504
0.00863887
0.00665602
0.00475455
0.00309924
0.00176822
0.000853029
0.000853167
0.00193499
0.00342517
0.00442839
0.00492335
0.00511416
0.00514907
0.00510538
0.0050157
0.0048887
0.00472175
0.00450827
0.00424184
0.00391848
0.00353837
0.00310759
0.00264037
0.0021611
0.00170422
0.00130855
0.00100454
0.000800414
0.000679568
0.000613116
0.000575298
0.000550041
0.000529557
0.000510653
0.000491971
0.000472759
0.000452611
0.000431594
0.000410321
0.000389781
0.000370787
0.000353138
0.000334965
0.00031376
0.000289909
0.000267965
0.000251836
0.000241804
0.000236407
0.000234273
0.000234491
0.000236545
0.000240132
0.00024509
0.000251339
0.000258874
0.000268153
0.000279183
0.000292143
0.000307391
0.000325511
0.000347323
0.000373774
0.000405361
0.000440263
0.00606521
0.00622452
0.00641897
0.00662388
0.00683754
0.00705976
0.00729109
0.00753247
0.00778555
0.00805183
0.00833254
0.00862869
0.00894172
0.00927349
0.00962563
0.00999865
0.0103915
0.0108019
0.0112265
0.0116606
0.0120983
0.0125306
0.0129452
0.013326
0.0136521
0.0138988
0.0140384
0.0140438
0.0138938
0.013583
0.0131234
0.0125615
0.0119457
0.0113194
0.0107209
0.0101727
0.00968201
0.00924813
0.00886507
0.00852392
0.00821456
0.00792683
0.00765102
0.00737827
0.00710083
0.00681232
0.00650798
0.00618471
0.00584108
0.00547703
0.00509422
0.00468674
0.00425326
0.00380486
0.0033503
0.0028985
0.00246006
0.00204824
0.00167904
0.00137055
0.00114091
0.00100286
0.000953393
0.000970936
0.00103111
0.00111802
0.00122229
0.00133791
0.00146104
0.00158958
0.00172295
0.00186093
0.0019967
0.00213171
0.0022698
0.0024127
0.00256172
0.00271729
0.00287918
0.0030465
0.00321773
0.00339087
0.00356334
0.00373201
0.00389309
0.00404223
0.00417482
0.00428642
0.0043735
0.00443452
0.00447185
0.00449335
0.00451048
0.00452259
0.00447225
0.00423018
0.00362252
0.00277402
0.00236145
0.00259143
0.00491991
0.00886072
0.0128945
0.0161307
0.0183505
0.0195787
0.0199324
0.0195574
0.0186083
0.0173208
0.0160998
0.0153347
0.0148937
0.0145107
0.0146561
0.0152257
0.0158644
0.0163018
0.0163325
0.0159791
0.0151303
0.0137143
0.0117365
0.00931824
0.00672383
0.0043257
0.00243845
0.00112716
0.000581155
0.000942872
0.00229746
0.00355482
0.00424673
0.00454592
0.00463597
0.00461875
0.00453905
0.0044122
0.00424069
0.00402255
0.0037554
0.00343852
0.00307459
0.00267181
0.00224635
0.00182383
0.00143718
0.00111827
0.000885163
0.000734136
0.000644621
0.000592424
0.000559287
0.000534771
0.000513926
0.000494493
0.000475156
0.000454829
0.000432565
0.000407737
0.000380284
0.00035086
0.000320686
0.000291009
0.000262233
0.000233509
0.000204549
0.000178556
0.000159536
0.000147779
0.000141304
0.000138311
0.000137674
0.000138785
0.000141315
0.000145106
0.000150085
0.000156342
0.000164445
0.000174414
0.000186445
0.000200992
0.000218926
0.00024185
0.000272644
0.000316373
0.000381118
0.00425527
0.00437307
0.00451737
0.00466945
0.00482831
0.00499383
0.00516638
0.00534664
0.00553579
0.00573493
0.00594486
0.00616623
0.00639991
0.00664712
0.00690897
0.00718581
0.00747688
0.00778048
0.00809424
0.00841503
0.00873853
0.00905873
0.00936727
0.00965305
0.00990195
0.0100967
0.0102177
0.0102444
0.0101598
0.00995789
0.00964706
0.00925619
0.00882254
0.00837985
0.00795858
0.00757321
0.00722959
0.00692734
0.00666209
0.00642732
0.00621571
0.00601982
0.00583247
0.00564696
0.00545732
0.00525854
0.0050469
0.00482022
0.00457803
0.00432163
0.00405382
0.00377825
0.00349882
0.00321277
0.00292781
0.00265179
0.00238992
0.00214694
0.00192822
0.00173993
0.00158817
0.00147687
0.00140542
0.00136881
0.0013614
0.00137958
0.00142134
0.00148489
0.00156782
0.00166671
0.00177741
0.00189523
0.00201409
0.0021333
0.00224989
0.00236313
0.00247918
0.00259927
0.00272433
0.00285431
0.0029881
0.00312425
0.00326097
0.00339603
0.00352656
0.00364909
0.0037597
0.00385432
0.00392934
0.00398263
0.00401473
0.00402989
0.00403483
0.0040293
0.003971
0.00373322
0.00306519
0.0020476
0.00171105
0.00200186
0.00468272
0.00917442
0.0137164
0.0172554
0.0195874
0.0207918
0.0210351
0.0205005
0.0193393
0.017835
0.0163799
0.0153863
0.0148565
0.0144882
0.0146488
0.0153951
0.0163792
0.0173209
0.0179558
0.0181586
0.0178074
0.0167709
0.0149534
0.0123516
0.00914442
0.00580604
0.00304953
0.00130213
0.000582704
0.000493933
0.00150642
0.00270282
0.00333841
0.00358798
0.00365605
0.00363374
0.00355842
0.00344257
0.00328949
0.00309953
0.00287269
0.00261028
0.00231636
0.00199968
0.00167534
0.00136469
0.00109156
0.000874556
0.000719449
0.000618007
0.000554391
0.000513256
0.000483971
0.000460667
0.000440477
0.00042187
0.0004037
0.000384853
0.000364209
0.000340781
0.000313941
0.000283644
0.000250539
0.000215791
0.000180684
0.000146637
0.000116373
9.38308e-05
8.02112e-05
7.31817e-05
7.0035e-05
6.90332e-05
6.91814e-05
6.9946e-05
7.10755e-05
7.25222e-05
7.4361e-05
7.68263e-05
8.05048e-05
8.56073e-05
9.24267e-05
0.000101386
0.000113184
0.000129185
0.000152366
0.000189885
0.000263033
0.00250627
0.00258136
0.0026733
0.00277027
0.0028718
0.00297783
0.00308857
0.00320446
0.0033262
0.00345443
0.00358963
0.00373211
0.00388226
0.0040407
0.00420797
0.00438416
0.00456873
0.00476051
0.00495797
0.00515909
0.00536118
0.00556062
0.00575256
0.00593072
0.00608728
0.00621279
0.00629632
0.00632607
0.00629149
0.00618768
0.00601963
0.00580088
0.00555364
0.00530128
0.00505995
0.00483889
0.00464207
0.00446953
0.00431883
0.00418622
0.00406744
0.00395811
0.00385392
0.0037508
0.00364504
0.0035335
0.0034139
0.00328502
0.00314699
0.00300132
0.00285082
0.00269917
0.00255038
0.00240806
0.00227058
0.00214277
0.00202884
0.00192971
0.00184545
0.00177563
0.0017195
0.00167582
0.00164284
0.0016188
0.00160275
0.00159492
0.00159636
0.00160841
0.00163219
0.00166832
0.00171669
0.00177637
0.00184533
0.00192206
0.00200449
0.00209133
0.00218253
0.00227089
0.00236201
0.00245848
0.00255892
0.00266223
0.00276711
0.00287178
0.00297387
0.00307044
0.003158
0.00323266
0.00329038
0.00332753
0.00334167
0.00333233
0.00330127
0.00324922
0.0031518
0.0029317
0.00236273
0.00143493
0.00129154
0.00163042
0.00495737
0.010183
0.0150931
0.0187067
0.0209516
0.0219852
0.0220141
0.0212415
0.0198438
0.0181259
0.0164693
0.0152859
0.0146608
0.014306
0.0144779
0.0153447
0.0165828
0.0179049
0.0190469
0.0197295
0.0198579
0.0192597
0.0177738
0.0152801
0.011776
0.00759413
0.00371597
0.0012971
0.000583184
0.000301536
0.00102565
0.00187944
0.00222421
0.00232363
0.0023327
0.00230047
0.00223946
0.00215513
0.00204963
0.00192306
0.00177448
0.00160592
0.00142081
0.00122516
0.00102889
0.000845149
0.000687076
0.000563134
0.000473917
0.000413161
0.000371914
0.000342387
0.000319479
0.000300413
0.000283739
0.00026852
0.000253902
0.000238984
0.000222825
0.00020455
0.000183535
0.000159638
0.000133454
0.000106514
8.13566e-05
6.11162e-05
4.79349e-05
4.13712e-05
3.92706e-05
3.96235e-05
4.11308e-05
4.29813e-05
4.46328e-05
4.5753e-05
4.61913e-05
4.59564e-05
4.51737e-05
4.4048e-05
4.30421e-05
4.24066e-05
4.24228e-05
4.3464e-05
4.60513e-05
5.10435e-05
6.02124e-05
7.81219e-05
0.000121796
0.000987083
0.00102005
0.00106002
0.00110224
0.00114661
0.00119311
0.00124184
0.00129298
0.00134681
0.0014036
0.00146352
0.00152667
0.00159315
0.00166309
0.00173661
0.00181361
0.00189373
0.00197637
0.00206071
0.00214571
0.00223004
0.00231201
0.0023895
0.00245998
0.00252053
0.00256788
0.00259848
0.0026086
0.00259497
0.00255619
0.00249428
0.00241443
0.00232507
0.00223445
0.00214833
0.00207002
0.00200091
0.0019409
0.00188899
0.00184368
0.00180333
0.00176626
0.00173082
0.00169551
0.00165898
0.00162019
0.00157848
0.00153376
0.00148657
0.00143807
0.00138996
0.00134421
0.00130268
0.00126678
0.00123708
0.00121018
0.00119017
0.001177
0.00116981
0.00116743
0.0011685
0.00117156
0.00117521
0.00117833
0.00118028
0.00118102
0.00118104
0.00118118
0.00118257
0.00118643
0.00119402
0.00120655
0.00122498
0.00125005
0.00128207
0.00132099
0.00136702
0.00141703
0.00145796
0.00150384
0.00155476
0.00160923
0.00166622
0.0017245
0.00178233
0.00183756
0.00188763
0.00192953
0.0019599
0.00197519
0.00197217
0.00194841
0.00190301
0.00183654
0.00174216
0.00161635
0.00139313
0.000900136
0.000875842
0.0013224
0.00549381
0.0114792
0.0165927
0.0201357
0.02221
0.023033
0.0228308
0.0218159
0.0201919
0.018275
0.0164407
0.0150968
0.0143816
0.0140325
0.0142235
0.0151808
0.0166169
0.0182247
0.0197238
0.0208115
0.0213319
0.0211079
0.0199545
0.0176936
0.0141827
0.00948899
0.00449618
0.00117994
0.000483434
0.000192078
0.000625257
0.000879222
0.000913611
0.000905554
0.00088598
0.000859042
0.000825448
0.000785327
0.00073841
0.00068416
0.000622191
0.000553031
0.000479745
0.000405083
0.000332941
0.000267807
0.00021344
0.000171496
0.0001411
0.000119705
0.000104463
9.314e-05
8.43167e-05
7.71769e-05
7.12207e-05
6.60713e-05
6.13906e-05
5.68659e-05
5.22297e-05
4.73044e-05
4.20644e-05
3.67006e-05
3.16411e-05
2.74688e-05
2.47181e-05
2.36523e-05
2.41716e-05
2.59057e-05
2.83902e-05
3.1187e-05
3.39166e-05
3.62794e-05
3.80728e-05
3.92041e-05
3.96567e-05
3.94509e-05
3.86019e-05
3.7108e-05
3.51494e-05
3.2798e-05
3.00924e-05
2.72103e-05
2.45131e-05
2.25534e-05
2.21287e-05
2.48027e-05
3.63034e-05
0.000109145
0.000112376
0.000115984
0.000119809
0.000123848
0.000128119
0.000132641
0.000137443
0.000142549
0.000147981
0.000153757
0.000159889
0.000166392
0.000173274
0.000180525
0.000188112
0.000195976
0.000204038
0.000212193
0.000220314
0.000228238
0.000235763
0.00024265
0.000248626
0.000253401
0.000256692
0.000258262
0.000257971
0.000255847
0.000252135
0.000247302
0.000241941
0.000236665
0.000231919
0.000227945
0.000224824
0.000222521
0.000220925
0.000219889
0.000219253
0.000218854
0.00021854
0.000218175
0.000217641
0.000216854
0.000215771
0.000214394
0.000212775
0.000211011
0.000209226
0.000207555
0.000206119
0.000205008
0.000204276
0.000203952
0.000203894
0.00020384
0.000203758
0.000203522
0.000203
0.000202069
0.000200618
0.00019857
0.000195892
0.000192608
0.000188793
0.000184572
0.000180103
0.000175568
0.00017116
0.000167067
0.000163465
0.000160492
0.000158242
0.000156768
0.000156106
0.00015644
0.000161273
0.000165069
0.000169081
0.000173931
0.000179118
0.00018452
0.000190079
0.000195695
0.00020123
0.000206527
0.000211412
0.000215676
0.000219084
0.000221388
0.000222335
0.00022169
0.000219294
0.000217268
0.000214958
0.000212205
0.000213886
0.00032742
0.00107672
0.00614943
0.012732
0.0178994
0.0213298
0.0232464
0.0238916
0.0234958
0.0222777
0.020462
0.018371
0.0163796
0.0148956
0.0140959
0.013745
0.0139595
0.0149896
0.0165911
0.0184238
0.0201906
0.0215802
0.0223926
0.022445
0.0215437
0.0194913
0.0160842
0.0111909
0.00533659
0.00102728
0.000277377
0.00010536
9.24768e-05
8.98457e-05
8.7183e-05
8.41652e-05
8.08328e-05
7.72187e-05
7.33519e-05
6.9282e-05
6.50844e-05
6.0866e-05
5.6766e-05
5.29314e-05
4.9498e-05
4.6646e-05
4.4504e-05
4.30865e-05
4.22544e-05
4.17495e-05
4.13095e-05
4.07753e-05
4.01069e-05
3.93265e-05
3.84637e-05
3.7534e-05
3.65389e-05
3.54734e-05
3.43315e-05
3.31111e-05
3.18167e-05
3.04619e-05
2.90697e-05
2.76721e-05
2.63067e-05
2.50119e-05
2.38206e-05
2.27562e-05
2.1831e-05
2.10494e-05
2.04076e-05
1.98976e-05
1.95027e-05
1.92076e-05
1.89924e-05
1.88435e-05
1.87472e-05
1.86931e-05
1.8675e-05
1.86884e-05
1.87407e-05
1.88395e-05
1.90054e-05
1.92677e-05
1.96507e-05
2.01491e-05
2.06662e-05
2.08467e-05
1.95833e-05
3.52104e-05
4.07522e-05
9.14172e-05
0.000150403
0.000189084
0.000210691
0.000222916
0.000231229
0.000237851
0.000243681
0.000248803
0.000253383
0.000257924
0.000263817
0.000273653
0.000291467
0.000321565
0.000365437
0.000419757
0.000478503
0.000536355
0.000590088
0.000638308
0.00068076
0.000717768
0.000749899
0.000777785
0.000802022
0.000823127
0.000841514
0.000857482
0.000871203
0.000882706
0.000891844
0.000898281
0.000903165
0.000905642
0.000904229
0.000897586
0.000107863
0.000192642
0.000949766
0.00165855
0.00204097
0.00221492
0.00229856
0.00235326
0.00239421
0.00242698
0.00245118
0.00247157
0.00249999
0.00256253
0.00270157
0.00296998
0.00339796
0.00395788
0.00458079
0.00519955
0.00576961
0.00626974
0.00669556
0.00705201
0.0073479
0.00759278
0.00779522
0.00796209
0.00809828
0.00820665
0.00828809
0.00834168
0.00836492
0.00835448
0.0083124
0.00816327
0.0078773
0.00742321
0.00678847
0.000302479
0.00047401
0.00225113
0.00386459
0.00464803
0.00495119
0.00507404
0.00515159
0.00520856
0.00525144
0.00527747
0.00529769
0.00534064
0.00546656
0.00576814
0.00634627
0.00723351
0.00834895
0.00955991
0.0107517
0.011849
0.0128151
0.0136416
0.0143357
0.0149112
0.0153827
0.0157638
0.016065
0.0162939
0.016455
0.0165499
0.0165777
0.0165359
0.016421
0.0162187
0.0158734
0.0153638
0.0146672
0.0137738
0.000516413
0.000721942
0.00348196
0.00599293
0.00716541
0.00757567
0.00771218
0.00778282
0.00782367
0.00784311
0.00783899
0.00783
0.00786076
0.00801927
0.0084313
0.00921356
0.0103769
0.0118069
0.0133494
0.0148705
0.0162785
0.0175275
0.018606
0.0195206
0.0202849
0.0209136
0.0214197
0.0218136
0.0221028
0.0222919
0.0223831
0.022377
0.0222734
0.0220721
0.0217378
0.0212639
0.0206435
0.0198712
0.0189503
0.000664098
0.00091763
0.00457127
0.00791413
0.00944922
0.00995249
0.0100871
0.0101283
0.010126
0.0100934
0.0100329
0.00997225
0.00997085
0.0101372
0.010614
0.0115108
0.0128107
0.014386
0.016081
0.0177556
0.0193117
0.0207013
0.0219127
0.0229512
0.0238275
0.0245521
0.0251343
0.0255815
0.0258991
0.0260912
0.0261604
0.0261094
0.0259411
0.025645
0.0252167
0.0246623
0.0239876
0.0231994
0.0223083
0.000733685
0.0010828
0.00554246
0.00963324
0.0114916
0.0120723
0.0121926
0.0121864
0.0121192
0.012012
0.0118749
0.0117464
0.0116992
0.0118563
0.0123635
0.0133095
0.0146513
0.0162607
0.0179882
0.0196926
0.0212769
0.0226971
0.0239452
0.0250257
0.0259446
0.0267061
0.0273135
0.0277696
0.0280773
0.0282396
0.0282605
0.0281449
0.0278966
0.0275159
0.027018
0.0264168
0.0257255
0.0249571
0.0241257
0.00075728
0.00122996
0.00641875
0.0111737
0.0133116
0.0139531
0.0140483
0.0139797
0.0138296
0.0136288
0.0133986
0.0131896
0.0130866
0.0132201
0.0137269
0.0146652
0.015974
0.0175356
0.0192081
0.0208493
0.0223666
0.0237248
0.0249237
0.0259689
0.0268615
0.0275989
0.0281773
0.0285947
0.0288516
0.0289512
0.0288997
0.0287044
0.0283737
0.0279297
0.0273924
0.0267799
0.0261086
0.0253937
0.02465
0.000761846
0.00136432
0.00721251
0.0125544
0.01493
0.0156175
0.0156791
0.0155365
0.0152886
0.0149786
0.0146419
0.0143425
0.0141755
0.0142713
0.0147439
0.0156177
0.0168294
0.0182839
0.0198415
0.0213511
0.0227246
0.023939
0.0250078
0.0259412
0.0267372
0.0273869
0.0278801
0.0282106
0.028378
0.0283874
0.0282462
0.0279674
0.027578
0.0271029
0.0265637
0.0259792
0.0253659
0.0247386
0.0241115
0.000761183
0.0014886
0.00792903
0.013787
0.0163643
0.0170871
0.0171102
0.0168863
0.0165306
0.0161004
0.015648
0.0152519
0.0150151
0.0150571
0.0154561
0.0162074
0.0172725
0.0185878
0.0199993
0.0213301
0.0224965
0.0234913
0.0243502
0.0250935
0.0257198
0.0262162
0.0265683
0.0267655
0.0268084
0.0267079
0.0264723
0.0261344
0.0257215
0.0252559
0.0247571
0.0242417
0.0237241
0.0232171
0.0227326
0.000760309
0.00160413
0.00856943
0.0148768
0.0176229
0.0183775
0.0183618
0.0180551
0.0175886
0.0170345
0.0164635
0.0159692
0.0156583
0.0156273
0.0159077
0.0164839
0.0173772
0.0185535
0.0198119
0.0209285
0.0218287
0.022528
0.0230938
0.0235647
0.0239447
0.0242219
0.0243821
0.0244174
0.0243288
0.0241232
0.0238304
0.0234788
0.0230878
0.0226749
0.0222555
0.021843
0.0214489
0.0210828
0.0207531
0.000760184
0.00171055
0.00913085
0.0158184
0.0187069
0.019493
0.0194422
0.0190574
0.018485
0.0178119
0.0171269
0.0165378
0.0161497
0.0160243
0.0161433
0.0165103
0.0172397
0.0183041
0.0194112
0.0202732
0.0208427
0.0211873
0.0214037
0.0215494
0.0216395
0.021667
0.0216206
0.0214942
0.0212887
0.0210187
0.0207183
0.0203978
0.0200687
0.019743
0.019432
0.0191455
0.0188914
0.0186758
0.0185031
0.000760392
0.00180581
0.00960591
0.0165977
0.019605
0.02042
0.020342
0.0198889
0.0192225
0.018443
0.0176551
0.016978
0.0165109
0.0162751
0.0162098
0.0163679
0.0169716
0.0179557
0.0189044
0.0195007
0.0197146
0.0196711
0.019506
0.0193027
0.0190918
0.0188733
0.0186388
0.0183831
0.0181062
0.0178389
0.0175787
0.0173276
0.0170919
0.0168793
0.0166968
0.0165505
0.0164444
0.0163811
0.0163613
0.000760246
0.00188695
0.00997979
0.0171961
0.0202955
0.0211349
0.0210368
0.0205277
0.0197835
0.0189151
0.0180391
0.0172832
0.0167398
0.0163967
0.0161644
0.0161534
0.0166781
0.0176251
0.0184289
0.0187511
0.018611
0.0181853
0.0176504
0.0171196
0.0166418
0.0162247
0.0158573
0.0155404
0.0152822
0.0150663
0.0148836
0.0147322
0.0146143
0.014533
0.0144913
0.0144911
0.0145329
0.0146162
0.0147394
0.000759085
0.00195137
0.0102376
0.0175929
0.0207537
0.0216107
0.0214978
0.0209467
0.0201434
0.0192066
0.0182599
0.0174372
0.0168303
0.016412
0.0160782
0.0159653
0.0164764
0.0174087
0.0180724
0.0181508
0.017709
0.0169674
0.0161374
0.0153601
0.0147027
0.0141819
0.0137912
0.0135082
0.0133076
0.0131693
0.0130816
0.0130391
0.0130391
0.0130804
0.0131617
0.0132815
0.0134379
0.0136285
0.0138504
0.000756439
0.00199291
0.0103711
0.0177728
0.0209619
0.0218294
0.0217061
0.0211294
0.0202897
0.0193094
0.0183145
0.0174437
0.0167976
0.0163595
0.0160235
0.015898
0.0164437
0.017349
0.0179017
0.0178137
0.017183
0.0162619
0.0152917
0.0144297
0.0137421
0.0132332
0.0128774
0.0126401
0.0124915
0.0124105
0.0123837
0.0124028
0.0124623
0.0125586
0.0126885
0.0128494
0.0130386
0.0132536
0.0134915
0.000752076
0.00200971
0.0103762
0.0177304
0.020915
0.0217883
0.0216635
0.0210794
0.0202314
0.0192403
0.018229
0.017338
0.0166835
0.0162829
0.0160458
0.0160178
0.0165958
0.0174682
0.0179671
0.0178325
0.01718
0.0162735
0.0153544
0.0145675
0.0139613
0.0135255
0.013226
0.0130274
0.0129021
0.0128318
0.0128053
0.0128163
0.0128609
0.0129368
0.0130423
0.0131761
0.0133368
0.0135228
0.0137322
0.00074632
0.00200189
0.0102536
0.0174703
0.0206203
0.021498
0.0213853
0.020818
0.0199925
0.0190305
0.0180436
0.017168
0.0165351
0.0162092
0.0161386
0.0163003
0.0169171
0.0177674
0.0182858
0.0182338
0.0177228
0.0170034
0.016296
0.015719
0.0152988
0.0150116
0.0148189
0.0146872
0.0145932
0.0145237
0.0144729
0.0144394
0.0144246
0.0144305
0.014459
0.0145121
0.0145915
0.0146987
0.0148321
0.000739564
0.00197111
0.0100073
0.0170035
0.0200912
0.0209743
0.02089
0.0203664
0.0195971
0.018702
0.0177823
0.0169593
0.0163723
0.016132
0.0162412
0.0166439
0.0173423
0.0182113
0.0188193
0.0189519
0.0187017
0.0182901
0.0179052
0.0176351
0.0174833
0.0174131
0.0173824
0.0173588
0.0173231
0.0172673
0.0171913
0.0171005
0.0170024
0.016905
0.0168134
0.0167321
0.0166656
0.0166166
0.0165895
0.000732197
0.00191958
0.00964289
0.0163421
0.0193401
0.0202288
0.0201878
0.0197323
0.0190499
0.0182524
0.0174339
0.0166953
0.0161724
0.016011
0.016272
0.016885
0.0177526
0.0187072
0.0194651
0.0198465
0.0199207
0.0198716
0.0198507
0.0199185
0.0200604
0.020231
0.020385
0.0204908
0.0205318
0.0205039
0.0204115
0.0202653
0.0200795
0.0198562
0.0196083
0.0193509
0.0190954
0.0188504
0.0186227
0.000724899
0.00184886
0.0091653
0.0154948
0.018373
0.0192635
0.019276
0.0189057
0.0183309
0.0176535
0.0169533
0.0163214
0.0158751
0.0157807
0.0161514
0.0169303
0.0179734
0.0190953
0.0200654
0.0207311
0.0211465
0.0214593
0.0217858
0.0221658
0.0225758
0.0229675
0.0232955
0.0235289
0.0236525
0.0236632
0.0235666
0.0233741
0.0230947
0.0227499
0.0223586
0.0219371
0.0214989
0.0210547
0.0206131
0.000718487
0.001759
0.00857758
0.0144657
0.0171885
0.0180707
0.0181395
0.0178624
0.0174044
0.0168561
0.0162825
0.0157645
0.0154017
0.0153636
0.0158031
0.0167009
0.0179071
0.0192167
0.0204181
0.0213798
0.0221305
0.0227757
0.023402
0.0240372
0.0246587
0.0252231
0.0256894
0.0260282
0.0262257
0.0262796
0.0261928
0.0259716
0.0256309
0.0251971
0.0246898
0.0241273
0.0235246
0.0228921
0.0222381
0.000713084
0.0016482
0.00788042
0.0132536
0.0157789
0.0166361
0.0167567
0.0165717
0.0162297
0.0158088
0.0153607
0.0149528
0.0146756
0.0146848
0.0151592
0.0161295
0.0174671
0.018955
0.0203832
0.0216196
0.0226639
0.023584
0.0244418
0.0252581
0.0260171
0.0266869
0.0272362
0.0276427
0.0278945
0.0279877
0.0279233
0.027704
0.0273409
0.0268593
0.02628
0.0256198
0.024892
0.0241061
0.0232685
0.000705831
0.00151335
0.00707198
0.0118528
0.0141325
0.0149425
0.0151044
0.0150036
0.0147695
0.0144673
0.0141367
0.0138318
0.013635
0.0136832
0.0141648
0.0151638
0.0165852
0.0182122
0.0198299
0.0212935
0.0225709
0.0236974
0.0247146
0.0256409
0.0264707
0.0271861
0.0277687
0.0282048
0.0284864
0.0286104
0.0285764
0.0283854
0.0280371
0.0275499
0.0269409
0.0262241
0.0254101
0.0245061
0.0235155
0.000686213
0.0013506
0.00614661
0.010252
0.0122344
0.0129713
0.0131604
0.0131317
0.0129932
0.0127972
0.0125727
0.0123621
0.0122359
0.0123149
0.0127802
0.0137663
0.0152125
0.016913
0.0186491
0.0202616
0.0216895
0.02294
0.0240396
0.0250064
0.0258451
0.0265524
0.0271227
0.0275519
0.0278374
0.0279779
0.0279726
0.0278202
0.0275163
0.0270605
0.026463
0.0257321
0.0248733
0.0238895
0.0227798
0.000629904
0.00115432
0.00509108
0.00843261
0.0100661
0.0107042
0.0109044
0.0109333
0.0108754
0.0107707
0.0106392
0.0105125
0.0104458
0.0105473
0.0109783
0.0119044
0.0133051
0.0149909
0.0167431
0.0183948
0.019865
0.0211406
0.0222369
0.0231726
0.0239609
0.0246105
0.025127
0.025515
0.0257773
0.0259157
0.0259293
0.0258164
0.0255733
0.025178
0.0246301
0.0239283
0.0230692
0.0220477
0.0208565
0.000501651
0.000912814
0.00388234
0.0063731
0.00761323
0.00812924
0.00832342
0.00839201
0.0083962
0.00836491
0.00831044
0.0082548
0.00823829
0.00834829
0.00872182
0.00952988
0.0107922
0.0123444
0.0139746
0.0155206
0.0168959
0.0180768
0.0190716
0.0198987
0.0205768
0.021122
0.0215476
0.0218642
0.0220791
0.0221965
0.0222168
0.0221375
0.0219548
0.0216483
0.021188
0.0205615
0.0197532
0.0187449
0.0175204
0.000300943
0.000607554
0.00250586
0.00408198
0.00489937
0.00527224
0.00543933
0.0055235
0.00556424
0.00558094
0.00558065
0.00557678
0.00559449
0.00569289
0.00597243
0.00657605
0.00755306
0.00878637
0.0100937
0.0113349
0.0124346
0.0133685
0.0141412
0.0147691
0.0152712
0.0156654
0.0159674
0.0161899
0.0163421
0.0164292
0.0164525
0.0164097
0.0162959
0.0161074
0.0157815
0.0152931
0.0146126
0.0137067
0.0125488
0.000108367
0.00025768
0.0010622
0.00173401
0.00211859
0.00232027
0.00242688
0.00249038
0.00253061
0.00255816
0.00257695
0.00259296
0.0026166
0.00267307
0.00280897
0.00309676
0.00358033
0.00421814
0.00491257
0.00557846
0.00616774
0.00666366
0.00706786
0.0073903
0.00764357
0.00784009
0.00799084
0.00810483
0.00818868
0.00824651
0.00827972
0.00828702
0.00826482
0.0082103
0.00809177
0.00785095
0.00746215
0.00689454
0.00613289
3.51654e-05
4.32254e-05
0.000102275
0.000159926
0.000198905
0.000223211
0.000238397
0.000248599
0.000255886
0.000261399
0.000265593
0.000268861
0.000271748
0.000275618
0.00028334
0.000300431
0.000333478
0.000384833
0.000448901
0.00051647
0.000580578
0.000637897
0.000687515
0.000729708
0.000765234
0.000794987
0.000819842
0.000840589
0.000857897
0.000872295
0.000884169
0.000893735
0.000901017
0.000905798
0.0009087
0.000910073
0.000908648
0.000902914
0.000891324
)
;

boundaryField
{
    frontandback
    {
        type            empty;
    }
    in1
    {
        type            calculated;
        value           uniform 0.000469574;
    }
    in2
    {
        type            calculated;
        value           uniform 0.000939149;
    }
    out
    {
        type            zeroGradient;
    }
    walls
    {
        type            nutkWallFunction;
        blending        stepwise;
        value           nonuniform List<scalar> 
423
(
1.40749e-05
1.44299e-05
1.4825e-05
1.52474e-05
1.57e-05
1.61858e-05
1.67053e-05
1.72578e-05
1.78425e-05
1.84598e-05
1.91106e-05
1.97959e-05
2.05144e-05
2.12622e-05
2.20329e-05
2.28183e-05
2.36083e-05
2.43912e-05
2.5153e-05
2.5877e-05
2.6544e-05
2.71334e-05
2.7625e-05
2.80013e-05
2.82499e-05
2.83659e-05
2.8354e-05
2.82294e-05
2.80183e-05
2.77573e-05
2.74898e-05
2.72609e-05
2.71097e-05
2.70631e-05
2.7134e-05
2.73224e-05
2.76205e-05
2.80168e-05
2.84988e-05
2.9055e-05
2.96755e-05
3.03515e-05
3.10755e-05
3.18408e-05
3.26412e-05
3.34712e-05
3.43254e-05
3.51989e-05
3.6087e-05
3.69852e-05
3.78895e-05
3.87961e-05
3.97013e-05
4.06017e-05
4.14939e-05
4.23744e-05
4.32397e-05
4.40858e-05
4.49085e-05
4.57028e-05
4.64636e-05
4.71847e-05
4.786e-05
4.84828e-05
4.90461e-05
4.95432e-05
4.99674e-05
5.03131e-05
5.05755e-05
5.07517e-05
5.08406e-05
5.08439e-05
5.07657e-05
5.06071e-05
5.03605e-05
5.00314e-05
4.96257e-05
4.91505e-05
4.8614e-05
4.8026e-05
4.73978e-05
4.67423e-05
4.60734e-05
4.54056e-05
4.47538e-05
4.41318e-05
4.35523e-05
4.30254e-05
4.25585e-05
4.21555e-05
4.18173e-05
4.15418e-05
4.13245e-05
4.1159e-05
4.10379e-05
4.09531e-05
4.08973e-05
4.08639e-05
4.08465e-05
4.08387e-05
4.08342e-05
4.08393e-05
4.08483e-05
4.08527e-05
4.08416e-05
4.08025e-05
4.07241e-05
4.05995e-05
4.04285e-05
4.02181e-05
3.99797e-05
3.97252e-05
3.94614e-05
3.91879e-05
3.88964e-05
3.8573e-05
3.82019e-05
3.77689e-05
3.72639e-05
3.66829e-05
3.60276e-05
3.5304e-05
3.45201e-05
3.36836e-05
3.28008e-05
3.18786e-05
3.09261e-05
2.99588e-05
2.8999e-05
2.79847e-05
2.69139e-05
2.5784e-05
2.45926e-05
2.3337e-05
2.20147e-05
2.06241e-05
1.91655e-05
1.76426e-05
1.60644e-05
1.44487e-05
1.28261e-05
1.12451e-05
9.77512e-06
8.49959e-06
7.49181e-06
6.77516e-06
6.30418e-06
5.99552e-06
5.7755e-06
5.59869e-06
5.44142e-06
5.29135e-06
5.14115e-06
4.98579e-06
4.82156e-06
4.64593e-06
4.45759e-06
4.25665e-06
4.04483e-06
3.82554e-06
3.60371e-06
3.38523e-06
3.17606e-06
2.98125e-06
2.80437e-06
2.6476e-06
2.512e-06
2.39782e-06
2.30453e-06
2.23075e-06
2.17434e-06
2.13264e-06
2.10287e-06
2.08252e-06
2.06951e-06
2.06228e-06
2.05982e-06
2.06193e-06
2.06917e-06
2.08284e-06
2.10573e-06
2.14168e-06
2.194e-06
2.26182e-06
2.33187e-06
2.35631e-06
2.18498e-06
1.31597e-05
1.35216e-05
1.39247e-05
1.43504e-05
1.47983e-05
1.52698e-05
1.57668e-05
1.62916e-05
1.68468e-05
1.74344e-05
1.80558e-05
1.8712e-05
1.9404e-05
2.01322e-05
2.08955e-05
2.16904e-05
2.25107e-05
2.3348e-05
2.4192e-05
2.503e-05
2.58461e-05
2.66211e-05
2.73319e-05
2.79522e-05
2.8454e-05
2.88095e-05
2.89948e-05
2.89944e-05
2.88079e-05
2.84565e-05
2.79838e-05
2.74476e-05
2.69096e-05
2.64197e-05
2.60075e-05
2.56849e-05
2.54513e-05
2.52985e-05
2.52136e-05
2.51821e-05
2.51889e-05
2.52194e-05
2.52592e-05
2.52953e-05
2.53163e-05
2.53131e-05
2.52798e-05
2.52141e-05
2.51173e-05
2.49944e-05
2.48531e-05
2.47024e-05
2.45517e-05
2.441e-05
2.42852e-05
2.41805e-05
2.40794e-05
2.39782e-05
2.38713e-05
2.37509e-05
2.36089e-05
2.34366e-05
2.32268e-05
2.29741e-05
2.26762e-05
2.23343e-05
2.19533e-05
2.15416e-05
2.1111e-05
2.06759e-05
2.02524e-05
1.98575e-05
1.95069e-05
1.92136e-05
1.89879e-05
1.88377e-05
1.87794e-05
1.89542e-05
1.93108e-05
1.97046e-05
2.01698e-05
2.06933e-05
2.12576e-05
2.18503e-05
2.246e-05
2.30735e-05
2.36743e-05
2.42429e-05
2.47557e-05
2.5185e-05
2.55001e-05
2.56694e-05
2.5663e-05
2.54591e-05
2.52275e-05
2.49705e-05
2.46691e-05
2.48128e-05
3.622e-05
3.11194e-05
1.31911e-05
1.18923e-05
1.16596e-05
1.14178e-05
1.11385e-05
1.08244e-05
1.04771e-05
1.00973e-05
9.68646e-06
9.24712e-06
8.78407e-06
8.30523e-06
7.81799e-06
7.33296e-06
6.86818e-06
6.44292e-06
6.07323e-06
5.76705e-06
5.52181e-06
5.32651e-06
5.16671e-06
5.02917e-06
4.90395e-06
4.78421e-06
4.66529e-06
4.54375e-06
4.41682e-06
4.28227e-06
4.13837e-06
3.98417e-06
3.81965e-06
3.64602e-06
3.46584e-06
3.28295e-06
3.10216e-06
2.92854e-06
2.76679e-06
2.62062e-06
2.49256e-06
2.38386e-06
2.29471e-06
2.22401e-06
2.16993e-06
2.12995e-06
2.10163e-06
2.08264e-06
2.07107e-06
2.06559e-06
2.06541e-06
2.07115e-06
2.08393e-06
2.1063e-06
2.14198e-06
2.19414e-06
2.26187e-06
2.3319e-06
2.35632e-06
2.18498e-06
4.22785e-06
5.45212e-06
1.21781e-05
1.86174e-05
2.25186e-05
2.462e-05
2.58e-05
2.66164e-05
2.72733e-05
2.78535e-05
2.83637e-05
2.88248e-05
2.92937e-05
2.99193e-05
3.0973e-05
3.28664e-05
3.60132e-05
4.05053e-05
4.59451e-05
5.17081e-05
5.72843e-05
6.2389e-05
6.69175e-05
7.08685e-05
7.42897e-05
7.72464e-05
7.98054e-05
8.20272e-05
8.39624e-05
8.56505e-05
8.71194e-05
8.83844e-05
8.94476e-05
9.02949e-05
9.0896e-05
9.13655e-05
9.16054e-05
9.14802e-05
9.08661e-05
4.21916e-06
5.93452e-06
1.33979e-05
1.9616e-05
2.35533e-05
2.5937e-05
2.74139e-05
2.8415e-05
2.91397e-05
2.96988e-05
3.01367e-05
3.04949e-05
3.08289e-05
3.12767e-05
3.21353e-05
3.39502e-05
3.73403e-05
4.2468e-05
4.87257e-05
5.52072e-05
6.12681e-05
6.66234e-05
7.12139e-05
7.50866e-05
7.83275e-05
8.10307e-05
8.32848e-05
8.51671e-05
8.67421e-05
8.80596e-05
8.91546e-05
9.00457e-05
9.07338e-05
9.12009e-05
9.15177e-05
9.1682e-05
9.15779e-05
9.10666e-05
9.00049e-05
)
;
    }
}


// ************************************************************************* //
