/*--------------------------------*- C++ -*----------------------------------*\
| =========                 |                                                 |
| \\      /  F ield         | OpenFOAM: The Open Source CFD Toolbox           |
|  \\    /   O peration     | Version:  2406                                  |
|   \\  /    A nd           | Website:  www.openfoam.com                      |
|    \\/     M anipulation  |                                                 |
\*---------------------------------------------------------------------------*/
FoamFile
{
    version     2.0;
    format      ascii;
    arch        "LSB;label=32;scalar=64";
    class       volScalarField;
    location    "1.45";
    object      p_rgh;
}
// * * * * * * * * * * * * * * * * * * * * * * * * * * * * * * * * * * * * * //

dimensions      [1 -1 -2 0 0 0 0];

internalField   nonuniform List<scalar> 
6250
(
0.878413
-3218.44
-1030.72
544.542
499.621
30.8973
-129.588
-52.3492
24.0073
30.3506
10.1989
0.596717
2.85686
6.53358
7.24742
6.41354
5.85909
5.8638
6.00335
6.03746
5.98394
5.92861
5.90307
5.8841
5.86187
5.83499
5.80861
5.78371
5.75207
5.72578
5.70324
5.67879
5.65804
5.63072
5.59995
5.57878
5.55623
5.52264
5.49332
5.47001
5.44709
5.42997
5.40874
5.38086
5.35642
5.33186
5.30434
5.27487
5.24349
5.2172
5.19403
5.16819
5.14394
5.116
5.08298
5.05643
5.03461
5.00957
4.98004
4.94826
4.91998
4.89547
4.87138
4.84632
4.81761
4.79011
4.76926
4.74893
4.72477
4.70089
4.67814
4.65322
4.62792
4.60354
4.57965
4.55516
4.52815
4.50406
4.48279
4.45831
4.4313
4.4035
4.37727
4.35171
4.32716
4.30698
4.28521
4.25804
4.23048
4.20383
4.17835
4.15938
4.1435
4.11823
4.08514
4.05431
4.02725
4.0027
3.98045
3.95873
3.93469
3.90834
3.8818
3.854
3.82589
3.80034
3.77587
3.75187
3.7263
3.69672
3.66737
3.63899
3.61152
3.58849
3.5662
3.54168
3.51696
3.49061
3.46113
3.42965
3.39771
3.36619
3.33798
3.31631
3.29772
3.27701
3.25267
3.22406
3.1917
3.15886
3.1288
3.10229
3.07838
3.05449
3.02962
3.0069
2.98702
2.96668
2.94254
2.91247
2.87951
2.84753
2.81576
2.7868
2.76304
2.7407
2.71914
2.69821
2.67456
2.64859
2.62064
2.5901
2.5597
2.52988
2.49994
2.4724
2.44634
2.41987
2.39607
2.37581
2.35556
2.33295
2.30906
2.28526
2.2601
2.23478
2.21253
2.19059
2.16574
2.13867
2.11016
2.08106
2.05228
2.02638
2.00494
1.98337
1.95929
1.93542
1.91129
1.88642
1.86306
1.8416
1.82106
1.79866
1.77282
1.7465
1.71992
1.69181
1.66505
1.63961
1.61182
1.58246
1.55408
1.52503
1.49366
1.46292
1.43443
1.40564
1.37611
1.34731
1.31791
1.2869
1.25618
1.22694
1.19867
1.17038
1.14169
1.11369
1.08591
1.05699
1.02825
1.0006
0.973495
0.94638
0.918519
0.89137
0.865236
0.838704
0.814098
0.790061
0.761589
0.731341
0.703388
0.677466
0.653939
0.63185
0.608888
0.586078
0.564966
0.543351
0.519465
0.494184
0.469045
0.446871
0.426873
0.404945
0.380613
0.353605
0.324534
0.296867
0.270465
0.242608
0.212688
0.182968
0.154724
0.125864
0.0967268
0.0680612
0.0423198
0.0103139
0.842901
-3218.51
-1030.76
544.554
499.634
30.8928
-129.596
-52.3504
24.0079
30.3465
10.1965
0.598144
2.85654
6.53243
7.2428
6.40812
5.86176
5.87229
6.00662
6.0323
5.98226
5.93222
5.90289
5.88275
5.86049
5.8328
5.8072
5.78074
5.751
5.72819
5.7078
5.67982
5.64925
5.62443
5.60068
5.5726
5.54965
5.52771
5.50344
5.48107
5.45559
5.42906
5.4016
5.3736
5.35005
5.32881
5.30488
5.27559
5.24376
5.21665
5.19433
5.17044
5.14292
5.11195
5.08167
5.05801
5.03674
5.01097
4.9814
4.95042
4.92088
4.89429
4.86805
4.84121
4.81517
4.79229
4.77206
4.75091
4.72646
4.69994
4.67565
4.65314
4.6307
4.60637
4.57968
4.55322
4.52542
4.50135
4.48356
4.46252
4.43532
4.40521
4.37739
4.35194
4.32472
4.29933
4.27681
4.25419
4.23218
4.21149
4.18894
4.16322
4.13866
4.11425
4.08552
4.05454
4.02593
4.00089
3.97807
3.95799
3.9377
3.91006
3.87759
3.84676
3.81977
3.79973
3.78304
3.7633
3.73717
3.70205
3.66373
3.62966
3.60182
3.58167
3.56461
3.54542
3.52281
3.49492
3.46265
3.42874
3.3968
3.36851
3.34176
3.31779
3.29745
3.27596
3.24961
3.21947
3.18794
3.15668
3.12808
3.10277
3.0792
3.05706
3.03441
3.01097
2.98907
2.9674
2.94266
2.91193
2.87659
2.84245
2.81084
2.78292
2.76152
2.74212
2.72101
2.69948
2.67679
2.65309
2.62707
2.59533
2.5606
2.52605
2.49236
2.46407
2.44201
2.42069
2.39847
2.37631
2.3547
2.33308
2.30994
2.28759
2.26525
2.23873
2.21183
2.18758
2.16235
2.13529
2.10815
2.08161
2.05428
2.02623
2.00189
1.98064
1.95794
1.93542
1.91484
1.89404
1.87142
1.8461
1.81997
1.79383
1.7657
1.73928
1.71725
1.69385
1.66782
1.64257
1.61504
1.58332
1.5524
1.52395
1.49446
1.46414
1.43574
1.40787
1.37784
1.34663
1.31596
1.2852
1.25407
1.22424
1.19694
1.17039
1.14196
1.11327
1.0861
1.05776
1.0282
1.00025
0.973884
0.947553
0.919936
0.892309
0.865813
0.837253
0.808524
0.784538
0.761638
0.736228
0.70944
0.680825
0.652412
0.628213
0.606142
0.582743
0.560422
0.540934
0.521986
0.50081
0.475048
0.448103
0.42431
0.401013
0.377273
0.353268
0.326454
0.298124
0.270985
0.243723
0.213389
0.18188
0.153177
0.125673
0.0975117
0.0697209
0.0402595
0.0139774
0.84279
-3218.5
-1030.74
544.563
499.636
30.892
-129.597
-52.3477
24.0175
30.3575
10.1986
0.594458
2.85399
6.5322
7.24784
6.41041
5.8534
5.86721
6.01379
6.03705
5.97846
5.93333
5.90785
5.88433
5.86228
5.83639
5.8068
5.77612
5.75109
5.72899
5.70269
5.68124
5.6597
5.63137
5.60402
5.57371
5.54547
5.52259
5.49843
5.47701
5.45603
5.43355
5.40804
5.37737
5.35029
5.32673
5.30173
5.27611
5.24547
5.21481
5.19407
5.17516
5.14797
5.11419
5.0824
5.05786
5.03423
5.00592
4.97771
4.95201
4.92586
4.89849
4.86895
4.83857
4.81293
4.79319
4.77346
4.75131
4.72681
4.69944
4.67428
4.65258
4.63155
4.60793
4.5798
4.55283
4.52657
4.50156
4.48183
4.45981
4.43174
4.40211
4.37586
4.35437
4.33163
4.30574
4.28052
4.25508
4.22789
4.20464
4.18627
4.16541
4.14198
4.11571
4.08311
4.05106
4.0265
4.0052
3.98089
3.95512
3.93228
3.91007
3.88527
3.85734
3.82698
3.79932
3.7757
3.75229
3.72842
3.70014
3.66672
3.63447
3.60681
3.58551
3.5681
3.54805
3.52274
3.4932
3.46063
3.42548
3.39197
3.36486
3.34217
3.32106
3.29953
3.27494
3.24826
3.22116
3.19225
3.16093
3.12988
3.10186
3.07717
3.0549
3.03313
3.01047
2.98786
2.96532
2.94109
2.91195
2.87805
2.84518
2.81453
2.78535
2.76169
2.74252
2.72294
2.70123
2.67583
2.64817
2.62092
2.59178
2.56003
2.52819
2.49599
2.46556
2.44143
2.42175
2.40165
2.37932
2.35551
2.3309
2.30556
2.28274
2.26323
2.24137
2.21574
2.18927
2.16197
2.13356
2.10603
2.08173
2.05844
2.0317
2.00396
1.97948
1.95686
1.93449
1.9122
1.88964
1.86713
1.8443
1.82194
1.79959
1.7728
1.74261
1.7154
1.69112
1.6667
1.64259
1.61699
1.58605
1.55254
1.52221
1.49364
1.46328
1.43311
1.40468
1.37604
1.34679
1.31795
1.28878
1.25769
1.22522
1.19474
1.16764
1.14114
1.11422
1.08783
1.05977
1.02925
0.998748
0.969996
0.94407
0.919037
0.893168
0.86845
0.842429
0.813126
0.785356
0.759239
0.731799
0.704689
0.678541
0.653241
0.630974
0.610288
0.586612
0.561279
0.538665
0.518421
0.498239
0.475618
0.450716
0.426841
0.403236
0.378326
0.352945
0.326162
0.297737
0.269078
0.240886
0.21294
0.184467
0.15572
0.12582
0.0957317
0.0681454
0.0413633
0.0142678
0.843621
-3218.51
-1030.75
544.552
499.633
30.883
-129.603
-52.3486
24.0112
30.3472
10.1936
0.593723
2.85438
6.53036
7.24744
6.41233
5.85428
5.86712
6.01054
6.03321
5.9775
5.92972
5.90504
5.8843
5.85991
5.83601
5.81093
5.7807
5.75258
5.72823
5.70267
5.67905
5.65285
5.62375
5.60146
5.57893
5.55268
5.5245
5.49644
5.47341
5.45192
5.43074
5.40814
5.37928
5.35162
5.32725
5.29991
5.27345
5.24651
5.218
5.19335
5.16839
5.14021
5.11364
5.08828
5.06098
5.03519
5.00937
4.97683
4.94446
4.91976
4.89673
4.87223
4.84642
4.81621
4.78777
4.76688
4.74793
4.72743
4.7043
4.67794
4.65128
4.62908
4.607
4.5787
4.55231
4.52831
4.50199
4.4797
4.45905
4.43333
4.40444
4.37631
4.35158
4.32899
4.30465
4.27849
4.25422
4.23078
4.20771
4.18791
4.16537
4.13809
4.11247
4.08459
4.05216
4.02461
4.00455
3.9842
3.95924
3.93184
3.90358
3.87662
3.85281
3.82968
3.80712
3.78406
3.7561
3.72556
3.69462
3.66249
3.63318
3.60862
3.5867
3.56737
3.54819
3.5231
3.49206
3.45918
3.4245
3.39139
3.3655
3.34424
3.32386
3.30251
3.27653
3.24658
3.21626
3.18673
3.1583
3.13038
3.10278
3.07743
3.05554
3.03569
3.01522
2.99231
2.9665
2.93857
2.9081
2.87463
2.84246
2.81443
2.78774
2.76229
2.74051
2.72139
2.70171
2.67876
2.6514
2.62107
2.58927
2.55678
2.52581
2.49682
2.46779
2.44037
2.41763
2.39815
2.37831
2.3571
2.33493
2.31002
2.28338
2.25992
2.23868
2.21517
2.19001
2.16435
2.13591
2.10493
2.07649
2.05306
2.03094
2.00688
1.98194
1.95801
1.93523
1.9131
1.89175
1.86969
1.84455
1.81834
1.79486
1.77232
1.74722
1.72067
1.6941
1.66613
1.63798
1.61243
1.58589
1.55456
1.52277
1.49366
1.46446
1.43473
1.40565
1.37589
1.34482
1.31375
1.28422
1.25645
1.22836
1.19918
1.17049
1.14132
1.111
1.08249
1.0564
1.0304
1.00248
0.972376
0.943658
0.917363
0.891116
0.866463
0.842378
0.814682
0.785972
0.758886
0.731686
0.704763
0.678817
0.65322
0.629314
0.608321
0.587577
0.56485
0.541003
0.516881
0.494447
0.473885
0.451778
0.427936
0.403736
0.378318
0.352127
0.326113
0.298908
0.269873
0.240771
0.212111
0.183596
0.1553
0.125818
0.0961442
0.0684993
0.041766
0.0145508
0.839127
-3218.51
-1030.76
544.554
499.635
30.886
-129.605
-52.3503
24.014
30.3503
10.1978
0.598944
2.8565
6.53094
7.24943
6.41482
5.85336
5.86261
6.01072
6.04068
5.98411
5.93377
5.90585
5.88506
5.86534
5.8361
5.80266
5.7758
5.75395
5.73199
5.70446
5.67917
5.6564
5.62807
5.59994
5.57551
5.5505
5.52515
5.5029
5.48123
5.45419
5.42702
5.40313
5.3784
5.35553
5.32953
5.29784
5.27202
5.24819
5.22057
5.1941
5.16917
5.14331
5.11414
5.08569
5.0605
5.03595
5.01047
4.9798
4.94723
4.92056
4.89636
4.87104
4.845
4.81622
4.78991
4.7693
4.74836
4.72662
4.70448
4.67979
4.65384
4.62986
4.60554
4.57606
4.54916
4.52859
4.50617
4.48102
4.45542
4.42991
4.40499
4.37922
4.35294
4.32854
4.30476
4.27872
4.25372
4.23072
4.20746
4.18876
4.16973
4.14044
4.10888
4.07991
4.05006
4.02496
4.00576
3.98576
3.96211
3.93411
3.90418
3.87708
3.85322
3.82999
3.8073
3.78413
3.75699
3.72621
3.69364
3.66063
3.63213
3.6105
3.591
3.57074
3.54893
3.5219
3.49015
3.45771
3.42476
3.39296
3.36599
3.34296
3.32227
3.30177
3.27722
3.24895
3.21862
3.18652
3.1567
3.12983
3.10332
3.0791
3.05699
3.03481
3.01426
2.99321
2.96719
2.93835
2.908
2.87435
2.84166
2.8138
2.78865
2.76497
2.74275
2.72138
2.7004
2.67787
2.65146
2.62146
2.58917
2.555
2.52235
2.49475
2.46935
2.44379
2.4204
2.3988
2.37635
2.3538
2.33246
2.31063
2.28654
2.26195
2.23909
2.21532
2.18833
2.16182
2.13646
2.1083
2.07918
2.05299
2.02901
2.00551
1.98166
1.9586
1.9372
1.91483
1.89177
1.87016
1.84683
1.82031
1.79436
1.77007
1.74535
1.72023
1.69619
1.67107
1.64178
1.61191
1.58385
1.55356
1.52188
1.49289
1.46459
1.43482
1.40488
1.37536
1.34587
1.31531
1.28418
1.25496
1.22669
1.19754
1.16979
1.14306
1.11412
1.08418
1.0552
1.0273
1.00015
0.971899
0.94431
0.919536
0.893663
0.866497
0.841017
0.814557
0.786532
0.759481
0.732021
0.70401
0.678472
0.654882
0.630519
0.606551
0.584951
0.564084
0.542338
0.519843
0.497171
0.474741
0.45157
0.427387
0.403338
0.378495
0.352092
0.326034
0.299472
0.270689
0.241306
0.212072
0.183228
0.155021
0.126318
0.0972068
0.0680574
0.0407358
0.0142965
0.838223
-3218.52
-1030.76
544.546
499.636
30.8909
-129.604
-52.3506
24.0111
30.3437
10.1953
0.598443
2.85339
6.52684
7.24396
6.41226
5.85562
5.8653
6.01109
6.04005
5.98164
5.9272
5.90055
5.88284
5.86257
5.83164
5.80282
5.78181
5.7565
5.73084
5.70577
5.67879
5.65493
5.62909
5.598
5.57373
5.5535
5.52752
5.49984
5.474
5.45085
5.42944
5.40791
5.3796
5.3487
5.32537
5.30118
5.27412
5.24845
5.22089
5.19245
5.16744
5.14353
5.1136
5.08413
5.06047
5.03537
5.00871
4.97842
4.94448
4.91848
4.89738
4.87176
4.84565
4.8178
4.78883
4.76643
4.74677
4.7255
4.70429
4.68217
4.65546
4.62714
4.60341
4.57754
4.54868
4.52585
4.50434
4.47963
4.45548
4.43085
4.40566
4.38132
4.3543
4.32615
4.30081
4.27505
4.25223
4.23552
4.21464
4.18947
4.16584
4.13697
4.10536
4.07848
4.05207
4.02694
4.00571
3.98424
3.96074
3.93428
3.90462
3.87655
3.85312
3.83127
3.8086
3.78467
3.75639
3.72368
3.69124
3.66028
3.63185
3.61023
3.59258
3.57288
3.55049
3.52227
3.48721
3.45284
3.4224
3.39382
3.36812
3.34522
3.32332
3.30117
3.27566
3.24678
3.21742
3.18685
3.15616
3.12822
3.10273
3.08013
3.05951
3.03742
3.01465
2.99194
2.966
2.9372
2.90721
2.87472
2.84212
2.81303
2.78763
2.76497
2.74346
2.72248
2.70132
2.6776
2.64999
2.6189
2.58648
2.55419
2.52248
2.49396
2.46866
2.44345
2.41929
2.39793
2.37688
2.35459
2.33241
2.31068
2.28762
2.26215
2.23724
2.21396
2.18837
2.16147
2.13586
2.10837
2.07944
2.05278
2.02856
2.00596
1.98259
1.9583
1.9367
1.91569
1.89265
1.87006
1.8466
1.82042
1.79455
1.77078
1.74755
1.72264
1.69656
1.67061
1.64194
1.61097
1.58229
1.55365
1.52251
1.49242
1.46373
1.43438
1.40464
1.37433
1.34381
1.31364
1.28343
1.25483
1.22798
1.19968
1.17029
1.14163
1.11243
1.08283
1.05408
1.02645
0.999869
0.972115
0.943798
0.918793
0.894514
0.867817
0.840797
0.813291
0.785197
0.758622
0.732286
0.704758
0.678324
0.654281
0.630787
0.607258
0.585074
0.56376
0.542193
0.520275
0.497546
0.474322
0.451304
0.427684
0.403625
0.379098
0.3522
0.324534
0.297766
0.270082
0.242098
0.213058
0.182626
0.153882
0.12563
0.0969316
0.0681613
0.0401674
0.0136498
0.829276
-3218.52
-1030.76
544.545
499.633
30.8886
-129.606
-52.3573
24.0092
30.3483
10.1958
0.598608
2.85593
6.53251
7.24787
6.4107
5.85573
5.86393
6.00786
6.03974
5.98153
5.93051
5.91109
5.89125
5.86438
5.83382
5.80247
5.77813
5.75532
5.72866
5.70428
5.68091
5.65594
5.63172
5.6024
5.57358
5.54994
5.52406
5.49868
5.47753
5.4567
5.43275
5.40783
5.37856
5.34894
5.32919
5.3051
5.27261
5.24404
5.21819
5.19226
5.16845
5.1453
5.11546
5.08586
5.06259
5.0357
5.00702
4.97951
4.94786
4.91936
4.89706
4.87122
4.84403
4.81864
4.79161
4.76734
4.74826
4.7287
4.70533
4.68177
4.65617
4.62529
4.59963
4.57845
4.55153
4.52607
4.50506
4.48047
4.45462
4.42993
4.40351
4.37855
4.35471
4.32882
4.30397
4.27746
4.24983
4.23152
4.21587
4.1923
4.16641
4.1371
4.1037
4.07616
4.05348
4.0301
4.00703
3.98337
3.95818
3.93205
3.90505
3.87982
3.85769
3.83528
3.81035
3.78323
3.75369
3.72155
3.68983
3.6612
3.63553
3.61426
3.59568
3.57382
3.54832
3.51952
3.48612
3.45273
3.42332
3.39642
3.3708
3.34623
3.32271
3.30021
3.27551
3.24651
3.21589
3.18542
3.15637
3.13022
3.10509
3.08132
3.06052
3.03888
3.01497
2.99132
2.96573
2.93705
2.90729
2.87505
2.84191
2.81214
2.78664
2.76565
2.74657
2.72543
2.70197
2.67641
2.64795
2.61697
2.58532
2.55405
2.52262
2.49307
2.46765
2.44395
2.42021
2.39799
2.37707
2.35549
2.33232
2.30914
2.28748
2.26424
2.23872
2.21456
2.18891
2.16026
2.13381
2.10823
2.08052
2.05328
2.02777
2.00545
1.98524
1.96216
1.93805
1.91538
1.89165
1.86851
1.84736
1.82427
1.79802
1.77141
1.74674
1.72221
1.69623
1.67093
1.64422
1.61307
1.58216
1.55331
1.52298
1.49246
1.46318
1.43361
1.40361
1.37306
1.343
1.31461
1.28539
1.25513
1.2266
1.19845
1.16961
1.14183
1.1137
1.08395
1.05391
1.02459
0.997751
0.972111
0.944779
0.918476
0.894176
0.868462
0.841807
0.814898
0.786388
0.757954
0.731133
0.704703
0.678568
0.65436
0.631661
0.608745
0.585643
0.563068
0.541201
0.520062
0.498445
0.475649
0.453019
0.429284
0.403292
0.378023
0.35252
0.325182
0.298126
0.270452
0.242803
0.214371
0.182701
0.15282
0.12491
0.0963759
0.0677177
0.0395681
0.0134005
0.831266
-3218.52
-1030.76
544.541
499.626
30.8903
-129.605
-52.356
24.0092
30.3457
10.1932
0.596781
2.85274
6.53085
7.24755
6.40774
5.85398
5.87096
6.01558
6.03917
5.98096
5.92989
5.90432
5.8834
5.85941
5.83233
5.80648
5.7814
5.75555
5.73059
5.7048
5.67884
5.653
5.62757
5.60284
5.57944
5.55255
5.52141
5.49614
5.47693
5.45711
5.4308
5.40354
5.37745
5.35067
5.32954
5.30457
5.27359
5.24606
5.21869
5.19202
5.16736
5.14158
5.11212
5.08526
5.06411
5.03714
5.00564
4.97657
4.94565
4.91829
4.89806
4.87315
4.84411
4.8168
4.78893
4.76645
4.75108
4.73222
4.70456
4.67569
4.65039
4.62479
4.60236
4.58194
4.55371
4.52365
4.49923
4.47604
4.45426
4.43307
4.40753
4.38074
4.35305
4.32221
4.29713
4.27811
4.25638
4.23684
4.21832
4.19032
4.16042
4.1331
4.10211
4.07458
4.05418
4.03268
4.00959
3.98515
3.95713
3.92952
3.90372
3.87805
3.85585
3.83625
3.81288
3.785
3.75418
3.7195
3.68591
3.6594
3.63645
3.61601
3.59836
3.57547
3.54694
3.5177
3.48488
3.4508
3.42134
3.39494
3.37059
3.34842
3.32533
3.30095
3.2749
3.24456
3.21261
3.18248
3.15449
3.13013
3.10768
3.08407
3.06137
3.0394
3.01517
2.99049
2.96515
2.9359
2.90484
2.87378
2.84262
2.81343
2.78746
2.76539
2.74618
2.726
2.70263
2.67584
2.64618
2.61428
2.58206
2.55227
2.52334
2.49368
2.4668
2.44294
2.41903
2.3963
2.37607
2.35626
2.33463
2.31072
2.28687
2.26299
2.23738
2.21294
2.18911
2.16154
2.13295
2.10617
2.08
2.05465
2.02941
2.00536
1.98413
1.96169
1.93803
1.91645
1.89371
1.86898
1.84559
1.82269
1.79838
1.77328
1.74924
1.72545
1.69816
1.66959
1.64205
1.61174
1.58046
1.55247
1.52429
1.494
1.46366
1.43319
1.40254
1.37148
1.34016
1.31106
1.28375
1.25587
1.22859
1.20139
1.17134
1.14001
1.10995
1.08093
1.05266
1.02423
0.997177
0.972503
0.94686
0.920042
0.894099
0.867275
0.839678
0.81308
0.785994
0.757998
0.73121
0.705725
0.679591
0.653755
0.630278
0.608325
0.586289
0.563844
0.541675
0.520585
0.498925
0.475267
0.452031
0.429229
0.403944
0.377985
0.352116
0.324689
0.297978
0.27073
0.241622
0.213217
0.183692
0.153887
0.124192
0.0948566
0.0671672
0.0388763
0.0124564
0.829358
-3218.52
-1030.76
544.54
499.624
30.8881
-129.607
-52.357
24.0054
30.3449
10.1978
0.595933
2.85175
6.53082
7.24486
6.40986
5.85841
5.86791
6.00967
6.03686
5.98268
5.9359
5.90983
5.88456
5.8605
5.83684
5.80985
5.78138
5.75321
5.7273
5.7045
5.68168
5.65552
5.63065
5.60298
5.5731
5.5489
5.52561
5.50317
5.48097
5.45557
5.42931
5.40543
5.3803
5.35158
5.32789
5.30249
5.27292
5.24634
5.21933
5.19345
5.1683
5.14168
5.11544
5.08792
5.0609
5.03433
5.00456
4.97492
4.94897
4.92416
4.89909
4.87151
4.84191
4.81562
4.79286
4.77218
4.75265
4.73126
4.70411
4.67432
4.65062
4.62835
4.60213
4.57798
4.55362
4.52554
4.50043
4.47833
4.45479
4.43116
4.40526
4.37694
4.35104
4.32495
4.30018
4.28047
4.25844
4.23552
4.21656
4.19144
4.15925
4.13013
4.10287
4.07698
4.05527
4.03371
4.00946
3.9831
3.95542
3.92975
3.90625
3.88274
3.86003
3.83755
3.81217
3.78289
3.75111
3.71822
3.68691
3.66149
3.64044
3.61992
3.59982
3.57621
3.5465
3.515
3.48321
3.45166
3.42334
3.39766
3.37272
3.34833
3.32392
3.29973
3.27407
3.24445
3.2135
3.18347
3.15517
3.13085
3.10841
3.08511
3.06286
3.04082
3.01592
2.98988
2.96404
2.93608
2.90561
2.87351
2.84143
2.81291
2.78862
2.7676
2.74872
2.72793
2.70249
2.67384
2.64405
2.61315
2.58132
2.55102
2.52237
2.49357
2.4666
2.44295
2.42065
2.39845
2.37654
2.35536
2.33369
2.3099
2.28681
2.26512
2.24008
2.21296
2.18737
2.16087
2.1331
2.10615
2.0797
2.05447
2.03014
2.00654
1.98571
1.96448
1.93983
1.91574
1.89301
1.8696
1.84635
1.82396
1.801
1.77569
1.74955
1.72503
1.69882
1.67001
1.64262
1.6143
1.5828
1.55227
1.52335
1.49355
1.46286
1.43178
1.40109
1.37102
1.34103
1.31245
1.28523
1.25637
1.22668
1.19868
1.1709
1.1418
1.11173
1.08142
1.05181
1.02288
0.995205
0.971069
0.947189
0.920834
0.894537
0.86829
0.841002
0.813761
0.786087
0.757499
0.730332
0.70557
0.68079
0.655126
0.630677
0.607775
0.585791
0.564004
0.542224
0.521527
0.500928
0.477818
0.452831
0.428186
0.403051
0.377344
0.352406
0.326073
0.298685
0.27121
0.241787
0.212199
0.183712
0.155073
0.124873
0.0947956
0.0676814
0.0397535
0.0127478
0.832379
-3218.53
-1030.77
544.544
499.626
30.8786
-129.607
-52.3504
24.0047
30.3395
10.1928
0.598537
2.85665
6.52709
7.24324
6.41288
5.85477
5.86524
6.01368
6.04084
5.9864
5.9323
5.90293
5.88531
5.86113
5.83291
5.8086
5.78231
5.75396
5.72735
5.70461
5.68393
5.65572
5.62577
5.59885
5.57532
5.55633
5.52958
5.50036
5.47634
5.45243
5.43043
5.40686
5.37874
5.35095
5.32651
5.30108
5.27478
5.2496
5.22109
5.19165
5.16379
5.13786
5.11411
5.09004
5.06424
5.03441
5.00154
4.97185
4.94784
4.92521
4.90032
4.87147
4.84048
4.81382
4.79303
4.77487
4.75474
4.7298
4.7009
4.67051
4.64656
4.62899
4.60698
4.58014
4.55252
4.52301
4.49572
4.47449
4.45521
4.43474
4.40896
4.37637
4.34585
4.3203
4.29902
4.2838
4.26458
4.2381
4.21335
4.18761
4.15681
4.12776
4.10156
4.07731
4.05644
4.03505
4.01028
3.98361
3.95529
3.92742
3.90376
3.88259
3.86076
3.83778
3.81215
3.78207
3.74968
3.7175
3.68705
3.66224
3.64241
3.62183
3.59946
3.57465
3.5452
3.51386
3.48276
3.45144
3.42223
3.39647
3.37273
3.34983
3.32548
3.29914
3.27209
3.24274
3.21159
3.18182
3.15454
3.13057
3.109
3.08645
3.06276
3.04032
3.01757
2.99146
2.96339
2.93404
2.90235
2.87099
2.84183
2.81461
2.79044
2.76902
2.74825
2.72656
2.70182
2.6727
2.64184
2.61139
2.58005
2.54947
2.52167
2.49389
2.46613
2.44123
2.41876
2.39738
2.37665
2.35657
2.33583
2.31156
2.28552
2.26195
2.23895
2.2139
2.18798
2.16108
2.1325
2.10417
2.07821
2.05471
2.03168
2.0077
1.98488
1.96345
1.94063
1.91678
1.89375
1.87058
1.84637
1.82248
1.80035
1.77725
1.75161
1.72666
1.70082
1.67045
1.64008
1.61214
1.58295
1.5529
1.52367
1.49358
1.46227
1.43096
1.4003
1.37027
1.33983
1.30968
1.28251
1.25687
1.22938
1.20058
1.1706
1.13932
1.10845
1.07888
1.05101
1.02347
0.995909
0.970847
0.947594
0.921958
0.894482
0.866943
0.83939
0.812168
0.785668
0.758534
0.730633
0.704406
0.680209
0.655687
0.630931
0.607089
0.585242
0.56514
0.544253
0.522325
0.500331
0.477006
0.452476
0.428758
0.40427
0.377252
0.350965
0.32575
0.298865
0.271619
0.243286
0.211939
0.181768
0.153234
0.123832
0.0945468
0.0669494
0.0405305
0.0139374
0.826296
-3218.53
-1030.76
544.546
499.621
30.8798
-129.606
-52.3533
24.0046
30.3385
10.1946
0.600487
2.85117
6.52522
7.24579
6.41253
5.85706
5.86689
6.01373
6.03917
5.98274
5.93602
5.90603
5.8816
5.86156
5.83957
5.8119
5.78142
5.75167
5.72594
5.70783
5.68806
5.65615
5.62272
5.59683
5.57668
5.5578
5.53026
5.4977
5.47234
5.45611
5.43819
5.408
5.37438
5.34815
5.32672
5.30399
5.27656
5.24763
5.21898
5.19034
5.16466
5.14328
5.11852
5.08769
5.05786
5.02958
5.00228
4.97823
4.9548
4.92655
4.8951
4.86629
4.84068
4.81868
4.79922
4.77786
4.7528
4.72574
4.69973
4.67399
4.6503
4.63055
4.60647
4.57671
4.54959
4.52429
4.49911
4.47795
4.45657
4.43145
4.40416
4.37345
4.346
4.32501
4.30317
4.28281
4.26373
4.23922
4.21193
4.18504
4.15633
4.12764
4.10307
4.08116
4.05856
4.03448
4.0086
3.98113
3.95389
3.92806
3.90535
3.88567
3.86476
3.83966
3.811
3.77955
3.74712
3.7172
3.69055
3.66663
3.64566
3.62434
3.59935
3.57244
3.54411
3.51336
3.48255
3.45304
3.42449
3.39876
3.37521
3.35112
3.32535
3.29775
3.26904
3.23986
3.21141
3.18432
3.15766
3.13251
3.10956
3.08721
3.06445
3.04126
3.01769
2.99201
2.96334
2.93336
2.902
2.87008
2.84064
2.81473
2.79221
2.77163
2.75035
2.72728
2.70159
2.67186
2.63983
2.6091
2.57937
2.54916
2.52035
2.49315
2.46658
2.44169
2.4198
2.39968
2.37811
2.35558
2.33448
2.31226
2.28755
2.26327
2.23936
2.21387
2.18682
2.15936
2.13229
2.10519
2.07859
2.05445
2.03233
2.00943
1.98586
1.96365
1.94132
1.91734
1.89367
1.87128
1.84859
1.82489
1.802
1.77902
1.75273
1.72545
1.6996
1.6717
1.64207
1.61382
1.58505
1.55396
1.52269
1.49225
1.46159
1.43027
1.3992
1.36946
1.34071
1.31168
1.28337
1.25644
1.22851
1.19929
1.17009
1.14002
1.1091
1.07812
1.04923
1.02306
0.996722
0.971044
0.94717
0.921911
0.895047
0.868057
0.839843
0.811474
0.784707
0.758857
0.731773
0.705146
0.680222
0.655691
0.631655
0.608228
0.585922
0.565684
0.544679
0.522571
0.501723
0.479406
0.453532
0.427141
0.402305
0.377311
0.35178
0.326972
0.300624
0.271895
0.243367
0.213058
0.181809
0.152222
0.122997
0.0948035
0.066285
0.0394621
0.0140139
0.827464
-3218.53
-1030.77
544.543
499.619
30.8766
-129.606
-52.3531
24.004
30.3361
10.1874
0.596253
2.85609
6.52955
7.24696
6.41477
5.85521
5.86421
6.0166
6.04408
5.98193
5.92909
5.90251
5.88652
5.86641
5.83782
5.80626
5.77723
5.75474
5.73389
5.70918
5.6822
5.65219
5.62407
5.6032
5.5828
5.55648
5.5251
5.49579
5.47423
5.45788
5.43611
5.40413
5.37244
5.34852
5.32908
5.30748
5.2781
5.24474
5.21586
5.19057
5.1658
5.14276
5.11628
5.08522
5.05754
5.03066
5.00387
4.97912
4.95226
4.92266
4.89406
4.868
4.84314
4.82019
4.79925
4.77662
4.7512
4.72371
4.69739
4.67363
4.65159
4.63045
4.60645
4.5774
4.54747
4.52138
4.49924
4.47842
4.4552
4.42937
4.40249
4.3729
4.34611
4.3258
4.30478
4.28389
4.26385
4.23813
4.20911
4.18121
4.15342
4.12643
4.10312
4.08254
4.06082
4.03646
4.00836
3.97917
3.95242
3.92767
3.9055
3.88602
3.86459
3.8384
3.80876
3.77719
3.7462
3.71812
3.69232
3.66875
3.64751
3.62539
3.59988
3.57157
3.5418
3.51125
3.48109
3.45224
3.4248
3.39992
3.37611
3.35094
3.32492
3.29729
3.26813
3.23898
3.20963
3.18143
3.15626
3.13284
3.11022
3.08864
3.0658
3.04088
3.01709
2.99177
2.9617
2.93089
2.90033
2.86923
2.84119
2.81634
2.79364
2.77282
2.75031
2.72516
2.69901
2.67039
2.63872
2.60773
2.57852
2.54864
2.51905
2.4918
2.46607
2.4411
2.4184
2.3986
2.3787
2.35674
2.33479
2.31254
2.28798
2.26246
2.23794
2.21352
2.1869
2.15859
2.13112
2.10445
2.07836
2.05464
2.03314
2.01103
1.98695
1.9629
1.94001
1.91695
1.89349
1.87138
1.84967
1.82615
1.80231
1.77952
1.75441
1.72659
1.69957
1.67173
1.64155
1.61218
1.58421
1.55497
1.52398
1.49239
1.46088
1.42943
1.39795
1.36761
1.33911
1.31065
1.28257
1.25669
1.23004
1.20015
1.16894
1.13748
1.10621
1.07608
1.04773
1.02229
0.99781
0.972775
0.948045
0.922007
0.894169
0.866334
0.838563
0.810819
0.784104
0.758213
0.73204
0.705149
0.679785
0.655584
0.631931
0.608969
0.586823
0.566356
0.54549
0.522693
0.500395
0.478235
0.454002
0.428411
0.402934
0.377461
0.351764
0.326401
0.299888
0.271299
0.24292
0.213167
0.181996
0.152129
0.121965
0.0933317
0.066137
0.0391477
0.0134421
0.827583
-3218.53
-1030.77
544.54
499.62
30.8799
-129.611
-52.36
24.01
30.3479
10.1873
0.589581
2.85111
6.52924
7.24809
6.41008
5.85332
5.86884
6.02113
6.0452
5.97701
5.9267
5.90968
5.89222
5.86468
5.83515
5.80578
5.78037
5.76225
5.73435
5.70084
5.67817
5.65544
5.62985
5.60637
5.57892
5.54942
5.52398
5.50059
5.48094
5.46116
5.4322
5.40028
5.37344
5.35033
5.33161
5.30825
5.2738
5.24012
5.21539
5.19515
5.17169
5.14467
5.11368
5.08034
5.053
5.0314
5.00976
4.98568
4.95372
4.91883
4.88909
4.86695
4.8477
4.82616
4.80227
4.77593
4.74743
4.72054
4.69844
4.67924
4.6569
4.63056
4.60273
4.57379
4.54626
4.52332
4.50256
4.48124
4.45608
4.4263
4.39827
4.37167
4.34693
4.32835
4.30876
4.28516
4.26216
4.23716
4.20758
4.17849
4.15341
4.12969
4.10678
4.08462
4.06047
4.03425
4.00651
3.97767
3.95224
3.93009
3.90871
3.88801
3.86527
3.83738
3.80699
3.77685
3.7472
3.71919
3.6947
3.67231
3.6501
3.62718
3.601
3.57071
3.54006
3.51075
3.48161
3.45374
3.42764
3.40174
3.37687
3.35197
3.32474
3.29599
3.26707
3.23806
3.20952
3.18218
3.1567
3.13358
3.11175
3.08999
3.06772
3.04299
3.0168
2.99109
2.96198
2.92977
2.89846
2.86864
2.84191
2.81828
2.7956
2.7738
2.75099
2.72534
2.69809
2.66921
2.63819
2.60673
2.57661
2.54753
2.51874
2.49153
2.46717
2.44392
2.42018
2.39862
2.37823
2.35618
2.33473
2.31367
2.29017
2.26449
2.23802
2.21236
2.18683
2.15872
2.1302
2.104
2.07891
2.05524
2.03383
2.01235
1.98878
1.96391
1.93977
1.91677
1.8939
1.87174
1.851
1.82874
1.80412
1.78024
1.75565
1.72774
1.69918
1.67149
1.64292
1.61386
1.58527
1.55602
1.5244
1.49154
1.45955
1.4286
1.39789
1.36779
1.33932
1.31162
1.28345
1.25591
1.22883
1.19988
1.16876
1.13676
1.10573
1.07621
1.04753
1.02156
0.997784
0.972971
0.947708
0.922073
0.89467
0.866412
0.838552
0.811039
0.783696
0.75788
0.732355
0.705592
0.679811
0.65569
0.632379
0.610406
0.588525
0.566958
0.5468
0.525101
0.501002
0.477281
0.453161
0.427563
0.402402
0.378058
0.35311
0.32815
0.301778
0.272897
0.243076
0.211951
0.180468
0.151471
0.123343
0.0939637
0.0653722
0.0386209
0.0130871
0.8256
-3218.53
-1030.76
544.546
499.618
30.8719
-129.608
-52.3501
24.0059
30.3349
10.1847
0.596435
2.85898
6.52783
7.23975
6.40754
5.86299
5.87749
6.01545
6.03791
5.97865
5.93366
5.91471
5.88797
5.85568
5.83127
5.8134
5.79148
5.75952
5.72381
5.69787
5.68091
5.66196
5.63531
5.60232
5.572
5.54919
5.52936
5.50648
5.48055
5.45354
5.4257
5.4023
5.37933
5.35245
5.33
5.30403
5.26902
5.24018
5.21911
5.19725
5.1713
5.14148
5.10985
5.07837
5.05537
5.03611
5.0101
4.98053
4.94909
4.9171
4.89132
4.87041
4.8499
4.82657
4.79939
4.7715
4.74581
4.72233
4.70006
4.67904
4.65711
4.63004
4.59996
4.57221
4.54715
4.52436
4.50243
4.47909
4.4532
4.42439
4.3975
4.37247
4.34788
4.32839
4.30948
4.28585
4.26077
4.23464
4.20607
4.17643
4.15092
4.12912
4.10823
4.08621
4.06025
4.03251
4.00419
3.97692
3.95316
3.93122
3.90906
3.88779
3.86426
3.83544
3.80477
3.77472
3.74598
3.72095
3.69759
3.67361
3.65028
3.62687
3.60081
3.57125
3.53961
3.50896
3.48032
3.4538
3.42877
3.40289
3.37664
3.35026
3.32256
3.2951
3.2669
3.23737
3.20887
3.18138
3.15564
3.1335
3.11242
3.09095
3.06949
3.0442
3.01558
2.98817
2.95892
2.92798
2.89836
2.86879
2.84202
2.81961
2.79702
2.77449
2.75116
2.72352
2.69488
2.66712
2.63717
2.6059
2.57582
2.54692
2.51829
2.49054
2.46559
2.44318
2.42089
2.39929
2.37879
2.35686
2.33402
2.3121
2.29004
2.26597
2.23887
2.21111
2.18473
2.15756
2.12982
2.10391
2.07919
2.05527
2.0329
2.01154
1.98934
1.96473
1.93988
1.91707
1.8943
1.87098
1.84981
1.82908
1.80538
1.78093
1.75639
1.72895
1.69967
1.67113
1.64301
1.61381
1.58426
1.55519
1.5251
1.49287
1.45984
1.42754
1.3959
1.36519
1.33743
1.31215
1.28554
1.2572
1.22828
1.19797
1.16678
1.13524
1.10409
1.07514
1.04743
1.0213
0.997744
0.973337
0.947361
0.921503
0.894269
0.865563
0.83758
0.810945
0.78422
0.757706
0.732066
0.705789
0.679473
0.65476
0.631519
0.610304
0.589789
0.568376
0.54745
0.525416
0.500434
0.476104
0.452626
0.428018
0.403438
0.379096
0.353646
0.327585
0.300718
0.272784
0.242851
0.211881
0.181001
0.150477
0.12143
0.093407
0.0669107
0.0393035
0.0127368
0.82667
-3218.53
-1030.76
544.538
499.617
30.8794
-129.609
-52.3612
23.9973
30.3427
10.2015
0.597858
2.84709
6.52201
7.24671
6.41962
5.85932
5.86362
6.01073
6.04495
5.99085
5.93722
5.90751
5.88284
5.85913
5.84009
5.81864
5.78622
5.75211
5.72534
5.70424
5.68614
5.6619
5.62849
5.59706
5.57554
5.55515
5.53105
5.50605
5.47866
5.45215
5.4278
5.40532
5.38178
5.35323
5.3257
5.29787
5.26763
5.24455
5.2231
5.19785
5.17153
5.13959
5.10618
5.07887
5.05822
5.03844
5.01163
4.97966
4.94537
4.91499
4.89438
4.87484
4.85284
4.82856
4.79829
4.76846
4.74582
4.72504
4.70315
4.68168
4.6573
4.62777
4.59863
4.57248
4.54754
4.52555
4.50379
4.47952
4.45376
4.4238
4.39509
4.3728
4.35077
4.32908
4.30936
4.28636
4.25863
4.23125
4.20523
4.17815
4.15434
4.13298
4.109
4.08482
4.05908
4.03016
4.00263
3.9773
3.95477
3.93483
3.91307
3.88787
3.86076
3.83259
3.80382
3.77613
3.74967
3.72416
3.70004
3.67624
3.65173
3.62624
3.59956
3.57059
3.53925
3.50998
3.48313
3.45604
3.43063
3.40471
3.37711
3.35068
3.32262
3.29332
3.26554
3.23686
3.20838
3.18183
3.15609
3.13391
3.11449
3.09256
3.06956
3.04564
3.01742
2.98765
2.95756
2.92594
2.89681
2.86984
2.84396
2.82055
2.79732
2.7742
2.75143
2.72521
2.69596
2.66598
2.63523
2.6045
2.57408
2.54532
2.51897
2.49209
2.46619
2.44402
2.42184
2.39929
2.37886
2.35775
2.33545
2.3132
2.28997
2.26583
2.23988
2.21162
2.18412
2.15743
2.13011
2.1041
2.07991
2.05615
2.03276
2.01046
1.98907
1.96615
1.94115
1.91747
1.89543
1.87286
1.85123
1.83039
1.80681
1.78119
1.75603
1.72979
1.70122
1.67212
1.64357
1.61484
1.58533
1.55556
1.52483
1.49222
1.45906
1.42704
1.3969
1.36738
1.33843
1.31152
1.28494
1.25674
1.22767
1.19751
1.16628
1.13459
1.10313
1.07429
1.04775
1.02207
0.998095
0.973761
0.947324
0.920714
0.893643
0.865515
0.837927
0.811474
0.784869
0.757522
0.730921
0.705657
0.680588
0.655702
0.632146
0.610571
0.590802
0.570722
0.54908
0.526207
0.501092
0.475798
0.451843
0.426943
0.40261
0.379594
0.355387
0.330213
0.303168
0.273584
0.242172
0.210836
0.180138
0.150481
0.122947
0.0938567
0.065884
0.0393843
0.0131036
0.831596
-3218.53
-1030.77
544.541
499.624
30.877
-129.612
-52.36
23.9989
30.3409
10.195
0.592982
2.84949
6.53232
7.2525
6.4131
5.85297
5.8668
6.01858
6.05042
5.9893
5.93024
5.90233
5.8879
5.86893
5.83906
5.8101
5.78145
5.75327
5.73051
5.70811
5.68272
5.6547
5.62841
5.60347
5.57806
5.55581
5.5323
5.50204
5.4727
5.4513
5.43134
5.40842
5.38201
5.34952
5.31932
5.29591
5.27266
5.24902
5.22359
5.19509
5.16575
5.13492
5.10751
5.08425
5.06146
5.03904
5.00798
4.97289
4.94256
4.9174
4.89879
4.87847
4.85109
4.8239
4.79645
4.76932
4.74724
4.72651
4.70375
4.68012
4.65456
4.626
4.59753
4.57264
4.54953
4.52683
4.50265
4.47647
4.45085
4.42276
4.39531
4.37405
4.35332
4.33065
4.30784
4.2834
4.25623
4.22931
4.2045
4.17893
4.1552
4.13383
4.10954
4.08325
4.05523
4.02665
4.00249
3.97968
3.95646
3.93478
3.91192
3.88659
3.85973
3.83058
3.80102
3.77464
3.75054
3.72666
3.70317
3.67817
3.65158
3.6249
3.5974
3.5695
3.54004
3.51011
3.48299
3.45664
3.43091
3.4052
3.37708
3.34941
3.32191
3.29283
3.2636
3.23425
3.20694
3.18199
3.1568
3.13442
3.11502
3.0934
3.07058
3.04591
3.01544
2.98414
2.95511
2.92539
2.89729
2.87037
2.84336
2.82023
2.79808
2.77366
2.75027
2.72509
2.6955
2.66473
2.63335
2.6024
2.57315
2.54507
2.51904
2.49307
2.46601
2.442
2.42104
2.40017
2.37963
2.35868
2.33633
2.31323
2.28948
2.26555
2.23991
2.21106
2.18234
2.15567
2.12942
2.10397
2.08015
2.05727
2.03414
2.01004
1.98676
1.96474
1.94133
1.91784
1.89619
1.87343
1.85027
1.82943
1.80762
1.78234
1.75575
1.72874
1.70098
1.67285
1.64452
1.61583
1.58564
1.55449
1.52363
1.49215
1.4591
1.42589
1.39521
1.36665
1.33858
1.31193
1.28566
1.25708
1.22697
1.19597
1.16434
1.133
1.10185
1.07301
1.04761
1.02285
0.998339
0.9738
0.947011
0.919682
0.89319
0.865449
0.836864
0.809807
0.7842
0.758378
0.731923
0.705491
0.679417
0.654931
0.633039
0.611712
0.590671
0.570577
0.549408
0.52686
0.501933
0.474884
0.450016
0.427254
0.404184
0.38078
0.356238
0.330268
0.302871
0.273698
0.242222
0.210848
0.179933
0.149273
0.121103
0.0932952
0.0663664
0.0399722
0.0132595
0.827939
-3218.53
-1030.77
544.544
499.624
30.8758
-129.615
-52.3583
24.0072
30.3407
10.1855
0.591319
2.85583
6.53687
7.25094
6.41041
5.85202
5.86902
6.02163
6.04578
5.98347
5.93202
5.90828
5.8932
5.86895
5.83589
5.80755
5.78314
5.75843
5.73379
5.7076
5.68099
5.65323
5.62697
5.60577
5.58421
5.55656
5.52852
5.50076
5.47231
5.45353
5.43644
5.4082
5.3782
5.34806
5.31847
5.2971
5.27525
5.25004
5.2247
5.19342
5.16209
5.13575
5.11099
5.08636
5.06158
5.03506
5.00394
4.97224
4.94625
4.92326
4.90275
4.87904
4.84831
4.82061
4.79605
4.77169
4.75208
4.73207
4.70585
4.67723
4.64984
4.6236
4.59892
4.57622
4.55245
4.52813
4.50294
4.47442
4.44794
4.42327
4.39756
4.37523
4.35482
4.33195
4.30734
4.28205
4.25411
4.22662
4.20484
4.18303
4.15863
4.1345
4.10748
4.0804
4.05475
4.02669
4.00139
3.98073
3.95995
3.93807
3.91352
3.88521
3.8561
3.8283
3.80122
3.77586
3.75298
3.7298
3.7059
3.68072
3.65306
3.62456
3.59587
3.56808
3.54043
3.51257
3.48634
3.4588
3.43103
3.40513
3.37723
3.34944
3.32244
3.2928
3.26324
3.23417
3.20548
3.18105
3.15872
3.13656
3.11649
3.09469
3.06986
3.04501
3.01666
2.98448
2.95363
2.92421
2.89656
2.87133
2.84566
2.82107
2.7984
2.77427
2.74935
2.72369
2.69519
2.66475
2.63334
2.60241
2.57271
2.54387
2.51822
2.49422
2.46833
2.44375
2.42168
2.39981
2.3792
2.35908
2.33741
2.31467
2.2902
2.26483
2.23977
2.21233
2.18307
2.15546
2.12914
2.10377
2.08005
2.05737
2.03529
2.01199
1.98714
1.96367
1.94073
1.91736
1.89658
1.87611
1.85297
1.83028
1.80775
1.78306
1.75682
1.72972
1.7017
1.67285
1.64433
1.61674
1.58797
1.55659
1.52352
1.49006
1.4575
1.42586
1.39578
1.3681
1.34037
1.31234
1.28535
1.25703
1.22621
1.19445
1.16271
1.13225
1.1027
1.07377
1.04734
1.02267
0.998269
0.973806
0.947601
0.919905
0.892641
0.865357
0.837712
0.810304
0.783323
0.75714
0.731037
0.704875
0.680271
0.657207
0.634989
0.613182
0.591721
0.570934
0.549383
0.526943
0.502707
0.476523
0.451257
0.426877
0.403068
0.379996
0.356944
0.33191
0.30456
0.274748
0.2415
0.209487
0.179608
0.150265
0.12187
0.0934398
0.0654603
0.0384295
0.0131342
0.82845
-3218.53
-1030.77
544.544
499.621
30.8735
-129.605
-52.3497
23.9956
30.3301
10.191
0.59855
2.85583
6.5302
7.24473
6.41244
5.86072
5.87308
6.0168
6.04192
5.98468
5.93696
5.91166
5.8881
5.86436
5.83695
5.80874
5.78437
5.7599
5.73132
5.70307
5.6798
5.65435
5.62862
5.60898
5.58474
5.55324
5.52543
5.49976
5.47376
5.45531
5.43627
5.40491
5.3726
5.34567
5.32045
5.30051
5.27869
5.24911
5.21909
5.18929
5.16143
5.13769
5.11482
5.08909
5.05924
5.02951
4.99995
4.97137
4.94912
4.92698
4.90254
4.8773
4.84682
4.81779
4.7954
4.77356
4.75216
4.73086
4.70591
4.67653
4.64748
4.62278
4.59975
4.57764
4.55413
4.52683
4.49942
4.4726
4.44675
4.42242
4.39885
4.37682
4.3553
4.33198
4.30511
4.27809
4.25323
4.22805
4.20498
4.18347
4.16004
4.13468
4.1052
4.0755
4.05017
4.02632
4.00462
3.98382
3.96073
3.93709
3.9116
3.88318
3.85438
3.82675
3.80081
3.7768
3.7539
3.73042
3.70648
3.68074
3.65252
3.62457
3.59604
3.56771
3.5407
3.51274
3.48618
3.46021
3.43206
3.40418
3.3763
3.34845
3.3212
3.29226
3.26227
3.23252
3.20444
3.18037
3.15838
3.13744
3.11838
3.09685
3.07054
3.04232
3.0126
2.98253
2.95385
2.92456
2.89607
2.87057
2.84517
2.82092
2.79913
2.77518
2.7492
2.72265
2.69299
2.66187
2.63132
2.60131
2.57338
2.546
2.51846
2.49306
2.46805
2.44287
2.42069
2.40072
2.3803
2.35925
2.33777
2.31514
2.2903
2.2642
2.2384
2.21174
2.18347
2.15511
2.12797
2.10282
2.07943
2.05691
2.03517
2.01236
1.98719
1.96334
1.94124
1.91759
1.89513
1.87509
1.85324
1.83036
1.80805
1.78358
1.75678
1.72904
1.70158
1.674
1.64517
1.61605
1.58684
1.55603
1.52338
1.49008
1.45748
1.42561
1.39497
1.36728
1.34073
1.31287
1.28491
1.25647
1.22601
1.19382
1.16121
1.13043
1.10164
1.07367
1.04785
1.02329
0.997815
0.972597
0.946967
0.919105
0.891123
0.864348
0.837703
0.811009
0.784117
0.757395
0.730887
0.704191
0.679422
0.657105
0.635595
0.614163
0.592673
0.571395
0.548867
0.524798
0.500389
0.475829
0.45184
0.428324
0.405507
0.381992
0.357376
0.330991
0.303441
0.273566
0.240906
0.209872
0.179907
0.150281
0.121438
0.0940586
0.0671438
0.0395365
0.0132638
0.829954
-3218.53
-1030.77
544.54
499.623
30.8817
-129.608
-52.3599
24.0041
30.3441
10.1905
0.591802
2.85084
6.53101
7.25337
6.41791
5.85884
5.86818
6.01363
6.04541
5.99078
5.93684
5.90929
5.88688
5.86421
5.84168
5.81248
5.78402
5.75901
5.73121
5.70576
5.68211
5.65593
5.63162
5.60881
5.58199
5.55132
5.52494
5.50305
5.47801
5.45496
5.4337
5.40433
5.37411
5.34855
5.32292
5.30144
5.27768
5.24534
5.21585
5.19011
5.1653
5.14275
5.11699
5.08619
5.05427
5.02687
5.00226
4.97616
4.95178
4.92722
4.90128
4.87694
4.84865
4.81891
4.79617
4.77659
4.75548
4.7315
4.70366
4.67427
4.64736
4.62413
4.60137
4.57937
4.55579
4.52725
4.49868
4.47115
4.44483
4.42276
4.40183
4.37926
4.3564
4.33239
4.30418
4.27522
4.25075
4.22903
4.20897
4.18716
4.15985
4.13147
4.1033
4.07497
4.0496
4.02633
4.00526
3.98603
3.96431
3.93878
3.9102
3.88039
3.85182
3.82604
3.8025
3.7794
3.75653
3.73271
3.70744
3.68122
3.65319
3.62436
3.59557
3.56812
3.54221
3.51497
3.4876
3.46052
3.43267
3.40551
3.37707
3.34768
3.31998
3.2916
3.26235
3.23336
3.20457
3.17983
3.15953
3.13924
3.11863
3.09698
3.07127
3.04252
3.01237
2.98132
2.95203
2.92467
2.89743
2.87121
2.84587
2.82116
2.79858
2.77579
2.74989
2.72176
2.69201
2.66136
2.63094
2.60142
2.57372
2.54648
2.5188
2.49303
2.4688
2.4444
2.42161
2.40113
2.38102
2.36009
2.33799
2.31488
2.29061
2.26479
2.23828
2.21155
2.18394
2.15607
2.12915
2.1035
2.07924
2.05613
2.03403
2.01247
1.98893
1.96396
1.94086
1.91818
1.89542
1.87492
1.85435
1.83181
1.80892
1.7847
1.75762
1.72902
1.70096
1.67399
1.64661
1.61805
1.5879
1.55579
1.52248
1.48911
1.45718
1.42667
1.3963
1.36761
1.34121
1.31418
1.28558
1.25575
1.22427
1.19202
1.16029
1.13037
1.10235
1.07473
1.04798
1.02288
0.998031
0.973084
0.947328
0.919205
0.890542
0.863656
0.837508
0.810869
0.783716
0.757057
0.731462
0.70546
0.679697
0.65695
0.63679
0.616368
0.594267
0.571568
0.548223
0.523921
0.500172
0.476482
0.452534
0.429096
0.406498
0.383172
0.358876
0.331868
0.302726
0.272703
0.240401
0.209061
0.17946
0.150858
0.12104
0.093108
0.0670378
0.0405398
0.014201
0.827469
-3218.53
-1030.76
544.549
499.619
30.873
-129.61
-52.3559
23.9997
30.339
10.1936
0.592967
2.84839
6.53144
7.25262
6.41552
5.85937
5.87059
6.01569
6.04482
5.98895
5.93625
5.9111
5.88959
5.86266
5.83804
5.81102
5.78384
5.7589
5.72992
5.70407
5.68142
5.65658
5.63233
5.60625
5.57915
5.55305
5.52655
5.50174
5.47849
5.45377
5.42793
5.40024
5.37315
5.35008
5.32673
5.30284
5.2756
5.24207
5.21249
5.18967
5.16809
5.14401
5.1148
5.08326
5.05319
5.02734
5.00313
4.97654
4.95087
4.92564
4.8991
4.87386
4.84813
4.82234
4.79931
4.77695
4.75346
4.72717
4.70018
4.6747
4.64935
4.62651
4.60396
4.57873
4.55274
4.52442
4.49629
4.47089
4.44574
4.42307
4.40331
4.381
4.35507
4.32882
4.30203
4.27513
4.25137
4.23009
4.20962
4.18745
4.16024
4.12999
4.09904
4.07035
4.0479
4.02852
4.0084
3.98732
3.96395
3.93732
3.9078
3.87773
3.85026
3.82604
3.80393
3.78162
3.75777
3.73246
3.70637
3.67949
3.65165
3.62422
3.59666
3.56914
3.54262
3.51526
3.48807
3.46141
3.43299
3.40441
3.37625
3.34769
3.31927
3.29012
3.26071
3.23229
3.20476
3.18013
3.15959
3.14036
3.11992
3.09695
3.07024
3.04079
3.01082
2.98099
2.95175
2.92362
2.89636
2.87061
2.84635
2.82218
2.79851
2.77536
2.74986
2.72077
2.69
2.65952
2.63002
2.60134
2.57384
2.54721
2.51977
2.49249
2.46754
2.44389
2.42149
2.40153
2.38219
2.36132
2.33857
2.31422
2.28941
2.26418
2.23769
2.211
2.1841
2.15593
2.12856
2.10346
2.07944
2.05605
2.03312
2.01078
1.98825
1.9643
1.94115
1.91922
1.89626
1.87417
1.85346
1.83136
1.80796
1.78382
1.75805
1.73042
1.70206
1.67422
1.64628
1.61702
1.58667
1.55531
1.52271
1.48934
1.45674
1.42631
1.397
1.36816
1.3408
1.31381
1.28525
1.25508
1.22386
1.1918
1.15968
1.12915
1.10102
1.07423
1.04849
1.02374
0.998342
0.971879
0.945262
0.917926
0.890308
0.864088
0.838237
0.811128
0.78357
0.756332
0.730041
0.705028
0.680567
0.657411
0.636989
0.617327
0.595193
0.571647
0.548518
0.524344
0.499322
0.474753
0.451498
0.429362
0.407871
0.384751
0.359778
0.332397
0.302602
0.272045
0.239604
0.207699
0.177722
0.15082
0.123173
0.0938429
0.0670264
0.0406691
0.0139183
0.830754
-3218.52
-1030.76
544.547
499.62
30.8812
-129.605
-52.3567
24.0071
30.3462
10.1892
0.589605
2.85232
6.53348
7.25343
6.41862
5.86064
5.86969
6.0153
6.04547
5.99162
5.93832
5.9103
5.89093
5.86404
5.83943
5.81512
5.78378
5.75689
5.73235
5.70854
5.68569
5.65724
5.62855
5.60439
5.5808
5.55571
5.52945
5.50294
5.47817
5.45356
5.42749
5.401
5.37574
5.35317
5.32821
5.29986
5.26985
5.24012
5.21737
5.19616
5.17064
5.14292
5.11108
5.07899
5.05288
5.0305
5.00643
4.97925
4.95145
4.9238
4.89747
4.87366
4.84952
4.8256
4.80305
4.77829
4.75208
4.72584
4.69968
4.67588
4.65235
4.62801
4.60374
4.57847
4.55238
4.5241
4.49532
4.46993
4.44655
4.42527
4.4057
4.3829
4.35597
4.32765
4.29899
4.2731
4.25262
4.2336
4.21241
4.18755
4.158
4.12759
4.09804
4.06958
4.04696
4.02947
4.01186
3.99118
3.96508
3.93499
3.90489
3.87633
3.85
3.82695
3.80569
3.78333
3.75914
3.73349
3.70723
3.68038
3.65248
3.62442
3.59635
3.56929
3.54328
3.51599
3.48887
3.46217
3.43402
3.40584
3.37673
3.34662
3.31806
3.28924
3.25997
3.23248
3.20589
3.18145
3.16091
3.1413
3.1202
3.09697
3.07014
3.04013
3.00954
2.97983
2.95161
2.92465
2.89771
2.87098
2.84609
2.82258
2.79861
2.77444
2.74914
2.72018
2.68949
2.65961
2.63021
2.6021
2.57496
2.54747
2.52006
2.49292
2.4673
2.44462
2.42336
2.40261
2.38233
2.36117
2.33851
2.3147
2.29007
2.26461
2.23762
2.21002
2.18334
2.15652
2.12955
2.10416
2.0801
2.0569
2.03382
2.01038
1.98744
1.96412
1.94074
1.91916
1.89743
1.8751
1.85409
1.83257
1.80885
1.78364
1.7571
1.72957
1.7019
1.67491
1.64804
1.619
1.58693
1.55382
1.52146
1.48956
1.45784
1.42712
1.39745
1.36868
1.34141
1.31449
1.28572
1.25454
1.22218
1.19043
1.15966
1.12958
1.10113
1.0746
1.04899
1.02361
0.998057
0.971907
0.945291
0.918632
0.891409
0.863888
0.837002
0.810331
0.784021
0.757647
0.730238
0.704322
0.681027
0.658211
0.636981
0.617841
0.596378
0.571712
0.547112
0.523361
0.499673
0.476322
0.453248
0.430509
0.408658
0.385795
0.35964
0.33168
0.302649
0.271606
0.239806
0.208618
0.178033
0.149268
0.122362
0.094649
0.067089
0.0406397
0.0139301
0.829639
-3218.53
-1030.76
544.55
499.618
30.8734
-129.606
-52.358
23.999
30.3404
10.1897
0.594237
2.85434
6.53051
7.24918
6.41483
5.85995
5.87139
6.01775
6.04696
5.98998
5.93604
5.90823
5.88988
5.86365
5.83664
5.81307
5.78417
5.75773
5.73209
5.70617
5.68399
5.65626
5.62661
5.60431
5.58283
5.55651
5.52952
5.5028
5.47502
5.44867
5.42612
5.40301
5.37731
5.353
5.32469
5.29424
5.2692
5.24456
5.22061
5.19633
5.16764
5.13806
5.10916
5.0813
5.0551
5.0303
5.00544
4.97843
4.94991
4.92147
4.89547
4.87276
4.85074
4.82885
4.8049
4.77629
4.74874
4.72353
4.69781
4.67603
4.65531
4.63041
4.60494
4.57868
4.55037
4.52105
4.49204
4.4677
4.44787
4.42862
4.40808
4.38276
4.35293
4.32436
4.29856
4.27471
4.25381
4.23442
4.21348
4.18788
4.15647
4.12363
4.09363
4.06847
4.04885
4.03093
4.01199
3.9908
3.96447
3.93452
3.90442
3.87515
3.84916
3.82743
3.80644
3.78432
3.76001
3.73208
3.70446
3.67881
3.65226
3.62544
3.59785
3.5698
3.54372
3.5174
3.48998
3.46205
3.43296
3.40454
3.3759
3.34628
3.31798
3.28938
3.25984
3.2315
3.20483
3.18171
3.16216
3.14272
3.12127
3.09623
3.06788
3.03886
3.00925
2.9791
2.95063
2.92348
2.89702
2.87195
2.84746
2.82354
2.7995
2.77399
2.74744
2.71861
2.6879
2.65841
2.63005
2.60244
2.57516
2.54722
2.51992
2.49321
2.46753
2.44498
2.42364
2.40235
2.38219
2.36126
2.33864
2.31489
2.28959
2.26417
2.23833
2.21025
2.18247
2.15586
2.1289
2.1035
2.07987
2.05655
2.03383
2.0107
1.98723
1.96391
1.94017
1.91819
1.89799
1.87649
1.85421
1.83161
1.80751
1.78275
1.75774
1.73141
1.70319
1.67414
1.64592
1.61763
1.58713
1.55447
1.52114
1.48834
1.45702
1.42754
1.3992
1.37085
1.34182
1.31263
1.28364
1.25369
1.22233
1.19095
1.1599
1.12932
1.1008
1.07451
1.04898
1.02345
0.997724
0.971065
0.943526
0.917185
0.891732
0.865027
0.837943
0.810271
0.781959
0.755771
0.730877
0.706271
0.682966
0.659413
0.636692
0.616528
0.596015
0.573005
0.548015
0.522959
0.498809
0.476274
0.453574
0.430686
0.408302
0.386074
0.36083
0.330984
0.300691
0.270005
0.239041
0.208014
0.178018
0.150051
0.123026
0.0956407
0.0669361
0.0388187
0.0131316
0.83938
-3218.51
-1030.75
544.552
499.627
30.8832
-129.608
-52.3573
24.0085
30.3468
10.1914
0.59356
2.85432
6.53368
7.24879
6.41387
5.86446
5.87422
6.01802
6.0465
5.98773
5.93781
5.9119
5.89113
5.86557
5.839
5.81432
5.78259
5.75666
5.73587
5.70972
5.68615
5.6589
5.62612
5.60293
5.58464
5.55792
5.5293
5.50308
5.47566
5.44995
5.42789
5.40402
5.37664
5.35165
5.32396
5.29375
5.27018
5.24613
5.22027
5.19706
5.16948
5.13694
5.10729
5.08152
5.05554
5.03174
5.00814
4.9776
4.94675
4.92158
4.89818
4.87628
4.85386
4.82833
4.80261
4.77572
4.74889
4.72521
4.70085
4.67698
4.65492
4.6306
4.60486
4.57713
4.54757
4.52035
4.49447
4.47078
4.4503
4.42884
4.40637
4.38228
4.35369
4.32404
4.29734
4.27482
4.25626
4.2369
4.21317
4.18538
4.154
4.12235
4.09389
4.06971
4.0506
4.0334
4.01376
3.99024
3.96247
3.93236
3.90307
3.87582
3.85108
3.82893
3.80691
3.78409
3.76033
3.73338
3.7059
3.67937
3.65132
3.62455
3.59853
3.57079
3.54396
3.51708
3.48953
3.46234
3.43354
3.40461
3.37607
3.34639
3.31744
3.28846
3.25909
3.23214
3.20697
3.18361
3.16292
3.14243
3.12062
3.09604
3.0675
3.03783
3.00845
2.97901
2.95112
2.924
2.89711
2.87216
2.84771
2.82372
2.80023
2.77387
2.74595
2.71766
2.68757
2.6584
2.63089
2.60355
2.57625
2.54784
2.51953
2.49286
2.46783
2.44596
2.42575
2.40443
2.38266
2.36005
2.33678
2.31416
2.28996
2.26413
2.23847
2.21089
2.18261
2.15621
2.12956
2.10369
2.08027
2.05708
2.03401
2.01093
1.98729
1.96435
1.94116
1.91796
1.89677
1.87597
1.85453
1.83263
1.80861
1.78261
1.75613
1.72982
1.70352
1.67588
1.6467
1.61703
1.58627
1.55418
1.522
1.48969
1.45742
1.42692
1.39853
1.37101
1.34317
1.31401
1.28362
1.25259
1.22113
1.18986
1.15914
1.12959
1.10214
1.07586
1.04967
1.02338
0.997033
0.970939
0.944261
0.917459
0.891503
0.86465
0.837557
0.810806
0.782569
0.75513
0.729787
0.705459
0.683471
0.662048
0.639181
0.61681
0.595195
0.571888
0.546482
0.522123
0.498597
0.476614
0.455502
0.433564
0.410312
0.384863
0.358667
0.330918
0.301164
0.269545
0.239058
0.209362
0.178612
0.149593
0.122417
0.0954701
0.0678866
0.0398254
0.0136597
0.837294
-3218.52
-1030.75
544.55
499.621
30.8754
-129.607
-52.3558
24.0033
30.3418
10.1896
0.59378
2.85433
6.53113
7.25023
6.41586
5.86092
5.87203
6.01559
6.04368
5.98844
5.93764
5.91123
5.89194
5.86433
5.8344
5.81288
5.78485
5.75544
5.73518
5.71121
5.68327
5.65517
5.62694
5.6052
5.58531
5.55806
5.52813
5.49907
5.47313
5.45231
5.43087
5.40435
5.3736
5.34689
5.32359
5.29688
5.27173
5.24757
5.22112
5.19457
5.16614
5.1354
5.10727
5.08362
5.05916
5.03286
5.00549
4.97362
4.94331
4.92077
4.89992
4.87781
4.85439
4.82759
4.80102
4.77619
4.75008
4.72384
4.69919
4.67682
4.65556
4.63227
4.60646
4.577
4.54588
4.51825
4.49271
4.4701
4.45207
4.43162
4.40695
4.38078
4.35177
4.32311
4.29848
4.27618
4.25618
4.23692
4.21328
4.18393
4.15162
4.12023
4.09301
4.07129
4.05316
4.03432
4.01298
3.98864
3.96045
3.93097
3.90339
3.87713
3.85196
3.82941
3.80706
3.7832
3.75909
3.73248
3.70509
3.67957
3.65211
3.62433
3.59809
3.57082
3.54517
3.51983
3.49089
3.46132
3.43227
3.40337
3.37546
3.34683
3.3174
3.28823
3.25913
3.23154
3.20685
3.18512
3.16478
3.14313
3.11964
3.09401
3.06594
3.03763
3.00922
2.97938
2.95062
2.92338
2.8967
2.87252
2.84862
2.8235
2.79937
2.77338
2.74502
2.71705
2.68766
2.65796
2.63037
2.60317
2.57573
2.54789
2.52011
2.49387
2.46895
2.44583
2.4247
2.40395
2.38323
2.36134
2.33745
2.31344
2.2889
2.26329
2.23819
2.21156
2.18286
2.15537
2.12897
2.10358
2.08022
2.05687
2.03335
2.01027
1.98681
1.96416
1.94202
1.9195
1.89813
1.87683
1.85404
1.8308
1.80702
1.78252
1.75741
1.73091
1.70314
1.67452
1.64522
1.61594
1.58597
1.55397
1.52103
1.48916
1.45874
1.42929
1.40029
1.37129
1.34196
1.31222
1.28246
1.25263
1.22186
1.19034
1.15917
1.12947
1.10194
1.07563
1.04967
1.02359
0.996667
0.969995
0.943576
0.91685
0.891206
0.865431
0.838495
0.811422
0.783194
0.755348
0.730124
0.706195
0.683724
0.661968
0.638891
0.61575
0.594027
0.571775
0.547544
0.523451
0.500037
0.477217
0.454724
0.432413
0.41097
0.386436
0.357794
0.327896
0.298029
0.267768
0.237416
0.20892
0.179541
0.150478
0.123379
0.0950805
0.0676593
0.0400199
0.0142429
0.868361
-3218.45
-1030.72
544.535
499.612
30.8815
-129.609
-52.3534
24.0092
30.3409
10.1904
0.596427
2.85352
6.53059
7.2513
6.41713
5.86202
5.87302
6.01629
6.04402
5.98986
5.93977
5.91101
5.88867
5.86565
5.83882
5.81037
5.78278
5.76019
5.73888
5.71121
5.68178
5.6542
5.62918
5.6082
5.58559
5.55684
5.52684
5.49925
5.47467
5.45243
5.42939
5.40333
5.37355
5.34689
5.32447
5.29764
5.27041
5.2462
5.22068
5.19518
5.16742
5.13471
5.10524
5.08365
5.06156
5.0343
5.00447
4.97317
4.94521
4.92351
4.90181
4.87792
4.85344
4.82636
4.79953
4.77586
4.75137
4.72604
4.70197
4.67771
4.65391
4.63019
4.60351
4.57454
4.54641
4.52055
4.49638
4.47352
4.45156
4.42849
4.40436
4.37939
4.35212
4.32498
4.30072
4.27821
4.25695
4.23544
4.21062
4.18234
4.15142
4.1203
4.09376
4.07293
4.0551
4.03666
4.01394
3.98657
3.95751
3.92884
3.90223
3.87855
3.85498
3.8306
3.80696
3.78299
3.75838
3.73287
3.70584
3.6788
3.65148
3.62419
3.59765
3.57059
3.54423
3.51806
3.48999
3.4618
3.43302
3.40341
3.37546
3.34693
3.31703
3.28857
3.26029
3.23262
3.20823
3.18569
3.16403
3.14274
3.1192
3.09315
3.06552
3.03632
3.0074
2.97958
2.95212
2.92514
2.89862
2.8733
2.84893
2.82398
2.79866
2.77205
2.74402
2.71644
2.68821
2.65928
2.63102
2.60269
2.57498
2.54784
2.52025
2.49433
2.47058
2.44781
2.4263
2.40472
2.38219
2.35972
2.33662
2.31286
2.28891
2.26349
2.23731
2.2109
2.18323
2.15598
2.13036
2.10545
2.08131
2.05734
2.03328
2.01
1.98692
1.96403
1.94151
1.91859
1.89659
1.87603
1.85499
1.83233
1.80755
1.78118
1.75503
1.72957
1.70396
1.6766
1.64637
1.61499
1.58405
1.55262
1.52083
1.4897
1.45888
1.42867
1.39987
1.37174
1.34311
1.31352
1.28294
1.25172
1.2202
1.18924
1.15983
1.1317
1.10402
1.0764
1.04939
1.02322
0.99685
0.970524
0.944226
0.916647
0.889458
0.863673
0.837569
0.811238
0.784195
0.756455
0.73038
0.705958
0.683542
0.663041
0.640839
0.616826
0.593619
0.570276
0.54628
0.522065
0.498846
0.477794
0.456283
0.432394
0.409346
0.386093
0.358703
0.329649
0.300205
0.269427
0.237538
0.20839
0.180095
0.150818
0.12352
0.0964762
0.0692532
0.0443538
0.0109068
)
;

boundaryField
{
    inlet
    {
        type            fixedValue;
        value           uniform 5000;
    }
    outlet
    {
        type            fixedValue;
        value           uniform 0;
    }
    walls
    {
        type            zeroGradient;
    }
    frontAndBack
    {
        type            empty;
    }
}


// ************************************************************************* //
