/*--------------------------------*- C++ -*----------------------------------*\
| =========                 |                                                 |
| \\      /  F ield         | OpenFOAM: The Open Source CFD Toolbox           |
|  \\    /   O peration     | Version:  2406                                  |
|   \\  /    A nd           | Website:  www.openfoam.com                      |
|    \\/     M anipulation  |                                                 |
\*---------------------------------------------------------------------------*/
FoamFile
{
    version     2.0;
    format      ascii;
    arch        "LSB;label=32;scalar=64";
    class       surfaceScalarField;
    location    "0.1";
    object      phi;
}
// * * * * * * * * * * * * * * * * * * * * * * * * * * * * * * * * * * * * * //

dimensions      [0 3 -1 0 0 0 0];

oriented        oriented;

internalField   nonuniform List<scalar> 
4335
(
3.70839e-05
-6.75047e-09
3.70893e-05
-5.48119e-09
3.70934e-05
-4.02754e-09
3.70966e-05
-3.18562e-09
3.70995e-05
-2.9212e-09
3.71023e-05
-2.88604e-09
3.71052e-05
-2.91429e-09
3.71082e-05
-3.06741e-09
3.71116e-05
-3.24426e-09
3.71149e-05
-3.46474e-09
3.71186e-05
-3.6133e-09
3.71223e-05
-3.71792e-09
3.7126e-05
-3.78037e-09
3.71297e-05
-3.74443e-09
3.71334e-05
-3.64689e-09
3.71369e-05
-3.50635e-09
3.71401e-05
-3.29864e-09
3.71432e-05
-3.03458e-09
3.71459e-05
-2.75022e-09
3.71483e-05
-2.45164e-09
3.71504e-05
-2.13264e-09
3.71522e-05
-1.82407e-09
3.71537e-05
-1.54319e-09
3.71549e-05
-1.26778e-09
3.7156e-05
-1.00103e-09
3.71568e-05
-7.79716e-10
3.71574e-05
-6.12647e-10
3.71578e-05
-4.72087e-10
3.71582e-05
-3.43306e-10
3.71585e-05
-2.37614e-10
3.71586e-05
-1.60757e-10
3.71587e-05
-1.0062e-10
3.71588e-05
-4.73709e-11
3.71588e-05
-5.27709e-12
3.71588e-05
1.67317e-11
3.71588e-05
1.76662e-11
3.71588e-05
7.78685e-12
3.71588e-05
-1.87647e-12
3.71588e-05
-6.54991e-12
3.71589e-05
-1.03385e-11
3.71589e-05
-2.15976e-11
3.7159e-05
-4.42578e-11
3.7159e-05
-7.27604e-11
3.71591e-05
-9.65807e-11
3.71592e-05
-1.11994e-10
3.71593e-05
-1.25608e-10
3.71595e-05
-1.42604e-10
3.71596e-05
-1.57408e-10
3.71598e-05
-1.62369e-10
3.716e-05
-1.60595e-10
3.71602e-05
-1.61884e-10
3.71603e-05
-1.68366e-10
3.71605e-05
-1.7273e-10
3.71607e-05
-1.70229e-10
3.71608e-05
-1.64194e-10
3.7161e-05
-1.58634e-10
3.71612e-05
-1.52544e-10
3.71613e-05
-1.43995e-10
3.71614e-05
-1.34515e-10
3.71615e-05
-1.26409e-10
3.71616e-05
-1.19561e-10
3.71617e-05
-1.13873e-10
3.71618e-05
-1.12046e-10
3.71619e-05
-1.17134e-10
3.7162e-05
-1.2875e-10
3.71622e-05
-1.43579e-10
3.71623e-05
-1.58996e-10
3.71625e-05
-1.75739e-10
3.71627e-05
-1.97949e-10
3.7163e-05
-2.29867e-10
3.71633e-05
-2.70186e-10
3.71636e-05
-3.09993e-10
3.71639e-05
-3.39151e-10
3.71643e-05
-3.54635e-10
3.71646e-05
-3.59318e-10
3.7165e-05
-3.52837e-10
3.71653e-05
-3.28944e-10
3.71656e-05
-2.84165e-10
3.71658e-05
-2.24461e-10
3.7166e-05
-1.58956e-10
3.71661e-05
-8.89746e-11
3.71661e-05
-1.67311e-11
3.7166e-05
5.73953e-11
3.71659e-05
1.2337e-10
3.71657e-05
1.74232e-10
3.71655e-05
2.08829e-10
3.71653e-05
2.28221e-10
3.7165e-05
2.32373e-10
3.71648e-05
2.21748e-10
3.71647e-05
1.99026e-10
3.71645e-05
1.68065e-10
3.71644e-05
1.33211e-10
3.71643e-05
9.97506e-11
3.71642e-05
7.23485e-11
3.71642e-05
5.24689e-11
3.71641e-05
3.84904e-11
3.71641e-05
2.76997e-11
3.71641e-05
1.80458e-11
3.71641e-05
6.64666e-12
3.71641e-05
-6.543e-12
3.71641e-05
-1.59258e-11
3.71641e-05
-1.66211e-11
3.71641e-05
-1.0829e-11
3.71641e-05
-4.5463e-12
3.71641e-05
1.91843e-12
3.71641e-05
1.48364e-11
3.71641e-05
3.72662e-11
3.7164e-05
6.43842e-11
3.71639e-05
9.20559e-11
3.71638e-05
1.24454e-10
3.71636e-05
1.68619e-10
3.71634e-05
2.24463e-10
3.71631e-05
2.84086e-10
3.71627e-05
3.39364e-10
3.71624e-05
3.8727e-10
3.71619e-05
4.28835e-10
3.71615e-05
4.6487e-10
3.7161e-05
4.92556e-10
3.71605e-05
5.06844e-10
3.716e-05
5.06329e-10
3.71595e-05
4.94962e-10
3.7159e-05
4.75461e-10
3.71586e-05
4.45364e-10
3.71582e-05
4.04039e-10
3.71578e-05
3.58279e-10
3.71575e-05
3.1411e-10
3.71572e-05
2.67598e-10
3.7157e-05
2.12114e-10
3.71569e-05
1.52076e-10
3.71568e-05
1.00311e-10
3.71567e-05
6.16579e-11
3.71567e-05
2.85331e-11
3.71567e-05
-3.67724e-12
3.71567e-05
-2.98853e-11
3.71568e-05
-4.40755e-11
3.71568e-05
-5.2166e-11
3.71569e-05
-6.37616e-11
3.7157e-05
-7.71671e-11
3.7157e-05
-8.25632e-11
3.71571e-05
-7.80511e-11
3.71571e-05
-7.05218e-11
3.71572e-05
-6.38162e-11
3.71573e-05
-5.85248e-11
3.71573e-05
-5.9201e-11
3.71574e-05
-6.93618e-11
3.71574e-05
-8.93437e-11
3.71576e-05
-1.31884e-10
3.71578e-05
-2.22103e-10
3.71582e-05
-4.0254e-10
-7.16716e-10
9.76239e-05
-1.4706e-08
9.76314e-05
-1.30391e-08
9.76388e-05
-1.13639e-08
9.76459e-05
-1.02777e-08
9.76529e-05
-9.8642e-09
9.766e-05
-9.9402e-09
9.76672e-05
-1.02164e-08
9.76748e-05
-1.0689e-08
9.76827e-05
-1.12158e-08
9.7691e-05
-1.17415e-08
9.76996e-05
-1.21792e-08
9.77083e-05
-1.24764e-08
9.77171e-05
-1.25584e-08
9.77258e-05
-1.2444e-08
9.77343e-05
-1.2124e-08
9.77424e-05
-1.15723e-08
9.775e-05
-1.08408e-08
9.77569e-05
-9.9931e-09
9.77632e-05
-9.05117e-09
9.77688e-05
-8.03733e-09
9.77737e-05
-6.99575e-09
9.77779e-05
-5.98406e-09
9.77814e-05
-5.04034e-09
9.77843e-05
-4.1636e-09
9.77867e-05
-3.36327e-09
9.77885e-05
-2.67395e-09
9.779e-05
-2.0974e-09
9.77911e-05
-1.596e-09
9.77919e-05
-1.15582e-09
9.77925e-05
-8.01924e-10
9.77929e-05
-5.45582e-10
9.77931e-05
-3.58317e-10
9.77933e-05
-2.09115e-10
9.77934e-05
-9.75941e-11
9.77934e-05
-3.66693e-11
9.77934e-05
-1.79693e-11
9.77934e-05
-1.69359e-11
9.77935e-05
-2.49157e-11
9.77936e-05
-5.37034e-11
9.77937e-05
-1.08704e-10
9.77938e-05
-1.75813e-10
9.77939e-05
-2.39116e-10
9.77942e-05
-2.97243e-10
9.77944e-05
-3.54891e-10
9.77947e-05
-4.10267e-10
9.7795e-05
-4.58899e-10
9.77954e-05
-5.00788e-10
9.77958e-05
-5.36099e-10
9.77962e-05
-5.61086e-10
9.77966e-05
-5.75263e-10
9.77971e-05
-5.85672e-10
9.77975e-05
-5.96474e-10
9.77979e-05
-6.00017e-10
9.77983e-05
-5.86439e-10
9.77987e-05
-5.58231e-10
9.77991e-05
-5.27124e-10
9.77994e-05
-4.98983e-10
9.77997e-05
-4.69943e-10
9.78e-05
-4.3667e-10
9.78002e-05
-4.02663e-10
9.78005e-05
-3.73216e-10
9.78007e-05
-3.50861e-10
9.78009e-05
-3.38822e-10
9.78012e-05
-3.44718e-10
9.78015e-05
-3.77065e-10
9.78018e-05
-4.38828e-10
9.78022e-05
-5.25265e-10
9.78026e-05
-6.27276e-10
9.78032e-05
-7.37197e-10
9.78038e-05
-8.52501e-10
9.78045e-05
-9.72526e-10
9.78053e-05
-1.0896e-09
9.78061e-05
-1.18552e-09
9.7807e-05
-1.24081e-09
9.78079e-05
-1.24664e-09
9.78087e-05
-1.20377e-09
9.78095e-05
-1.11141e-09
9.78102e-05
-9.64637e-10
9.78107e-05
-7.65243e-10
9.78111e-05
-5.29036e-10
9.78113e-05
-2.777e-10
9.78113e-05
-2.85929e-11
9.78111e-05
2.07687e-10
9.78108e-05
4.17505e-10
9.78104e-05
5.85204e-10
9.78099e-05
7.00182e-10
9.78094e-05
7.60649e-10
9.78089e-05
7.71129e-10
9.78084e-05
7.39695e-10
9.78079e-05
6.76679e-10
9.78075e-05
5.92116e-10
9.78072e-05
4.93958e-10
9.78069e-05
3.9025e-10
9.78067e-05
2.91298e-10
9.78066e-05
2.06666e-10
9.78065e-05
1.40607e-10
9.78064e-05
9.24737e-11
9.78063e-05
5.93916e-11
9.78063e-05
3.53941e-11
9.78063e-05
1.38344e-11
9.78063e-05
-8.43216e-12
9.78063e-05
-2.53174e-11
9.78063e-05
-2.96856e-11
9.78063e-05
-2.10307e-11
9.78062e-05
-1.27083e-12
9.78062e-05
3.55082e-11
9.78061e-05
1.0099e-10
9.78059e-05
1.99346e-10
9.78057e-05
3.22877e-10
9.78054e-05
4.62291e-10
9.7805e-05
6.15391e-10
9.78044e-05
7.83174e-10
9.78037e-05
9.62043e-10
9.78029e-05
1.14248e-09
9.7802e-05
1.31246e-09
9.78009e-05
1.46102e-09
9.77998e-05
1.58129e-09
9.77987e-05
1.66982e-09
9.77975e-05
1.72191e-09
9.77962e-05
1.73086e-09
9.77951e-05
1.69496e-09
9.77939e-05
1.62052e-09
9.77928e-05
1.51393e-09
9.77919e-05
1.37702e-09
9.7791e-05
1.21526e-09
9.77903e-05
1.04303e-09
9.77896e-05
8.72659e-10
9.77891e-05
7.03658e-10
9.77888e-05
5.31976e-10
9.77885e-05
3.6561e-10
9.77884e-05
2.20027e-10
9.77883e-05
9.90965e-11
9.77883e-05
-6.00928e-12
9.77884e-05
-9.86054e-11
9.77885e-05
-1.69121e-10
9.77887e-05
-2.12842e-10
9.77888e-05
-2.41212e-10
9.7789e-05
-2.65916e-10
9.77892e-05
-2.83642e-10
9.77894e-05
-2.88099e-10
9.77896e-05
-2.83661e-10
9.77898e-05
-2.78528e-10
9.779e-05
-2.77876e-10
9.77902e-05
-2.88385e-10
9.77905e-05
-3.23164e-10
9.77908e-05
-4.03013e-10
9.77912e-05
-5.54788e-10
9.77918e-05
-8.15098e-10
9.77926e-05
-1.21258e-09
-1.72091e-09
0.000146012
-2.03423e-08
0.000146018
-1.85861e-08
0.000146024
-1.75779e-08
0.000146031
-1.71336e-08
0.000146038
-1.71062e-08
0.000146046
-1.74758e-08
0.000146054
-1.81935e-08
0.000146062
-1.90189e-08
0.000146071
-1.99906e-08
0.00014608
-2.09193e-08
0.000146089
-2.16188e-08
0.000146099
-2.21189e-08
0.000146109
-2.2292e-08
0.000146118
-2.20724e-08
0.000146128
-2.1506e-08
0.000146137
-2.05904e-08
0.000146145
-1.93372e-08
0.000146153
-1.78311e-08
0.00014616
-1.61471e-08
0.000146167
-1.43622e-08
0.000146172
-1.25493e-08
0.000146177
-1.07639e-08
0.000146181
-9.06951e-09
0.000146184
-7.51366e-09
0.000146187
-6.10988e-09
0.000146189
-4.86757e-09
0.000146191
-3.79796e-09
0.000146192
-2.89162e-09
0.000146193
-2.1288e-09
0.000146194
-1.5049e-09
0.000146195
-1.02159e-09
0.000146195
-6.62928e-10
0.000146195
-4.0168e-10
0.000146195
-2.19754e-10
0.000146195
-1.10034e-10
0.000146195
-6.06188e-11
0.000146195
-5.22884e-11
0.000146195
-7.61532e-11
0.000146195
-1.37465e-10
0.000146196
-2.37173e-10
0.000146196
-3.5836e-10
0.000146196
-4.7856e-10
0.000146196
-5.89697e-10
0.000146197
-6.96837e-10
0.000146197
-8.01067e-10
0.000146197
-8.94279e-10
0.000146198
-9.70513e-10
0.000146198
-1.03192e-09
0.000146199
-1.08085e-09
0.000146199
-1.11411e-09
0.0001462
-1.12863e-09
0.0001462
-1.12576e-09
0.000146201
-1.10648e-09
0.000146201
-1.06816e-09
0.000146202
-1.01066e-09
0.000146202
-9.40688e-10
0.000146203
-8.65753e-10
0.000146203
-7.87461e-10
0.000146203
-7.0551e-10
0.000146203
-6.25531e-10
0.000146204
-5.58508e-10
0.000146204
-5.14111e-10
0.000146204
-4.98717e-10
0.000146204
-5.18936e-10
0.000146204
-5.82888e-10
0.000146205
-6.97002e-10
0.000146205
-8.62354e-10
0.000146205
-1.07285e-09
0.000146206
-1.31532e-09
0.000146207
-1.57253e-09
0.000146208
-1.82762e-09
0.000146209
-2.0637e-09
0.00014621
-2.25835e-09
0.000146211
-2.38297e-09
0.000146212
-2.41312e-09
0.000146213
-2.33896e-09
0.000146214
-2.16262e-09
0.000146215
-1.88842e-09
0.000146216
-1.52244e-09
0.000146216
-1.08208e-09
0.000146217
-5.99361e-10
0.000146217
-1.11386e-10
0.000146216
3.50297e-10
0.000146216
7.59299e-10
0.000146216
1.09138e-09
0.000146215
1.32762e-09
0.000146214
1.46023e-09
0.000146214
1.49345e-09
0.000146213
1.44077e-09
0.000146212
1.32258e-09
0.000146212
1.16283e-09
0.000146211
9.83371e-10
0.000146211
8.00866e-10
0.000146211
6.28288e-10
0.00014621
4.75941e-10
0.00014621
3.4895e-10
0.00014621
2.46774e-10
0.00014621
1.66954e-10
0.00014621
1.06503e-10
0.00014621
5.9362e-11
0.00014621
1.75669e-11
0.00014621
-2.02531e-11
0.00014621
-4.6103e-11
0.00014621
-5.03943e-11
0.00014621
-2.95637e-11
0.00014621
2.01252e-11
0.00014621
1.1036e-10
0.00014621
2.55218e-10
0.00014621
4.58482e-10
0.000146209
7.11458e-10
0.000146209
1.00185e-09
0.000146208
1.3195e-09
0.000146208
1.65433e-09
0.000146207
1.99336e-09
0.000146206
2.32014e-09
0.000146205
2.61523e-09
0.000146203
2.8598e-09
0.000146202
3.04125e-09
0.000146201
3.15306e-09
0.000146199
3.18902e-09
0.000146198
3.14403e-09
0.000146196
3.022e-09
0.000146195
2.83556e-09
0.000146194
2.59537e-09
0.000146193
2.30755e-09
0.000146192
1.984e-09
0.000146191
1.64619e-09
0.00014619
1.31286e-09
0.00014619
9.90606e-10
0.00014619
6.82853e-10
0.000146189
4.01572e-10
0.000146189
1.60192e-10
0.000146189
-4.08471e-11
0.000146189
-2.10358e-10
0.00014619
-3.49646e-10
0.00014619
-4.51369e-10
0.00014619
-5.15473e-10
0.00014619
-5.53513e-10
0.000146191
-5.75249e-10
0.000146191
-5.83724e-10
0.000146191
-5.83629e-10
0.000146192
-5.84282e-10
0.000146192
-5.94094e-10
0.000146192
-6.21354e-10
0.000146193
-6.8914e-10
0.000146193
-8.30735e-10
0.000146193
-1.07818e-09
0.000146194
-1.46797e-09
0.000146195
-2.0108e-09
-2.60388e-09
0.000183604
-2.21129e-08
0.000183606
-2.03418e-08
0.000183609
-2.00134e-08
0.000183612
-2.04352e-08
0.000183616
-2.10413e-08
0.00018362
-2.18821e-08
0.000183625
-2.29738e-08
0.00018363
-2.4185e-08
0.000183635
-2.54361e-08
0.000183641
-2.66227e-08
0.000183647
-2.75823e-08
0.000183653
-2.82314e-08
0.000183659
-2.84695e-08
0.000183665
-2.82295e-08
0.000183671
-2.75228e-08
0.000183677
-2.63936e-08
0.000183683
-2.48553e-08
0.000183688
-2.29823e-08
0.000183693
-2.08735e-08
0.000183697
-1.86322e-08
0.000183701
-1.63472e-08
0.000183704
-1.40792e-08
0.000183707
-1.19003e-08
0.000183709
-9.88202e-09
0.000183711
-8.0531e-09
0.000183713
-6.41937e-09
0.000183714
-4.99629e-09
0.000183715
-3.79485e-09
0.000183716
-2.80192e-09
0.000183716
-1.99304e-09
0.000183717
-1.35073e-09
0.000183717
-8.6167e-10
0.000183717
-5.06477e-10
0.000183717
-2.63272e-10
0.000183717
-1.12537e-10
0.000183717
-4.53084e-11
0.000183717
-4.73206e-11
0.000183717
-1.0254e-10
0.000183717
-2.00334e-10
0.000183717
-3.36023e-10
0.000183718
-5.00149e-10
0.000183718
-6.74253e-10
0.000183718
-8.42722e-10
0.000183718
-1.003e-09
0.000183719
-1.15731e-09
0.000183719
-1.29936e-09
0.00018372
-1.41767e-09
0.00018372
-1.50817e-09
0.00018372
-1.57408e-09
0.000183721
-1.61431e-09
0.000183721
-1.62111e-09
0.000183722
-1.59038e-09
0.000183722
-1.52685e-09
0.000183723
-1.43711e-09
0.000183723
-1.32377e-09
0.000183723
-1.18931e-09
0.000183723
-1.04032e-09
0.000183724
-8.84453e-10
0.000183724
-7.27574e-10
0.000183724
-5.77579e-10
0.000183723
-4.49048e-10
0.000183723
-3.60963e-10
0.000183723
-3.30309e-10
0.000183723
-3.68486e-10
0.000183723
-4.81225e-10
0.000183723
-6.70167e-10
0.000183723
-9.34272e-10
0.000183723
-1.26938e-09
0.000183723
-1.66372e-09
0.000183724
-2.09336e-09
0.000183725
-2.52479e-09
0.000183726
-2.92296e-09
0.000183727
-3.25481e-09
0.000183728
-3.48585e-09
0.000183729
-3.58094e-09
0.00018373
-3.5149e-09
0.000183731
-3.28198e-09
0.000183732
-2.89293e-09
0.000183733
-2.3664e-09
0.000183734
-1.72859e-09
0.000183734
-1.01882e-09
0.000183734
-2.88158e-10
0.000183734
4.11384e-10
0.000183734
1.03521e-09
0.000183733
1.54758e-09
0.000183733
1.92262e-09
0.000183732
2.14819e-09
0.000183731
2.22772e-09
0.000183731
2.17728e-09
0.00018373
2.02255e-09
0.000183729
1.79688e-09
0.000183729
1.53623e-09
0.000183728
1.27137e-09
0.000183728
1.02396e-09
0.000183728
8.07232e-10
0.000183727
6.26152e-10
0.000183727
4.77088e-10
0.000183727
3.51973e-10
0.000183727
2.44432e-10
0.000183727
1.49857e-10
0.000183727
6.13445e-11
0.000183727
-2.56501e-11
0.000183727
-1.07227e-10
0.000183727
-1.67141e-10
0.000183727
-1.90272e-10
0.000183727
-1.67205e-10
0.000183727
-8.90108e-11
0.000183728
5.8514e-11
0.000183728
2.88152e-10
0.000183728
6.01373e-10
0.000183728
9.88183e-10
0.000183728
1.43272e-09
0.000183727
1.91575e-09
0.000183727
2.41492e-09
0.000183726
2.90619e-09
0.000183726
3.36389e-09
0.000183725
3.76023e-09
0.000183724
4.07002e-09
0.000183723
4.27732e-09
0.000183721
4.37428e-09
0.00018372
4.35582e-09
0.000183719
4.22219e-09
0.000183718
3.9854e-09
0.000183717
3.66484e-09
0.000183716
3.27605e-09
0.000183715
2.83115e-09
0.000183714
2.34996e-09
0.000183714
1.86165e-09
0.000183713
1.39054e-09
0.000183713
9.46676e-10
0.000183713
5.35891e-10
0.000183713
1.71743e-10
0.000183713
-1.319e-10
0.000183713
-3.76121e-10
0.000183713
-5.72746e-10
0.000183714
-7.25902e-10
0.000183714
-8.30716e-10
0.000183714
-8.9041e-10
0.000183715
-9.18557e-10
0.000183715
-9.25675e-10
0.000183715
-9.18539e-10
0.000183716
-9.09353e-10
0.000183716
-9.14676e-10
0.000183716
-9.50375e-10
0.000183717
-1.03623e-09
0.000183717
-1.1967e-09
0.000183717
-1.47326e-09
0.000183718
-1.89229e-09
0.000183718
-2.47149e-09
-3.05996e-09
0.000211571
-1.92774e-08
0.000211568
-1.75918e-08
0.000211566
-1.76787e-08
0.000211564
-1.87064e-08
0.000211563
-1.96665e-08
0.000211561
-2.07523e-08
0.000211561
-2.19836e-08
0.00021156
-2.33383e-08
0.000211559
-2.46674e-08
0.000211558
-2.58987e-08
0.000211558
-2.69148e-08
0.000211557
-2.76109e-08
0.000211556
-2.79093e-08
0.000211556
-2.77687e-08
0.000211556
-2.7159e-08
0.000211555
-2.61025e-08
0.000211555
-2.46506e-08
0.000211555
-2.28751e-08
0.000211555
-2.08534e-08
0.000211555
-1.86772e-08
0.000211555
-1.64451e-08
0.000211555
-1.42245e-08
0.000211555
-1.20684e-08
0.000211555
-1.00455e-08
0.000211556
-8.20893e-09
0.000211556
-6.56983e-09
0.000211556
-5.12686e-09
0.000211556
-3.89081e-09
0.000211556
-2.86711e-09
0.000211556
-2.03838e-09
0.000211556
-1.37654e-09
0.000211556
-8.61399e-10
0.000211556
-4.80288e-10
0.000211556
-2.20109e-10
0.000211556
-6.53948e-11
0.000211556
-3.56264e-12
0.000211556
-2.20059e-11
0.000211556
-1.04483e-10
0.000211556
-2.34108e-10
0.000211556
-3.99608e-10
0.000211556
-5.93338e-10
0.000211556
-8.0358e-10
0.000211556
-1.015e-09
0.000211556
-1.21803e-09
0.000211556
-1.41083e-09
0.000211557
-1.58883e-09
0.000211557
-1.73926e-09
0.000211557
-1.8503e-09
0.000211558
-1.91943e-09
0.000211558
-1.94739e-09
0.000211558
-1.92937e-09
0.000211559
-1.85904e-09
0.000211559
-1.73823e-09
0.000211559
-1.57593e-09
0.000211559
-1.37924e-09
0.000211559
-1.15154e-09
0.000211559
-8.99484e-10
0.000211559
-6.35855e-10
0.000211558
-3.75256e-10
0.000211558
-1.31796e-10
0.000211557
7.6805e-11
0.000211557
2.26552e-10
0.000211556
2.91817e-10
0.000211555
2.52244e-10
0.000211555
9.78786e-11
0.000211554
-1.71966e-10
0.000211554
-5.51134e-10
0.000211554
-1.02973e-09
0.000211554
-1.59252e-09
0.000211554
-2.21218e-09
0.000211554
-2.84536e-09
0.000211555
-3.43954e-09
0.000211555
-3.94473e-09
0.000211556
-4.31747e-09
0.000211557
-4.51741e-09
0.000211558
-4.50945e-09
0.000211559
-4.27513e-09
0.00021156
-3.82106e-09
0.000211561
-3.17468e-09
0.000211561
-2.37573e-09
0.000211562
-1.47451e-09
0.000211562
-5.33026e-10
0.000211562
3.80716e-10
0.000211562
1.20397e-09
0.000211562
1.88682e-09
0.000211561
2.39494e-09
0.000211561
2.71235e-09
0.00021156
2.84324e-09
0.000211559
2.80879e-09
0.000211559
2.64098e-09
0.000211558
2.37875e-09
0.000211558
2.06496e-09
0.000211557
1.7397e-09
0.000211557
1.43313e-09
0.000211556
1.16339e-09
0.000211556
9.37543e-10
0.000211556
7.51215e-10
0.000211556
5.90407e-10
0.000211555
4.39534e-10
0.000211555
2.8889e-10
0.000211555
1.32877e-10
0.000211555
-3.19758e-11
0.000211555
-2.05426e-10
0.000211555
-3.7201e-10
0.000211556
-5.06068e-10
0.000211556
-5.83393e-10
0.000211557
-5.87004e-10
0.000211557
-5.02146e-10
0.000211558
-3.13552e-10
0.000211558
-1.2411e-11
0.000211559
3.98501e-10
0.000211559
9.05412e-10
0.00021156
1.48582e-09
0.00021156
2.10978e-09
0.00021156
2.74332e-09
0.00021156
3.35243e-09
0.00021156
3.90264e-09
0.00021156
4.35926e-09
0.00021156
4.69456e-09
0.000211559
4.89368e-09
0.000211558
4.95027e-09
0.000211558
4.8613e-09
0.000211557
4.63244e-09
0.000211557
4.28351e-09
0.000211556
3.84073e-09
0.000211556
3.32558e-09
0.000211555
2.75788e-09
0.000211555
2.16648e-09
0.000211555
1.58586e-09
0.000211555
1.03912e-09
0.000211555
5.34235e-10
0.000211555
7.99318e-11
0.000211555
-3.05654e-10
0.000211555
-6.12325e-10
0.000211555
-8.49702e-10
0.000211556
-1.03059e-09
0.000211556
-1.15514e-09
0.000211556
-1.22436e-09
0.000211557
-1.25083e-09
0.000211557
-1.24767e-09
0.000211557
-1.22417e-09
0.000211558
-1.1918e-09
0.000211558
-1.16887e-09
0.000211558
-1.1792e-09
0.000211558
-1.23555e-09
0.000211558
-1.35482e-09
0.000211558
-1.57173e-09
0.000211558
-1.91156e-09
0.000211558
-2.3919e-09
-2.86323e-09
0.000230855
-1.21465e-08
0.000230848
-1.10203e-08
0.000230842
-1.11677e-08
0.000230835
-1.20833e-08
0.000230829
-1.30467e-08
0.000230822
-1.39825e-08
0.000230815
-1.50252e-08
0.000230808
-1.61196e-08
0.0002308
-1.71855e-08
0.000230792
-1.81625e-08
0.000230784
-1.8989e-08
0.000230776
-1.95576e-08
0.000230768
-1.98529e-08
0.00023076
-1.98371e-08
0.000230753
-1.94646e-08
0.000230745
-1.87683e-08
0.000230739
-1.77977e-08
0.000230732
-1.65885e-08
0.000230727
-1.51807e-08
0.000230722
-1.36359e-08
0.000230717
-1.20329e-08
0.000230713
-1.04277e-08
0.00023071
-8.8529e-09
0.000230708
-7.35755e-09
0.000230705
-5.99497e-09
0.000230704
-4.78104e-09
0.000230702
-3.70413e-09
0.000230701
-2.76382e-09
0.0002307
-1.97445e-09
0.0002307
-1.33749e-09
0.000230699
-8.31101e-10
0.000230699
-4.33545e-10
0.000230699
-1.3824e-10
0.000230698
5.1749e-11
0.000230698
1.44523e-10
0.000230698
1.57653e-10
0.000230698
1.05345e-10
0.000230698
-4.86791e-12
0.000230698
-1.64172e-10
0.000230698
-3.59571e-10
0.000230698
-5.79432e-10
0.000230698
-8.15303e-10
0.000230698
-1.05679e-09
0.000230698
-1.29125e-09
0.000230698
-1.5097e-09
0.000230698
-1.70652e-09
0.000230698
-1.87179e-09
0.000230698
-1.99013e-09
0.000230698
-2.05e-09
0.000230698
-2.0489e-09
0.000230698
-1.98733e-09
0.000230698
-1.86296e-09
0.000230698
-1.67446e-09
0.000230698
-1.42687e-09
0.000230698
-1.12891e-09
0.000230697
-7.88259e-10
0.000230697
-4.14078e-10
0.000230696
-2.25153e-11
0.000230696
3.63159e-10
0.000230695
7.17842e-10
0.000230694
1.01635e-09
0.000230693
1.23213e-09
0.000230692
1.33804e-09
0.000230691
1.3103e-09
0.00023069
1.13255e-09
0.000230689
7.98242e-10
0.000230688
3.12309e-10
0.000230687
-3.09253e-10
0.000230687
-1.04158e-09
0.000230686
-1.85009e-09
0.000230686
-2.68616e-09
0.000230686
-3.48719e-09
0.000230686
-4.18658e-09
0.000230687
-4.72576e-09
0.000230687
-5.05741e-09
0.000230688
-5.1431e-09
0.000230689
-4.9576e-09
0.000230689
-4.49972e-09
0.00023069
-3.79715e-09
0.000230691
-2.89966e-09
0.000230691
-1.87013e-09
0.000230691
-7.81181e-10
0.000230691
2.88203e-10
0.000230691
1.26204e-09
0.000230691
2.07797e-09
0.000230691
2.69313e-09
0.00023069
3.08663e-09
0.00023069
3.26153e-09
0.00023069
3.24324e-09
0.000230689
3.07191e-09
0.000230689
2.79404e-09
0.000230688
2.45735e-09
0.000230688
2.10599e-09
0.000230688
1.77372e-09
0.000230687
1.47996e-09
0.000230687
1.23106e-09
0.000230687
1.02204e-09
0.000230687
8.36354e-10
0.000230686
6.50417e-10
0.000230686
4.44585e-10
0.000230686
2.10193e-10
0.000230686
-5.35049e-11
0.000230686
-3.43624e-10
0.000230686
-6.47858e-10
0.000230687
-9.39024e-10
0.000230688
-1.18104e-09
0.000230688
-1.34116e-09
0.000230689
-1.39448e-09
0.00023069
-1.32098e-09
0.000230691
-1.10648e-09
0.000230692
-7.47702e-10
0.000230694
-2.54052e-10
0.000230695
3.5325e-10
0.000230696
1.0422e-09
0.000230697
1.77177e-09
0.000230698
2.49822e-09
0.000230698
3.17955e-09
0.000230699
3.7751e-09
0.000230699
4.24816e-09
0.0002307
4.57364e-09
0.0002307
4.74005e-09
0.0002307
4.74287e-09
0.0002307
4.5826e-09
0.0002307
4.27205e-09
0.0002307
3.83871e-09
0.0002307
3.31473e-09
0.0002307
2.72764e-09
0.0002307
2.10425e-09
0.0002307
1.47747e-09
0.0002307
8.79893e-10
0.000230701
3.31795e-10
0.000230701
-1.57624e-10
0.000230701
-5.77766e-10
0.000230701
-9.16517e-10
0.000230702
-1.17221e-09
0.000230702
-1.35403e-09
0.000230702
-1.46974e-09
0.000230703
-1.52506e-09
0.000230703
-1.53112e-09
0.000230703
-1.50229e-09
0.000230703
-1.44929e-09
0.000230704
-1.37783e-09
0.000230704
-1.30321e-09
0.000230704
-1.24624e-09
0.000230704
-1.22086e-09
0.000230704
-1.24482e-09
0.000230703
-1.33475e-09
0.000230703
-1.49348e-09
0.000230702
-1.74877e-09
-1.99438e-09
0.000242145
-2.18256e-09
0.000242136
-1.80827e-09
0.000242127
-1.95579e-09
0.000242117
-2.318e-09
0.000242107
-2.79655e-09
0.000242096
-3.19579e-09
0.000242085
-3.6762e-09
0.000242073
-4.15995e-09
0.00024206
-4.64079e-09
0.000242047
-5.07545e-09
0.000242034
-5.48754e-09
0.00024202
-5.80965e-09
0.000242006
-6.03953e-09
0.000241992
-6.16738e-09
0.000241979
-6.15994e-09
0.000241966
-6.03237e-09
0.000241954
-5.79963e-09
0.000241943
-5.47269e-09
0.000241933
-5.06881e-09
0.000241924
-4.59792e-09
0.000241916
-4.08061e-09
0.000241909
-3.54858e-09
0.000241903
-3.01697e-09
0.000241898
-2.4927e-09
0.000241894
-1.99434e-09
0.000241891
-1.5375e-09
0.000241888
-1.12049e-09
0.000241886
-7.40876e-10
0.000241885
-4.10047e-10
0.000241884
-1.38832e-10
0.000241883
7.78452e-11
0.000241882
2.48806e-10
0.000241881
3.68987e-10
0.000241881
4.25447e-10
0.000241881
4.18104e-10
0.000241881
3.61186e-10
0.00024188
2.65588e-10
0.00024188
1.30505e-10
0.00024188
-4.59173e-11
0.00024188
-2.56189e-10
0.00024188
-4.87447e-10
0.00024188
-7.31037e-10
0.00024188
-9.80372e-10
0.00024188
-1.22427e-09
0.000241879
-1.44915e-09
0.000241879
-1.64523e-09
0.000241879
-1.80394e-09
0.000241879
-1.91129e-09
0.000241879
-1.95093e-09
0.000241879
-1.91438e-09
0.000241879
-1.80285e-09
0.000241879
-1.61862e-09
0.000241878
-1.36018e-09
0.000241878
-1.02746e-09
0.000241877
-6.27286e-10
0.000241877
-1.71666e-10
0.000241876
3.24708e-10
0.000241875
8.41949e-10
0.000241874
1.35168e-09
0.000241873
1.81957e-09
0.000241872
2.21078e-09
0.000241871
2.49332e-09
0.000241869
2.63899e-09
0.000241868
2.62414e-09
0.000241867
2.43065e-09
0.000241865
2.04758e-09
0.000241864
1.47563e-09
0.000241863
7.32072e-10
0.000241862
-1.49465e-10
0.000241862
-1.12368e-09
0.000241861
-2.13595e-09
0.000241861
-3.12029e-09
0.000241861
-4.00149e-09
0.000241861
-4.70616e-09
0.000241861
-5.17476e-09
0.000241861
-5.36523e-09
0.000241861
-5.25248e-09
0.000241861
-4.8328e-09
0.000241862
-4.13109e-09
0.000241862
-3.20068e-09
0.000241862
-2.11392e-09
0.000241862
-9.53408e-10
0.000241863
1.94293e-10
0.000241863
1.2459e-09
0.000241863
2.13198e-09
0.000241862
2.8049e-09
0.000241862
3.24133e-09
0.000241862
3.44299e-09
0.000241862
3.43613e-09
0.000241862
3.26582e-09
0.000241862
2.98542e-09
0.000241861
2.64763e-09
0.000241861
2.29897e-09
0.000241861
1.9742e-09
0.000241861
1.69106e-09
0.000241861
1.45065e-09
0.00024186
1.2425e-09
0.00024186
1.04723e-09
0.00024186
8.37586e-10
0.00024186
5.85558e-10
0.00024186
2.74437e-10
0.00024186
-9.65108e-11
0.00024186
-5.17433e-10
0.00024186
-9.72409e-10
0.000241861
-1.43502e-09
0.000241861
-1.86604e-09
0.000241862
-2.22111e-09
0.000241863
-2.46115e-09
0.000241865
-2.55585e-09
0.000241866
-2.48385e-09
0.000241867
-2.23584e-09
0.000241869
-1.81733e-09
0.000241871
-1.24726e-09
0.000241872
-5.56563e-10
0.000241874
2.11963e-10
0.000241875
1.00798e-09
0.000241877
1.78196e-09
0.000241878
2.48862e-09
0.000241879
3.08598e-09
0.00024188
3.53893e-09
0.000241881
3.82667e-09
0.000241882
3.94241e-09
0.000241883
3.88654e-09
0.000241883
3.66606e-09
0.000241884
3.30141e-09
0.000241884
2.82719e-09
0.000241885
2.28054e-09
0.000241885
1.69111e-09
0.000241886
1.08595e-09
0.000241886
4.97566e-10
0.000241886
-4.21255e-11
0.000241887
-5.15286e-10
0.000241887
-9.17045e-10
0.000241887
-1.2414e-09
0.000241888
-1.47985e-09
0.000241888
-1.63464e-09
0.000241888
-1.71873e-09
0.000241888
-1.74291e-09
0.000241889
-1.71434e-09
0.000241889
-1.64365e-09
0.000241889
-1.54347e-09
0.000241889
-1.42308e-09
0.000241889
-1.29163e-09
0.000241889
-1.15102e-09
0.000241888
-1.0145e-09
0.000241888
-8.94935e-10
0.000241888
-7.9393e-10
0.000241887
-7.14741e-10
0.000241886
-6.71317e-10
-6.24809e-10
0.000245861
8.78708e-09
0.000245851
8.17927e-09
0.000245841
8.17431e-09
0.00024583
8.46297e-09
0.000245818
8.70673e-09
0.000245806
8.95034e-09
0.000245793
9.19272e-09
0.00024578
9.42971e-09
0.000245765
9.65626e-09
0.00024575
9.83522e-09
0.000245735
9.93827e-09
0.000245719
9.95161e-09
0.000245703
9.8324e-09
0.000245688
9.57865e-09
0.000245672
9.20183e-09
0.000245658
8.70762e-09
0.000245644
8.11503e-09
0.000245631
7.44302e-09
0.000245619
6.71207e-09
0.000245608
5.96258e-09
0.000245599
5.23058e-09
0.000245591
4.52681e-09
0.000245584
3.86345e-09
0.000245578
3.26717e-09
0.000245574
2.75577e-09
0.00024557
2.32675e-09
0.000245567
1.97076e-09
0.000245564
1.68208e-09
0.000245563
1.45579e-09
0.000245561
1.28298e-09
0.00024556
1.1506e-09
0.000245559
1.04283e-09
0.000245559
9.43099e-10
0.000245558
8.37705e-10
0.000245558
7.20084e-10
0.000245558
5.90158e-10
0.000245558
4.47589e-10
0.000245557
2.86508e-10
0.000245557
9.93982e-11
0.000245557
-1.13901e-10
0.000245557
-3.44109e-10
0.000245557
-5.81002e-10
0.000245557
-8.18628e-10
0.000245556
-1.05052e-09
0.000245556
-1.26451e-09
0.000245556
-1.44595e-09
0.000245556
-1.58252e-09
0.000245556
-1.66259e-09
0.000245555
-1.67268e-09
0.000245555
-1.60173e-09
0.000245555
-1.44651e-09
0.000245554
-1.20867e-09
0.000245554
-8.88224e-10
0.000245553
-4.84047e-10
0.000245552
-8.33908e-13
0.000245552
5.47175e-10
0.000245551
1.13943e-09
0.00024555
1.75093e-09
0.000245549
2.35072e-09
0.000245548
2.90159e-09
0.000245547
3.36414e-09
0.000245546
3.70148e-09
0.000245545
3.88196e-09
0.000245543
3.88029e-09
0.000245542
3.67842e-09
0.000245541
3.26583e-09
0.00024554
2.64201e-09
0.000245539
1.82225e-09
0.000245538
8.42141e-10
0.000245537
-2.4542e-10
0.000245536
-1.37756e-09
0.000245535
-2.48503e-09
0.000245535
-3.49156e-09
0.000245534
-4.31831e-09
0.000245534
-4.89636e-09
0.000245534
-5.17801e-09
0.000245534
-5.13939e-09
0.000245534
-4.7794e-09
0.000245534
-4.12231e-09
0.000245534
-3.22043e-09
0.000245534
-2.14918e-09
0.000245534
-9.96633e-10
0.000245534
1.46398e-10
0.000245534
1.19412e-09
0.000245534
2.07517e-09
0.000245534
2.7415e-09
0.000245534
3.1718e-09
0.000245534
3.37005e-09
0.000245534
3.36322e-09
0.000245534
3.19705e-09
0.000245534
2.92708e-09
0.000245534
2.60778e-09
0.000245534
2.28544e-09
0.000245534
1.99352e-09
0.000245534
1.74763e-09
0.000245534
1.54335e-09
0.000245534
1.36161e-09
0.000245534
1.17672e-09
0.000245534
9.59813e-10
0.000245534
6.80614e-10
0.000245534
3.15578e-10
0.000245534
-1.41444e-10
0.000245534
-6.77846e-10
0.000245534
-1.27009e-09
0.000245535
-1.88733e-09
0.000245535
-2.48909e-09
0.000245536
-3.02631e-09
0.000245537
-3.45014e-09
0.000245538
-3.72013e-09
0.00024554
-3.80728e-09
0.000245541
-3.69627e-09
0.000245543
-3.38833e-09
0.000245544
-2.90036e-09
0.000245546
-2.26154e-09
0.000245548
-1.51251e-09
0.000245549
-7.04325e-10
0.000245551
1.08762e-10
0.000245553
8.77306e-10
0.000245554
1.55725e-09
0.000245556
2.10847e-09
0.000245557
2.50091e-09
0.000245558
2.72145e-09
0.000245559
2.77102e-09
0.00024556
2.65722e-09
0.000245561
2.39505e-09
0.000245562
2.01294e-09
0.000245563
1.54951e-09
0.000245563
1.03958e-09
0.000245564
5.09835e-10
0.000245565
-1.25729e-11
0.000245565
-4.94303e-10
0.000245565
-9.09906e-10
0.000245566
-1.25318e-09
0.000245566
-1.5237e-09
0.000245566
-1.71335e-09
0.000245566
-1.82011e-09
0.000245567
-1.85832e-09
0.000245567
-1.84175e-09
0.000245567
-1.77434e-09
0.000245567
-1.66189e-09
0.000245567
-1.51551e-09
0.000245567
-1.34639e-09
0.000245566
-1.15253e-09
0.000245566
-9.32476e-10
0.000245566
-6.84778e-10
0.000245565
-4.16058e-10
0.000245565
-1.14301e-10
0.000245564
2.12215e-10
0.000245563
5.71379e-10
9.32754e-10
0.000242141
1.84047e-08
0.000242132
1.70487e-08
0.000242123
1.71002e-08
0.000242114
1.78682e-08
0.000242104
1.86276e-08
0.000242093
1.93426e-08
0.000242082
2.01611e-08
0.000242071
2.0992e-08
0.000242058
2.18087e-08
0.000242046
2.25362e-08
0.000242033
2.30735e-08
0.000242019
2.33505e-08
0.000242006
2.33259e-08
0.000241992
2.2972e-08
0.000241979
2.22711e-08
0.000241967
2.12381e-08
0.000241955
1.99222e-08
0.000241944
1.83838e-08
0.000241934
1.66773e-08
0.000241925
1.48716e-08
0.000241917
1.30526e-08
0.000241911
1.12867e-08
0.000241905
9.6135e-09
0.0002419
8.07132e-09
0.000241896
6.69883e-09
0.000241893
5.51229e-09
0.00024189
4.50134e-09
0.000241888
3.65079e-09
0.000241887
2.95423e-09
0.000241886
2.40217e-09
0.000241885
1.96931e-09
0.000241884
1.62324e-09
0.000241884
1.34066e-09
0.000241884
1.10825e-09
0.000241883
9.12548e-10
0.000241883
7.36936e-10
0.000241883
5.67341e-10
0.000241883
3.94301e-10
0.000241883
2.10132e-10
0.000241883
1.03402e-11
0.000241883
-2.00899e-10
0.000241882
-4.13814e-10
0.000241882
-6.21682e-10
0.000241882
-8.21974e-10
0.000241882
-1.00769e-09
0.000241881
-1.16308e-09
0.000241881
-1.27045e-09
0.000241881
-1.31752e-09
0.00024188
-1.29591e-09
0.00024188
-1.19731e-09
0.000241879
-1.01493e-09
0.000241879
-7.46297e-10
0.000241878
-3.91343e-10
0.000241878
4.9943e-11
0.000241877
5.73877e-10
0.000241877
1.16708e-09
0.000241876
1.80551e-09
0.000241875
2.45856e-09
0.000241875
3.09243e-09
0.000241874
3.67119e-09
0.000241873
4.15797e-09
0.000241872
4.51707e-09
0.000241872
4.71554e-09
0.000241871
4.72529e-09
0.00024187
4.52637e-09
0.000241869
4.10945e-09
0.000241868
3.47648e-09
0.000241867
2.64249e-09
0.000241867
1.64032e-09
0.000241866
5.22697e-10
0.000241865
-6.43063e-10
0.000241864
-1.78384e-09
0.000241864
-2.82515e-09
0.000241863
-3.69245e-09
0.000241862
-4.31754e-09
0.000241862
-4.65027e-09
0.000241861
-4.66657e-09
0.000241861
-4.36855e-09
0.000241861
-3.78246e-09
0.00024186
-2.95865e-09
0.00024186
-1.96959e-09
0.00024186
-9.01587e-10
0.00024186
1.56422e-10
0.00024186
1.12194e-09
0.00024186
1.92699e-09
0.000241861
2.52652e-09
0.000241861
2.90324e-09
0.000241861
3.06582e-09
0.000241861
3.04372e-09
0.000241862
2.88191e-09
0.000241862
2.63382e-09
0.000241862
2.35141e-09
0.000241863
2.07665e-09
0.000241863
1.83768e-09
0.000241863
1.64612e-09
0.000241863
1.49407e-09
0.000241863
1.35636e-09
0.000241863
1.20006e-09
0.000241863
9.93514e-10
0.000241863
7.08699e-10
0.000241863
3.21994e-10
0.000241863
-1.77039e-10
0.000241863
-7.79304e-10
0.000241863
-1.45796e-09
0.000241863
-2.17591e-09
0.000241864
-2.8895e-09
0.000241864
-3.54876e-09
0.000241865
-4.10192e-09
0.000241866
-4.50385e-09
0.000241867
-4.72128e-09
0.000241868
-4.73472e-09
0.000241869
-4.54092e-09
0.00024187
-4.15361e-09
0.000241871
-3.60008e-09
0.000241873
-2.91771e-09
0.000241874
-2.15385e-09
0.000241876
-1.3624e-09
0.000241877
-5.95018e-10
0.000241879
1.04336e-10
0.00024188
6.96846e-10
0.000241881
1.14932e-09
0.000241883
1.44153e-09
0.000241884
1.57147e-09
0.000241885
1.54965e-09
0.000241886
1.39131e-09
0.000241887
1.1171e-09
0.000241888
7.57729e-10
0.000241888
3.49383e-10
0.000241889
-7.66367e-11
0.00024189
-4.95433e-10
0.00024189
-8.81858e-10
0.00024189
-1.21325e-09
0.00024189
-1.47871e-09
0.000241891
-1.67583e-09
0.000241891
-1.80084e-09
0.000241891
-1.85358e-09
0.000241891
-1.84478e-09
0.000241891
-1.78713e-09
0.000241891
-1.68661e-09
0.00024189
-1.54333e-09
0.00024189
-1.36557e-09
0.00024189
-1.16497e-09
0.00024189
-9.28237e-10
0.00024189
-6.51244e-10
0.000241889
-3.26583e-10
0.000241889
5.7711e-11
0.000241888
5.17644e-10
0.000241887
1.05632e-09
0.000241886
1.68372e-09
2.30706e-09
0.000230846
2.48072e-08
0.00023084
2.30478e-08
0.000230835
2.29345e-08
0.000230829
2.37353e-08
0.000230823
2.45349e-08
0.000230817
2.53892e-08
0.00023081
2.64127e-08
0.000230804
2.75211e-08
0.000230797
2.86047e-08
0.00023079
2.95806e-08
0.000230783
3.03317e-08
0.000230775
3.07537e-08
0.000230768
3.07834e-08
0.000230761
3.03572e-08
0.000230753
2.94471e-08
0.000230746
2.80875e-08
0.00023074
2.63487e-08
0.000230734
2.43084e-08
0.000230729
2.2043e-08
0.000230724
1.96423e-08
0.00023072
1.72146e-08
0.000230716
1.48549e-08
0.000230713
1.26243e-08
0.000230711
1.05667e-08
0.000230709
8.72231e-09
0.000230707
7.11578e-09
0.000230706
5.74531e-09
0.000230705
4.59483e-09
0.000230704
3.64938e-09
0.000230704
2.89246e-09
0.000230703
2.29658e-09
0.000230703
1.82762e-09
0.000230703
1.45808e-09
0.000230703
1.16978e-09
0.000230703
9.4443e-10
0.000230703
7.58659e-10
0.000230703
5.90372e-10
0.000230703
4.26088e-10
0.000230703
2.59989e-10
0.000230703
8.9161e-11
0.000230703
-8.54053e-11
0.000230703
-2.59101e-10
0.000230702
-4.27002e-10
0.000230702
-5.86685e-10
0.000230702
-7.33321e-10
0.000230701
-8.53735e-10
0.000230701
-9.29995e-10
0.000230701
-9.48879e-10
0.0002307
-9.04639e-10
0.0002307
-7.93118e-10
0.0002307
-6.07743e-10
0.000230699
-3.42287e-10
0.000230699
5.81113e-12
0.000230698
4.35772e-10
0.000230698
9.43072e-10
0.000230698
1.51518e-09
0.000230697
2.12861e-09
0.000230697
2.75185e-09
0.000230697
3.35125e-09
0.000230697
3.89425e-09
0.000230696
4.34968e-09
0.000230696
4.68733e-09
0.000230696
4.87775e-09
0.000230696
4.8935e-09
0.000230696
4.71303e-09
0.000230696
4.32614e-09
0.000230695
3.73647e-09
0.000230695
2.96062e-09
0.000230695
2.02858e-09
0.000230694
9.8675e-10
0.000230694
-1.02331e-10
0.000230693
-1.16723e-09
0.000230692
-2.13733e-09
0.000230691
-2.94727e-09
0.000230691
-3.53904e-09
0.00023069
-3.8678e-09
0.000230689
-3.91046e-09
0.000230688
-3.66984e-09
0.000230688
-3.17267e-09
0.000230687
-2.46642e-09
0.000230687
-1.6166e-09
0.000230687
-7.01025e-10
0.000230687
2.00283e-10
0.000230687
1.01469e-09
0.000230687
1.68387e-09
0.000230687
2.16996e-09
0.000230688
2.46033e-09
0.000230688
2.5672e-09
0.000230689
2.52155e-09
0.000230689
2.36608e-09
0.00023069
2.149e-09
0.00023069
1.91635e-09
0.000230691
1.70338e-09
0.000230691
1.5301e-09
0.000230691
1.40124e-09
0.000230691
1.30631e-09
0.000230692
1.21948e-09
0.000230692
1.10511e-09
0.000230692
9.28569e-10
0.000230692
6.63712e-10
0.000230692
2.92154e-10
0.000230692
-1.94329e-10
0.000230692
-7.90228e-10
0.000230692
-1.4719e-09
0.000230692
-2.20152e-09
0.000230692
-2.93404e-09
0.000230692
-3.62084e-09
0.000230692
-4.21297e-09
0.000230692
-4.66719e-09
0.000230692
-4.95137e-09
0.000230693
-5.04581e-09
0.000230693
-4.94412e-09
0.000230694
-4.65554e-09
0.000230694
-4.2041e-09
0.000230695
-3.62396e-09
0.000230696
-2.95646e-09
0.000230697
-2.24918e-09
0.000230698
-1.55083e-09
0.000230699
-9.03862e-10
0.0002307
-3.42762e-10
0.000230701
1.03976e-10
0.000230702
4.1516e-10
0.000230703
5.84898e-10
0.000230704
6.22602e-10
0.000230705
5.44742e-10
0.000230705
3.68217e-10
0.000230706
1.14092e-10
0.000230707
-1.87177e-10
0.000230707
-5.01944e-10
0.000230707
-8.05637e-10
0.000230707
-1.08402e-09
0.000230708
-1.32322e-09
0.000230708
-1.50741e-09
0.000230708
-1.62912e-09
0.000230708
-1.69219e-09
0.000230707
-1.70228e-09
0.000230707
-1.66146e-09
0.000230707
-1.57458e-09
0.000230707
-1.45384e-09
0.000230706
-1.30585e-09
0.000230706
-1.1305e-09
0.000230706
-9.20664e-10
0.000230706
-6.75614e-10
0.000230705
-3.91374e-10
0.000230705
-4.34584e-11
0.000230705
3.93561e-10
0.000230704
9.34168e-10
0.000230704
1.59539e-09
0.000230703
2.39062e-09
3.17865e-09
0.000211559
2.68308e-08
0.000211558
2.48776e-08
0.000211556
2.43243e-08
0.000211555
2.45263e-08
0.000211555
2.48933e-08
0.000211555
2.54877e-08
0.000211555
2.63347e-08
0.000211555
2.73393e-08
0.000211555
2.83831e-08
0.000211556
2.93515e-08
0.000211556
3.01024e-08
0.000211556
3.05259e-08
0.000211556
3.05444e-08
0.000211557
3.00991e-08
0.000211557
2.91745e-08
0.000211557
2.78014e-08
0.000211557
2.60373e-08
0.000211558
2.39642e-08
0.000211558
2.16803e-08
0.000211558
1.92824e-08
0.000211559
1.68634e-08
0.000211559
1.45092e-08
0.000211559
1.22878e-08
0.00021156
1.02466e-08
0.00021156
8.41793e-09
0.00021156
6.82185e-09
0.000211561
5.46225e-09
0.000211561
4.32719e-09
0.000211561
3.39687e-09
0.000211561
2.65044e-09
0.000211562
2.06516e-09
0.000211562
1.61386e-09
0.000211562
1.2682e-09
0.000211562
1.00421e-09
0.000211562
8.01987e-10
0.000211562
6.40979e-10
0.000211562
5.00369e-10
0.000211563
3.66148e-10
0.000211563
2.348e-10
0.000211563
1.0749e-10
0.000211562
-1.65842e-11
0.000211562
-1.39879e-10
0.000211562
-2.6207e-10
0.000211562
-3.78685e-10
0.000211562
-4.82803e-10
0.000211561
-5.64764e-10
0.000211561
-6.12294e-10
0.000211561
-6.14496e-10
0.00021156
-5.65732e-10
0.00021156
-4.63503e-10
0.00021156
-3.03183e-10
0.00021156
-7.73992e-11
0.000211559
2.19389e-10
0.000211559
5.86945e-10
0.000211559
1.01856e-09
0.000211559
1.50085e-09
0.000211559
2.01337e-09
0.00021156
2.53057e-09
0.00021156
3.02579e-09
0.00021156
3.47369e-09
0.000211561
3.84994e-09
0.000211561
4.13034e-09
0.000211562
4.29099e-09
0.000211563
4.30903e-09
0.000211563
4.16483e-09
0.000211564
3.84694e-09
0.000211564
3.35721e-09
0.000211564
2.71185e-09
0.000211564
1.93886e-09
0.000211564
1.07701e-09
0.000211564
1.76621e-10
0.000211563
-7.02943e-10
0.000211563
-1.50143e-09
0.000211562
-2.16538e-09
0.000211561
-2.65081e-09
0.00021156
-2.92433e-09
0.000211559
-2.96748e-09
0.000211558
-2.78209e-09
0.000211557
-2.39123e-09
0.000211557
-1.83577e-09
0.000211556
-1.17024e-09
0.000211556
-4.58382e-10
0.000211556
2.34636e-10
0.000211556
8.5094e-10
0.000211557
1.34643e-09
0.000211557
1.6943e-09
0.000211558
1.88754e-09
0.000211558
1.93913e-09
0.000211559
1.87752e-09
0.00021156
1.73957e-09
0.00021156
1.56467e-09
0.000211561
1.38963e-09
0.000211561
1.24188e-09
0.000211562
1.13405e-09
0.000211562
1.06415e-09
0.000211562
1.01915e-09
0.000211562
9.76677e-10
0.000211563
9.06196e-10
0.000211563
7.75326e-10
0.000211563
5.5913e-10
0.000211563
2.44063e-10
0.000211563
-1.73274e-10
0.000211563
-6.87243e-10
0.000211563
-1.27955e-09
0.000211562
-1.91845e-09
0.000211562
-2.56381e-09
0.000211562
-3.17304e-09
0.000211561
-3.70491e-09
0.00021156
-4.12334e-09
0.00021156
-4.40148e-09
0.000211559
-4.52283e-09
0.000211559
-4.48061e-09
0.000211559
-4.27981e-09
0.000211558
-3.93945e-09
0.000211558
-3.48918e-09
0.000211558
-2.96295e-09
0.000211558
-2.39708e-09
0.000211559
-1.83058e-09
0.000211559
-1.30092e-09
0.000211559
-8.37692e-10
0.00021156
-4.61455e-10
0.000211561
-1.86621e-10
0.000211561
-2.03609e-11
0.000211562
4.10402e-11
0.000211562
1.10749e-11
0.000211563
-9.37855e-11
0.000211563
-2.56911e-10
0.000211563
-4.56966e-10
0.000211564
-6.67836e-10
0.000211564
-8.68853e-10
0.000211564
-1.05005e-09
0.000211564
-1.20242e-09
0.000211563
-1.31228e-09
0.000211563
-1.37362e-09
0.000211563
-1.39434e-09
0.000211563
-1.38002e-09
0.000211562
-1.32477e-09
0.000211562
-1.2314e-09
0.000211562
-1.11657e-09
0.000211561
-9.87949e-10
0.000211561
-8.37842e-10
0.000211561
-6.58029e-10
0.00021156
-4.52502e-10
0.00021156
-2.02484e-10
0.00021156
1.11145e-10
0.00021156
5.10823e-10
0.00021156
1.03316e-09
0.00021156
1.7021e-09
0.000211559
2.53761e-09
3.36619e-09
0.000183592
2.38562e-08
0.000183595
2.19473e-08
0.000183598
2.07213e-08
0.000183603
1.99924e-08
0.000183608
1.97667e-08
0.000183613
1.99284e-08
0.000183619
2.04135e-08
0.000183626
2.1128e-08
0.000183632
2.19275e-08
0.000183639
2.26742e-08
0.000183646
2.32674e-08
0.000183653
2.36072e-08
0.00018366
2.36085e-08
0.000183667
2.32406e-08
0.000183673
2.25083e-08
0.00018368
2.1427e-08
0.000183686
2.00305e-08
0.000183691
1.83885e-08
0.000183696
1.65938e-08
0.000183701
1.47271e-08
0.000183705
1.2849e-08
0.000183709
1.10163e-08
0.000183712
9.28731e-09
0.000183714
7.70827e-09
0.000183716
6.30329e-09
0.000183718
5.07967e-09
0.00018372
4.03745e-09
0.000183721
3.1705e-09
0.000183722
2.46443e-09
0.000183722
1.90047e-09
0.000183723
1.46066e-09
0.000183723
1.12695e-09
0.000183724
8.78218e-10
0.000183724
6.92079e-10
0.000183724
5.49546e-10
0.000183725
4.35779e-10
0.000183725
3.38261e-10
0.000183725
2.48262e-10
0.000183725
1.63664e-10
0.000183725
8.59047e-11
0.000183725
1.30445e-11
0.000183725
-6.02584e-11
0.000183725
-1.37109e-10
0.000183725
-2.12458e-10
0.000183724
-2.77676e-10
0.000183724
-3.25609e-10
0.000183724
-3.50756e-10
0.000183724
-3.47455e-10
0.000183723
-3.10722e-10
0.000183723
-2.37594e-10
0.000183723
-1.24723e-10
0.000183723
3.39865e-11
0.000183723
2.44652e-10
0.000183723
5.07979e-10
0.000183723
8.16668e-10
0.000183724
1.15745e-09
0.000183724
1.51447e-09
0.000183725
1.87159e-09
0.000183726
2.21352e-09
0.000183727
2.52544e-09
0.000183728
2.79133e-09
0.000183729
2.99311e-09
0.00018373
3.11213e-09
0.000183731
3.13127e-09
0.000183732
3.03603e-09
0.000183733
2.81659e-09
0.000183734
2.47219e-09
0.000183735
2.01483e-09
0.000183735
1.46807e-09
0.000183736
8.62496e-10
0.000183736
2.33246e-10
0.000183735
-3.8041e-10
0.000183735
-9.37059e-10
0.000183734
-1.39877e-09
0.000183733
-1.73537e-09
0.000183732
-1.9254e-09
0.000183731
-1.95689e-09
0.00018373
-1.83052e-09
0.000183729
-1.56216e-09
0.000183728
-1.18149e-09
0.000183728
-7.27946e-10
0.000183728
-2.47089e-10
0.000183728
2.152e-10
0.000183728
6.18419e-10
0.000183728
9.33525e-10
0.000183729
1.14506e-09
0.00018373
1.25109e-09
0.00018373
1.26281e-09
0.000183731
1.2022e-09
0.000183732
1.09673e-09
0.000183732
9.74141e-10
0.000183733
8.59121e-10
0.000183733
7.70133e-10
0.000183734
7.14942e-10
0.000183734
6.88894e-10
0.000183734
6.78549e-10
0.000183735
6.6632e-10
0.000183735
6.31672e-10
0.000183735
5.51885e-10
0.000183735
4.06822e-10
0.000183735
1.85135e-10
0.000183735
-1.13703e-10
0.000183735
-4.84175e-10
0.000183735
-9.12279e-10
0.000183734
-1.37581e-09
0.000183733
-1.84585e-09
0.000183733
-2.29161e-09
0.000183732
-2.68394e-09
0.00018373
-2.99733e-09
0.000183729
-3.21218e-09
0.000183728
-3.31634e-09
0.000183727
-3.30476e-09
0.000183726
-3.1801e-09
0.000183725
-2.95536e-09
0.000183724
-2.65263e-09
0.000183723
-2.2965e-09
0.000183723
-1.91046e-09
0.000183722
-1.51963e-09
0.000183722
-1.15137e-09
0.000183722
-8.2874e-10
0.000183722
-5.65146e-10
0.000183723
-3.67136e-10
0.000183723
-2.39301e-10
0.000183723
-1.82928e-10
0.000183723
-1.90897e-10
0.000183723
-2.48337e-10
0.000183723
-3.40154e-10
0.000183723
-4.54676e-10
0.000183723
-5.79378e-10
0.000183723
-6.99357e-10
0.000183723
-8.03403e-10
0.000183723
-8.86109e-10
0.000183722
-9.42392e-10
0.000183722
-9.68157e-10
0.000183721
-9.64757e-10
0.000183721
-9.3575e-10
0.000183721
-8.87171e-10
0.00018372
-8.21885e-10
0.00018372
-7.37769e-10
0.000183719
-6.42692e-10
0.000183719
-5.38613e-10
0.000183719
-4.18919e-10
0.000183719
-2.79035e-10
0.000183719
-1.01535e-10
0.000183719
1.23504e-10
0.000183719
4.17762e-10
0.000183719
8.23358e-10
0.000183719
1.38089e-09
0.00018372
2.09765e-09
2.86299e-09
0.000146001
1.69845e-08
0.000146007
1.51157e-08
0.000146015
1.31882e-08
0.000146023
1.18508e-08
0.000146032
1.12653e-08
0.00014604
1.11354e-08
0.00014605
1.13067e-08
0.000146059
1.16814e-08
0.000146069
1.21357e-08
0.000146079
1.25639e-08
0.000146089
1.29197e-08
0.0001461
1.31456e-08
0.00014611
1.31702e-08
0.00014612
1.2967e-08
0.00014613
1.25487e-08
0.00014614
1.19338e-08
0.000146148
1.11446e-08
0.000146157
1.02202e-08
0.000146164
9.21226e-09
0.000146171
8.16446e-09
0.000146176
7.10641e-09
0.000146181
6.06871e-09
0.000146185
5.09042e-09
0.000146189
4.20543e-09
0.000146192
3.42699e-09
0.000146194
2.75143e-09
0.000146196
2.17374e-09
0.000146197
1.69303e-09
0.000146199
1.30535e-09
0.0001462
9.99662e-10
0.0001462
7.62914e-10
0.000146201
5.84428e-10
0.000146201
4.53483e-10
0.000146202
3.56652e-10
0.000146202
2.80891e-10
0.000146202
2.18191e-10
0.000146202
1.65364e-10
0.000146202
1.20645e-10
0.000146202
8.23397e-11
0.000146203
4.90166e-11
0.000146203
1.81514e-11
0.000146203
-1.44947e-11
0.000146202
-5.19625e-11
0.000146202
-9.15268e-11
0.000146202
-1.26139e-10
0.000146202
-1.49869e-10
0.000146202
-1.6067e-10
0.000146202
-1.58087e-10
0.000146202
-1.40338e-10
0.000146201
-1.04783e-10
0.000146201
-4.80642e-11
0.000146201
3.45731e-11
0.000146201
1.47043e-10
0.000146202
2.89254e-10
0.000146202
4.5498e-10
0.000146203
6.34471e-10
0.000146203
8.18807e-10
0.000146204
1.00184e-09
0.000146205
1.17915e-09
0.000146206
1.34581e-09
0.000146208
1.49422e-09
0.000146209
1.61302e-09
0.00014621
1.68856e-09
0.000146212
1.70836e-09
0.000146213
1.66352e-09
0.000146214
1.54911e-09
0.000146216
1.36492e-09
0.000146216
1.11777e-09
0.000146217
8.22342e-10
0.000146217
4.97846e-10
0.000146217
1.63767e-10
0.000146217
-1.61213e-10
0.000146217
-4.57777e-10
0.000146216
-7.05861e-10
0.000146215
-8.88024e-10
0.000146214
-9.91993e-10
0.000146213
-1.01125e-09
0.000146212
-9.45745e-10
0.000146212
-8.03486e-10
0.000146211
-6.00702e-10
0.000146211
-3.59168e-10
0.000146211
-1.05226e-10
0.000146211
1.36716e-10
0.000146211
3.43871e-10
0.000146211
5.00914e-10
0.000146212
6.01045e-10
0.000146213
6.44926e-10
0.000146213
6.39524e-10
0.000146214
5.97547e-10
0.000146214
5.35148e-10
0.000146215
4.67959e-10
0.000146215
4.0842e-10
0.000146216
3.65425e-10
0.000146216
3.4328e-10
0.000146216
3.39421e-10
0.000146217
3.44661e-10
0.000146217
3.47249e-10
0.000146217
3.36163e-10
0.000146218
3.00765e-10
0.000146218
2.30328e-10
0.000146218
1.15319e-10
0.000146218
-4.22122e-11
0.000146218
-2.41746e-10
0.000146217
-4.73031e-10
0.000146216
-7.2393e-10
0.000146216
-9.79268e-10
0.000146214
-1.223e-09
0.000146213
-1.43997e-09
0.000146212
-1.61618e-09
0.00014621
-1.73959e-09
0.000146209
-1.80247e-09
0.000146207
-1.80261e-09
0.000146206
-1.74244e-09
0.000146205
-1.62869e-09
0.000146203
-1.47254e-09
0.000146202
-1.28742e-09
0.000146202
-1.08591e-09
0.000146201
-8.80226e-10
0.0001462
-6.84227e-10
0.0001462
-5.11455e-10
0.0001462
-3.70504e-10
0.0001462
-2.64271e-10
0.0001462
-1.93921e-10
0.0001462
-1.6059e-10
0.0001462
-1.61245e-10
0.0001462
-1.86744e-10
0.0001462
-2.27909e-10
0.000146199
-2.8019e-10
0.000146199
-3.39183e-10
0.000146199
-3.96464e-10
0.000146199
-4.4418e-10
0.000146198
-4.79952e-10
0.000146198
-5.02757e-10
0.000146197
-5.10534e-10
0.000146197
-5.04393e-10
0.000146196
-4.85389e-10
0.000146196
-4.56174e-10
0.000146196
-4.21852e-10
0.000146195
-3.80865e-10
0.000146195
-3.28708e-10
0.000146195
-2.69329e-10
0.000146194
-2.1311e-10
0.000146194
-1.44172e-10
0.000146194
-5.71704e-11
0.000146194
5.07467e-11
0.000146194
2.11491e-10
0.000146195
4.47808e-10
0.000146195
7.96264e-10
0.000146196
1.28732e-09
1.89638e-09
9.76152e-05
7.67709e-09
9.7624e-05
6.25281e-09
9.76325e-05
4.61123e-09
9.76408e-05
3.6493e-09
9.76487e-05
3.28964e-09
9.76567e-05
3.18705e-09
9.76648e-05
3.21779e-09
9.76731e-05
3.33688e-09
9.76817e-05
3.50179e-09
9.76907e-05
3.66183e-09
9.76998e-05
3.79131e-09
9.77091e-05
3.88122e-09
9.77183e-05
3.91176e-09
9.77275e-05
3.86691e-09
9.77363e-05
3.74899e-09
9.77447e-05
3.56987e-09
9.77525e-05
3.34052e-09
9.77596e-05
3.07022e-09
9.77661e-05
2.76963e-09
9.77718e-05
2.45048e-09
9.77768e-05
2.12496e-09
9.7781e-05
1.80706e-09
9.77846e-05
1.51115e-09
9.77876e-05
1.24659e-09
9.779e-05
1.01448e-09
9.77919e-05
8.11112e-10
9.77935e-05
6.3502e-10
9.77947e-05
4.88833e-10
9.77956e-05
3.74051e-10
9.77963e-05
2.86545e-10
9.77969e-05
2.1907e-10
9.77973e-05
1.66594e-10
9.77976e-05
1.27086e-10
9.77979e-05
9.79547e-11
9.77981e-05
7.47238e-11
9.77982e-05
5.43291e-11
9.77983e-05
3.75687e-11
9.77984e-05
2.65643e-11
9.77985e-05
2.07467e-11
9.77986e-05
1.67398e-11
9.77986e-05
1.12047e-11
9.77986e-05
2.48411e-12
9.77986e-05
-9.26629e-12
9.77985e-05
-2.23944e-11
9.77985e-05
-3.38204e-11
9.77984e-05
-4.0806e-11
9.77983e-05
-4.32624e-11
9.77982e-05
-4.30404e-11
9.77981e-05
-4.09131e-11
9.7798e-05
-3.47843e-11
9.7798e-05
-2.09468e-11
9.7798e-05
2.81936e-12
9.77981e-05
3.72105e-11
9.77984e-05
7.99142e-11
9.77987e-05
1.27084e-10
9.77991e-05
1.75271e-10
9.77997e-05
2.23322e-10
9.78004e-05
2.72194e-10
9.78012e-05
3.22968e-10
9.78022e-05
3.75173e-10
9.78033e-05
4.26272e-10
9.78044e-05
4.71505e-10
9.78057e-05
5.04239e-10
9.78069e-05
5.1785e-10
9.7808e-05
5.08329e-10
9.78091e-05
4.752e-10
9.781e-05
4.2025e-10
9.78108e-05
3.4655e-10
9.78113e-05
2.5882e-10
9.78117e-05
1.6338e-10
9.78118e-05
6.56911e-11
9.78117e-05
-2.88608e-11
9.78113e-05
-1.17521e-10
9.78108e-05
-1.94932e-10
9.78102e-05
-2.54782e-10
9.78095e-05
-2.91554e-10
9.78087e-05
-3.02036e-10
9.78081e-05
-2.85563e-10
9.78075e-05
-2.44197e-10
9.78071e-05
-1.82936e-10
9.78068e-05
-1.08638e-10
9.78068e-05
-3.06544e-11
9.78069e-05
4.37032e-11
9.78071e-05
1.06748e-10
9.78075e-05
1.53276e-10
9.78079e-05
1.81439e-10
9.78083e-05
1.92069e-10
9.78088e-05
1.87466e-10
9.78092e-05
1.71413e-10
9.78096e-05
1.49439e-10
9.78099e-05
1.27331e-10
9.78102e-05
1.09037e-10
9.78105e-05
9.64432e-11
9.78107e-05
9.06187e-11
9.7811e-05
9.15549e-11
9.78112e-05
9.66982e-11
9.78115e-05
1.01449e-10
9.78117e-05
1.01669e-10
9.78119e-05
9.48517e-11
9.78121e-05
7.86625e-11
9.78122e-05
4.96257e-11
9.78121e-05
6.43905e-12
9.78119e-05
-5.01985e-11
9.78116e-05
-1.17884e-10
9.7811e-05
-1.92091e-10
9.78103e-05
-2.68323e-10
9.78094e-05
-3.4228e-10
9.78084e-05
-4.10049e-10
9.78073e-05
-4.67236e-10
9.7806e-05
-5.087e-10
9.78047e-05
-5.30774e-10
9.78035e-05
-5.33545e-10
9.78022e-05
-5.19438e-10
9.78011e-05
-4.90143e-10
9.78001e-05
-4.46902e-10
9.77992e-05
-3.93006e-10
9.77984e-05
-3.33529e-10
9.77978e-05
-2.72765e-10
9.77974e-05
-2.1395e-10
9.7797e-05
-1.60907e-10
9.77968e-05
-1.17698e-10
9.77966e-05
-8.63735e-11
9.77964e-05
-6.62553e-11
9.77963e-05
-5.56294e-11
9.77962e-05
-5.34747e-11
9.77961e-05
-5.90954e-11
9.7796e-05
-7.04336e-11
9.77958e-05
-8.4475e-11
9.77955e-05
-9.98298e-11
9.77953e-05
-1.16111e-10
9.7795e-05
-1.3058e-10
9.77946e-05
-1.39546e-10
9.77943e-05
-1.44097e-10
9.77939e-05
-1.48566e-10
9.77936e-05
-1.48792e-10
9.77932e-05
-1.40745e-10
9.77929e-05
-1.32531e-10
9.77926e-05
-1.24185e-10
9.77923e-05
-1.09428e-10
9.77921e-05
-9.6712e-11
9.77918e-05
-8.63587e-11
9.77917e-05
-7.04686e-11
9.77916e-05
-5.13568e-11
9.77915e-05
-3.39736e-11
9.77916e-05
-3.16574e-12
9.77918e-05
3.2711e-11
9.77921e-05
9.79723e-11
9.77927e-05
2.21443e-10
9.77935e-05
4.27349e-10
7.92889e-10
3.70803e-05
3.70865e-05
3.70912e-05
3.70948e-05
3.70981e-05
3.71013e-05
3.71045e-05
3.71079e-05
3.71114e-05
3.71151e-05
3.71189e-05
3.71227e-05
3.71266e-05
3.71305e-05
3.71343e-05
3.71379e-05
3.71412e-05
3.71443e-05
3.7147e-05
3.71495e-05
3.71516e-05
3.71534e-05
3.71549e-05
3.71562e-05
3.71572e-05
3.7158e-05
3.71586e-05
3.71591e-05
3.71595e-05
3.71598e-05
3.716e-05
3.71602e-05
3.71603e-05
3.71604e-05
3.71605e-05
3.71605e-05
3.71606e-05
3.71606e-05
3.71607e-05
3.71607e-05
3.71607e-05
3.71607e-05
3.71607e-05
3.71607e-05
3.71607e-05
3.71606e-05
3.71606e-05
3.71606e-05
3.71605e-05
3.71605e-05
3.71605e-05
3.71605e-05
3.71605e-05
3.71606e-05
3.71607e-05
3.71609e-05
3.71611e-05
3.71613e-05
3.71617e-05
3.7162e-05
3.71625e-05
3.7163e-05
3.71635e-05
3.7164e-05
3.71645e-05
3.7165e-05
3.71654e-05
3.71657e-05
3.7166e-05
3.71662e-05
3.71662e-05
3.71662e-05
3.71661e-05
3.71659e-05
3.71656e-05
3.71653e-05
3.7165e-05
3.71647e-05
3.71645e-05
3.71643e-05
3.71642e-05
3.71642e-05
3.71642e-05
3.71643e-05
3.71645e-05
3.71646e-05
3.71648e-05
3.7165e-05
3.71652e-05
3.71653e-05
3.71655e-05
3.71656e-05
3.71657e-05
3.71658e-05
3.71658e-05
3.71659e-05
3.7166e-05
3.71662e-05
3.71662e-05
3.71663e-05
3.71664e-05
3.71664e-05
3.71663e-05
3.71662e-05
3.7166e-05
3.71658e-05
3.71654e-05
3.7165e-05
3.71645e-05
3.7164e-05
3.71635e-05
3.7163e-05
3.71624e-05
3.71619e-05
3.71615e-05
3.71611e-05
3.71608e-05
3.71605e-05
3.71603e-05
3.71601e-05
3.716e-05
3.71599e-05
3.71599e-05
3.71598e-05
3.71598e-05
3.71597e-05
3.71596e-05
3.71596e-05
3.71595e-05
3.71594e-05
3.71592e-05
3.71591e-05
3.71589e-05
3.71588e-05
3.71587e-05
3.71585e-05
3.71584e-05
3.71582e-05
3.71581e-05
3.7158e-05
3.71579e-05
3.71579e-05
3.71578e-05
3.71578e-05
3.71577e-05
3.71578e-05
3.71579e-05
3.71581e-05
3.71585e-05
)
;

boundaryField
{
    inlet
    {
        type            calculated;
        value           nonuniform List<scalar> 
15
(
-3.70772e-05
-9.76158e-05
-0.000146007
-0.000183603
-0.000211574
-0.000230862
-0.000242155
-0.000245872
-0.000242151
-0.000230853
-0.000211561
-0.000183589
-0.000145994
-9.76058e-05
-3.70726e-05
)
;
    }
    outlet
    {
        type            calculated;
        value           nonuniform List<scalar> 
15
(
3.71589e-05
9.77936e-05
0.000146196
0.000183719
0.000211558
0.000230701
0.000241884
0.000245561
0.000241885
0.000230702
0.000211559
0.00018372
0.000146197
9.77946e-05
3.71593e-05
)
;
    }
    walls
    {
        type            calculated;
        value           uniform 0;
    }
    frontAndBack
    {
        type            empty;
    }
}


// ************************************************************************* //
