/*--------------------------------*- C++ -*----------------------------------*\
| =========                 |                                                 |
| \\      /  F ield         | OpenFOAM: The Open Source CFD Toolbox           |
|  \\    /   O peration     | Version:  2406                                  |
|   \\  /    A nd           | Website:  www.openfoam.com                      |
|    \\/     M anipulation  |                                                 |
\*---------------------------------------------------------------------------*/
FoamFile
{
    version     2.0;
    format      ascii;
    arch        "LSB;label=32;scalar=64";
    class       volVectorField;
    location    "0.3";
    object      U;
}
// * * * * * * * * * * * * * * * * * * * * * * * * * * * * * * * * * * * * * //

dimensions      [0 1 -1 0 0 0 0];

internalField   nonuniform List<vector> 
2250
(
(0.774 3.78979e-07 0)
(0.773998 2.26209e-07 0)
(0.773997 2.95227e-07 0)
(0.773996 4.10787e-07 0)
(0.773995 6.3456e-07 0)
(0.773995 5.21188e-07 0)
(0.773994 2.01586e-07 0)
(0.773993 2.13591e-07 0)
(0.773992 4.54182e-07 0)
(0.773992 4.14214e-07 0)
(0.773991 2.91379e-07 0)
(0.77399 1.86702e-07 0)
(0.773989 1.11988e-07 0)
(0.773989 1.35234e-07 0)
(0.773988 1.25113e-07 0)
(0.773988 2.32362e-08 0)
(0.773988 -3.08372e-08 0)
(0.773987 -4.07482e-09 0)
(0.773987 5.91464e-08 0)
(0.773986 1.75995e-07 0)
(0.773985 3.11919e-07 0)
(0.773985 3.49234e-07 0)
(0.773985 2.60076e-07 0)
(0.773984 1.47346e-07 0)
(0.773984 9.87359e-08 0)
(0.773984 8.59271e-08 0)
(0.773983 5.58536e-08 0)
(0.773983 -4.68131e-09 0)
(0.773983 -6.44942e-08 0)
(0.773982 -8.1554e-08 0)
(0.773982 -5.40716e-08 0)
(0.773982 -3.18347e-08 0)
(0.773982 -5.11987e-08 0)
(0.773982 -1.01942e-07 0)
(0.773982 -1.70472e-07 0)
(0.773982 -2.31006e-07 0)
(0.773982 -2.35025e-07 0)
(0.773982 -1.78412e-07 0)
(0.773983 -1.13912e-07 0)
(0.773983 -7.52628e-08 0)
(0.773983 -5.08067e-08 0)
(0.773983 -1.72893e-08 0)
(0.773983 3.67535e-08 0)
(0.773983 8.77607e-08 0)
(0.773983 1.09947e-07 0)
(0.773983 1.13002e-07 0)
(0.773983 1.31489e-07 0)
(0.773983 1.70133e-07 0)
(0.773983 2.10972e-07 0)
(0.773983 2.25836e-07 0)
(0.773982 1.95515e-07 0)
(0.773982 1.28289e-07 0)
(0.773982 8.05205e-08 0)
(0.773982 9.44586e-08 0)
(0.773981 1.54121e-07 0)
(0.77398 1.99333e-07 0)
(0.77398 1.90891e-07 0)
(0.77398 1.50447e-07 0)
(0.773979 1.29552e-07 0)
(0.773979 1.44889e-07 0)
(0.773979 1.70261e-07 0)
(0.773979 1.72208e-07 0)
(0.773978 1.38775e-07 0)
(0.773978 9.9869e-08 0)
(0.773978 9.19737e-08 0)
(0.773978 1.1312e-07 0)
(0.773978 1.17534e-07 0)
(0.773978 6.4693e-08 0)
(0.773978 -3.18966e-08 0)
(0.773978 -1.05133e-07 0)
(0.773978 -1.18306e-07 0)
(0.773978 -8.44977e-08 0)
(0.773978 -6.71592e-08 0)
(0.773978 -1.02606e-07 0)
(0.773978 -1.6062e-07 0)
(0.773978 -1.81988e-07 0)
(0.773978 -1.34908e-07 0)
(0.773978 -4.36427e-08 0)
(0.773979 2.1672e-08 0)
(0.773979 2.9845e-08 0)
(0.773979 1.65367e-08 0)
(0.773979 3.63142e-08 0)
(0.773978 9.08411e-08 0)
(0.773978 1.32673e-07 0)
(0.773978 1.11805e-07 0)
(0.773978 2.73558e-08 0)
(0.773978 -6.29241e-08 0)
(0.773977 -9.20231e-08 0)
(0.773977 -6.52503e-08 0)
(0.773977 -4.05748e-08 0)
(0.773978 -6.52414e-08 0)
(0.773978 -1.28803e-07 0)
(0.773978 -1.65272e-07 0)
(0.773978 -1.37599e-07 0)
(0.773979 -7.78058e-08 0)
(0.773979 -4.35227e-08 0)
(0.773979 -6.31791e-08 0)
(0.773979 -1.10015e-07 0)
(0.77398 -1.20245e-07 0)
(0.77398 -7.7083e-08 0)
(0.77398 -2.71923e-08 0)
(0.77398 -2.2839e-08 0)
(0.77398 -6.53041e-08 0)
(0.77398 -1.02178e-07 0)
(0.77398 -8.63818e-08 0)
(0.77398 -1.5013e-08 0)
(0.77398 5.97813e-08 0)
(0.77398 7.45195e-08 0)
(0.77398 2.78233e-08 0)
(0.77398 -1.10472e-08 0)
(0.77398 -7.49214e-10 0)
(0.77398 3.64226e-08 0)
(0.77398 5.09629e-08 0)
(0.77398 1.93139e-08 0)
(0.77398 -2.64446e-08 0)
(0.773981 -3.74181e-08 0)
(0.773981 -4.71009e-09 0)
(0.773981 3.87957e-08 0)
(0.773981 5.67488e-08 0)
(0.773981 2.80189e-08 0)
(0.773982 -2.39714e-08 0)
(0.773982 -3.9174e-08 0)
(0.773982 -1.77839e-09 0)
(0.773982 2.69724e-08 0)
(0.773982 5.76207e-09 0)
(0.773983 -4.34777e-08 0)
(0.773983 -8.55898e-08 0)
(0.773983 -9.17649e-08 0)
(0.773983 -5.661e-08 0)
(0.773984 -2.94484e-08 0)
(0.773984 -4.27344e-08 0)
(0.773984 -7.17277e-08 0)
(0.773984 -8.78905e-08 0)
(0.773984 -8.75704e-08 0)
(0.773984 -7.5346e-08 0)
(0.773984 -7.2907e-08 0)
(0.773984 -1.03047e-07 0)
(0.773984 -1.42628e-07 0)
(0.773984 -1.59858e-07 0)
(0.773984 -1.50237e-07 0)
(0.773985 -1.16471e-07 0)
(0.773985 -7.83071e-08 0)
(0.773985 -8.11818e-08 0)
(0.773985 -1.22161e-07 0)
(0.773985 -1.42991e-07 0)
(0.773986 -1.31959e-07 0)
(0.773986 -1.30087e-07 0)
(0.773986 -1.50587e-07 0)
(0.773986 -1.80917e-07 0)
(0.773987 -1.09324e-07 0)
(2.1073 1.41196e-06 0)
(2.10729 1.2974e-06 0)
(2.10729 1.57647e-06 0)
(2.10729 1.55931e-06 0)
(2.10729 1.69872e-06 0)
(2.10729 1.80237e-06 0)
(2.10728 1.79639e-06 0)
(2.10728 1.73818e-06 0)
(2.10728 1.86845e-06 0)
(2.10728 1.51722e-06 0)
(2.10728 1.24127e-06 0)
(2.10728 1.34557e-06 0)
(2.10727 1.38337e-06 0)
(2.10727 1.2793e-06 0)
(2.10727 1.07572e-06 0)
(2.10727 7.70598e-07 0)
(2.10727 5.43392e-07 0)
(2.10727 5.09684e-07 0)
(2.10727 5.83584e-07 0)
(2.10727 7.5436e-07 0)
(2.10726 1.00404e-06 0)
(2.10726 1.13057e-06 0)
(2.10726 9.7849e-07 0)
(2.10726 6.7017e-07 0)
(2.10726 4.32858e-07 0)
(2.10726 3.05743e-07 0)
(2.10726 1.91207e-07 0)
(2.10726 3.96828e-08 0)
(2.10726 -1.15263e-07 0)
(2.10726 -2.09621e-07 0)
(2.10726 -2.01845e-07 0)
(2.10726 -1.39644e-07 0)
(2.10726 -1.11643e-07 0)
(2.10726 -1.4391e-07 0)
(2.10726 -2.34039e-07 0)
(2.10726 -3.67389e-07 0)
(2.10726 -4.55816e-07 0)
(2.10726 -4.13672e-07 0)
(2.10726 -2.86616e-07 0)
(2.10726 -1.80076e-07 0)
(2.10726 -1.31331e-07 0)
(2.10726 -1.00082e-07 0)
(2.10726 -1.95979e-08 0)
(2.10726 1.19941e-07 0)
(2.10726 2.50564e-07 0)
(2.10726 3.17799e-07 0)
(2.10726 3.50233e-07 0)
(2.10726 3.94163e-07 0)
(2.10726 4.65401e-07 0)
(2.10726 5.41311e-07 0)
(2.10726 5.60322e-07 0)
(2.10726 4.74924e-07 0)
(2.10726 3.36605e-07 0)
(2.10726 2.55531e-07 0)
(2.10726 2.88231e-07 0)
(2.10726 3.83451e-07 0)
(2.10726 4.37151e-07 0)
(2.10726 4.03103e-07 0)
(2.10726 3.41977e-07 0)
(2.10726 3.42093e-07 0)
(2.10726 4.16377e-07 0)
(2.10725 4.98134e-07 0)
(2.10725 5.13271e-07 0)
(2.10725 4.5484e-07 0)
(2.10725 3.8335e-07 0)
(2.10725 3.64063e-07 0)
(2.10725 3.77707e-07 0)
(2.10725 3.25199e-07 0)
(2.10725 1.50786e-07 0)
(2.10725 -7.92894e-08 0)
(2.10725 -2.5046e-07 0)
(2.10725 -2.98592e-07 0)
(2.10725 -2.81298e-07 0)
(2.10725 -3.11497e-07 0)
(2.10725 -4.20673e-07 0)
(2.10725 -5.28204e-07 0)
(2.10725 -5.2216e-07 0)
(2.10725 -3.68897e-07 0)
(2.10725 -1.63635e-07 0)
(2.10725 -3.37074e-08 0)
(2.10725 -1.64111e-08 0)
(2.10725 -2.26444e-08 0)
(2.10725 3.81794e-08 0)
(2.10725 1.53087e-07 0)
(2.10725 2.18818e-07 0)
(2.10725 1.52986e-07 0)
(2.10725 -1.05727e-08 0)
(2.10725 -1.37807e-07 0)
(2.10725 -1.3955e-07 0)
(2.10725 -5.72496e-08 0)
(2.10725 -1.47472e-08 0)
(2.10725 -8.1213e-08 0)
(2.10725 -1.91312e-07 0)
(2.10725 -2.31651e-07 0)
(2.10725 -1.62047e-07 0)
(2.10725 -6.44391e-08 0)
(2.10725 -4.75647e-08 0)
(2.10725 -1.37922e-07 0)
(2.10725 -2.43673e-07 0)
(2.10725 -2.57403e-07 0)
(2.10725 -1.76636e-07 0)
(2.10725 -1.07394e-07 0)
(2.10725 -1.26462e-07 0)
(2.10726 -1.99133e-07 0)
(2.10726 -2.31777e-07 0)
(2.10726 -1.50967e-07 0)
(2.10726 2.06297e-08 0)
(2.10726 1.51039e-07 0)
(2.10726 1.42285e-07 0)
(2.10726 5.47836e-08 0)
(2.10726 8.81675e-09 0)
(2.10726 5.03908e-08 0)
(2.10726 1.26051e-07 0)
(2.10726 1.39473e-07 0)
(2.10726 6.70547e-08 0)
(2.10726 -6.06571e-09 0)
(2.10726 -1.23148e-09 0)
(2.10726 6.8854e-08 0)
(2.10726 1.47031e-07 0)
(2.10726 1.63841e-07 0)
(2.10726 8.0627e-08 0)
(2.10726 -1.53092e-08 0)
(2.10726 -1.01606e-08 0)
(2.10726 5.63312e-08 0)
(2.10726 6.97608e-08 0)
(2.10726 3.92275e-09 0)
(2.10726 -1.00086e-07 0)
(2.10726 -1.77691e-07 0)
(2.10726 -1.66533e-07 0)
(2.10726 -1.05269e-07 0)
(2.10726 -9.96163e-08 0)
(2.10726 -1.65113e-07 0)
(2.10726 -2.3554e-07 0)
(2.10726 -2.77859e-07 0)
(2.10726 -2.85025e-07 0)
(2.10726 -2.72857e-07 0)
(2.10726 -3.03909e-07 0)
(2.10726 -3.8587e-07 0)
(2.10726 -4.44433e-07 0)
(2.10726 -4.42441e-07 0)
(2.10726 -4.00173e-07 0)
(2.10726 -3.47852e-07 0)
(2.10726 -3.4478e-07 0)
(2.10726 -4.1745e-07 0)
(2.10726 -4.90221e-07 0)
(2.10726 -4.99443e-07 0)
(2.10726 -5.00024e-07 0)
(2.10726 -5.53277e-07 0)
(2.10726 -6.32795e-07 0)
(2.10726 -4.86875e-07 0)
(3.22908 2.48644e-06 0)
(3.22908 2.7637e-06 0)
(3.22908 3.71633e-06 0)
(3.22908 3.99269e-06 0)
(3.22908 3.49753e-06 0)
(3.22907 3.08362e-06 0)
(3.22907 3.09604e-06 0)
(3.22907 3.02756e-06 0)
(3.22907 3.46847e-06 0)
(3.22907 3.65853e-06 0)
(3.22907 3.59662e-06 0)
(3.22906 3.61476e-06 0)
(3.22906 3.41485e-06 0)
(3.22906 2.95971e-06 0)
(3.22906 2.44511e-06 0)
(3.22906 1.97347e-06 0)
(3.22906 1.66128e-06 0)
(3.22906 1.6557e-06 0)
(3.22905 1.80264e-06 0)
(3.22905 1.84482e-06 0)
(3.22905 1.7737e-06 0)
(3.22905 1.69299e-06 0)
(3.22905 1.56319e-06 0)
(3.22905 1.28937e-06 0)
(3.22905 9.13567e-07 0)
(3.22905 5.56373e-07 0)
(3.22905 2.74325e-07 0)
(3.22905 7.43391e-08 0)
(3.22905 -5.63394e-08 0)
(3.22905 -1.45131e-07 0)
(3.22905 -1.74132e-07 0)
(3.22905 -1.33791e-07 0)
(3.22905 -9.07452e-08 0)
(3.22904 -9.6564e-08 0)
(3.22904 -1.48688e-07 0)
(3.22904 -2.57159e-07 0)
(3.22904 -3.97966e-07 0)
(3.22904 -4.64998e-07 0)
(3.22904 -3.97017e-07 0)
(3.22904 -2.4647e-07 0)
(3.22904 -1.05754e-07 0)
(3.22904 -2.5459e-08 0)
(3.22904 2.52564e-08 0)
(3.22904 1.29085e-07 0)
(3.22904 3.01959e-07 0)
(3.22904 4.6985e-07 0)
(3.22904 5.73803e-07 0)
(3.22904 6.20839e-07 0)
(3.22904 6.5313e-07 0)
(3.22904 7.10893e-07 0)
(3.22904 7.77466e-07 0)
(3.22904 7.71558e-07 0)
(3.22904 6.37243e-07 0)
(3.22904 4.29553e-07 0)
(3.22904 2.77438e-07 0)
(3.22904 2.77643e-07 0)
(3.22904 4.06463e-07 0)
(3.22904 5.32912e-07 0)
(3.22904 5.62601e-07 0)
(3.22904 5.32456e-07 0)
(3.22904 5.44066e-07 0)
(3.22904 6.3793e-07 0)
(3.22904 7.6077e-07 0)
(3.22904 8.14378e-07 0)
(3.22904 7.49286e-07 0)
(3.22904 6.28666e-07 0)
(3.22904 5.51049e-07 0)
(3.22904 5.14536e-07 0)
(3.22904 4.23434e-07 0)
(3.22904 2.02019e-07 0)
(3.22904 -1.14855e-07 0)
(3.22904 -3.96578e-07 0)
(3.22904 -5.32261e-07 0)
(3.22904 -5.4821e-07 0)
(3.22904 -5.62111e-07 0)
(3.22904 -6.44541e-07 0)
(3.22904 -7.44849e-07 0)
(3.22904 -7.40383e-07 0)
(3.22904 -5.70478e-07 0)
(3.22904 -3.19646e-07 0)
(3.22904 -1.46231e-07 0)
(3.22904 -1.12263e-07 0)
(3.22904 -1.34659e-07 0)
(3.22904 -9.93636e-08 0)
(3.22904 2.01743e-08 0)
(3.22904 1.29457e-07 0)
(3.22904 1.15498e-07 0)
(3.22904 -1.76761e-08 0)
(3.22904 -1.37517e-07 0)
(3.22904 -1.24327e-07 0)
(3.22904 6.26047e-10 0)
(3.22904 1.00832e-07 0)
(3.22904 7.06024e-08 0)
(3.22904 -5.3836e-08 0)
(3.22904 -1.38717e-07 0)
(3.22904 -1.13929e-07 0)
(3.22904 -3.19833e-08 0)
(3.22904 -1.20918e-08 0)
(3.22904 -1.18815e-07 0)
(3.22904 -2.72603e-07 0)
(3.22904 -3.36966e-07 0)
(3.22904 -2.849e-07 0)
(3.22904 -1.99705e-07 0)
(3.22904 -1.68868e-07 0)
(3.22904 -2.08345e-07 0)
(3.22904 -2.38854e-07 0)
(3.22904 -1.5155e-07 0)
(3.22904 4.52447e-08 0)
(3.22904 2.08282e-07 0)
(3.22904 2.31635e-07 0)
(3.22904 1.50656e-07 0)
(3.22904 8.32679e-08 0)
(3.22904 1.198e-07 0)
(3.22904 2.21817e-07 0)
(3.22904 2.64458e-07 0)
(3.22904 2.08628e-07 0)
(3.22904 1.28778e-07 0)
(3.22904 9.54935e-08 0)
(3.22904 1.39191e-07 0)
(3.22904 2.34e-07 0)
(3.22904 2.61564e-07 0)
(3.22904 1.62582e-07 0)
(3.22904 4.91759e-08 0)
(3.22904 2.83053e-08 0)
(3.22904 6.19173e-08 0)
(3.22905 7.15246e-08 0)
(3.22905 1.57119e-08 0)
(3.22905 -1.08748e-07 0)
(3.22905 -2.18377e-07 0)
(3.22905 -2.24413e-07 0)
(3.22905 -1.82555e-07 0)
(3.22905 -1.93616e-07 0)
(3.22905 -2.60955e-07 0)
(3.22905 -3.53328e-07 0)
(3.22905 -4.38288e-07 0)
(3.22905 -4.72005e-07 0)
(3.22905 -4.78878e-07 0)
(3.22904 -5.19783e-07 0)
(3.22904 -5.70954e-07 0)
(3.22904 -5.90068e-07 0)
(3.22905 -6.01078e-07 0)
(3.22905 -6.14173e-07 0)
(3.22905 -6.22982e-07 0)
(3.22905 -6.69306e-07 0)
(3.22905 -7.55022e-07 0)
(3.22905 -8.01709e-07 0)
(3.22905 -7.90203e-07 0)
(3.22905 -8.33488e-07 0)
(3.22905 -9.22014e-07 0)
(3.22905 -7.29125e-07 0)
(4.14233 2.91154e-06 0)
(4.14233 3.44319e-06 0)
(4.14233 4.70044e-06 0)
(4.14233 5.57341e-06 0)
(4.14233 5.17227e-06 0)
(4.14232 4.52697e-06 0)
(4.14232 4.03869e-06 0)
(4.14232 3.62918e-06 0)
(4.14232 4.12088e-06 0)
(4.14232 4.65057e-06 0)
(4.14232 4.63911e-06 0)
(4.14233 4.40157e-06 0)
(4.14233 4.08481e-06 0)
(4.14233 3.74915e-06 0)
(4.14232 3.47728e-06 0)
(4.14232 3.26849e-06 0)
(4.14232 3.07142e-06 0)
(4.14232 2.99831e-06 0)
(4.14232 3.06429e-06 0)
(4.14232 3.0371e-06 0)
(4.14232 2.77689e-06 0)
(4.14232 2.41367e-06 0)
(4.14232 2.08023e-06 0)
(4.14231 1.72387e-06 0)
(4.14231 1.278e-06 0)
(4.14231 8.02966e-07 0)
(4.14231 3.97359e-07 0)
(4.14231 1.49349e-07 0)
(4.14231 1.01579e-07 0)
(4.14231 1.66534e-07 0)
(4.14231 2.12414e-07 0)
(4.14231 1.99269e-07 0)
(4.14231 1.27535e-07 0)
(4.14231 2.35442e-08 0)
(4.14231 -3.10522e-08 0)
(4.14231 -2.32848e-08 0)
(4.14231 -4.23726e-08 0)
(4.14231 -1.19151e-07 0)
(4.14231 -1.81951e-07 0)
(4.14231 -1.6076e-07 0)
(4.14231 -3.94665e-08 0)
(4.14231 1.21154e-07 0)
(4.14231 2.29451e-07 0)
(4.14231 2.79625e-07 0)
(4.14231 3.45513e-07 0)
(4.14231 4.70966e-07 0)
(4.14231 6.30171e-07 0)
(4.14231 7.61359e-07 0)
(4.14231 8.03349e-07 0)
(4.14231 7.58862e-07 0)
(4.14231 6.94377e-07 0)
(4.14231 6.41828e-07 0)
(4.14231 5.61292e-07 0)
(4.14231 4.14912e-07 0)
(4.14231 2.265e-07 0)
(4.14231 8.84268e-08 0)
(4.14231 9.87065e-08 0)
(4.14231 2.48993e-07 0)
(4.14231 4.14827e-07 0)
(4.14231 4.92336e-07 0)
(4.14231 4.92892e-07 0)
(4.14231 5.04221e-07 0)
(4.14231 6.03882e-07 0)
(4.14231 7.72133e-07 0)
(4.14231 8.8836e-07 0)
(4.14231 8.57654e-07 0)
(4.14231 7.16839e-07 0)
(4.14231 5.71013e-07 0)
(4.14231 4.69282e-07 0)
(4.14231 3.65098e-07 0)
(4.14231 1.74888e-07 0)
(4.14231 -1.20818e-07 0)
(4.14231 -4.20697e-07 0)
(4.14231 -5.92739e-07 0)
(4.14231 -6.17131e-07 0)
(4.14231 -5.86253e-07 0)
(4.1423 -6.01418e-07 0)
(4.1423 -6.71645e-07 0)
(4.1423 -7.00384e-07 0)
(4.14231 -6.01474e-07 0)
(4.14231 -4.06235e-07 0)
(4.14231 -2.39458e-07 0)
(4.14231 -1.88427e-07 0)
(4.14231 -2.20197e-07 0)
(4.14231 -2.20539e-07 0)
(4.14231 -1.25411e-07 0)
(4.14231 7.66683e-09 0)
(4.1423 6.4988e-08 0)
(4.1423 1.13952e-08 0)
(4.1423 -6.64341e-08 0)
(4.14231 -5.06503e-08 0)
(4.14231 7.65372e-08 0)
(4.14231 2.02933e-07 0)
(4.14231 2.12692e-07 0)
(4.14231 1.00464e-07 0)
(4.14231 -3.20921e-08 0)
(4.14231 -7.86794e-08 0)
(4.14231 -3.51083e-08 0)
(4.14231 -1.46483e-08 0)
(4.14231 -1.10084e-07 0)
(4.14231 -2.75748e-07 0)
(4.14231 -3.89989e-07 0)
(4.14231 -3.87514e-07 0)
(4.14231 -2.95389e-07 0)
(4.14231 -2.06908e-07 0)
(4.14231 -1.99853e-07 0)
(4.14231 -2.25381e-07 0)
(4.14231 -1.67628e-07 0)
(4.14231 -1.03264e-08 0)
(4.14231 1.56998e-07 0)
(4.14231 2.3935e-07 0)
(4.14231 2.07761e-07 0)
(4.14231 1.45297e-07 0)
(4.14231 1.65709e-07 0)
(4.14231 2.53213e-07 0)
(4.14231 3.10028e-07 0)
(4.14231 3.01744e-07 0)
(4.14231 2.41194e-07 0)
(4.14231 1.67304e-07 0)
(4.14231 1.69696e-07 0)
(4.14231 2.49812e-07 0)
(4.14231 2.7101e-07 0)
(4.14231 1.85397e-07 0)
(4.14231 8.60616e-08 0)
(4.14231 2.51007e-08 0)
(4.14231 5.60004e-09 0)
(4.14231 2.28121e-08 0)
(4.14231 1.39046e-09 0)
(4.14231 -9.80744e-08 0)
(4.14231 -1.77394e-07 0)
(4.14231 -1.78817e-07 0)
(4.14231 -1.6443e-07 0)
(4.14231 -1.75411e-07 0)
(4.14231 -2.23525e-07 0)
(4.14231 -3.26294e-07 0)
(4.14231 -4.26519e-07 0)
(4.14231 -4.51334e-07 0)
(4.14231 -4.45766e-07 0)
(4.14231 -4.70517e-07 0)
(4.14231 -5.16372e-07 0)
(4.14231 -5.95194e-07 0)
(4.14231 -7.14701e-07 0)
(4.14231 -8.03621e-07 0)
(4.14231 -8.36241e-07 0)
(4.14231 -8.71585e-07 0)
(4.14231 -9.17864e-07 0)
(4.14231 -9.05054e-07 0)
(4.14231 -9.04713e-07 0)
(4.14231 -9.63908e-07 0)
(4.14231 -7.39675e-07 0)
(4.84967 3.15279e-06 0)
(4.84967 3.62614e-06 0)
(4.84967 4.50369e-06 0)
(4.84967 5.70674e-06 0)
(4.84967 5.78327e-06 0)
(4.84967 5.60906e-06 0)
(4.84967 5.01328e-06 0)
(4.84967 4.09959e-06 0)
(4.84967 3.39663e-06 0)
(4.84967 2.9946e-06 0)
(4.84967 2.69509e-06 0)
(4.84967 2.58252e-06 0)
(4.84967 2.80415e-06 0)
(4.84967 3.21754e-06 0)
(4.84967 3.62935e-06 0)
(4.84967 3.96833e-06 0)
(4.84967 4.08582e-06 0)
(4.84967 3.96088e-06 0)
(4.84967 3.79335e-06 0)
(4.84967 3.65662e-06 0)
(4.84967 3.39944e-06 0)
(4.84967 2.9501e-06 0)
(4.84967 2.4225e-06 0)
(4.84967 1.90159e-06 0)
(4.84967 1.39949e-06 0)
(4.84967 9.72976e-07 0)
(4.84967 6.69953e-07 0)
(4.84967 4.92275e-07 0)
(4.84967 4.6669e-07 0)
(4.84967 5.71017e-07 0)
(4.84967 6.67565e-07 0)
(4.84967 6.59281e-07 0)
(4.84967 5.4665e-07 0)
(4.84967 3.66801e-07 0)
(4.84967 2.2066e-07 0)
(4.84967 2.06164e-07 0)
(4.84967 2.72742e-07 0)
(4.84967 2.95276e-07 0)
(4.84967 2.33793e-07 0)
(4.84967 1.40788e-07 0)
(4.84967 1.12068e-07 0)
(4.84967 2.02441e-07 0)
(4.84967 3.55061e-07 0)
(4.84967 4.70709e-07 0)
(4.84967 5.3084e-07 0)
(4.84967 5.86317e-07 0)
(4.84967 6.839e-07 0)
(4.84967 8.14581e-07 0)
(4.84967 8.90014e-07 0)
(4.84967 8.19299e-07 0)
(4.84967 6.23156e-07 0)
(4.84967 4.07144e-07 0)
(4.84967 2.52966e-07 0)
(4.84967 1.6971e-07 0)
(4.84967 1.0403e-07 0)
(4.84966 3.57846e-09 0)
(4.84966 -9.50803e-08 0)
(4.84966 -9.25866e-08 0)
(4.84967 3.32219e-08 0)
(4.84967 2.03243e-07 0)
(4.84967 3.25784e-07 0)
(4.84967 3.71531e-07 0)
(4.84967 3.97611e-07 0)
(4.84967 4.95837e-07 0)
(4.84967 6.6603e-07 0)
(4.84967 7.89639e-07 0)
(4.84967 7.61215e-07 0)
(4.84967 5.94975e-07 0)
(4.84967 3.91317e-07 0)
(4.84967 2.49109e-07 0)
(4.84966 1.72371e-07 0)
(4.84966 6.5146e-08 0)
(4.84966 -1.3936e-07 0)
(4.84966 -3.79909e-07 0)
(4.84966 -5.36372e-07 0)
(4.84966 -5.50455e-07 0)
(4.84966 -4.78538e-07 0)
(4.84966 -4.44222e-07 0)
(4.84966 -5.01897e-07 0)
(4.84966 -5.773e-07 0)
(4.84966 -5.57673e-07 0)
(4.84966 -4.23537e-07 0)
(4.84966 -2.69386e-07 0)
(4.84966 -2.01586e-07 0)
(4.84966 -2.3498e-07 0)
(4.84966 -2.74084e-07 0)
(4.84966 -2.16055e-07 0)
(4.84966 -7.03234e-08 0)
(4.84966 5.68153e-08 0)
(4.84966 7.92442e-08 0)
(4.84966 2.67163e-08 0)
(4.84966 1.56244e-08 0)
(4.84966 1.01708e-07 0)
(4.84966 2.19521e-07 0)
(4.84966 2.58921e-07 0)
(4.84966 1.71554e-07 0)
(4.84966 1.76319e-08 0)
(4.84966 -8.04375e-08 0)
(4.84966 -7.88436e-08 0)
(4.84966 -6.66052e-08 0)
(4.84966 -1.4026e-07 0)
(4.84966 -2.89178e-07 0)
(4.84966 -4.23488e-07 0)
(4.84966 -4.44506e-07 0)
(4.84966 -3.36146e-07 0)
(4.84966 -2.08629e-07 0)
(4.84966 -1.68737e-07 0)
(4.84966 -1.89494e-07 0)
(4.84967 -1.74734e-07 0)
(4.84967 -7.0153e-08 0)
(4.84967 1.02326e-07 0)
(4.84967 2.33631e-07 0)
(4.84967 2.36512e-07 0)
(4.84967 1.8162e-07 0)
(4.84967 1.80901e-07 0)
(4.84967 2.33946e-07 0)
(4.84967 3.02418e-07 0)
(4.84967 3.43697e-07 0)
(4.84967 2.91427e-07 0)
(4.84967 1.86312e-07 0)
(4.84967 1.59156e-07 0)
(4.84967 1.99282e-07 0)
(4.84967 2.01244e-07 0)
(4.84967 1.5166e-07 0)
(4.84967 6.89671e-08 0)
(4.84967 -2.96309e-08 0)
(4.84967 -6.37045e-08 0)
(4.84967 -2.11609e-08 0)
(4.84967 -1.39948e-08 0)
(4.84967 -6.41786e-08 0)
(4.84967 -9.48153e-08 0)
(4.84967 -1.03911e-07 0)
(4.84967 -1.07363e-07 0)
(4.84967 -9.11257e-08 0)
(4.84967 -1.13253e-07 0)
(4.84967 -2.01534e-07 0)
(4.84967 -2.62958e-07 0)
(4.84967 -2.72212e-07 0)
(4.84967 -3.10982e-07 0)
(4.84967 -3.92268e-07 0)
(4.84967 -4.86133e-07 0)
(4.84967 -6.18386e-07 0)
(4.84967 -7.56723e-07 0)
(4.84967 -8.26856e-07 0)
(4.84967 -8.29329e-07 0)
(4.84967 -8.56401e-07 0)
(4.84967 -8.97786e-07 0)
(4.84967 -8.53292e-07 0)
(4.84967 -9.21678e-07 0)
(4.84967 -7.73607e-07 0)
(5.35327 2.86014e-06 0)
(5.35327 2.88511e-06 0)
(5.35327 3.67771e-06 0)
(5.35327 5.44824e-06 0)
(5.35328 6.26283e-06 0)
(5.35328 6.37019e-06 0)
(5.35328 5.35975e-06 0)
(5.35327 4.12435e-06 0)
(5.35327 2.7711e-06 0)
(5.35327 1.72e-06 0)
(5.35327 1.21168e-06 0)
(5.35327 1.10924e-06 0)
(5.35327 1.40199e-06 0)
(5.35328 1.99918e-06 0)
(5.35328 2.65485e-06 0)
(5.35328 3.2335e-06 0)
(5.35328 3.62873e-06 0)
(5.35328 3.70097e-06 0)
(5.35328 3.50668e-06 0)
(5.35328 3.25559e-06 0)
(5.35328 3.00511e-06 0)
(5.35328 2.6558e-06 0)
(5.35328 2.19654e-06 0)
(5.35328 1.7061e-06 0)
(5.35328 1.25352e-06 0)
(5.35328 9.41473e-07 0)
(5.35328 8.3109e-07 0)
(5.35328 8.25726e-07 0)
(5.35328 8.32044e-07 0)
(5.35328 8.66363e-07 0)
(5.35328 9.14194e-07 0)
(5.35328 9.21409e-07 0)
(5.35328 8.79095e-07 0)
(5.35328 7.72875e-07 0)
(5.35328 6.01556e-07 0)
(5.35328 4.55174e-07 0)
(5.35328 4.11693e-07 0)
(5.35328 4.44109e-07 0)
(5.35328 4.82446e-07 0)
(5.35328 4.6791e-07 0)
(5.35328 3.97376e-07 0)
(5.35328 3.60177e-07 0)
(5.35328 4.37539e-07 0)
(5.35328 5.99508e-07 0)
(5.35328 7.57974e-07 0)
(5.35328 8.49115e-07 0)
(5.35328 8.69374e-07 0)
(5.35328 8.68764e-07 0)
(5.35328 8.66827e-07 0)
(5.35328 8.0021e-07 0)
(5.35328 6.11321e-07 0)
(5.35328 3.33727e-07 0)
(5.35328 6.37669e-08 0)
(5.35328 -9.45576e-08 0)
(5.35328 -1.04753e-07 0)
(5.35328 -5.72979e-08 0)
(5.35328 -6.8952e-08 0)
(5.35328 -1.36993e-07 0)
(5.35328 -1.63977e-07 0)
(5.35328 -8.13917e-08 0)
(5.35328 9.63257e-08 0)
(5.35328 2.8012e-07 0)
(5.35328 3.74983e-07 0)
(5.35328 3.90179e-07 0)
(5.35328 4.20424e-07 0)
(5.35328 5.04822e-07 0)
(5.35328 5.78296e-07 0)
(5.35328 5.51946e-07 0)
(5.35328 3.9415e-07 0)
(5.35328 1.78598e-07 0)
(5.35328 3.49325e-08 0)
(5.35328 4.21732e-09 0)
(5.35328 -4.06452e-09 0)
(5.35328 -8.90856e-08 0)
(5.35328 -2.49666e-07 0)
(5.35328 -3.91015e-07 0)
(5.35328 -4.21992e-07 0)
(5.35328 -3.52944e-07 0)
(5.35328 -2.93596e-07 0)
(5.35328 -3.30647e-07 0)
(5.35328 -4.29054e-07 0)
(5.35328 -4.76192e-07 0)
(5.35328 -4.05813e-07 0)
(5.35328 -2.71183e-07 0)
(5.35328 -1.95127e-07 0)
(5.35328 -2.25932e-07 0)
(5.35328 -2.90722e-07 0)
(5.35328 -2.74246e-07 0)
(5.35328 -1.39417e-07 0)
(5.35328 2.53588e-08 0)
(5.35328 9.8565e-08 0)
(5.35328 6.08376e-08 0)
(5.35328 5.43834e-09 0)
(5.35328 2.34666e-08 0)
(5.35328 1.13563e-07 0)
(5.35328 1.87028e-07 0)
(5.35328 1.45248e-07 0)
(5.35328 -1.23904e-10 0)
(5.35328 -1.30156e-07 0)
(5.35328 -1.71942e-07 0)
(5.35328 -1.67131e-07 0)
(5.35328 -1.9617e-07 0)
(5.35328 -3.00727e-07 0)
(5.35328 -4.3161e-07 0)
(5.35328 -4.71744e-07 0)
(5.35328 -3.82507e-07 0)
(5.35328 -2.53729e-07 0)
(5.35328 -1.74028e-07 0)
(5.35328 -1.59599e-07 0)
(5.35328 -1.67507e-07 0)
(5.35328 -9.81677e-08 0)
(5.35328 8.01949e-08 0)
(5.35328 2.36589e-07 0)
(5.35328 2.71384e-07 0)
(5.35328 2.39684e-07 0)
(5.35328 2.08167e-07 0)
(5.35328 2.11516e-07 0)
(5.35328 2.7969e-07 0)
(5.35328 3.37476e-07 0)
(5.35328 2.77872e-07 0)
(5.35328 1.65153e-07 0)
(5.35328 1.05922e-07 0)
(5.35328 8.47818e-08 0)
(5.35328 8.2147e-08 0)
(5.35328 8.10045e-08 0)
(5.35328 7.60087e-09 0)
(5.35328 -1.00316e-07 0)
(5.35328 -1.13052e-07 0)
(5.35328 -5.86985e-08 0)
(5.35328 -3.75937e-08 0)
(5.35328 -2.96861e-08 0)
(5.35328 -2.06883e-08 0)
(5.35328 -3.82527e-08 0)
(5.35328 -3.13711e-08 0)
(5.35328 5.81906e-09 0)
(5.35328 -1.60771e-08 0)
(5.35328 -8.7029e-08 0)
(5.35328 -1.35521e-07 0)
(5.35328 -1.93075e-07 0)
(5.35328 -2.92027e-07 0)
(5.35328 -3.83779e-07 0)
(5.35328 -4.74512e-07 0)
(5.35328 -5.88614e-07 0)
(5.35328 -6.85492e-07 0)
(5.35328 -6.89531e-07 0)
(5.35328 -6.63602e-07 0)
(5.35328 -7.10376e-07 0)
(5.35328 -7.10565e-07 0)
(5.35328 -8.7564e-07 0)
(5.35328 -8.16726e-07 0)
(5.65477 2.4155e-06 0)
(5.65477 2.40101e-06 0)
(5.65477 2.68753e-06 0)
(5.65477 4.06459e-06 0)
(5.65477 5.62126e-06 0)
(5.65477 6.50515e-06 0)
(5.65477 5.80303e-06 0)
(5.65477 4.83251e-06 0)
(5.65477 3.76212e-06 0)
(5.65477 2.65719e-06 0)
(5.65477 1.94354e-06 0)
(5.65477 1.62862e-06 0)
(5.65477 1.55734e-06 0)
(5.65477 1.70958e-06 0)
(5.65477 1.96423e-06 0)
(5.65477 2.19499e-06 0)
(5.65477 2.40702e-06 0)
(5.65477 2.51802e-06 0)
(5.65477 2.40472e-06 0)
(5.65477 2.15159e-06 0)
(5.65477 1.91464e-06 0)
(5.65477 1.68908e-06 0)
(5.65478 1.4292e-06 0)
(5.65478 1.1758e-06 0)
(5.65478 9.53626e-07 0)
(5.65478 7.93916e-07 0)
(5.65478 7.81328e-07 0)
(5.65478 8.79748e-07 0)
(5.65478 9.39127e-07 0)
(5.65478 9.16994e-07 0)
(5.65478 8.6363e-07 0)
(5.65478 8.03046e-07 0)
(5.65478 7.7039e-07 0)
(5.65478 7.79565e-07 0)
(5.65478 7.62021e-07 0)
(5.65477 6.68074e-07 0)
(5.65477 5.37211e-07 0)
(5.65477 4.38679e-07 0)
(5.65477 4.28154e-07 0)
(5.65477 5.00318e-07 0)
(5.65477 5.72165e-07 0)
(5.65477 5.96617e-07 0)
(5.65477 6.20942e-07 0)
(5.65477 6.99421e-07 0)
(5.65477 8.1999e-07 0)
(5.65477 9.16312e-07 0)
(5.65477 9.18435e-07 0)
(5.65477 8.28633e-07 0)
(5.65477 7.17902e-07 0)
(5.65477 6.22132e-07 0)
(5.65477 5.10307e-07 0)
(5.65477 3.47452e-07 0)
(5.65477 1.24277e-07 0)
(5.65477 -1.12562e-07 0)
(5.65477 -2.50088e-07 0)
(5.65477 -2.30534e-07 0)
(5.65477 -1.41051e-07 0)
(5.65477 -9.65814e-08 0)
(5.65477 -1.14052e-07 0)
(5.65477 -1.31038e-07 0)
(5.65477 -6.88601e-08 0)
(5.65477 9.45922e-08 0)
(5.65477 2.70945e-07 0)
(5.65477 3.47037e-07 0)
(5.65477 3.19597e-07 0)
(5.65477 2.71676e-07 0)
(5.65478 2.71294e-07 0)
(5.65478 3.14663e-07 0)
(5.65478 3.23221e-07 0)
(5.65478 2.22584e-07 0)
(5.65478 5.88657e-08 0)
(5.65478 -4.29888e-08 0)
(5.65478 -2.82372e-08 0)
(5.65477 3.99044e-08 0)
(5.65477 6.11984e-08 0)
(5.65477 -8.79346e-09 0)
(5.65477 -1.18191e-07 0)
(5.65477 -1.68101e-07 0)
(5.65477 -1.30521e-07 0)
(5.65477 -8.21716e-08 0)
(5.65477 -1.12988e-07 0)
(5.65477 -2.21654e-07 0)
(5.65477 -3.10529e-07 0)
(5.65477 -2.95703e-07 0)
(5.65477 -1.9863e-07 0)
(5.65477 -1.20629e-07 0)
(5.65477 -1.33118e-07 0)
(5.65477 -2.05863e-07 0)
(5.65477 -2.30273e-07 0)
(5.65477 -1.37935e-07 0)
(5.65477 9.9793e-09 0)
(5.65477 9.14821e-08 0)
(5.65477 6.12567e-08 0)
(5.65477 -2.49801e-08 0)
(5.65477 -6.88862e-08 0)
(5.65477 -2.06391e-08 0)
(5.65477 5.26126e-08 0)
(5.65477 3.45595e-08 0)
(5.65477 -8.81666e-08 0)
(5.65477 -2.21633e-07 0)
(5.65477 -2.82961e-07 0)
(5.65477 -2.64864e-07 0)
(5.65477 -2.39965e-07 0)
(5.65477 -2.90544e-07 0)
(5.65477 -3.89741e-07 0)
(5.65477 -4.33299e-07 0)
(5.65477 -3.80756e-07 0)
(5.65477 -2.61916e-07 0)
(5.65477 -1.3587e-07 0)
(5.65478 -8.56417e-08 0)
(5.65478 -1.00941e-07 0)
(5.65478 -5.32075e-08 0)
(5.65478 8.34846e-08 0)
(5.65478 1.94946e-07 0)
(5.65478 2.34857e-07 0)
(5.65478 2.24929e-07 0)
(5.65478 1.77376e-07 0)
(5.65478 1.64429e-07 0)
(5.65478 2.28754e-07 0)
(5.65478 2.6632e-07 0)
(5.65478 2.12567e-07 0)
(5.65478 1.33804e-07 0)
(5.65478 6.0961e-08 0)
(5.65478 1.17969e-08 0)
(5.65478 3.56576e-08 0)
(5.65478 5.74369e-08 0)
(5.65478 -2.30332e-08 0)
(5.65478 -1.13187e-07 0)
(5.65478 -1.18499e-07 0)
(5.65478 -9.54877e-08 0)
(5.65478 -5.7792e-08 0)
(5.65478 9.73961e-09 0)
(5.65478 2.60123e-08 0)
(5.65478 -1.60855e-08 0)
(5.65478 -1.66243e-08 0)
(5.65478 1.0743e-08 0)
(5.65478 -6.03492e-09 0)
(5.65478 -4.22283e-08 0)
(5.65478 -7.53946e-08 0)
(5.65478 -1.50001e-07 0)
(5.65478 -2.51119e-07 0)
(5.65478 -3.26256e-07 0)
(5.65478 -3.74554e-07 0)
(5.65478 -3.99558e-07 0)
(5.65478 -4.13679e-07 0)
(5.65478 -4.11686e-07 0)
(5.65478 -4.39782e-07 0)
(5.65478 -5.19223e-07 0)
(5.65478 -6.88557e-07 0)
(5.65478 -6.4575e-07 0)
(5.75516 2.20828e-06 0)
(5.75516 2.37026e-06 0)
(5.75516 2.18357e-06 0)
(5.75516 2.4467e-06 0)
(5.75516 3.81747e-06 0)
(5.75516 5.29831e-06 0)
(5.75517 5.72014e-06 0)
(5.75517 5.5921e-06 0)
(5.75517 5.28193e-06 0)
(5.75516 4.60542e-06 0)
(5.75516 3.86191e-06 0)
(5.75516 3.30833e-06 0)
(5.75516 2.77318e-06 0)
(5.75516 2.27074e-06 0)
(5.75516 1.90317e-06 0)
(5.75516 1.60239e-06 0)
(5.75516 1.36392e-06 0)
(5.75516 1.2433e-06 0)
(5.75516 1.14708e-06 0)
(5.75516 9.93272e-07 0)
(5.75516 8.44877e-07 0)
(5.75516 7.24293e-07 0)
(5.75516 6.00978e-07 0)
(5.75516 5.29324e-07 0)
(5.75516 5.32366e-07 0)
(5.75516 5.33616e-07 0)
(5.75516 5.34429e-07 0)
(5.75516 5.8947e-07 0)
(5.75516 6.40501e-07 0)
(5.75516 6.15736e-07 0)
(5.75516 5.3961e-07 0)
(5.75516 4.53996e-07 0)
(5.75516 4.03711e-07 0)
(5.75516 4.483e-07 0)
(5.75516 5.70551e-07 0)
(5.75516 6.77227e-07 0)
(5.75516 6.9574e-07 0)
(5.75516 6.21396e-07 0)
(5.75516 5.32984e-07 0)
(5.75516 5.38948e-07 0)
(5.75516 6.47653e-07 0)
(5.75516 7.63748e-07 0)
(5.75516 8.20047e-07 0)
(5.75516 8.28631e-07 0)
(5.75516 8.32313e-07 0)
(5.75516 8.51482e-07 0)
(5.75516 8.49053e-07 0)
(5.75516 7.72234e-07 0)
(5.75516 6.33992e-07 0)
(5.75516 4.90118e-07 0)
(5.75516 3.74187e-07 0)
(5.75516 2.94283e-07 0)
(5.75516 2.18098e-07 0)
(5.75516 7.75902e-08 0)
(5.75516 -1.18428e-07 0)
(5.75516 -2.53274e-07 0)
(5.75516 -2.55131e-07 0)
(5.75516 -1.7234e-07 0)
(5.75516 -8.77546e-08 0)
(5.75516 -5.57563e-08 0)
(5.75516 -7.12594e-08 0)
(5.75516 -6.54416e-08 0)
(5.75516 5.27771e-09 0)
(5.75516 8.99594e-08 0)
(5.75516 1.11367e-07 0)
(5.75516 5.20755e-08 0)
(5.75516 -3.70017e-08 0)
(5.75516 -7.44242e-08 0)
(5.75516 -2.38312e-08 0)
(5.75516 4.4972e-08 0)
(5.75516 4.48709e-08 0)
(5.75516 -6.24747e-09 0)
(5.75516 -1.93252e-08 0)
(5.75516 5.70476e-08 0)
(5.75516 1.95311e-07 0)
(5.75516 3.03863e-07 0)
(5.75516 3.05516e-07 0)
(5.75516 2.15853e-07 0)
(5.75516 1.27632e-07 0)
(5.75516 1.06064e-07 0)
(5.75516 1.17856e-07 0)
(5.75516 8.12285e-08 0)
(5.75516 -2.81856e-08 0)
(5.75516 -1.42446e-07 0)
(5.75516 -1.78329e-07 0)
(5.75516 -1.2368e-07 0)
(5.75516 -4.51472e-08 0)
(5.75516 -2.83882e-08 0)
(5.75516 -8.84003e-08 0)
(5.75516 -1.44582e-07 0)
(5.75516 -1.20719e-07 0)
(5.75516 -3.92651e-08 0)
(5.75516 1.86986e-08 0)
(5.75516 -5.95147e-09 0)
(5.75516 -1.0181e-07 0)
(5.75516 -1.79648e-07 0)
(5.75516 -1.68073e-07 0)
(5.75516 -1.08953e-07 0)
(5.75516 -9.61676e-08 0)
(5.75516 -1.59301e-07 0)
(5.75516 -2.48143e-07 0)
(5.75516 -2.83676e-07 0)
(5.75516 -2.36508e-07 0)
(5.75516 -1.7743e-07 0)
(5.75516 -1.85413e-07 0)
(5.75516 -2.44396e-07 0)
(5.75516 -3.03232e-07 0)
(5.75516 -3.16151e-07 0)
(5.75516 -2.35973e-07 0)
(5.75516 -1.16198e-07 0)
(5.75516 -8.45382e-08 0)
(5.75517 -1.24271e-07 0)
(5.75517 -1.15749e-07 0)
(5.75517 -5.04464e-08 0)
(5.75517 2.61365e-08 0)
(5.75517 1.06387e-07 0)
(5.75517 1.41224e-07 0)
(5.75517 1.17482e-07 0)
(5.75517 1.22667e-07 0)
(5.75517 1.69858e-07 0)
(5.75517 1.88709e-07 0)
(5.75517 1.81308e-07 0)
(5.75517 1.46648e-07 0)
(5.75517 5.55104e-08 0)
(5.75517 -8.98956e-09 0)
(5.75517 7.15327e-09 0)
(5.75517 -1.25163e-08 0)
(5.75517 -1.05634e-07 0)
(5.75517 -1.69317e-07 0)
(5.75517 -1.8995e-07 0)
(5.75517 -1.90749e-07 0)
(5.75517 -1.28978e-07 0)
(5.75517 -5.86658e-08 0)
(5.75517 -7.26912e-08 0)
(5.75517 -9.52501e-08 0)
(5.75517 -4.34819e-08 0)
(5.75517 1.08591e-08 0)
(5.75517 1.73806e-08 0)
(5.75517 2.19085e-08 0)
(5.75517 2.23569e-08 0)
(5.75517 -1.20738e-08 0)
(5.75517 -4.18595e-08 0)
(5.75517 -3.00915e-08 0)
(5.75517 1.37628e-08 0)
(5.75517 -2.48267e-08 0)
(5.75517 -1.32718e-07 0)
(5.75517 -1.9666e-07 0)
(5.75517 -2.83638e-07 0)
(5.75517 -3.68857e-07 0)
(5.75517 -3.53167e-07 0)
(5.65479 2.46834e-06 0)
(5.65478 2.68509e-06 0)
(5.65478 2.11823e-06 0)
(5.65478 1.71608e-06 0)
(5.65478 2.32067e-06 0)
(5.65479 3.36547e-06 0)
(5.65479 4.29049e-06 0)
(5.65479 4.7904e-06 0)
(5.65479 5.16281e-06 0)
(5.65479 5.20691e-06 0)
(5.65479 4.81236e-06 0)
(5.65479 4.27124e-06 0)
(5.65479 3.59432e-06 0)
(5.65479 2.80289e-06 0)
(5.65479 2.11265e-06 0)
(5.65479 1.55276e-06 0)
(5.65479 1.04394e-06 0)
(5.65479 6.5984e-07 0)
(5.65479 4.45814e-07 0)
(5.65479 3.14666e-07 0)
(5.65479 2.22147e-07 0)
(5.65479 1.61759e-07 0)
(5.65479 9.1948e-08 0)
(5.65479 4.97368e-08 0)
(5.65479 1.06875e-07 0)
(5.65479 1.893e-07 0)
(5.65479 1.97132e-07 0)
(5.65479 1.7386e-07 0)
(5.65479 1.67021e-07 0)
(5.65479 1.4947e-07 0)
(5.65479 1.24505e-07 0)
(5.65479 1.21831e-07 0)
(5.65479 1.49153e-07 0)
(5.65479 2.25768e-07 0)
(5.65479 3.69414e-07 0)
(5.65479 5.59727e-07 0)
(5.65479 7.494e-07 0)
(5.65479 8.68786e-07 0)
(5.65479 8.80319e-07 0)
(5.65479 8.48744e-07 0)
(5.65479 8.67779e-07 0)
(5.65479 9.37438e-07 0)
(5.65479 9.89307e-07 0)
(5.65479 9.78854e-07 0)
(5.65479 9.1463e-07 0)
(5.65479 8.39157e-07 0)
(5.65479 7.73975e-07 0)
(5.65479 6.90128e-07 0)
(5.65479 5.66911e-07 0)
(5.65479 4.25367e-07 0)
(5.65479 2.89307e-07 0)
(5.65479 1.90593e-07 0)
(5.65479 1.61127e-07 0)
(5.65479 1.52383e-07 0)
(5.65479 7.08925e-08 0)
(5.65479 -7.67215e-08 0)
(5.65479 -1.93667e-07 0)
(5.65479 -2.23454e-07 0)
(5.65479 -1.82011e-07 0)
(5.65479 -1.27162e-07 0)
(5.65479 -1.3224e-07 0)
(5.65479 -2.10143e-07 0)
(5.65479 -2.98124e-07 0)
(5.65479 -3.45191e-07 0)
(5.65479 -3.57656e-07 0)
(5.65479 -3.69252e-07 0)
(5.65479 -4.11036e-07 0)
(5.65479 -4.63126e-07 0)
(5.65479 -4.44397e-07 0)
(5.65479 -3.16661e-07 0)
(5.65479 -1.45929e-07 0)
(5.65479 -7.28227e-09 0)
(5.65479 9.1692e-08 0)
(5.65479 1.88731e-07 0)
(5.65479 3.18416e-07 0)
(5.65479 4.71343e-07 0)
(5.65479 5.8297e-07 0)
(5.65479 5.83e-07 0)
(5.65479 4.75122e-07 0)
(5.65479 3.40267e-07 0)
(5.65479 2.53796e-07 0)
(5.65479 2.09962e-07 0)
(5.65479 1.46881e-07 0)
(5.65479 3.76991e-08 0)
(5.65479 -7.73269e-08 0)
(5.65479 -1.37841e-07 0)
(5.65479 -1.15778e-07 0)
(5.65479 -5.60489e-08 0)
(5.65479 -4.41272e-08 0)
(5.65479 -1.07489e-07 0)
(5.65479 -1.89755e-07 0)
(5.65479 -2.25615e-07 0)
(5.65479 -2.0351e-07 0)
(5.65479 -1.63494e-07 0)
(5.65479 -1.68745e-07 0)
(5.65479 -2.31998e-07 0)
(5.65479 -2.83464e-07 0)
(5.65479 -2.60861e-07 0)
(5.65479 -1.85403e-07 0)
(5.65479 -1.21578e-07 0)
(5.65479 -1.12242e-07 0)
(5.65479 -1.39843e-07 0)
(5.65479 -1.40004e-07 0)
(5.65479 -9.65551e-08 0)
(5.65479 -6.35087e-08 0)
(5.65479 -7.21548e-08 0)
(5.65479 -1.26635e-07 0)
(5.65479 -2.28027e-07 0)
(5.65479 -3.0189e-07 0)
(5.65479 -2.69146e-07 0)
(5.65479 -2.06794e-07 0)
(5.65479 -2.18147e-07 0)
(5.65479 -2.52297e-07 0)
(5.65479 -2.41669e-07 0)
(5.65479 -1.92858e-07 0)
(5.65479 -9.81726e-08 0)
(5.65479 1.5802e-08 0)
(5.65479 6.95702e-08 0)
(5.65479 7.72947e-08 0)
(5.65479 9.70471e-08 0)
(5.65479 1.06802e-07 0)
(5.65479 1.08526e-07 0)
(5.65479 1.20093e-07 0)
(5.65479 6.73538e-08 0)
(5.65479 -5.07715e-08 0)
(5.65479 -1.12082e-07 0)
(5.65479 -1.19577e-07 0)
(5.65479 -1.67854e-07 0)
(5.65479 -2.26166e-07 0)
(5.65479 -2.51555e-07 0)
(5.65479 -2.80553e-07 0)
(5.65479 -2.77317e-07 0)
(5.65479 -2.02887e-07 0)
(5.65479 -1.37373e-07 0)
(5.65479 -1.07091e-07 0)
(5.65479 -4.07536e-08 0)
(5.65479 5.30314e-08 0)
(5.65479 1.10534e-07 0)
(5.65479 1.52931e-07 0)
(5.65479 2.28555e-07 0)
(5.65479 3.00145e-07 0)
(5.65479 3.30861e-07 0)
(5.65479 3.65135e-07 0)
(5.65479 3.8752e-07 0)
(5.65479 3.19723e-07 0)
(5.65479 1.65303e-07 0)
(5.65479 5.31822e-08 0)
(5.65479 1.084e-08 0)
(5.65479 -1.57783e-08 0)
(5.65479 -8.6328e-08 0)
(5.3533 3.01937e-06 0)
(5.3533 3.0474e-06 0)
(5.3533 2.12459e-06 0)
(5.3533 1.27318e-06 0)
(5.3533 9.26061e-07 0)
(5.3533 1.0646e-06 0)
(5.3533 1.91692e-06 0)
(5.35331 2.71703e-06 0)
(5.35331 3.45953e-06 0)
(5.35331 4.0893e-06 0)
(5.35331 4.23086e-06 0)
(5.35331 4.00387e-06 0)
(5.35331 3.58975e-06 0)
(5.35331 3.0153e-06 0)
(5.35331 2.44308e-06 0)
(5.35331 1.95777e-06 0)
(5.35331 1.45699e-06 0)
(5.35331 9.47845e-07 0)
(5.3533 5.63495e-07 0)
(5.3533 3.20165e-07 0)
(5.3533 1.57889e-07 0)
(5.3533 7.09658e-08 0)
(5.3533 1.6556e-08 0)
(5.3533 -5.16738e-08 0)
(5.3533 -7.96653e-08 0)
(5.3533 -5.99589e-08 0)
(5.3533 -8.94978e-08 0)
(5.3533 -1.82912e-07 0)
(5.3533 -2.56764e-07 0)
(5.3533 -2.72954e-07 0)
(5.3533 -2.31304e-07 0)
(5.3533 -1.27113e-07 0)
(5.3533 2.61505e-08 0)
(5.3533 1.98662e-07 0)
(5.3533 3.71992e-07 0)
(5.3533 5.43995e-07 0)
(5.3533 7.37434e-07 0)
(5.3533 9.47223e-07 0)
(5.3533 1.09719e-06 0)
(5.3533 1.13731e-06 0)
(5.3533 1.11438e-06 0)
(5.3533 1.09138e-06 0)
(5.3533 1.06992e-06 0)
(5.3533 1.01252e-06 0)
(5.3533 8.96957e-07 0)
(5.3533 7.47008e-07 0)
(5.3533 6.08856e-07 0)
(5.35331 4.93175e-07 0)
(5.35331 3.86993e-07 0)
(5.35331 2.94421e-07 0)
(5.35331 2.09239e-07 0)
(5.35331 1.15755e-07 0)
(5.35331 5.0841e-08 0)
(5.35331 5.15994e-08 0)
(5.35331 6.20005e-08 0)
(5.35331 5.3793e-09 0)
(5.35331 -1.08343e-07 0)
(5.35331 -2.20342e-07 0)
(5.35331 -2.90612e-07 0)
(5.35331 -3.18454e-07 0)
(5.35331 -3.50591e-07 0)
(5.35331 -4.40041e-07 0)
(5.35331 -5.7939e-07 0)
(5.35331 -7.14903e-07 0)
(5.35331 -7.9555e-07 0)
(5.35331 -7.97937e-07 0)
(5.35331 -7.50841e-07 0)
(5.35331 -7.04479e-07 0)
(5.35331 -6.46545e-07 0)
(5.35331 -5.10122e-07 0)
(5.35331 -2.81133e-07 0)
(5.35331 -1.96063e-08 0)
(5.35331 2.11283e-07 0)
(5.35331 3.84593e-07 0)
(5.35331 5.08554e-07 0)
(5.35331 6.1333e-07 0)
(5.35331 7.09216e-07 0)
(5.35331 7.56334e-07 0)
(5.3533 7.01487e-07 0)
(5.3533 5.48483e-07 0)
(5.3533 3.72331e-07 0)
(5.3533 2.44515e-07 0)
(5.3533 1.69403e-07 0)
(5.3533 1.03228e-07 0)
(5.3533 1.47383e-08 0)
(5.3533 -8.63963e-08 0)
(5.3533 -1.55578e-07 0)
(5.3533 -1.58806e-07 0)
(5.3533 -1.31527e-07 0)
(5.3533 -1.41134e-07 0)
(5.3533 -2.07325e-07 0)
(5.3533 -2.91147e-07 0)
(5.35331 -3.40768e-07 0)
(5.35331 -3.26571e-07 0)
(5.35331 -2.70794e-07 0)
(5.35331 -2.38212e-07 0)
(5.35331 -2.45785e-07 0)
(5.35331 -2.41219e-07 0)
(5.35331 -1.80521e-07 0)
(5.35331 -7.44416e-08 0)
(5.35331 2.00917e-08 0)
(5.35331 5.13871e-08 0)
(5.35331 3.47096e-08 0)
(5.35331 1.4915e-08 0)
(5.35331 -9.77191e-09 0)
(5.35331 -5.01277e-08 0)
(5.35331 -9.88227e-08 0)
(5.35331 -1.90676e-07 0)
(5.35331 -3.33887e-07 0)
(5.35331 -4.23401e-07 0)
(5.35331 -4.07594e-07 0)
(5.35331 -3.74784e-07 0)
(5.35331 -3.68016e-07 0)
(5.35331 -3.46687e-07 0)
(5.35331 -3.02216e-07 0)
(5.35331 -2.2682e-07 0)
(5.35331 -1.05033e-07 0)
(5.35331 -3.60954e-10 0)
(5.35331 4.19504e-08 0)
(5.35331 5.70753e-08 0)
(5.35331 4.32364e-08 0)
(5.35331 9.35642e-10 0)
(5.35331 -6.41442e-09 0)
(5.35331 -5.53051e-09 0)
(5.35331 -8.50735e-08 0)
(5.35331 -1.87398e-07 0)
(5.35331 -2.23909e-07 0)
(5.35331 -2.4234e-07 0)
(5.35331 -2.66679e-07 0)
(5.35331 -2.56734e-07 0)
(5.35331 -2.46349e-07 0)
(5.35331 -2.53808e-07 0)
(5.35331 -2.08865e-07 0)
(5.35331 -1.10701e-07 0)
(5.35331 -2.54357e-08 0)
(5.35331 5.34221e-08 0)
(5.35331 1.6814e-07 0)
(5.35331 2.96645e-07 0)
(5.35331 3.9187e-07 0)
(5.35331 4.75855e-07 0)
(5.35331 5.69659e-07 0)
(5.35331 6.14153e-07 0)
(5.35331 6.27697e-07 0)
(5.35331 5.88012e-07 0)
(5.35331 5.03995e-07 0)
(5.35331 3.98591e-07 0)
(5.35331 3.10051e-07 0)
(5.35331 3.05577e-07 0)
(5.35331 2.96458e-07 0)
(5.35331 1.48965e-07 0)
(4.8497 2.7477e-06 0)
(4.8497 1.9809e-06 0)
(4.8497 1.29858e-06 0)
(4.8497 3.67677e-07 0)
(4.84971 -3.95915e-07 0)
(4.84971 -6.82212e-07 0)
(4.84971 3.13185e-08 0)
(4.84971 9.05147e-07 0)
(4.84971 1.71826e-06 0)
(4.84971 2.58365e-06 0)
(4.84971 3.12242e-06 0)
(4.84971 3.22329e-06 0)
(4.84971 3.10298e-06 0)
(4.84971 2.86192e-06 0)
(4.84971 2.56778e-06 0)
(4.84971 2.26903e-06 0)
(4.84971 1.89654e-06 0)
(4.84971 1.43023e-06 0)
(4.84971 1.00455e-06 0)
(4.84971 6.98732e-07 0)
(4.84971 4.70367e-07 0)
(4.84971 3.12578e-07 0)
(4.84971 2.20351e-07 0)
(4.84971 1.19844e-07 0)
(4.84971 8.53885e-10 0)
(4.84971 -8.76343e-08 0)
(4.84971 -1.78805e-07 0)
(4.84971 -3.22732e-07 0)
(4.84971 -4.66696e-07 0)
(4.84971 -5.29449e-07 0)
(4.84971 -4.78438e-07 0)
(4.84971 -3.22952e-07 0)
(4.84971 -1.03822e-07 0)
(4.84971 1.311e-07 0)
(4.84971 3.45396e-07 0)
(4.84971 5.1263e-07 0)
(4.84971 6.5021e-07 0)
(4.84971 8.10381e-07 0)
(4.84971 9.8557e-07 0)
(4.84971 1.09982e-06 0)
(4.84971 1.11094e-06 0)
(4.84971 1.04626e-06 0)
(4.84971 9.46314e-07 0)
(4.84971 8.19981e-07 0)
(4.84971 6.5126e-07 0)
(4.84971 4.48219e-07 0)
(4.84971 2.61481e-07 0)
(4.84971 1.3251e-07 0)
(4.84971 6.0052e-08 0)
(4.84971 3.35861e-08 0)
(4.84971 3.49794e-08 0)
(4.84971 1.27348e-08 0)
(4.84971 -5.64961e-08 0)
(4.84971 -1.1681e-07 0)
(4.84971 -1.27923e-07 0)
(4.84971 -1.31764e-07 0)
(4.84971 -1.74174e-07 0)
(4.84971 -2.58739e-07 0)
(4.84971 -3.63583e-07 0)
(4.84971 -4.58761e-07 0)
(4.84971 -5.36358e-07 0)
(4.84971 -6.21981e-07 0)
(4.84971 -7.27015e-07 0)
(4.84971 -8.28879e-07 0)
(4.84971 -8.92084e-07 0)
(4.84971 -8.75147e-07 0)
(4.84971 -7.65931e-07 0)
(4.84971 -6.14641e-07 0)
(4.84971 -4.77274e-07 0)
(4.84971 -3.39093e-07 0)
(4.84971 -1.49432e-07 0)
(4.84971 9.51098e-08 0)
(4.84971 3.52224e-07 0)
(4.84971 5.69512e-07 0)
(4.84971 7.09614e-07 0)
(4.84971 7.72361e-07 0)
(4.84971 7.88093e-07 0)
(4.84971 7.7692e-07 0)
(4.84971 7.19181e-07 0)
(4.84971 5.9055e-07 0)
(4.84971 4.06115e-07 0)
(4.84971 2.28482e-07 0)
(4.84971 1.0859e-07 0)
(4.84971 4.41513e-08 0)
(4.84971 -1.48948e-09 0)
(4.84971 -6.37119e-08 0)
(4.84971 -1.46839e-07 0)
(4.84971 -2.09195e-07 0)
(4.84971 -2.21224e-07 0)
(4.84971 -2.11891e-07 0)
(4.84971 -2.21779e-07 0)
(4.84971 -2.6319e-07 0)
(4.84971 -3.1749e-07 0)
(4.84971 -3.41263e-07 0)
(4.84971 -2.99171e-07 0)
(4.84971 -2.16736e-07 0)
(4.84971 -1.49026e-07 0)
(4.84971 -1.05698e-07 0)
(4.84971 -5.33913e-08 0)
(4.84971 3.4999e-08 0)
(4.84971 1.42358e-07 0)
(4.84971 2.07628e-07 0)
(4.84971 1.95235e-07 0)
(4.84971 1.30938e-07 0)
(4.84971 3.5925e-08 0)
(4.84971 -8.2346e-08 0)
(4.84971 -1.81643e-07 0)
(4.84971 -2.57252e-07 0)
(4.84971 -3.69029e-07 0)
(4.84971 -4.94842e-07 0)
(4.84971 -5.40702e-07 0)
(4.84971 -5.06053e-07 0)
(4.84971 -4.48399e-07 0)
(4.84971 -3.74644e-07 0)
(4.84971 -2.93482e-07 0)
(4.84971 -2.16911e-07 0)
(4.84971 -1.19392e-07 0)
(4.84971 -1.93817e-08 0)
(4.84971 2.84598e-08 0)
(4.84971 3.8908e-08 0)
(4.84971 3.11731e-08 0)
(4.84971 -1.75059e-08 0)
(4.84971 -5.93372e-08 0)
(4.84971 -4.78324e-08 0)
(4.84971 -5.85881e-08 0)
(4.84971 -1.27161e-07 0)
(4.84971 -1.77485e-07 0)
(4.84971 -1.95313e-07 0)
(4.84971 -2.06778e-07 0)
(4.84972 -1.80436e-07 0)
(4.84972 -1.28079e-07 0)
(4.84972 -1.05959e-07 0)
(4.84972 -7.96658e-08 0)
(4.84971 1.00137e-08 0)
(4.84971 1.28242e-07 0)
(4.84971 2.2741e-07 0)
(4.84971 3.32899e-07 0)
(4.84971 4.69603e-07 0)
(4.84971 5.83673e-07 0)
(4.84971 6.31608e-07 0)
(4.84971 6.72074e-07 0)
(4.84971 7.19962e-07 0)
(4.84971 7.34682e-07 0)
(4.84971 6.76533e-07 0)
(4.84971 6.06366e-07 0)
(4.84971 5.70287e-07 0)
(4.84971 5.23855e-07 0)
(4.84971 4.96033e-07 0)
(4.84971 4.88274e-07 0)
(4.84971 2.71799e-07 0)
(4.14237 1.44864e-06 0)
(4.14237 7.84758e-07 0)
(4.14237 2.72937e-07 0)
(4.14237 -5.10694e-07 0)
(4.14237 -1.19184e-06 0)
(4.14237 -1.48003e-06 0)
(4.14237 -9.27287e-07 0)
(4.14237 -6.79219e-08 0)
(4.14237 7.227e-07 0)
(4.14237 1.5409e-06 0)
(4.14237 2.21117e-06 0)
(4.14237 2.55813e-06 0)
(4.14238 2.69782e-06 0)
(4.14238 2.70471e-06 0)
(4.14238 2.56116e-06 0)
(4.14238 2.31032e-06 0)
(4.14238 1.99332e-06 0)
(4.14238 1.61241e-06 0)
(4.14238 1.23187e-06 0)
(4.14238 9.31441e-07 0)
(4.14237 6.93931e-07 0)
(4.14237 4.91248e-07 0)
(4.14237 3.41577e-07 0)
(4.14237 2.1656e-07 0)
(4.14237 8.03861e-08 0)
(4.14237 -2.48023e-08 0)
(4.14237 -8.26128e-08 0)
(4.14237 -1.52893e-07 0)
(4.14237 -2.60667e-07 0)
(4.14237 -3.56443e-07 0)
(4.14237 -3.7559e-07 0)
(4.14237 -2.8582e-07 0)
(4.14237 -1.12848e-07 0)
(4.14237 9.53609e-08 0)
(4.14237 3.0571e-07 0)
(4.14237 4.90408e-07 0)
(4.14237 6.3067e-07 0)
(4.14237 7.48316e-07 0)
(4.14237 8.70102e-07 0)
(4.14237 9.63352e-07 0)
(4.14237 9.71349e-07 0)
(4.14237 8.79109e-07 0)
(4.14237 7.19098e-07 0)
(4.14237 5.31713e-07 0)
(4.14237 3.26957e-07 0)
(4.14237 9.76744e-08 0)
(4.14237 -1.21674e-07 0)
(4.14237 -2.69638e-07 0)
(4.14237 -3.26699e-07 0)
(4.14237 -3.14596e-07 0)
(4.14238 -2.61353e-07 0)
(4.14238 -2.19942e-07 0)
(4.14238 -2.44763e-07 0)
(4.14238 -3.19173e-07 0)
(4.14237 -3.75657e-07 0)
(4.14237 -3.86877e-07 0)
(4.14238 -3.87984e-07 0)
(4.14238 -4.21192e-07 0)
(4.14238 -5.02651e-07 0)
(4.14238 -6.08528e-07 0)
(4.14238 -6.98879e-07 0)
(4.14238 -7.63456e-07 0)
(4.14238 -8.11788e-07 0)
(4.14238 -8.39687e-07 0)
(4.14238 -8.32505e-07 0)
(4.14238 -7.74008e-07 0)
(4.14237 -6.43041e-07 0)
(4.14237 -4.52755e-07 0)
(4.14237 -2.64363e-07 0)
(4.14237 -1.13968e-07 0)
(4.14237 2.74304e-08 0)
(4.14237 2.00767e-07 0)
(4.14237 4.04229e-07 0)
(4.14237 5.98094e-07 0)
(4.14237 7.31794e-07 0)
(4.14237 7.76186e-07 0)
(4.14237 7.43945e-07 0)
(4.14237 6.74173e-07 0)
(4.14237 5.90046e-07 0)
(4.14237 4.77751e-07 0)
(4.14237 3.23935e-07 0)
(4.14237 1.54544e-07 0)
(4.14237 1.8823e-08 0)
(4.14237 -5.45539e-08 0)
(4.14237 -7.39218e-08 0)
(4.14237 -8.04384e-08 0)
(4.14237 -1.14393e-07 0)
(4.14237 -1.66177e-07 0)
(4.14237 -1.93867e-07 0)
(4.14237 -1.85106e-07 0)
(4.14237 -1.63674e-07 0)
(4.14237 -1.56229e-07 0)
(4.14237 -1.73297e-07 0)
(4.14237 -1.98377e-07 0)
(4.14237 -1.90534e-07 0)
(4.14237 -1.25672e-07 0)
(4.14237 -3.46849e-08 0)
(4.14237 3.67331e-08 0)
(4.14237 8.12037e-08 0)
(4.14237 1.27271e-07 0)
(4.14237 1.95843e-07 0)
(4.14237 2.54403e-07 0)
(4.14237 2.46936e-07 0)
(4.14237 1.68559e-07 0)
(4.14237 4.75521e-08 0)
(4.14237 -1.02165e-07 0)
(4.14237 -2.40009e-07 0)
(4.14237 -3.20368e-07 0)
(4.14238 -3.81285e-07 0)
(4.14238 -4.70698e-07 0)
(4.14238 -5.35848e-07 0)
(4.14238 -5.23209e-07 0)
(4.14238 -4.53552e-07 0)
(4.14238 -3.4987e-07 0)
(4.14238 -2.39265e-07 0)
(4.14238 -1.62249e-07 0)
(4.14238 -1.03987e-07 0)
(4.14238 -3.80011e-08 0)
(4.14238 9.28491e-10 0)
(4.14238 8.20945e-09 0)
(4.14238 2.03623e-08 0)
(4.14238 1.45685e-08 0)
(4.14238 -1.75572e-08 0)
(4.14238 -2.03708e-08 0)
(4.14238 -1.44602e-09 0)
(4.14238 -1.36505e-08 0)
(4.14238 -3.4546e-08 0)
(4.14238 -3.49315e-08 0)
(4.14238 -3.64467e-08 0)
(4.14238 -2.32899e-08 0)
(4.14238 2.81539e-08 0)
(4.14238 7.61548e-08 0)
(4.14238 1.09122e-07 0)
(4.14238 1.84448e-07 0)
(4.14238 3.10741e-07 0)
(4.14238 4.27404e-07 0)
(4.14238 5.08597e-07 0)
(4.14238 5.81024e-07 0)
(4.14238 6.55041e-07 0)
(4.14238 6.92265e-07 0)
(4.14238 7.04768e-07 0)
(4.14238 7.57276e-07 0)
(4.14238 7.74325e-07 0)
(4.14238 7.07994e-07 0)
(4.14238 6.5501e-07 0)
(4.14238 6.7127e-07 0)
(4.14238 6.50351e-07 0)
(4.14238 5.74968e-07 0)
(4.14238 5.71748e-07 0)
(4.14238 3.05645e-07 0)
(3.22912 2.3656e-07 0)
(3.22912 -4.14509e-08 0)
(3.22912 -4.46205e-07 0)
(3.22912 -8.91019e-07 0)
(3.22912 -1.05535e-06 0)
(3.22912 -1.09911e-06 0)
(3.22912 -7.62597e-07 0)
(3.22912 -9.12263e-08 0)
(3.22912 5.26282e-07 0)
(3.22912 1.05e-06 0)
(3.22912 1.50299e-06 0)
(3.22912 1.82923e-06 0)
(3.22912 2.08085e-06 0)
(3.22912 2.23648e-06 0)
(3.22912 2.17516e-06 0)
(3.22913 1.91533e-06 0)
(3.22913 1.60456e-06 0)
(3.22913 1.31415e-06 0)
(3.22913 1.03701e-06 0)
(3.22913 7.95156e-07 0)
(3.22913 6.00757e-07 0)
(3.22913 4.34697e-07 0)
(3.22913 3.09592e-07 0)
(3.22912 2.28148e-07 0)
(3.22912 1.50109e-07 0)
(3.22912 7.3842e-08 0)
(3.22912 3.14654e-08 0)
(3.22912 1.15437e-08 0)
(3.22912 -2.5385e-08 0)
(3.22912 -9.28928e-08 0)
(3.22912 -1.65557e-07 0)
(3.22912 -1.89953e-07 0)
(3.22912 -1.27949e-07 0)
(3.22912 9.9122e-09 0)
(3.22912 1.96665e-07 0)
(3.22912 3.97664e-07 0)
(3.22912 5.61113e-07 0)
(3.22912 6.57944e-07 0)
(3.22912 6.99671e-07 0)
(3.22912 6.98609e-07 0)
(3.22912 6.45366e-07 0)
(3.22912 5.28388e-07 0)
(3.22912 3.57366e-07 0)
(3.22912 1.69654e-07 0)
(3.22912 -1.47369e-09 0)
(3.22912 -1.61601e-07 0)
(3.22912 -3.19056e-07 0)
(3.22913 -4.46146e-07 0)
(3.22913 -5.14055e-07 0)
(3.22913 -5.2644e-07 0)
(3.22912 -4.98713e-07 0)
(3.22912 -4.52157e-07 0)
(3.22912 -4.26893e-07 0)
(3.22912 -4.51509e-07 0)
(3.22912 -5.01577e-07 0)
(3.22912 -5.32241e-07 0)
(3.22912 -5.3377e-07 0)
(3.22912 -5.32668e-07 0)
(3.22912 -5.60744e-07 0)
(3.22912 -6.18515e-07 0)
(3.22912 -6.68708e-07 0)
(3.22912 -6.79054e-07 0)
(3.22912 -6.51969e-07 0)
(3.22912 -6.02166e-07 0)
(3.22912 -5.39566e-07 0)
(3.22912 -4.70919e-07 0)
(3.22912 -3.79371e-07 0)
(3.22912 -2.42531e-07 0)
(3.22912 -7.65484e-08 0)
(3.22912 7.48627e-08 0)
(3.22912 1.90775e-07 0)
(3.22912 2.88344e-07 0)
(3.22912 3.87311e-07 0)
(3.22912 4.85516e-07 0)
(3.22912 5.56049e-07 0)
(3.22912 5.68194e-07 0)
(3.22912 5.12395e-07 0)
(3.22912 4.14456e-07 0)
(3.22912 3.12944e-07 0)
(3.22912 2.19154e-07 0)
(3.22912 1.19829e-07 0)
(3.22912 8.06659e-09 0)
(3.22912 -9.68956e-08 0)
(3.22912 -1.63672e-07 0)
(3.22912 -1.72727e-07 0)
(3.22912 -1.38055e-07 0)
(3.22912 -1.01173e-07 0)
(3.22912 -9.34687e-08 0)
(3.22912 -1.00552e-07 0)
(3.22912 -9.28763e-08 0)
(3.22912 -6.74397e-08 0)
(3.22912 -3.46768e-08 0)
(3.22912 -6.11471e-09 0)
(3.22912 7.66337e-09 0)
(3.22912 1.94204e-08 0)
(3.22912 6.3025e-08 0)
(3.22912 1.44652e-07 0)
(3.22912 2.27902e-07 0)
(3.22912 2.73571e-07 0)
(3.22912 2.77683e-07 0)
(3.22912 2.71334e-07 0)
(3.22912 2.7012e-07 0)
(3.22912 2.42203e-07 0)
(3.22912 1.6191e-07 0)
(3.22912 4.35339e-08 0)
(3.22912 -1.01324e-07 0)
(3.22912 -2.53087e-07 0)
(3.22912 -3.5528e-07 0)
(3.22912 -3.93209e-07 0)
(3.22912 -4.18925e-07 0)
(3.22912 -4.43438e-07 0)
(3.22913 -4.284e-07 0)
(3.22913 -3.67753e-07 0)
(3.22913 -2.73834e-07 0)
(3.22913 -1.62295e-07 0)
(3.22913 -8.09543e-08 0)
(3.22913 -4.61493e-08 0)
(3.22913 -1.57544e-08 0)
(3.22913 1.72929e-08 0)
(3.22913 3.38019e-08 0)
(3.22913 5.48131e-08 0)
(3.22913 8.15123e-08 0)
(3.22913 7.8956e-08 0)
(3.22913 6.39474e-08 0)
(3.22913 6.83843e-08 0)
(3.22913 7.1866e-08 0)
(3.22913 6.66409e-08 0)
(3.22913 7.59252e-08 0)
(3.22913 8.68646e-08 0)
(3.22913 9.41531e-08 0)
(3.22913 1.32544e-07 0)
(3.22913 1.95793e-07 0)
(3.22913 2.43164e-07 0)
(3.22913 2.88092e-07 0)
(3.22913 3.72796e-07 0)
(3.22913 4.82063e-07 0)
(3.22913 5.61551e-07 0)
(3.22913 5.99097e-07 0)
(3.22913 6.27958e-07 0)
(3.22913 6.64204e-07 0)
(3.22913 6.64693e-07 0)
(3.22913 6.52068e-07 0)
(3.22913 6.18174e-07 0)
(3.22913 5.69054e-07 0)
(3.22913 5.62625e-07 0)
(3.22913 5.81971e-07 0)
(3.22913 5.42588e-07 0)
(3.22913 4.48607e-07 0)
(3.22913 4.74856e-07 0)
(3.22913 3.41786e-07 0)
(2.10732 -3.28311e-07 0)
(2.10732 -2.84629e-07 0)
(2.10732 -4.57881e-07 0)
(2.10732 -5.68556e-07 0)
(2.10732 -4.07599e-07 0)
(2.10732 -3.03645e-07 0)
(2.10732 -1.94781e-07 0)
(2.10732 1.40168e-07 0)
(2.10732 4.91674e-07 0)
(2.10732 7.13393e-07 0)
(2.10733 8.50234e-07 0)
(2.10733 9.53054e-07 0)
(2.10733 1.07305e-06 0)
(2.10733 1.18042e-06 0)
(2.10733 1.15023e-06 0)
(2.10733 9.495e-07 0)
(2.10733 7.05887e-07 0)
(2.10733 5.26517e-07 0)
(2.10733 3.95357e-07 0)
(2.10733 2.81993e-07 0)
(2.10733 1.94491e-07 0)
(2.10733 1.39664e-07 0)
(2.10733 1.30439e-07 0)
(2.10733 1.67765e-07 0)
(2.10733 2.01511e-07 0)
(2.10733 1.78989e-07 0)
(2.10733 1.09467e-07 0)
(2.10733 3.49038e-08 0)
(2.10733 -1.91947e-08 0)
(2.10733 -5.67949e-08 0)
(2.10733 -9.07749e-08 0)
(2.10733 -1.05777e-07 0)
(2.10733 -7.62114e-08 0)
(2.10733 -4.62489e-09 0)
(2.10733 9.68641e-08 0)
(2.10733 2.129e-07 0)
(2.10733 3.10655e-07 0)
(2.10733 3.58444e-07 0)
(2.10733 3.5204e-07 0)
(2.10733 3.10025e-07 0)
(2.10733 2.4304e-07 0)
(2.10733 1.43942e-07 0)
(2.10733 8.95186e-09 0)
(2.10733 -1.37007e-07 0)
(2.10733 -2.50964e-07 0)
(2.10733 -3.15335e-07 0)
(2.10733 -3.51338e-07 0)
(2.10733 -3.78376e-07 0)
(2.10733 -3.96779e-07 0)
(2.10733 -4.08426e-07 0)
(2.10733 -4.17782e-07 0)
(2.10733 -4.13366e-07 0)
(2.10733 -3.96595e-07 0)
(2.10733 -3.91278e-07 0)
(2.10733 -4.06574e-07 0)
(2.10733 -4.23736e-07 0)
(2.10733 -4.2085e-07 0)
(2.10733 -3.99484e-07 0)
(2.10733 -3.8141e-07 0)
(2.10733 -3.82014e-07 0)
(2.10733 -3.8697e-07 0)
(2.10733 -3.69015e-07 0)
(2.10733 -3.19861e-07 0)
(2.10733 -2.51392e-07 0)
(2.10733 -1.81622e-07 0)
(2.10733 -1.2484e-07 0)
(2.10733 -8.09825e-08 0)
(2.10733 -2.84222e-08 0)
(2.10732 5.15808e-08 0)
(2.10732 1.44687e-07 0)
(2.10732 2.18318e-07 0)
(2.10732 2.60037e-07 0)
(2.10732 2.83375e-07 0)
(2.10732 3.00858e-07 0)
(2.10732 3.09944e-07 0)
(2.10732 2.94053e-07 0)
(2.10732 2.39941e-07 0)
(2.10732 1.54109e-07 0)
(2.10732 6.4375e-08 0)
(2.10732 -2.4067e-09 0)
(2.10732 -4.59819e-08 0)
(2.10732 -8.39907e-08 0)
(2.10732 -1.24069e-07 0)
(2.10732 -1.56006e-07 0)
(2.10732 -1.60474e-07 0)
(2.10732 -1.27416e-07 0)
(2.10732 -7.22264e-08 0)
(2.10732 -3.00338e-08 0)
(2.10732 -1.39859e-08 0)
(2.10732 -8.38423e-09 0)
(2.10732 2.79674e-09 0)
(2.10732 2.59352e-08 0)
(2.10732 5.97726e-08 0)
(2.10732 9.32603e-08 0)
(2.10732 1.18316e-07 0)
(2.10732 1.45603e-07 0)
(2.10732 1.92277e-07 0)
(2.10732 2.53029e-07 0)
(2.10732 2.97351e-07 0)
(2.10732 2.97636e-07 0)
(2.10733 2.6152e-07 0)
(2.10733 2.18801e-07 0)
(2.10733 1.73413e-07 0)
(2.10733 1.08822e-07 0)
(2.10733 2.69963e-08 0)
(2.10733 -6.36376e-08 0)
(2.10733 -1.64748e-07 0)
(2.10733 -2.49361e-07 0)
(2.10733 -2.79697e-07 0)
(2.10733 -2.70134e-07 0)
(2.10733 -2.53912e-07 0)
(2.10733 -2.26796e-07 0)
(2.10733 -1.81518e-07 0)
(2.10733 -1.23347e-07 0)
(2.10733 -5.40739e-08 0)
(2.10733 5.24239e-09 0)
(2.10733 2.84909e-08 0)
(2.10733 3.43051e-08 0)
(2.10733 5.05239e-08 0)
(2.10733 7.05881e-08 0)
(2.10733 9.4821e-08 0)
(2.10733 1.3256e-07 0)
(2.10733 1.58166e-07 0)
(2.10733 1.5338e-07 0)
(2.10733 1.41929e-07 0)
(2.10733 1.36452e-07 0)
(2.10733 1.28642e-07 0)
(2.10733 1.26074e-07 0)
(2.10733 1.35202e-07 0)
(2.10733 1.47959e-07 0)
(2.10733 1.69481e-07 0)
(2.10733 2.02678e-07 0)
(2.10733 2.25068e-07 0)
(2.10733 2.35521e-07 0)
(2.10733 2.70368e-07 0)
(2.10733 3.41039e-07 0)
(2.10733 3.99234e-07 0)
(2.10733 4.15166e-07 0)
(2.10733 4.12114e-07 0)
(2.10733 4.12558e-07 0)
(2.10733 3.96402e-07 0)
(2.10733 3.84004e-07 0)
(2.10733 3.92459e-07 0)
(2.10733 3.70352e-07 0)
(2.10733 3.27556e-07 0)
(2.10733 3.09087e-07 0)
(2.10733 2.91991e-07 0)
(2.10733 2.25397e-07 0)
(2.10733 2.0912e-07 0)
(2.10733 2.35223e-07 0)
(0.774009 -1.74713e-07 0)
(0.774009 -8.27003e-08 0)
(0.774009 -1.07857e-07 0)
(0.77401 -9.56539e-08 0)
(0.77401 -3.61953e-08 0)
(0.77401 -2.88713e-09 0)
(0.77401 2.57794e-08 0)
(0.77401 1.106e-07 0)
(0.77401 1.82103e-07 0)
(0.774011 2.05285e-07 0)
(0.774012 2.14187e-07 0)
(0.774012 2.2654e-07 0)
(0.774013 2.48549e-07 0)
(0.774013 2.72654e-07 0)
(0.774013 2.58831e-07 0)
(0.774013 1.87619e-07 0)
(0.774013 1.03252e-07 0)
(0.774013 5.13584e-08 0)
(0.774013 2.24647e-08 0)
(0.774013 -2.6081e-09 0)
(0.774013 -2.19743e-08 0)
(0.774013 -2.60995e-08 0)
(0.774012 -1.20114e-09 0)
(0.774012 5.32351e-08 0)
(0.774012 1.00647e-07 0)
(0.774012 9.98328e-08 0)
(0.774012 5.44137e-08 0)
(0.774012 1.9961e-09 0)
(0.774012 -2.38823e-08 0)
(0.774011 -2.23092e-08 0)
(0.774011 -1.48932e-08 0)
(0.774011 -3.51128e-09 0)
(0.774011 1.82472e-08 0)
(0.774011 4.50593e-08 0)
(0.774011 6.77053e-08 0)
(0.774011 8.79943e-08 0)
(0.774011 1.0413e-07 0)
(0.774011 1.08038e-07 0)
(0.774012 9.80312e-08 0)
(0.774012 8.01192e-08 0)
(0.774012 5.44635e-08 0)
(0.774012 1.03239e-08 0)
(0.774012 -5.64596e-08 0)
(0.774012 -1.2654e-07 0)
(0.774012 -1.68197e-07 0)
(0.774012 -1.70857e-07 0)
(0.774011 -1.55385e-07 0)
(0.774011 -1.45088e-07 0)
(0.774011 -1.44379e-07 0)
(0.774011 -1.49626e-07 0)
(0.77401 -1.5876e-07 0)
(0.77401 -1.61886e-07 0)
(0.77401 -1.55003e-07 0)
(0.774009 -1.48368e-07 0)
(0.774009 -1.5009e-07 0)
(0.774009 -1.52535e-07 0)
(0.774009 -1.44273e-07 0)
(0.774009 -1.27543e-07 0)
(0.774009 -1.17237e-07 0)
(0.774008 -1.21412e-07 0)
(0.774008 -1.27902e-07 0)
(0.774008 -1.20249e-07 0)
(0.774008 -9.55602e-08 0)
(0.774008 -6.29818e-08 0)
(0.774008 -3.44212e-08 0)
(0.774008 -1.78554e-08 0)
(0.774008 -1.28322e-08 0)
(0.774008 -4.85602e-09 0)
(0.774008 1.85771e-08 0)
(0.774008 4.81931e-08 0)
(0.774008 6.57768e-08 0)
(0.774008 6.66716e-08 0)
(0.774008 6.32286e-08 0)
(0.774008 6.52844e-08 0)
(0.774008 6.88688e-08 0)
(0.774008 6.00674e-08 0)
(0.774008 3.37709e-08 0)
(0.774008 -3.20037e-09 0)
(0.774008 -3.52817e-08 0)
(0.774008 -4.8674e-08 0)
(0.774008 -4.65042e-08 0)
(0.774007 -4.52463e-08 0)
(0.774007 -5.21656e-08 0)
(0.774007 -5.95523e-08 0)
(0.774007 -5.55142e-08 0)
(0.774007 -3.34577e-08 0)
(0.774007 -2.18094e-09 0)
(0.774007 2.05485e-08 0)
(0.774007 2.75993e-08 0)
(0.774007 2.87144e-08 0)
(0.774007 3.46704e-08 0)
(0.774007 4.69023e-08 0)
(0.774007 6.04409e-08 0)
(0.774007 6.91463e-08 0)
(0.774007 7.19435e-08 0)
(0.774007 7.6989e-08 0)
(0.774008 9.2499e-08 0)
(0.774008 1.15133e-07 0)
(0.774008 1.29719e-07 0)
(0.774009 1.21866e-07 0)
(0.774009 9.59071e-08 0)
(0.774009 7.06467e-08 0)
(0.774009 5.20946e-08 0)
(0.77401 2.95814e-08 0)
(0.77401 -2.86836e-10 0)
(0.77401 -3.0544e-08 0)
(0.77401 -6.15419e-08 0)
(0.77401 -8.7328e-08 0)
(0.77401 -9.16246e-08 0)
(0.77401 -7.87412e-08 0)
(0.77401 -6.72816e-08 0)
(0.77401 -5.86374e-08 0)
(0.77401 -4.38626e-08 0)
(0.77401 -2.17239e-08 0)
(0.77401 3.40393e-09 0)
(0.77401 1.99104e-08 0)
(0.77401 1.86049e-08 0)
(0.77401 1.17835e-08 0)
(0.774011 1.5228e-08 0)
(0.774011 2.49503e-08 0)
(0.774011 3.67704e-08 0)
(0.774011 5.41995e-08 0)
(0.774011 6.77339e-08 0)
(0.774012 6.6413e-08 0)
(0.774012 5.93293e-08 0)
(0.774012 5.75529e-08 0)
(0.774012 5.8164e-08 0)
(0.774012 5.96424e-08 0)
(0.774013 6.74367e-08 0)
(0.774013 7.94276e-08 0)
(0.774013 8.93635e-08 0)
(0.774013 9.46212e-08 0)
(0.774013 9.27486e-08 0)
(0.774013 8.92318e-08 0)
(0.774013 9.59201e-08 0)
(0.774013 1.16658e-07 0)
(0.774013 1.37258e-07 0)
(0.774013 1.40392e-07 0)
(0.774013 1.23118e-07 0)
(0.774013 9.97014e-08 0)
(0.774014 9.0072e-08 0)
(0.774014 1.08741e-07 0)
(0.774014 1.34976e-07 0)
(0.774014 1.19195e-07 0)
(0.774014 7.54416e-08 0)
(0.774015 6.25414e-08 0)
(0.774015 6.64069e-08 0)
(0.774015 4.35106e-08 0)
(0.774015 3.48891e-08 0)
(0.774015 4.03e-08 0)
)
;

boundaryField
{
    inlet
    {
        type            zeroGradient;
    }
    outlet
    {
        type            zeroGradient;
    }
    walls
    {
        type            noSlip;
    }
    frontAndBack
    {
        type            empty;
    }
}


// ************************************************************************* //
