/*--------------------------------*- C++ -*----------------------------------*\
| =========                 |                                                 |
| \\      /  F ield         | OpenFOAM: The Open Source CFD Toolbox           |
|  \\    /   O peration     | Version:  2406                                  |
|   \\  /    A nd           | Website:  www.openfoam.com                      |
|    \\/     M anipulation  |                                                 |
\*---------------------------------------------------------------------------*/
FoamFile
{
    version     2.0;
    format      ascii;
    arch        "LSB;label=32;scalar=64";
    class       surfaceScalarField;
    location    "0.4";
    object      phi;
}
// * * * * * * * * * * * * * * * * * * * * * * * * * * * * * * * * * * * * * //

dimensions      [0 3 -1 0 0 0 0];

oriented        oriented;

internalField   nonuniform List<scalar> 
4335
(
1.6711e-06
-2.0928e-12
1.6711e-06
-2.34191e-12
1.67111e-06
-1.72667e-12
1.67111e-06
-6.59821e-13
1.67111e-06
3.59076e-13
1.67111e-06
-6.0096e-13
1.67111e-06
-8.19398e-13
1.67111e-06
8.25655e-13
1.67111e-06
1.35552e-12
1.67111e-06
5.24563e-13
1.67111e-06
-3.04209e-13
1.67111e-06
-7.6324e-13
1.67111e-06
-4.33832e-13
1.67111e-06
1.0841e-13
1.67111e-06
3.96843e-13
1.67111e-06
3.49539e-13
1.67111e-06
1.63816e-13
1.67111e-06
-1.48696e-13
1.67111e-06
-2.28397e-13
1.67111e-06
-5.70211e-14
1.67111e-06
3.40538e-14
1.67111e-06
-1.83254e-13
1.67111e-06
-6.72265e-13
1.67111e-06
-9.98631e-13
1.67111e-06
-7.9935e-13
1.67111e-06
-2.6549e-13
1.67111e-06
1.59369e-13
1.67111e-06
1.76029e-13
1.67111e-06
-7.61684e-14
1.67111e-06
-1.10488e-13
1.67111e-06
7.69403e-14
1.67111e-06
1.72958e-13
1.67111e-06
2.10773e-13
1.67111e-06
2.18871e-13
1.67111e-06
6.37334e-14
1.67111e-06
-1.05575e-13
1.67111e-06
-6.57441e-14
1.67111e-06
1.38735e-13
1.67111e-06
2.76604e-13
1.67111e-06
1.65746e-13
1.6711e-06
-1.14312e-13
1.6711e-06
-3.88206e-13
1.67111e-06
-5.7184e-13
1.67111e-06
-5.22186e-13
1.67111e-06
-2.81912e-13
1.67111e-06
-1.9598e-13
1.67111e-06
-2.5227e-13
1.67111e-06
-1.16061e-13
1.67111e-06
1.30633e-13
1.67111e-06
2.02567e-13
1.67111e-06
9.01106e-14
1.67111e-06
-5.94949e-14
1.67111e-06
-8.47645e-14
1.67111e-06
9.94377e-14
1.67111e-06
3.77718e-13
1.67111e-06
4.64226e-13
1.6711e-06
2.9522e-13
1.6711e-06
1.39831e-13
1.6711e-06
2.66206e-13
1.6711e-06
4.75998e-13
1.6711e-06
4.48595e-13
1.6711e-06
2.77601e-13
1.6711e-06
1.62108e-13
1.6711e-06
1.27588e-13
1.6711e-06
2.25023e-13
1.6711e-06
4.46797e-13
1.6711e-06
5.64005e-13
1.6711e-06
4.32094e-13
1.6711e-06
9.89612e-14
1.6711e-06
-2.94334e-13
1.6711e-06
-5.6466e-13
1.6711e-06
-5.2232e-13
1.6711e-06
-2.41315e-13
1.6711e-06
-5.30444e-14
1.6711e-06
-1.98395e-13
1.6711e-06
-4.64693e-13
1.6711e-06
-4.57592e-13
1.6711e-06
-1.02093e-13
1.6711e-06
3.11736e-13
1.6711e-06
4.4184e-13
1.6711e-06
1.96604e-13
1.6711e-06
-1.25513e-13
1.6711e-06
-1.97911e-13
1.6711e-06
-8.61517e-14
1.67111e-06
-7.06569e-14
1.67111e-06
-2.06529e-13
1.67111e-06
-3.28559e-13
1.67111e-06
-2.96163e-13
1.67111e-06
-1.11688e-13
1.67111e-06
4.6015e-15
1.67111e-06
-1.38947e-13
1.67111e-06
-4.39773e-13
1.67111e-06
-5.48462e-13
1.67111e-06
-3.69518e-13
1.67111e-06
-1.74828e-13
1.67111e-06
-1.61504e-13
1.67111e-06
-2.57552e-13
1.67111e-06
-3.74879e-13
1.67111e-06
-4.03018e-13
1.67111e-06
-1.75674e-13
1.67111e-06
2.25449e-13
1.67111e-06
4.49008e-13
1.67111e-06
4.20722e-13
1.67111e-06
3.09806e-13
1.67111e-06
1.86269e-13
1.67111e-06
1.13887e-13
1.67111e-06
2.493e-13
1.67111e-06
4.98239e-13
1.67111e-06
4.83122e-13
1.67111e-06
1.39311e-13
1.67111e-06
-1.46032e-13
1.67111e-06
-1.61408e-13
1.67111e-06
-1.12862e-13
1.67111e-06
-1.2318e-13
1.67111e-06
-1.5044e-13
1.67111e-06
-2.14459e-13
1.67111e-06
-2.31777e-13
1.67111e-06
4.05109e-14
1.67111e-06
3.48523e-13
1.67111e-06
2.80648e-13
1.67111e-06
1.05738e-13
1.67111e-06
1.73998e-13
1.67111e-06
2.88854e-13
1.67111e-06
2.85104e-13
1.67111e-06
2.7651e-13
1.67111e-06
2.4821e-13
1.67111e-06
1.65518e-13
1.67111e-06
1.79686e-13
1.67111e-06
2.59718e-13
1.67111e-06
2.05599e-13
1.67111e-06
-4.50989e-14
1.67111e-06
-1.98127e-13
1.67111e-06
-1.87206e-13
1.67111e-06
-2.2757e-13
1.67111e-06
-1.32924e-13
1.67111e-06
2.61176e-13
1.67111e-06
3.78192e-13
1.67111e-06
-1.62321e-15
1.6711e-06
-2.53232e-13
1.6711e-06
-1.82005e-13
1.6711e-06
1.41132e-14
1.6711e-06
3.77132e-13
1.6711e-06
7.33179e-13
1.6711e-06
7.48984e-13
1.6711e-06
5.58469e-13
1.6711e-06
6.71323e-13
1.6711e-06
1.11597e-12
1.6711e-06
1.46598e-12
1.6711e-06
1.60311e-12
1.55145e-12
4.561e-06
-3.14927e-12
4.561e-06
-3.9152e-12
4.561e-06
-3.30168e-12
4.561e-06
-3.21583e-12
4.561e-06
-2.65518e-12
4.561e-06
-9.3755e-13
4.561e-06
-2.84046e-13
4.561e-06
2.40979e-13
4.561e-06
9.28515e-13
4.561e-06
5.0876e-13
4.561e-06
-2.31509e-14
4.561e-06
-6.5826e-13
4.561e-06
-5.2551e-13
4.561e-06
1.70154e-13
4.561e-06
8.81241e-13
4.56101e-06
8.83687e-13
4.56101e-06
2.03599e-13
4.56101e-06
-8.48178e-13
4.561e-06
-1.49611e-12
4.561e-06
-1.29031e-12
4.561e-06
-6.91144e-13
4.561e-06
-3.58394e-13
4.561e-06
-4.72554e-13
4.561e-06
-7.9036e-13
4.561e-06
-9.49083e-13
4.561e-06
-8.09246e-13
4.561e-06
-3.01583e-13
4.561e-06
3.65836e-13
4.56101e-06
6.5709e-13
4.56101e-06
5.20163e-13
4.56101e-06
3.09216e-13
4.56101e-06
5.64289e-14
4.561e-06
-1.81808e-13
4.561e-06
-2.19832e-13
4.561e-06
-1.63143e-13
4.561e-06
-1.8343e-13
4.561e-06
-2.83742e-13
4.561e-06
-3.83107e-13
4.561e-06
-3.56585e-13
4.561e-06
-2.10375e-13
4.561e-06
-2.51536e-14
4.561e-06
1.12815e-13
4.561e-06
1.6078e-15
4.561e-06
-3.14192e-13
4.561e-06
-4.52613e-13
4.561e-06
-4.01887e-13
4.561e-06
-4.65097e-13
4.561e-06
-5.14542e-13
4.561e-06
-3.79827e-13
4.561e-06
-1.59214e-13
4.561e-06
-2.75531e-15
4.561e-06
7.53887e-14
4.561e-06
1.21266e-13
4.561e-06
2.53215e-13
4.561e-06
5.64698e-13
4.561e-06
9.53252e-13
4.561e-06
1.128e-12
4.561e-06
9.0796e-13
4.561e-06
6.29385e-13
4.561e-06
6.50525e-13
4.561e-06
8.22505e-13
4.561e-06
9.92828e-13
4.561e-06
1.15302e-12
4.561e-06
1.16392e-12
4.561e-06
8.79989e-13
4.561e-06
5.04133e-13
4.561e-06
2.10156e-13
4.561e-06
6.11393e-14
4.561e-06
9.25721e-15
4.561e-06
-4.96678e-14
4.561e-06
-2.85018e-13
4.561e-06
-6.10199e-13
4.561e-06
-7.11289e-13
4.561e-06
-4.1542e-13
4.561e-06
-5.55099e-14
4.561e-06
-2.21072e-14
4.561e-06
-2.70626e-13
4.561e-06
-4.46119e-13
4.561e-06
-3.00121e-13
4.561e-06
1.10658e-13
4.561e-06
3.99728e-13
4.561e-06
2.80669e-13
4.561e-06
-4.94576e-14
4.561e-06
-2.43172e-13
4.561e-06
-2.30912e-13
4.561e-06
-2.31281e-13
4.561e-06
-3.83307e-13
4.561e-06
-6.38654e-13
4.561e-06
-8.12279e-13
4.561e-06
-7.21638e-13
4.561e-06
-4.89086e-13
4.561e-06
-4.38299e-13
4.561e-06
-6.43162e-13
4.56101e-06
-8.34273e-13
4.56101e-06
-8.49899e-13
4.56101e-06
-7.35997e-13
4.56101e-06
-5.21573e-13
4.56101e-06
-2.4852e-13
4.56101e-06
-1.23461e-13
4.56101e-06
-1.06166e-13
4.56101e-06
6.32722e-14
4.56101e-06
3.90139e-13
4.56101e-06
6.35485e-13
4.56101e-06
7.5883e-13
4.56101e-06
7.57173e-13
4.56101e-06
5.7309e-13
4.56101e-06
4.03055e-13
4.56101e-06
5.49684e-13
4.56101e-06
8.3627e-13
4.56101e-06
7.47398e-13
4.56101e-06
2.06863e-13
4.56101e-06
-3.20795e-13
4.56101e-06
-4.99891e-13
4.56101e-06
-3.99205e-13
4.56101e-06
-6.39422e-14
4.56101e-06
2.52111e-13
4.56101e-06
2.05069e-13
4.56101e-06
6.91762e-14
4.56101e-06
2.47977e-13
4.56101e-06
4.56114e-13
4.56101e-06
3.87177e-13
4.56101e-06
2.81336e-13
4.56101e-06
2.82458e-13
4.561e-06
2.151e-13
4.561e-06
1.42845e-13
4.561e-06
1.58077e-13
4.561e-06
1.31403e-13
4.561e-06
-1.27596e-15
4.561e-06
-7.61665e-14
4.561e-06
-1.55095e-14
4.561e-06
-4.66049e-14
4.561e-06
-1.77717e-13
4.561e-06
-1.49906e-13
4.561e-06
-1.85798e-13
4.561e-06
-4.81668e-13
4.561e-06
-4.42261e-13
4.561e-06
1.47054e-14
4.561e-06
2.29095e-13
4.561e-06
1.44226e-13
4.561e-06
1.88409e-13
4.561e-06
3.30557e-13
4.561e-06
5.93241e-13
4.561e-06
1.12339e-12
4.561e-06
1.73982e-12
4.561e-06
2.16938e-12
4.56099e-06
2.48167e-12
4.56099e-06
3.09011e-12
4.56099e-06
4.08442e-12
4.56099e-06
4.83141e-12
4.47158e-12
7.00114e-06
-4.04155e-12
7.00115e-06
-5.62892e-12
7.00115e-06
-5.68086e-12
7.00115e-06
-4.18692e-12
7.00115e-06
-2.9759e-12
7.00115e-06
-1.51883e-12
7.00115e-06
-4.0178e-13
7.00115e-06
-4.57965e-13
7.00115e-06
-4.34448e-13
7.00115e-06
-5.64385e-14
7.00114e-06
3.46422e-13
7.00114e-06
5.16015e-13
7.00114e-06
5.92549e-13
7.00115e-06
5.4535e-13
7.00115e-06
3.42657e-13
7.00115e-06
2.51351e-13
7.00115e-06
3.36082e-13
7.00115e-06
1.1501e-13
7.00115e-06
-5.27444e-13
7.00115e-06
-1.1396e-12
7.00115e-06
-1.34923e-12
7.00114e-06
-1.17717e-12
7.00114e-06
-9.0063e-13
7.00114e-06
-7.6125e-13
7.00114e-06
-7.30203e-13
7.00115e-06
-7.58561e-13
7.00115e-06
-6.6685e-13
7.00115e-06
-2.01697e-13
7.00115e-06
3.4724e-13
7.00115e-06
5.56211e-13
7.00115e-06
4.75556e-13
7.00115e-06
1.59254e-13
7.00115e-06
-3.52082e-13
7.00115e-06
-7.23632e-13
7.00115e-06
-7.30436e-13
7.00114e-06
-4.7369e-13
7.00114e-06
-2.03313e-13
7.00114e-06
-1.41298e-13
7.00114e-06
-2.39448e-13
7.00114e-06
-3.15873e-13
7.00114e-06
-3.14053e-13
7.00114e-06
-1.74108e-13
7.00114e-06
-2.90114e-14
7.00114e-06
-1.82126e-13
7.00114e-06
-4.82718e-13
7.00114e-06
-5.70576e-13
7.00114e-06
-5.75111e-13
7.00114e-06
-6.09194e-13
7.00114e-06
-5.57367e-13
7.00114e-06
-3.60416e-13
7.00114e-06
-8.04845e-14
7.00114e-06
1.79903e-13
7.00114e-06
3.02377e-13
7.00114e-06
2.90329e-13
7.00114e-06
2.40594e-13
7.00114e-06
3.33515e-13
7.00114e-06
5.81129e-13
7.00114e-06
7.10304e-13
7.00114e-06
6.48388e-13
7.00114e-06
6.92351e-13
7.00114e-06
9.28095e-13
7.00114e-06
1.1519e-12
7.00114e-06
1.3288e-12
7.00114e-06
1.41133e-12
7.00114e-06
1.27692e-12
7.00114e-06
9.14512e-13
7.00114e-06
4.25741e-13
7.00114e-06
-7.36037e-14
7.00114e-06
-3.74354e-13
7.00114e-06
-3.14534e-13
7.00114e-06
-1.57713e-13
7.00114e-06
-2.10229e-13
7.00114e-06
-5.3934e-13
7.00114e-06
-7.92746e-13
7.00114e-06
-6.77946e-13
7.00114e-06
-3.09895e-13
7.00114e-06
9.50156e-15
7.00114e-06
1.25188e-13
7.00114e-06
9.04032e-14
7.00114e-06
1.54134e-13
7.00114e-06
3.51541e-13
7.00114e-06
4.51048e-13
7.00114e-06
2.87464e-13
7.00114e-06
4.59657e-15
7.00114e-06
-1.79945e-13
7.00114e-06
-2.18074e-13
7.00114e-06
-1.96935e-13
7.00114e-06
-2.59447e-13
7.00114e-06
-4.53278e-13
7.00114e-06
-6.35501e-13
7.00114e-06
-6.64752e-13
7.00114e-06
-5.64213e-13
7.00114e-06
-5.65628e-13
7.00114e-06
-6.92179e-13
7.00114e-06
-7.65067e-13
7.00115e-06
-7.57793e-13
7.00115e-06
-6.60878e-13
7.00115e-06
-3.92183e-13
7.00115e-06
-5.01268e-14
7.00115e-06
1.33617e-13
7.00115e-06
1.74932e-13
7.00115e-06
2.46027e-13
7.00115e-06
3.81053e-13
7.00115e-06
6.1204e-13
7.00115e-06
9.29844e-13
7.00115e-06
1.11232e-12
7.00115e-06
9.34371e-13
7.00115e-06
5.46333e-13
7.00115e-06
3.46546e-13
7.00115e-06
3.68236e-13
7.00115e-06
3.08832e-13
7.00115e-06
1.06287e-13
7.00115e-06
-5.84489e-14
7.00115e-06
-1.32023e-13
7.00115e-06
-3.40826e-14
7.00115e-06
2.98858e-13
7.00115e-06
5.15932e-13
7.00115e-06
3.64613e-13
7.00115e-06
2.31644e-13
7.00115e-06
2.87538e-13
7.00115e-06
2.70183e-13
7.00115e-06
1.61025e-13
7.00115e-06
1.50886e-13
7.00115e-06
1.8891e-13
7.00115e-06
1.82033e-13
7.00115e-06
1.74884e-13
7.00114e-06
1.69145e-13
7.00114e-06
8.23246e-14
7.00114e-06
-8.1476e-14
7.00114e-06
-1.56697e-13
7.00114e-06
-1.89844e-13
7.00114e-06
-3.76776e-13
7.00114e-06
-4.43459e-13
7.00114e-06
-2.35462e-13
7.00114e-06
-2.66767e-13
7.00114e-06
-5.46241e-13
7.00114e-06
-4.50862e-13
7.00114e-06
-4.70427e-14
7.00114e-06
2.92389e-13
7.00114e-06
6.10742e-13
7.00114e-06
8.60172e-13
7.00114e-06
9.92018e-13
7.00114e-06
1.28593e-12
7.00114e-06
2.03754e-12
7.00114e-06
3.01325e-12
7.00113e-06
3.68037e-12
7.00113e-06
4.43598e-12
7.00113e-06
5.824e-12
7.00113e-06
6.6232e-12
6.29345e-12
8.99394e-06
-3.53565e-12
8.99394e-06
-4.69789e-12
8.99394e-06
-4.38257e-12
8.99393e-06
-2.84316e-12
8.99393e-06
-1.10784e-12
8.99393e-06
-6.11693e-13
8.99393e-06
-2.39604e-13
8.99393e-06
4.15216e-13
8.99393e-06
3.92779e-13
8.99393e-06
3.5245e-13
8.99393e-06
4.77596e-13
8.99393e-06
7.25963e-13
8.99393e-06
6.77716e-13
8.99393e-06
5.3361e-13
8.99393e-06
1.86952e-13
8.99393e-06
-2.24715e-13
8.99393e-06
-3.05373e-13
8.99393e-06
-1.6645e-13
8.99393e-06
-2.09984e-13
8.99393e-06
-5.36921e-13
8.99393e-06
-9.95508e-13
8.99393e-06
-1.36723e-12
8.99393e-06
-1.49124e-12
8.99393e-06
-1.24859e-12
8.99393e-06
-6.66958e-13
8.99393e-06
-6.31043e-14
8.99393e-06
1.76118e-13
8.99393e-06
2.29982e-13
8.99393e-06
3.02504e-13
8.99393e-06
2.30901e-13
8.99393e-06
1.2135e-14
8.99393e-06
-2.24558e-13
8.99393e-06
-4.36653e-13
8.99393e-06
-5.26221e-13
8.99393e-06
-4.75893e-13
8.99393e-06
-3.64229e-13
8.99393e-06
-1.98064e-13
8.99393e-06
-4.65192e-14
8.99393e-06
1.20721e-15
8.99393e-06
-9.51953e-15
8.99393e-06
-1.05453e-13
8.99393e-06
-2.06993e-13
8.99393e-06
-1.69952e-13
8.99393e-06
-1.5878e-13
8.99393e-06
-3.06724e-13
8.99393e-06
-4.28082e-13
8.99393e-06
-4.29006e-13
8.99393e-06
-3.80696e-13
8.99393e-06
-2.99397e-13
8.99393e-06
-1.59145e-13
8.99393e-06
9.34374e-14
8.99393e-06
4.51246e-13
8.99393e-06
7.38176e-13
8.99393e-06
8.34762e-13
8.99393e-06
6.97786e-13
8.99392e-06
4.82101e-13
8.99392e-06
5.03112e-13
8.99392e-06
7.59934e-13
8.99392e-06
9.30423e-13
8.99392e-06
9.69513e-13
8.99392e-06
1.00913e-12
8.99393e-06
1.02354e-12
8.99393e-06
9.80305e-13
8.99393e-06
9.14047e-13
8.99393e-06
8.1033e-13
8.99393e-06
6.73842e-13
8.99393e-06
5.23134e-13
8.99393e-06
2.3809e-13
8.99393e-06
-1.54329e-13
8.99393e-06
-4.43892e-13
8.99393e-06
-4.8106e-13
8.99393e-06
-3.44118e-13
8.99393e-06
-3.18696e-13
8.99393e-06
-5.00939e-13
8.99393e-06
-6.67408e-13
8.99393e-06
-5.75432e-13
8.99393e-06
-2.41121e-13
8.99393e-06
1.28009e-13
8.99393e-06
2.70539e-13
8.99393e-06
1.93948e-13
8.99393e-06
1.0225e-13
8.99393e-06
8.82481e-14
8.99393e-06
5.69631e-14
8.99393e-06
-4.25003e-14
8.99393e-06
-1.4483e-13
8.99393e-06
-1.79493e-13
8.99393e-06
-1.59862e-13
8.99393e-06
-1.5758e-13
8.99393e-06
-2.73998e-13
8.99393e-06
-5.14886e-13
8.99393e-06
-7.63313e-13
8.99393e-06
-8.12851e-13
8.99393e-06
-7.06257e-13
8.99393e-06
-5.9775e-13
8.99393e-06
-5.09434e-13
8.99393e-06
-4.42954e-13
8.99393e-06
-4.4616e-13
8.99393e-06
-4.49762e-13
8.99393e-06
-3.37895e-13
8.99393e-06
-1.4281e-13
8.99393e-06
4.89006e-14
8.99393e-06
2.21328e-13
8.99393e-06
3.48697e-13
8.99393e-06
4.50713e-13
8.99393e-06
6.2126e-13
8.99393e-06
8.79376e-13
8.99393e-06
1.02676e-12
8.99393e-06
8.47315e-13
8.99393e-06
4.73421e-13
8.99393e-06
2.23927e-13
8.99393e-06
1.93543e-13
8.99393e-06
2.42531e-13
8.99393e-06
3.11087e-13
8.99393e-06
2.89303e-13
8.99393e-06
1.47067e-13
8.99393e-06
1.08563e-13
8.99393e-06
2.29924e-13
8.99393e-06
2.20329e-13
8.99393e-06
6.1717e-14
8.99393e-06
-3.33379e-14
8.99393e-06
-6.26779e-14
8.99393e-06
-1.12748e-13
8.99393e-06
-1.2516e-13
8.99393e-06
-7.22798e-14
8.99393e-06
1.57632e-14
8.99393e-06
9.33791e-14
8.99393e-06
1.15987e-13
8.99393e-06
5.2061e-14
8.99393e-06
-1.50183e-13
8.99393e-06
-3.82194e-13
8.99393e-06
-4.57107e-13
8.99393e-06
-5.29649e-13
8.99393e-06
-6.43347e-13
8.99393e-06
-5.12597e-13
8.99393e-06
-2.67632e-13
8.99393e-06
-2.99288e-13
8.99393e-06
-4.10276e-13
8.99393e-06
-3.97337e-13
8.99393e-06
-2.02615e-13
8.99393e-06
3.29012e-13
8.99393e-06
1.037e-12
8.99393e-06
1.66357e-12
8.99392e-06
2.35935e-12
8.99392e-06
3.33909e-12
8.99392e-06
4.59744e-12
8.99392e-06
5.61663e-12
8.99392e-06
6.0452e-12
8.99392e-06
6.75377e-12
8.99392e-06
7.20324e-12
6.76997e-12
1.05415e-05
-2.47665e-12
1.05415e-05
-2.09954e-12
1.05415e-05
-1.02341e-12
1.05415e-05
-8.04205e-13
1.05415e-05
-4.42291e-13
1.05415e-05
-2.92637e-14
1.05415e-05
1.9739e-13
1.05415e-05
9.09817e-13
1.05415e-05
1.46121e-12
1.05415e-05
1.36936e-12
1.05415e-05
7.39058e-13
1.05415e-05
4.56719e-13
1.05415e-05
5.6837e-13
1.05415e-05
6.91836e-13
1.05415e-05
5.42663e-13
1.05415e-05
8.44146e-14
1.05415e-05
-3.84958e-13
1.05415e-05
-7.84257e-13
1.05415e-05
-9.91743e-13
1.05415e-05
-9.41475e-13
1.05415e-05
-8.28339e-13
1.05415e-05
-7.84543e-13
1.05415e-05
-7.51393e-13
1.05415e-05
-6.33107e-13
1.05415e-05
-3.66576e-13
1.05415e-05
1.9156e-14
1.05415e-05
2.45511e-13
1.05415e-05
2.64451e-13
1.05415e-05
2.11367e-13
1.05415e-05
-4.55599e-16
1.05415e-05
-3.4378e-13
1.05415e-05
-5.98354e-13
1.05415e-05
-6.84484e-13
1.05415e-05
-5.70443e-13
1.05415e-05
-3.38957e-13
1.05415e-05
-1.83548e-13
1.05415e-05
-8.1614e-14
1.05415e-05
3.7905e-14
1.05415e-05
1.08867e-13
1.05415e-05
1.57507e-13
1.05415e-05
1.40488e-13
1.05415e-05
2.144e-14
1.05415e-05
-6.23662e-14
1.05415e-05
-6.53332e-14
1.05415e-05
-7.57708e-14
1.05415e-05
-3.5479e-14
1.05415e-05
1.07663e-13
1.05415e-05
3.22708e-13
1.05415e-05
5.85834e-13
1.05415e-05
7.93468e-13
1.05415e-05
9.01482e-13
1.05415e-05
9.9465e-13
1.05415e-05
1.09936e-12
1.05415e-05
1.18575e-12
1.05415e-05
1.17256e-12
1.05415e-05
9.50031e-13
1.05415e-05
6.60413e-13
1.05415e-05
5.74984e-13
1.05415e-05
6.52904e-13
1.05415e-05
7.47296e-13
1.05415e-05
8.21332e-13
1.05415e-05
8.21454e-13
1.05415e-05
7.0099e-13
1.05415e-05
5.00109e-13
1.05415e-05
2.48289e-13
1.05415e-05
4.30487e-14
1.05415e-05
-3.37733e-14
1.05415e-05
-4.95828e-14
1.05415e-05
-1.57719e-13
1.05415e-05
-3.74026e-13
1.05415e-05
-5.49935e-13
1.05415e-05
-5.02226e-13
1.05415e-05
-2.62475e-13
1.05415e-05
-5.16089e-14
1.05415e-05
2.03296e-14
1.05415e-05
3.42837e-14
1.05415e-05
1.09419e-13
1.05415e-05
2.80797e-13
1.05415e-05
3.93552e-13
1.05415e-05
2.95618e-13
1.05415e-05
7.75994e-14
1.05415e-05
-4.43782e-14
1.05415e-05
-9.67996e-15
1.05415e-05
6.23961e-14
1.05415e-05
6.63988e-14
1.05415e-05
3.66984e-15
1.05415e-05
-7.47566e-14
1.05415e-05
-1.26469e-13
1.05415e-05
-1.38946e-13
1.05415e-05
-1.89995e-13
1.05415e-05
-3.49023e-13
1.05415e-05
-5.30674e-13
1.05415e-05
-6.07827e-13
1.05415e-05
-6.00038e-13
1.05415e-05
-5.58559e-13
1.05415e-05
-4.79968e-13
1.05415e-05
-4.35548e-13
1.05415e-05
-4.38329e-13
1.05415e-05
-4.28438e-13
1.05415e-05
-3.29786e-13
1.05415e-05
-1.24628e-13
1.05415e-05
1.39095e-13
1.05415e-05
3.41846e-13
1.05415e-05
4.13255e-13
1.05415e-05
3.93538e-13
1.05415e-05
3.71498e-13
1.05415e-05
4.26993e-13
1.05415e-05
4.49123e-13
1.05415e-05
2.95499e-13
1.05415e-05
7.07053e-14
1.05415e-05
-1.59243e-14
1.05415e-05
2.8652e-14
1.05415e-05
1.26743e-13
1.05415e-05
1.9774e-13
1.05415e-05
1.00104e-13
1.05415e-05
-1.09791e-13
1.05415e-05
-2.17344e-13
1.05415e-05
-2.64223e-13
1.05415e-05
-3.63559e-13
1.05415e-05
-4.43409e-13
1.05415e-05
-4.35967e-13
1.05415e-05
-3.48947e-13
1.05415e-05
-2.23291e-13
1.05415e-05
-1.4522e-13
1.05415e-05
-1.35544e-13
1.05415e-05
-1.89336e-13
1.05415e-05
-3.26254e-13
1.05415e-05
-4.53756e-13
1.05415e-05
-5.3691e-13
1.05415e-05
-6.30419e-13
1.05415e-05
-6.18147e-13
1.05415e-05
-5.30193e-13
1.05415e-05
-6.02207e-13
1.05415e-05
-6.42546e-13
1.05415e-05
-3.58758e-13
1.05415e-05
1.62939e-14
1.05415e-05
2.54056e-13
1.05415e-05
3.10759e-13
1.05415e-05
3.03877e-13
1.05415e-05
6.64187e-13
1.05415e-05
1.38233e-12
1.05415e-05
2.18162e-12
1.05415e-05
3.06374e-12
1.05415e-05
3.78386e-12
1.05415e-05
4.50765e-12
1.05415e-05
5.85837e-12
1.05415e-05
7.13182e-12
1.05415e-05
7.39268e-12
1.05415e-05
7.14854e-12
6.56636e-12
1.16456e-05
-8.81009e-14
1.16456e-05
-2.70679e-13
1.16456e-05
5.70229e-13
1.16456e-05
1.38713e-12
1.16456e-05
1.75386e-12
1.16456e-05
1.67381e-12
1.16456e-05
1.63554e-12
1.16456e-05
1.92729e-12
1.16456e-05
2.25611e-12
1.16456e-05
2.15897e-12
1.16455e-05
1.75631e-12
1.16455e-05
1.19538e-12
1.16455e-05
6.47661e-13
1.16455e-05
4.54319e-13
1.16455e-05
4.94898e-13
1.16456e-05
3.26415e-13
1.16456e-05
-5.13622e-14
1.16455e-05
-4.55639e-13
1.16455e-05
-7.25951e-13
1.16455e-05
-7.60054e-13
1.16455e-05
-7.02783e-13
1.16455e-05
-6.52484e-13
1.16455e-05
-5.94838e-13
1.16455e-05
-5.85462e-13
1.16455e-05
-6.66415e-13
1.16455e-05
-5.94626e-13
1.16455e-05
-3.73022e-13
1.16455e-05
-2.26093e-13
1.16455e-05
-2.0541e-13
1.16455e-05
-3.53925e-13
1.16455e-05
-6.17973e-13
1.16455e-05
-8.05329e-13
1.16455e-05
-9.24531e-13
1.16455e-05
-9.52793e-13
1.16455e-05
-8.28502e-13
1.16455e-05
-7.0307e-13
1.16455e-05
-6.55413e-13
1.16455e-05
-5.73155e-13
1.16455e-05
-4.61082e-13
1.16455e-05
-3.53674e-13
1.16455e-05
-2.81446e-13
1.16455e-05
-3.42443e-13
1.16455e-05
-4.48648e-13
1.16455e-05
-4.36609e-13
1.16455e-05
-3.25839e-13
1.16455e-05
-1.60416e-13
1.16455e-05
-6.04231e-15
1.16455e-05
6.97457e-14
1.16455e-05
1.46931e-13
1.16455e-05
2.52668e-13
1.16455e-05
3.16003e-13
1.16455e-05
3.35889e-13
1.16455e-05
3.3283e-13
1.16455e-05
2.91407e-13
1.16455e-05
3.02624e-13
1.16455e-05
3.25926e-13
1.16455e-05
2.54761e-13
1.16455e-05
1.47791e-13
1.16455e-05
4.95643e-14
1.16455e-05
-5.66839e-14
1.16455e-05
-1.29656e-13
1.16455e-05
-1.40092e-13
1.16455e-05
-1.37769e-13
1.16455e-05
-1.5812e-13
1.16455e-05
-2.70121e-13
1.16455e-05
-4.50779e-13
1.16455e-05
-5.17516e-13
1.16455e-05
-3.39121e-13
1.16455e-05
-2.29265e-14
1.16455e-05
2.12869e-13
1.16455e-05
2.20496e-13
1.16455e-05
9.56277e-14
1.16455e-05
4.95066e-14
1.16455e-05
1.29755e-13
1.16455e-05
2.0982e-13
1.16455e-05
2.00676e-13
1.16455e-05
1.34946e-13
1.16455e-05
1.56171e-13
1.16455e-05
3.35476e-13
1.16455e-05
5.63659e-13
1.16455e-05
6.4491e-13
1.16455e-05
5.79642e-13
1.16455e-05
5.31106e-13
1.16455e-05
5.66559e-13
1.16455e-05
6.02953e-13
1.16455e-05
5.72115e-13
1.16455e-05
4.39315e-13
1.16455e-05
2.2137e-13
1.16455e-05
2.51433e-14
1.16455e-05
-3.95403e-14
1.16455e-05
3.42553e-15
1.16455e-05
1.32918e-14
1.16455e-05
-4.12239e-14
1.16455e-05
-1.16762e-13
1.16455e-05
-1.83224e-13
1.16455e-05
-1.96786e-13
1.16455e-05
-1.30105e-13
1.16455e-05
-3.56141e-14
1.16455e-05
-6.35969e-15
1.16455e-05
-5.6423e-14
1.16455e-05
-7.30813e-14
1.16455e-05
6.28436e-14
1.16455e-05
2.9293e-13
1.16455e-05
4.82986e-13
1.16455e-05
5.52723e-13
1.16455e-05
4.90596e-13
1.16455e-05
4.32151e-13
1.16455e-05
5.12732e-13
1.16455e-05
6.03802e-13
1.16455e-05
5.25031e-13
1.16455e-05
3.59833e-13
1.16455e-05
2.4915e-13
1.16455e-05
2.31316e-13
1.16455e-05
3.14123e-13
1.16455e-05
3.82659e-13
1.16455e-05
3.03276e-13
1.16455e-05
1.3629e-13
1.16455e-05
-2.03031e-14
1.16455e-05
-1.22132e-13
1.16455e-05
-1.55908e-13
1.16455e-05
-1.64609e-13
1.16456e-05
-1.6236e-13
1.16456e-05
-1.27783e-13
1.16455e-05
-1.24154e-13
1.16455e-05
-1.41453e-13
1.16455e-05
-1.30415e-13
1.16455e-05
-1.85792e-13
1.16455e-05
-2.774e-13
1.16455e-05
-2.68135e-13
1.16455e-05
-2.47687e-13
1.16455e-05
-2.35322e-13
1.16455e-05
-1.07376e-13
1.16455e-05
-3.24644e-14
1.16455e-05
-1.2545e-13
1.16455e-05
-1.72714e-13
1.16455e-05
-1.12583e-13
1.16455e-05
1.85279e-14
1.16455e-05
2.26759e-13
1.16455e-05
4.43517e-13
1.16455e-05
8.06322e-13
1.16455e-05
1.30225e-12
1.16455e-05
1.79117e-12
1.16455e-05
2.51045e-12
1.16455e-05
3.36966e-12
1.16455e-05
4.03683e-12
1.16455e-05
4.81523e-12
1.16455e-05
6.08877e-12
1.16455e-05
6.52653e-12
1.16455e-05
6.33524e-12
5.82376e-12
1.23075e-05
3.21183e-12
1.23075e-05
3.28693e-12
1.23075e-05
3.67457e-12
1.23075e-05
3.9286e-12
1.23075e-05
4.04309e-12
1.23075e-05
3.72297e-12
1.23075e-05
3.2889e-12
1.23075e-05
3.04651e-12
1.23075e-05
2.88386e-12
1.23075e-05
2.60207e-12
1.23075e-05
2.19551e-12
1.23075e-05
1.75038e-12
1.23075e-05
1.09377e-12
1.23075e-05
3.97661e-13
1.23075e-05
9.37957e-14
1.23075e-05
-3.14419e-14
1.23075e-05
-1.62672e-13
1.23075e-05
-3.51078e-13
1.23075e-05
-5.24195e-13
1.23075e-05
-5.13461e-13
1.23075e-05
-4.14565e-13
1.23075e-05
-4.43225e-13
1.23074e-05
-4.99768e-13
1.23075e-05
-4.90533e-13
1.23075e-05
-5.70047e-13
1.23075e-05
-6.31599e-13
1.23075e-05
-5.53094e-13
1.23075e-05
-4.42925e-13
1.23075e-05
-3.65272e-13
1.23075e-05
-3.5519e-13
1.23075e-05
-4.25307e-13
1.23074e-05
-4.82148e-13
1.23074e-05
-5.58246e-13
1.23074e-05
-7.01143e-13
1.23074e-05
-7.01096e-13
1.23074e-05
-5.56459e-13
1.23074e-05
-4.5156e-13
1.23074e-05
-4.01365e-13
1.23074e-05
-3.97235e-13
1.23074e-05
-4.59557e-13
1.23074e-05
-4.58562e-13
1.23074e-05
-3.74693e-13
1.23074e-05
-2.64972e-13
1.23074e-05
-1.04337e-13
1.23074e-05
7.0124e-14
1.23074e-05
2.2921e-13
1.23074e-05
3.3202e-13
1.23074e-05
3.33033e-13
1.23074e-05
3.6099e-13
1.23074e-05
5.08282e-13
1.23074e-05
6.53536e-13
1.23074e-05
7.45313e-13
1.23074e-05
7.96734e-13
1.23074e-05
7.06609e-13
1.23074e-05
5.2989e-13
1.23074e-05
3.90819e-13
1.23074e-05
2.56007e-13
1.23074e-05
1.34902e-13
1.23074e-05
8.69399e-14
1.23074e-05
5.97617e-14
1.23074e-05
-6.86818e-15
1.23074e-05
-1.27375e-13
1.23074e-05
-2.49194e-13
1.23074e-05
-2.71292e-13
1.23074e-05
-2.41754e-13
1.23074e-05
-2.88603e-13
1.23074e-05
-4.11477e-13
1.23074e-05
-4.76692e-13
1.23074e-05
-3.737e-13
1.23074e-05
-1.088e-13
1.23074e-05
1.38259e-13
1.23075e-05
1.88329e-13
1.23075e-05
9.87464e-14
1.23075e-05
7.17198e-14
1.23075e-05
1.42518e-13
1.23075e-05
2.57936e-13
1.23075e-05
3.07102e-13
1.23075e-05
2.60319e-13
1.23075e-05
1.95714e-13
1.23075e-05
2.26666e-13
1.23075e-05
3.36004e-13
1.23075e-05
3.99378e-13
1.23074e-05
3.90914e-13
1.23074e-05
4.00577e-13
1.23074e-05
4.41998e-13
1.23074e-05
4.74338e-13
1.23074e-05
5.05779e-13
1.23074e-05
5.022e-13
1.23074e-05
3.85004e-13
1.23074e-05
2.07736e-13
1.23074e-05
1.09223e-13
1.23074e-05
7.42573e-14
1.23074e-05
4.72032e-14
1.23074e-05
4.66798e-14
1.23074e-05
7.40457e-14
1.23074e-05
8.5358e-14
1.23074e-05
1.19185e-13
1.23074e-05
2.29272e-13
1.23074e-05
3.52866e-13
1.23074e-05
3.35486e-13
1.23074e-05
1.73648e-13
1.23074e-05
4.41407e-14
1.23074e-05
4.61636e-14
1.23074e-05
1.62556e-13
1.23074e-05
3.55733e-13
1.23074e-05
4.62555e-13
1.23074e-05
3.53596e-13
1.23074e-05
2.30501e-13
1.23074e-05
3.03293e-13
1.23075e-05
4.43263e-13
1.23075e-05
4.92605e-13
1.23075e-05
4.65493e-13
1.23075e-05
3.76349e-13
1.23075e-05
2.49659e-13
1.23075e-05
1.65123e-13
1.23075e-05
9.19015e-14
1.23075e-05
-3.32423e-14
1.23075e-05
-2.17573e-13
1.23075e-05
-3.58547e-13
1.23075e-05
-3.66746e-13
1.23075e-05
-3.43201e-13
1.23075e-05
-3.53539e-13
1.23075e-05
-3.2777e-13
1.23075e-05
-3.88776e-13
1.23075e-05
-5.99014e-13
1.23075e-05
-7.1329e-13
1.23075e-05
-6.39223e-13
1.23075e-05
-5.58343e-13
1.23075e-05
-4.5686e-13
1.23075e-05
-3.32227e-13
1.23075e-05
-3.27515e-13
1.23075e-05
-3.30247e-13
1.23075e-05
-2.02007e-13
1.23074e-05
-1.03343e-13
1.23074e-05
-1.81495e-13
1.23074e-05
-3.70109e-13
1.23074e-05
-3.60803e-13
1.23074e-05
6.02605e-14
1.23074e-05
5.04253e-13
1.23074e-05
7.36978e-13
1.23074e-05
1.08992e-12
1.23074e-05
1.61166e-12
1.23074e-05
2.30571e-12
1.23074e-05
2.99137e-12
1.23075e-05
3.43705e-12
1.23075e-05
3.76315e-12
1.23075e-05
4.52252e-12
1.23075e-05
4.96785e-12
1.23075e-05
4.68253e-12
4.349e-12
1.2528e-05
6.02162e-12
1.2528e-05
6.67033e-12
1.2528e-05
6.95666e-12
1.2528e-05
6.63596e-12
1.2528e-05
6.089e-12
1.2528e-05
5.3885e-12
1.2528e-05
4.69733e-12
1.2528e-05
4.21037e-12
1.2528e-05
3.35521e-12
1.2528e-05
2.54632e-12
1.2528e-05
1.89691e-12
1.2528e-05
1.40669e-12
1.2528e-05
1.03889e-12
1.2528e-05
6.45921e-13
1.2528e-05
3.01252e-13
1.2528e-05
-2.19485e-14
1.2528e-05
-2.78388e-13
1.2528e-05
-3.50399e-13
1.2528e-05
-3.47524e-13
1.2528e-05
-3.11988e-13
1.2528e-05
-2.28162e-13
1.2528e-05
-2.90416e-13
1.2528e-05
-4.64076e-13
1.2528e-05
-4.80602e-13
1.2528e-05
-3.48274e-13
1.2528e-05
-2.01502e-13
1.2528e-05
-1.03749e-13
1.2528e-05
-1.17524e-13
1.2528e-05
-1.70196e-13
1.2528e-05
-2.1107e-13
1.2528e-05
-2.98728e-13
1.2528e-05
-3.09884e-13
1.2528e-05
-2.13947e-13
1.2528e-05
-1.95592e-13
1.2528e-05
-1.81573e-13
1.2528e-05
-7.14494e-14
1.2528e-05
-2.73345e-14
1.2528e-05
-1.06763e-13
1.2528e-05
-2.39993e-13
1.2528e-05
-4.34674e-13
1.2528e-05
-6.01954e-13
1.2528e-05
-5.84968e-13
1.2528e-05
-3.54947e-13
1.2528e-05
-3.37998e-14
1.2528e-05
2.18491e-13
1.2528e-05
3.97963e-13
1.2528e-05
5.42581e-13
1.2528e-05
5.39565e-13
1.2528e-05
4.44889e-13
1.2528e-05
5.01776e-13
1.2528e-05
6.47818e-13
1.2528e-05
7.5068e-13
1.2528e-05
8.45709e-13
1.2528e-05
8.58265e-13
1.2528e-05
7.15802e-13
1.2528e-05
5.57879e-13
1.2528e-05
4.59902e-13
1.2528e-05
3.584e-13
1.2528e-05
2.40693e-13
1.2528e-05
1.77475e-13
1.2528e-05
1.74638e-13
1.2528e-05
1.2958e-13
1.2528e-05
-1.41979e-14
1.2528e-05
-1.25298e-13
1.2528e-05
-9.19967e-14
1.2528e-05
1.8389e-15
1.2528e-05
5.27682e-14
1.2528e-05
-1.94735e-15
1.2528e-05
-1.33688e-13
1.2528e-05
-2.55167e-13
1.2528e-05
-2.60279e-13
1.2528e-05
-2.5383e-13
1.2528e-05
-3.24845e-13
1.2528e-05
-3.71172e-13
1.2528e-05
-2.93927e-13
1.2528e-05
-1.01834e-13
1.2528e-05
1.21476e-13
1.2528e-05
2.48393e-13
1.2528e-05
2.25701e-13
1.2528e-05
1.42375e-13
1.2528e-05
1.15336e-13
1.2528e-05
1.24012e-13
1.2528e-05
8.78117e-14
1.2528e-05
5.08296e-14
1.2528e-05
8.94728e-14
1.2528e-05
1.71269e-13
1.2528e-05
2.6979e-13
1.2528e-05
3.96479e-13
1.2528e-05
4.72232e-13
1.2528e-05
4.21351e-13
1.2528e-05
3.28778e-13
1.2528e-05
2.65384e-13
1.2528e-05
1.99456e-13
1.2528e-05
1.30689e-13
1.2528e-05
1.35858e-13
1.2528e-05
1.60527e-13
1.2528e-05
1.3275e-13
1.2528e-05
8.39093e-14
1.2528e-05
1.26255e-13
1.2528e-05
1.93389e-13
1.2528e-05
1.70757e-13
1.2528e-05
1.36321e-13
1.2528e-05
1.38446e-13
1.2528e-05
9.01512e-14
1.2528e-05
6.80624e-14
1.2528e-05
1.57998e-13
1.2528e-05
1.86698e-13
1.2528e-05
6.27755e-14
1.2528e-05
4.60839e-14
1.2528e-05
2.00768e-13
1.2528e-05
3.33776e-13
1.2528e-05
4.04454e-13
1.2528e-05
4.39374e-13
1.2528e-05
3.55405e-13
1.2528e-05
1.46869e-13
1.2528e-05
-6.14946e-14
1.2528e-05
-2.0731e-13
1.2528e-05
-3.75101e-13
1.2528e-05
-5.38118e-13
1.2528e-05
-5.16835e-13
1.2528e-05
-4.00228e-13
1.2528e-05
-4.10744e-13
1.2528e-05
-4.42927e-13
1.2528e-05
-4.35498e-13
1.2528e-05
-5.93629e-13
1.2528e-05
-7.93955e-13
1.2528e-05
-7.65787e-13
1.2528e-05
-7.28976e-13
1.2528e-05
-8.49589e-13
1.2528e-05
-8.86658e-13
1.2528e-05
-8.1023e-13
1.2528e-05
-7.9336e-13
1.2528e-05
-7.50657e-13
1.2528e-05
-5.24022e-13
1.2528e-05
-2.39605e-13
1.2528e-05
-1.95702e-13
1.2528e-05
-2.59286e-13
1.2528e-05
-3.09266e-15
1.2528e-05
3.45126e-13
1.2528e-05
4.54156e-13
1.2528e-05
7.85708e-13
1.2528e-05
1.2559e-12
1.2528e-05
1.46809e-12
1.2528e-05
1.99577e-12
1.2528e-05
2.63766e-12
1.2528e-05
2.9129e-12
1.2528e-05
2.92947e-12
1.2528e-05
3.17966e-12
1.2528e-05
2.73417e-12
2.35648e-12
1.23075e-05
7.5061e-12
1.23075e-05
8.43834e-12
1.23075e-05
9.10287e-12
1.23075e-05
8.74377e-12
1.23075e-05
7.79537e-12
1.23075e-05
6.68228e-12
1.23075e-05
5.61907e-12
1.23075e-05
4.78977e-12
1.23075e-05
3.66268e-12
1.23075e-05
2.42012e-12
1.23075e-05
1.5077e-12
1.23075e-05
9.63132e-13
1.23075e-05
7.32862e-13
1.23075e-05
6.27329e-13
1.23075e-05
5.4695e-13
1.23075e-05
3.57438e-13
1.23075e-05
5.93527e-14
1.23075e-05
-9.04214e-14
1.23075e-05
-1.33539e-13
1.23075e-05
-2.68084e-13
1.23075e-05
-3.72666e-13
1.23075e-05
-3.80307e-13
1.23075e-05
-4.00801e-13
1.23075e-05
-3.77428e-13
1.23075e-05
-2.65045e-13
1.23075e-05
-1.31807e-13
1.23075e-05
-3.73626e-14
1.23075e-05
-4.90564e-14
1.23075e-05
-9.2504e-14
1.23075e-05
-7.87976e-14
1.23075e-05
-1.07013e-13
1.23075e-05
-1.10158e-13
1.23075e-05
4.27456e-14
1.23075e-05
1.62248e-13
1.23075e-05
1.46444e-13
1.23075e-05
1.58817e-13
1.23075e-05
1.65576e-13
1.23075e-05
3.51852e-14
1.23075e-05
-1.46327e-13
1.23074e-05
-2.55828e-13
1.23074e-05
-2.58361e-13
1.23074e-05
-1.56304e-13
1.23074e-05
4.40682e-14
1.23075e-05
2.77853e-13
1.23075e-05
3.79501e-13
1.23075e-05
3.51755e-13
1.23075e-05
4.12982e-13
1.23074e-05
5.16621e-13
1.23074e-05
4.82464e-13
1.23074e-05
4.31205e-13
1.23074e-05
4.53786e-13
1.23074e-05
4.35591e-13
1.23074e-05
4.29271e-13
1.23074e-05
5.00719e-13
1.23074e-05
5.07456e-13
1.23074e-05
4.13372e-13
1.23074e-05
3.57588e-13
1.23074e-05
3.62862e-13
1.23074e-05
3.28127e-13
1.23074e-05
2.29426e-13
1.23074e-05
1.40614e-13
1.23074e-05
6.77813e-14
1.23074e-05
-6.72622e-14
1.23075e-05
-2.30055e-13
1.23075e-05
-2.58652e-13
1.23075e-05
-1.46761e-13
1.23075e-05
-1.63574e-14
1.23075e-05
7.66641e-14
1.23075e-05
7.28962e-14
1.23075e-05
-5.28666e-14
1.23075e-05
-1.54659e-13
1.23075e-05
-1.79386e-13
1.23075e-05
-2.19429e-13
1.23075e-05
-3.08729e-13
1.23075e-05
-3.59512e-13
1.23075e-05
-3.09567e-13
1.23075e-05
-1.64028e-13
1.23075e-05
-3.44621e-15
1.23075e-05
6.78503e-14
1.23075e-05
3.71015e-14
1.23075e-05
3.39131e-14
1.23075e-05
1.35616e-13
1.23075e-05
2.24158e-13
1.23075e-05
2.03432e-13
1.23075e-05
1.37205e-13
1.23075e-05
1.11075e-13
1.23075e-05
1.17732e-13
1.23075e-05
2.24108e-13
1.23075e-05
4.05321e-13
1.23075e-05
5.14972e-13
1.23075e-05
5.20895e-13
1.23075e-05
5.319e-13
1.23075e-05
5.55775e-13
1.23075e-05
5.12942e-13
1.23075e-05
4.44897e-13
1.23075e-05
4.05385e-13
1.23075e-05
2.91045e-13
1.23075e-05
4.22154e-14
1.23075e-05
-1.46314e-13
1.23075e-05
-1.63685e-13
1.23075e-05
-1.60049e-13
1.23075e-05
-1.75486e-13
1.23075e-05
-1.1281e-13
1.23075e-05
-1.029e-13
1.23075e-05
-1.92361e-13
1.23075e-05
-1.60975e-13
1.23075e-05
4.39319e-15
1.23075e-05
3.53196e-14
1.23075e-05
-2.37555e-14
1.23075e-05
4.67589e-14
1.23075e-05
1.5566e-13
1.23075e-05
1.63778e-13
1.23075e-05
1.77004e-13
1.23075e-05
2.11308e-13
1.23075e-05
1.35946e-13
1.23075e-05
-6.27173e-14
1.23075e-05
-1.96305e-13
1.23075e-05
-2.83103e-13
1.23075e-05
-4.7577e-13
1.23075e-05
-6.00822e-13
1.23075e-05
-5.19684e-13
1.23075e-05
-5.12721e-13
1.23075e-05
-6.42208e-13
1.23075e-05
-6.33489e-13
1.23075e-05
-5.90737e-13
1.23075e-05
-7.20581e-13
1.23075e-05
-7.82822e-13
1.23075e-05
-7.07852e-13
1.23075e-05
-7.15041e-13
1.23075e-05
-7.68635e-13
1.23075e-05
-7.48167e-13
1.23075e-05
-7.98345e-13
1.23075e-05
-9.06655e-13
1.23075e-05
-7.81103e-13
1.23075e-05
-2.87364e-13
1.23075e-05
6.68123e-14
1.23075e-05
2.52962e-14
1.23075e-05
1.04712e-13
1.23075e-05
4.15332e-13
1.23075e-05
5.25579e-13
1.23075e-05
6.29669e-13
1.23075e-05
1.01836e-12
1.23075e-05
9.5705e-13
1.23075e-05
8.67226e-13
1.23075e-05
1.1401e-12
1.23075e-05
1.52177e-12
1.23075e-05
1.05541e-12
1.23075e-05
7.70197e-13
1.23075e-05
6.05741e-13
5.76402e-13
1.16456e-05
9.03008e-12
1.16456e-05
9.91333e-12
1.16456e-05
1.03481e-11
1.16456e-05
9.88928e-12
1.16456e-05
8.82314e-12
1.16456e-05
7.48495e-12
1.16456e-05
6.3315e-12
1.16456e-05
5.13532e-12
1.16456e-05
3.78093e-12
1.16456e-05
2.4465e-12
1.16456e-05
1.49586e-12
1.16456e-05
9.17629e-13
1.16456e-05
6.01333e-13
1.16456e-05
4.2649e-13
1.16456e-05
3.2176e-13
1.16456e-05
1.60692e-13
1.16456e-05
-1.43783e-13
1.16456e-05
-3.54997e-13
1.16456e-05
-3.54905e-13
1.16456e-05
-3.73539e-13
1.16456e-05
-4.17541e-13
1.16456e-05
-2.97424e-13
1.16456e-05
-1.45267e-13
1.16456e-05
-9.49132e-14
1.16456e-05
-1.55537e-13
1.16456e-05
-3.08039e-13
1.16456e-05
-4.70793e-13
1.16456e-05
-6.23171e-13
1.16456e-05
-7.22802e-13
1.16456e-05
-6.58492e-13
1.16456e-05
-5.46631e-13
1.16456e-05
-4.94312e-13
1.16456e-05
-3.4137e-13
1.16456e-05
-1.54597e-13
1.16456e-05
-1.67041e-13
1.16456e-05
-3.04452e-13
1.16456e-05
-3.6938e-13
1.16456e-05
-4.12453e-13
1.16456e-05
-4.55502e-13
1.16456e-05
-4.40665e-13
1.16456e-05
-3.66747e-13
1.16456e-05
-2.90225e-13
1.16456e-05
-1.91662e-13
1.16456e-05
-9.35078e-15
1.16456e-05
1.06933e-13
1.16456e-05
4.0745e-15
1.16456e-05
-1.11811e-13
1.16456e-05
-5.60144e-14
1.16456e-05
6.74265e-15
1.16456e-05
1.81074e-14
1.16456e-05
8.7824e-14
1.16456e-05
1.11648e-13
1.16456e-05
4.7045e-14
1.16455e-05
2.834e-14
1.16455e-05
5.58051e-14
1.16455e-05
1.10399e-14
1.16455e-05
-1.20412e-13
1.16455e-05
-2.41945e-13
1.16455e-05
-3.13821e-13
1.16455e-05
-3.63112e-13
1.16456e-05
-3.59801e-13
1.16456e-05
-2.51721e-13
1.16456e-05
-1.73018e-13
1.16456e-05
-2.62257e-13
1.16456e-05
-4.0203e-13
1.16456e-05
-4.55743e-13
1.16456e-05
-4.39188e-13
1.16456e-05
-3.5315e-13
1.16456e-05
-2.34101e-13
1.16456e-05
-1.84872e-13
1.16456e-05
-1.2818e-13
1.16456e-05
8.31834e-14
1.16456e-05
3.82141e-13
1.16456e-05
5.70867e-13
1.16456e-05
5.62464e-13
1.16456e-05
4.103e-13
1.16456e-05
2.12009e-13
1.16456e-05
7.60987e-14
1.16456e-05
2.45695e-14
1.16456e-05
-1.6568e-14
1.16456e-05
-6.37493e-14
1.16456e-05
3.81376e-14
1.16456e-05
3.05304e-13
1.16456e-05
5.66531e-13
1.16456e-05
7.20504e-13
1.16456e-05
7.8761e-13
1.16456e-05
7.32339e-13
1.16456e-05
6.55848e-13
1.16456e-05
7.15592e-13
1.16456e-05
8.51956e-13
1.16456e-05
9.14643e-13
1.16456e-05
9.10143e-13
1.16456e-05
9.26588e-13
1.16456e-05
9.25739e-13
1.16456e-05
8.97499e-13
1.16456e-05
9.14544e-13
1.16456e-05
9.41861e-13
1.16456e-05
8.0624e-13
1.16456e-05
5.49926e-13
1.16456e-05
3.84122e-13
1.16456e-05
2.77153e-13
1.16456e-05
7.13891e-14
1.16456e-05
-1.12671e-13
1.16456e-05
-2.28454e-13
1.16456e-05
-3.96458e-13
1.16456e-05
-4.42034e-13
1.16456e-05
-1.53879e-13
1.16456e-05
1.84111e-13
1.16456e-05
2.65699e-13
1.16456e-05
2.5772e-13
1.16456e-05
3.13537e-13
1.16456e-05
3.10108e-13
1.16456e-05
2.16263e-13
1.16456e-05
1.43041e-13
1.16456e-05
3.41217e-14
1.16456e-05
-2.20965e-13
1.16456e-05
-3.8833e-13
1.16456e-05
-3.06464e-13
1.16456e-05
-2.32294e-13
1.16456e-05
-2.76361e-13
1.16456e-05
-2.13756e-13
1.16456e-05
-1.86326e-13
1.16456e-05
-4.48409e-13
1.16456e-05
-6.87444e-13
1.16456e-05
-7.10653e-13
1.16456e-05
-8.35459e-13
1.16456e-05
-1.05839e-12
1.16456e-05
-1.03367e-12
1.16456e-05
-8.0285e-13
1.16456e-05
-5.96061e-13
1.16456e-05
-4.4849e-13
1.16456e-05
-3.21287e-13
1.16456e-05
-3.16605e-13
1.16456e-05
-4.14709e-13
1.16456e-05
-3.51092e-13
1.16456e-05
-1.82183e-13
1.16456e-05
-2.29534e-13
1.16456e-05
-2.41995e-13
1.16456e-05
1.14191e-13
1.16456e-05
3.74748e-13
1.16456e-05
3.38652e-13
1.16456e-05
3.60849e-13
1.16456e-05
4.23589e-13
1.16456e-05
1.77313e-13
1.16456e-05
-1.67289e-13
1.16456e-05
-3.17236e-13
1.16456e-05
-7.13267e-13
1.16456e-05
-1.16242e-12
1.16456e-05
-1.74993e-12
-1.71544e-12
1.05415e-05
8.96539e-12
1.05415e-05
9.86318e-12
1.05415e-05
9.97465e-12
1.05415e-05
9.22663e-12
1.05415e-05
8.19355e-12
1.05415e-05
6.89046e-12
1.05415e-05
5.45664e-12
1.05415e-05
4.05736e-12
1.05415e-05
2.89475e-12
1.05415e-05
1.9585e-12
1.05415e-05
1.27901e-12
1.05415e-05
7.7589e-13
1.05415e-05
3.91062e-13
1.05415e-05
1.52408e-13
1.05415e-05
1.07842e-13
1.05415e-05
1.76333e-13
1.05415e-05
6.70694e-14
1.05415e-05
-2.16382e-13
1.05415e-05
-3.49301e-13
1.05415e-05
-3.06033e-13
1.05415e-05
-1.72367e-13
1.05415e-05
1.2125e-13
1.05415e-05
4.32555e-13
1.05415e-05
4.99001e-13
1.05415e-05
2.47876e-13
1.05415e-05
-2.06118e-13
1.05415e-05
-6.30546e-13
1.05415e-05
-8.91612e-13
1.05415e-05
-9.79486e-13
1.05415e-05
-8.26406e-13
1.05415e-05
-5.36434e-13
1.05415e-05
-3.58058e-13
1.05415e-05
-1.95284e-13
1.05415e-05
8.16934e-14
1.05415e-05
2.36153e-13
1.05415e-05
1.24953e-13
1.05415e-05
-9.61276e-14
1.05415e-05
-3.39825e-13
1.05415e-05
-5.19051e-13
1.05415e-05
-4.91376e-13
1.05415e-05
-2.42919e-13
1.05415e-05
1.74546e-14
1.05415e-05
1.68123e-13
1.05415e-05
3.37404e-13
1.05415e-05
5.65149e-13
1.05415e-05
5.95139e-13
1.05415e-05
4.07359e-13
1.05415e-05
2.52045e-13
1.05415e-05
1.1826e-13
1.05415e-05
-6.03299e-14
1.05415e-05
-1.04931e-13
1.05415e-05
-1.03521e-14
1.05415e-05
3.45093e-14
1.05415e-05
6.67467e-15
1.05415e-05
-1.4235e-14
1.05415e-05
-6.91084e-14
1.05415e-05
-2.14945e-13
1.05415e-05
-3.84364e-13
1.05415e-05
-5.37224e-13
1.05415e-05
-7.42613e-13
1.05415e-05
-9.7502e-13
1.05415e-05
-1.01609e-12
1.05415e-05
-8.47336e-13
1.05415e-05
-6.71923e-13
1.05415e-05
-6.01102e-13
1.05415e-05
-5.74256e-13
1.05415e-05
-5.52113e-13
1.05415e-05
-4.36312e-13
1.05415e-05
-1.78063e-13
1.05415e-05
5.99937e-14
1.05415e-05
1.35306e-13
1.05415e-05
1.48991e-13
1.05415e-05
2.67766e-13
1.05415e-05
4.63014e-13
1.05415e-05
5.90985e-13
1.05415e-05
5.87241e-13
1.05415e-05
4.38799e-13
1.05415e-05
2.2904e-13
1.05415e-05
1.23279e-13
1.05415e-05
1.77305e-13
1.05415e-05
2.44966e-13
1.05415e-05
2.92682e-13
1.05415e-05
3.9629e-13
1.05415e-05
5.39498e-13
1.05415e-05
6.97251e-13
1.05415e-05
8.83746e-13
1.05415e-05
1.01902e-12
1.05415e-05
1.03781e-12
1.05415e-05
1.02176e-12
1.05415e-05
1.08056e-12
1.05415e-05
1.14431e-12
1.05415e-05
1.13876e-12
1.05415e-05
1.09562e-12
1.05415e-05
1.00701e-12
1.05415e-05
8.22168e-13
1.05415e-05
6.79169e-13
1.05415e-05
7.19528e-13
1.05415e-05
7.6745e-13
1.05415e-05
6.16492e-13
1.05415e-05
3.88751e-13
1.05415e-05
1.99605e-13
1.05415e-05
-5.3496e-14
1.05415e-05
-2.60627e-13
1.05415e-05
-3.15463e-13
1.05415e-05
-3.94357e-13
1.05415e-05
-5.84302e-13
1.05415e-05
-5.7153e-13
1.05415e-05
-2.73849e-13
1.05415e-05
-4.8436e-15
1.05415e-05
1.22779e-13
1.05415e-05
2.59955e-13
1.05415e-05
3.46047e-13
1.05415e-05
2.62075e-13
1.05415e-05
1.41624e-13
1.05415e-05
4.12555e-14
1.05415e-05
-2.37998e-13
1.05415e-05
-6.02823e-13
1.05415e-05
-6.62706e-13
1.05415e-05
-4.71908e-13
1.05415e-05
-3.95009e-13
1.05415e-05
-3.03082e-13
1.05415e-05
-9.20098e-14
1.05415e-05
-1.60343e-13
1.05415e-05
-5.31255e-13
1.05415e-05
-7.87318e-13
1.05415e-05
-9.61429e-13
1.05415e-05
-1.22292e-12
1.05415e-05
-1.32339e-12
1.05415e-05
-1.13465e-12
1.05415e-05
-9.15917e-13
1.05415e-05
-7.18077e-13
1.05415e-05
-2.80142e-13
1.05415e-05
2.26109e-13
1.05415e-05
2.74263e-13
1.05415e-05
5.02804e-14
1.05415e-05
1.02926e-13
1.05415e-05
1.22171e-13
1.05415e-05
-2.0053e-13
1.05415e-05
-2.9935e-13
1.05415e-05
-1.8667e-13
1.05415e-05
-2.60295e-13
1.05415e-05
-4.67883e-13
1.05415e-05
-3.57853e-13
1.05415e-05
-5.22627e-13
1.05415e-05
-6.60632e-13
1.05415e-05
-9.92038e-13
1.05415e-05
-1.88298e-12
1.05415e-05
-2.8174e-12
1.05415e-05
-3.18578e-12
-2.70064e-12
8.99392e-06
7.78672e-12
8.99392e-06
8.63553e-12
8.99393e-06
8.44819e-12
8.99393e-06
7.26875e-12
8.99393e-06
5.68304e-12
8.99393e-06
4.33213e-12
8.99393e-06
3.06373e-12
8.99393e-06
1.98861e-12
8.99393e-06
1.3739e-12
8.99393e-06
9.0136e-13
8.99393e-06
4.37729e-13
8.99393e-06
2.614e-13
8.99393e-06
3.83548e-13
8.99394e-06
4.48227e-13
8.99394e-06
3.09429e-13
8.99394e-06
2.00829e-13
8.99394e-06
2.10692e-13
8.99394e-06
1.21095e-13
8.99394e-06
1.06073e-14
8.99394e-06
-1.61463e-14
8.99394e-06
-6.48959e-14
8.99394e-06
-1.15787e-13
8.99394e-06
-1.29226e-13
8.99394e-06
-1.66027e-13
8.99394e-06
-2.75512e-13
8.99394e-06
-4.17804e-13
8.99394e-06
-4.63909e-13
8.99394e-06
-3.77212e-13
8.99394e-06
-2.75083e-13
8.99394e-06
-1.2105e-13
8.99394e-06
1.35768e-13
8.99394e-06
2.59846e-13
8.99394e-06
2.02375e-13
8.99394e-06
2.18532e-13
8.99394e-06
3.30292e-13
8.99393e-06
3.44547e-13
8.99393e-06
2.48828e-13
8.99393e-06
1.44704e-13
8.99393e-06
1.61908e-14
8.99393e-06
-9.4469e-14
8.99393e-06
-4.19287e-14
8.99393e-06
1.38362e-13
8.99393e-06
2.13268e-13
8.99393e-06
2.00445e-13
8.99393e-06
3.38193e-13
8.99393e-06
5.13359e-13
8.99393e-06
4.94584e-13
8.99393e-06
4.14152e-13
8.99393e-06
3.76921e-13
8.99393e-06
2.08518e-13
8.99393e-06
-5.74675e-14
8.99393e-06
-2.42366e-13
8.99393e-06
-3.86825e-13
8.99393e-06
-5.50584e-13
8.99393e-06
-6.20071e-13
8.99393e-06
-5.64527e-13
8.99393e-06
-5.21167e-13
8.99393e-06
-5.13332e-13
8.99393e-06
-4.51743e-13
8.99393e-06
-3.84748e-13
8.99393e-06
-4.83234e-13
8.99393e-06
-6.69483e-13
8.99393e-06
-7.0814e-13
8.99393e-06
-5.83631e-13
8.99393e-06
-4.00339e-13
8.99393e-06
-1.72335e-13
8.99393e-06
3.5064e-14
8.99393e-06
1.49549e-13
8.99393e-06
2.77499e-13
8.99393e-06
4.58046e-13
8.99393e-06
5.18901e-13
8.99393e-06
3.7422e-13
8.99393e-06
1.73911e-13
8.99393e-06
6.16739e-14
8.99393e-06
3.98867e-14
8.99393e-06
9.23779e-14
8.99393e-06
1.78324e-13
8.99394e-06
2.03832e-13
8.99394e-06
1.70589e-13
8.99393e-06
1.88007e-13
8.99393e-06
2.37578e-13
8.99393e-06
2.57428e-13
8.99393e-06
2.84868e-13
8.99393e-06
3.36117e-13
8.99393e-06
4.1522e-13
8.99393e-06
5.61677e-13
8.99393e-06
7.72196e-13
8.99393e-06
9.38437e-13
8.99393e-06
1.01622e-12
8.99393e-06
1.06943e-12
8.99393e-06
1.08476e-12
8.99393e-06
1.01027e-12
8.99393e-06
9.31164e-13
8.99393e-06
9.0163e-13
8.99393e-06
7.67393e-13
8.99393e-06
4.56541e-13
8.99393e-06
1.78294e-13
8.99393e-06
4.09612e-14
8.99393e-06
-1.17659e-13
8.99393e-06
-2.92028e-13
8.99393e-06
-3.96735e-13
8.99394e-06
-5.23027e-13
8.99394e-06
-7.05663e-13
8.99394e-06
-6.91236e-13
8.99394e-06
-4.81198e-13
8.99394e-06
-4.43978e-13
8.99394e-06
-5.83422e-13
8.99394e-06
-6.10497e-13
8.99394e-06
-5.63049e-13
8.99394e-06
-5.96987e-13
8.99394e-06
-5.71765e-13
8.99394e-06
-4.15515e-13
8.99394e-06
-3.4013e-13
8.99394e-06
-3.67039e-13
8.99394e-06
-2.98866e-13
8.99394e-06
-2.24617e-13
8.99394e-06
-3.66669e-13
8.99394e-06
-4.54541e-13
8.99394e-06
-3.18497e-13
8.99394e-06
-3.22084e-13
8.99394e-06
-5.60156e-13
8.99394e-06
-6.32963e-13
8.99394e-06
-5.95131e-13
8.99394e-06
-7.50534e-13
8.99394e-06
-8.57736e-13
8.99394e-06
-7.39201e-13
8.99394e-06
-6.15128e-13
8.99394e-06
-5.65599e-13
8.99394e-06
-4.29003e-13
8.99394e-06
-2.9064e-13
8.99394e-06
-3.11142e-13
8.99394e-06
-2.43888e-13
8.99394e-06
1.64332e-13
8.99394e-06
5.10394e-13
8.99394e-06
5.57164e-13
8.99393e-06
7.81303e-13
8.99393e-06
1.01394e-12
8.99393e-06
6.32174e-13
8.99393e-06
9.50617e-14
8.99393e-06
1.50489e-13
8.99393e-06
2.96001e-13
8.99394e-06
1.46847e-13
8.99394e-06
-1.39595e-13
8.99394e-06
-7.09445e-13
8.99394e-06
-1.30458e-12
8.99394e-06
-1.82194e-12
8.99394e-06
-2.07567e-12
8.99394e-06
-3.0392e-12
8.99394e-06
-3.47642e-12
-2.87752e-12
7.00113e-06
5.36376e-12
7.00113e-06
5.96381e-12
7.00114e-06
5.21239e-12
7.00114e-06
4.39247e-12
7.00114e-06
3.68851e-12
7.00114e-06
3.22534e-12
7.00114e-06
2.79533e-12
7.00115e-06
2.03243e-12
7.00115e-06
1.26342e-12
7.00115e-06
7.31223e-13
7.00115e-06
2.64791e-13
7.00115e-06
-3.56192e-14
7.00115e-06
-4.06024e-15
7.00115e-06
2.12194e-13
7.00115e-06
2.68561e-13
7.00115e-06
1.84582e-13
7.00115e-06
2.11604e-13
7.00115e-06
3.12639e-13
7.00115e-06
4.1534e-13
7.00115e-06
5.70256e-13
7.00115e-06
6.45147e-13
7.00115e-06
5.12829e-13
7.00115e-06
2.6621e-13
7.00115e-06
4.04228e-14
7.00115e-06
-1.21357e-13
7.00115e-06
-2.61196e-13
7.00115e-06
-3.42716e-13
7.00115e-06
-2.91607e-13
7.00115e-06
-2.43526e-13
7.00115e-06
-2.70228e-13
7.00115e-06
-1.57415e-13
7.00115e-06
8.82403e-14
7.00115e-06
1.74223e-13
7.00115e-06
8.63584e-14
7.00115e-06
-2.3242e-14
7.00115e-06
-1.85666e-13
7.00115e-06
-3.86335e-13
7.00115e-06
-4.58224e-13
7.00115e-06
-3.22877e-13
7.00115e-06
-1.2942e-13
7.00115e-06
1.15288e-13
7.00115e-06
4.50163e-13
7.00115e-06
6.85363e-13
7.00115e-06
6.13748e-13
7.00115e-06
4.31366e-13
7.00115e-06
4.10611e-13
7.00115e-06
4.06352e-13
7.00115e-06
3.4021e-13
7.00115e-06
3.39955e-13
7.00115e-06
3.55676e-13
7.00115e-06
2.49544e-13
7.00115e-06
1.02327e-13
7.00115e-06
-3.07986e-14
7.00115e-06
-2.51875e-13
7.00115e-06
-5.36451e-13
7.00115e-06
-6.92412e-13
7.00115e-06
-7.1143e-13
7.00115e-06
-7.1939e-13
7.00115e-06
-7.24871e-13
7.00115e-06
-6.59744e-13
7.00115e-06
-6.35631e-13
7.00115e-06
-7.78455e-13
7.00115e-06
-9.38303e-13
7.00115e-06
-9.71425e-13
7.00115e-06
-9.17339e-13
7.00115e-06
-7.80105e-13
7.00115e-06
-5.45772e-13
7.00115e-06
-3.25498e-13
7.00115e-06
-1.4831e-13
7.00115e-06
9.19855e-14
7.00115e-06
3.78963e-13
7.00115e-06
5.55025e-13
7.00115e-06
5.67532e-13
7.00115e-06
5.06067e-13
7.00115e-06
4.00947e-13
7.00115e-06
2.49223e-13
7.00115e-06
7.67962e-14
7.00115e-06
-1.05396e-13
7.00115e-06
-2.45168e-13
7.00115e-06
-2.45906e-13
7.00115e-06
-5.75275e-14
7.00115e-06
2.26903e-13
7.00115e-06
5.32132e-13
7.00115e-06
7.82232e-13
7.00115e-06
9.0552e-13
7.00115e-06
9.21688e-13
7.00115e-06
9.17108e-13
7.00115e-06
8.75618e-13
7.00115e-06
7.57766e-13
7.00115e-06
6.81094e-13
7.00115e-06
7.54558e-13
7.00115e-06
8.828e-13
7.00115e-06
9.81096e-13
7.00115e-06
1.11689e-12
7.00115e-06
1.24018e-12
7.00115e-06
1.1448e-12
7.00115e-06
8.66536e-13
7.00115e-06
6.38425e-13
7.00115e-06
4.36652e-13
7.00115e-06
1.4613e-13
7.00115e-06
-9.84402e-14
7.00115e-06
-2.38471e-13
7.00115e-06
-4.43339e-13
7.00115e-06
-6.06728e-13
7.00115e-06
-4.58553e-13
7.00115e-06
-1.82151e-13
7.00115e-06
-8.58123e-14
7.00115e-06
-3.80491e-14
7.00115e-06
1.0785e-13
7.00115e-06
1.42773e-13
7.00115e-06
-1.02643e-14
7.00115e-06
-1.4325e-13
7.00115e-06
-2.81063e-13
7.00115e-06
-5.52797e-13
7.00115e-06
-7.20235e-13
7.00115e-06
-5.23566e-13
7.00115e-06
-2.75556e-13
7.00115e-06
-2.05363e-13
7.00115e-06
-8.05364e-14
7.00115e-06
8.7445e-14
7.00115e-06
-4.52761e-14
7.00115e-06
-3.94895e-13
7.00115e-06
-6.89657e-13
7.00115e-06
-9.93688e-13
7.00115e-06
-1.26942e-12
7.00115e-06
-1.30295e-12
7.00115e-06
-1.15843e-12
7.00115e-06
-9.77014e-13
7.00115e-06
-6.90851e-13
7.00115e-06
-3.79786e-13
7.00115e-06
-3.56033e-13
7.00115e-06
-6.01062e-13
7.00115e-06
-5.02132e-13
7.00115e-06
-5.90777e-14
7.00115e-06
2.50549e-14
7.00115e-06
-2.54061e-13
7.00115e-06
-4.92846e-13
7.00115e-06
-6.93947e-13
7.00115e-06
-7.83275e-13
7.00115e-06
-2.22973e-13
7.00115e-06
2.62858e-13
7.00115e-06
2.7036e-13
7.00115e-06
-1.01654e-13
7.00115e-06
-4.92285e-13
7.00115e-06
-1.13832e-12
7.00115e-06
-2.28071e-12
7.00115e-06
-2.59698e-12
7.00115e-06
-2.72199e-12
7.00115e-06
-2.95594e-12
-2.30155e-12
4.56098e-06
2.16778e-12
4.56099e-06
2.41256e-12
4.56099e-06
1.72176e-12
4.561e-06
1.0793e-12
4.561e-06
8.11253e-13
4.561e-06
6.66392e-13
4.561e-06
5.6252e-13
4.561e-06
3.26651e-13
4.561e-06
2.22994e-14
4.561e-06
-2.73887e-14
4.561e-06
9.31688e-14
4.561e-06
1.65225e-13
4.561e-06
1.83813e-13
4.561e-06
2.08962e-13
4.56101e-06
1.59119e-13
4.56101e-06
-6.07092e-14
4.56101e-06
-3.0647e-13
4.56101e-06
-4.37629e-13
4.56101e-06
-4.39069e-13
4.561e-06
-2.93925e-13
4.561e-06
-9.07365e-14
4.561e-06
3.82143e-15
4.56101e-06
-2.62764e-14
4.56101e-06
-6.24825e-14
4.56101e-06
-8.16568e-15
4.56101e-06
6.6091e-14
4.56101e-06
4.19612e-14
4.56101e-06
4.89551e-15
4.56101e-06
2.54441e-14
4.56101e-06
2.70198e-14
4.56101e-06
6.35716e-14
4.56101e-06
2.33353e-13
4.56101e-06
3.45952e-13
4.56101e-06
2.03182e-13
4.56101e-06
-9.73581e-14
4.56101e-06
-3.70953e-13
4.561e-06
-5.33308e-13
4.561e-06
-5.33314e-13
4.561e-06
-3.53919e-13
4.561e-06
-1.60161e-13
4.561e-06
-7.68659e-14
4.561e-06
-1.37867e-14
4.561e-06
1.44198e-13
4.561e-06
2.30626e-13
4.561e-06
1.667e-13
4.561e-06
1.06311e-13
4.561e-06
1.02039e-13
4.561e-06
4.75198e-14
4.561e-06
-3.15339e-14
4.561e-06
-8.92494e-14
4.561e-06
-2.12362e-13
4.561e-06
-3.7905e-13
4.561e-06
-4.31421e-13
4.561e-06
-3.44456e-13
4.561e-06
-2.33138e-13
4.561e-06
-1.71758e-13
4.561e-06
-1.44831e-13
4.561e-06
-1.83906e-13
4.561e-06
-2.8585e-13
4.561e-06
-3.10212e-13
4.561e-06
-1.92284e-13
4.561e-06
-7.58724e-14
4.561e-06
-3.86445e-14
4.561e-06
-8.23159e-15
4.561e-06
5.14876e-14
4.561e-06
9.9858e-14
4.561e-06
1.39791e-13
4.561e-06
1.26195e-13
4.561e-06
1.71393e-16
4.561e-06
-1.43579e-13
4.561e-06
-1.58202e-13
4.561e-06
-5.82733e-14
4.561e-06
4.16369e-14
4.561e-06
8.9916e-14
4.561e-06
9.64416e-14
4.561e-06
7.90187e-14
4.561e-06
6.47443e-14
4.561e-06
4.84328e-14
4.561e-06
-2.8055e-14
4.561e-06
-1.24103e-13
4.561e-06
-1.37101e-13
4.561e-06
-3.77745e-14
4.561e-06
1.34925e-13
4.561e-06
3.40496e-13
4.561e-06
4.93101e-13
4.561e-06
5.19638e-13
4.561e-06
4.8853e-13
4.561e-06
4.95165e-13
4.561e-06
5.0589e-13
4.56101e-06
4.72376e-13
4.56101e-06
4.68244e-13
4.56101e-06
5.02936e-13
4.56101e-06
4.66276e-13
4.56101e-06
3.52276e-13
4.56101e-06
2.72922e-13
4.56101e-06
2.06086e-13
4.56101e-06
6.94964e-14
4.56101e-06
-1.02721e-14
4.56101e-06
4.99058e-14
4.56101e-06
1.05781e-13
4.56101e-06
7.92071e-14
4.56101e-06
5.77892e-14
4.56101e-06
-3.17358e-14
4.56101e-06
-2.85767e-13
4.56101e-06
-5.02622e-13
4.56101e-06
-5.19075e-13
4.56101e-06
-5.13554e-13
4.56101e-06
-5.82719e-13
4.56101e-06
-5.36956e-13
4.56101e-06
-3.34692e-13
4.56101e-06
-1.3961e-13
4.56101e-06
1.30799e-15
4.56101e-06
9.40264e-14
4.56101e-06
-9.59495e-15
4.56101e-06
-2.84579e-13
4.56101e-06
-3.94614e-13
4.56101e-06
-2.82615e-13
4.56101e-06
-2.40424e-13
4.56101e-06
-2.1386e-13
4.56101e-06
-1.87074e-14
4.56101e-06
1.1255e-13
4.56101e-06
2.0663e-14
4.56101e-06
-3.47472e-14
4.56101e-06
-3.29728e-15
4.561e-06
-1.09697e-13
4.561e-06
-3.05847e-13
4.561e-06
-3.64009e-13
4.561e-06
-2.7943e-13
4.561e-06
-2.33826e-13
4.561e-06
-2.03304e-13
4.561e-06
-2.01444e-14
4.561e-06
2.6348e-13
4.561e-06
5.54894e-13
4.561e-06
8.12917e-13
4.561e-06
6.34436e-13
4.561e-06
9.73091e-14
4.561e-06
-9.98904e-14
4.561e-06
1.83986e-13
4.561e-06
2.10433e-13
4.561e-06
4.70242e-14
4.561e-06
1.56341e-13
4.561e-06
4.38251e-13
4.561e-06
2.82339e-13
4.561e-06
-1.0105e-14
4.561e-06
9.05812e-14
4.561e-06
2.07838e-13
4.561e-06
-5.9009e-13
4.561e-06
-1.29603e-12
4.561e-06
-1.65091e-12
-1.33825e-12
1.6711e-06
1.6711e-06
1.6711e-06
1.6711e-06
1.67111e-06
1.67111e-06
1.67111e-06
1.67111e-06
1.67111e-06
1.67111e-06
1.67111e-06
1.67111e-06
1.67111e-06
1.67111e-06
1.67111e-06
1.67111e-06
1.67111e-06
1.67111e-06
1.67111e-06
1.67111e-06
1.67111e-06
1.67111e-06
1.67111e-06
1.67111e-06
1.67111e-06
1.67111e-06
1.67111e-06
1.67111e-06
1.67111e-06
1.67111e-06
1.67111e-06
1.67111e-06
1.67111e-06
1.67111e-06
1.67111e-06
1.67111e-06
1.67111e-06
1.67111e-06
1.67111e-06
1.67111e-06
1.67111e-06
1.67111e-06
1.67111e-06
1.67111e-06
1.67111e-06
1.67111e-06
1.67111e-06
1.67111e-06
1.67111e-06
1.67111e-06
1.67111e-06
1.67111e-06
1.67111e-06
1.67111e-06
1.67111e-06
1.6711e-06
1.6711e-06
1.6711e-06
1.6711e-06
1.6711e-06
1.6711e-06
1.6711e-06
1.6711e-06
1.6711e-06
1.6711e-06
1.6711e-06
1.6711e-06
1.6711e-06
1.6711e-06
1.6711e-06
1.6711e-06
1.6711e-06
1.6711e-06
1.6711e-06
1.6711e-06
1.6711e-06
1.6711e-06
1.6711e-06
1.6711e-06
1.6711e-06
1.6711e-06
1.67111e-06
1.67111e-06
1.67111e-06
1.67111e-06
1.67111e-06
1.67111e-06
1.67111e-06
1.67111e-06
1.67111e-06
1.67111e-06
1.67111e-06
1.67111e-06
1.67111e-06
1.67111e-06
1.67111e-06
1.67111e-06
1.67111e-06
1.67111e-06
1.67111e-06
1.67111e-06
1.67111e-06
1.67111e-06
1.67111e-06
1.67111e-06
1.67111e-06
1.67111e-06
1.67111e-06
1.67111e-06
1.67111e-06
1.67111e-06
1.67111e-06
1.67111e-06
1.67111e-06
1.67111e-06
1.67111e-06
1.67111e-06
1.67111e-06
1.67111e-06
1.67111e-06
1.67111e-06
1.67111e-06
1.67111e-06
1.67111e-06
1.67111e-06
1.67111e-06
1.67111e-06
1.67111e-06
1.67111e-06
1.67111e-06
1.67111e-06
1.67111e-06
1.67111e-06
1.67111e-06
1.67111e-06
1.67111e-06
1.67111e-06
1.67111e-06
1.67111e-06
1.67111e-06
1.67111e-06
1.67111e-06
1.67111e-06
1.67111e-06
1.67111e-06
1.67111e-06
1.6711e-06
1.6711e-06
1.6711e-06
)
;

boundaryField
{
    inlet
    {
        type            calculated;
        value           nonuniform List<scalar> 
15
(
-1.6711e-06
-4.56099e-06
-7.00114e-06
-8.99394e-06
-1.05415e-05
-1.16456e-05
-1.23075e-05
-1.2528e-05
-1.23075e-05
-1.16456e-05
-1.05415e-05
-8.99392e-06
-7.00113e-06
-4.56098e-06
-1.67109e-06
)
;
    }
    outlet
    {
        type            calculated;
        value           nonuniform List<scalar> 
15
(
1.67109e-06
4.56098e-06
7.00113e-06
8.99391e-06
1.05415e-05
1.16455e-05
1.23075e-05
1.2528e-05
1.23075e-05
1.16456e-05
1.05415e-05
8.99394e-06
7.00115e-06
4.561e-06
1.6711e-06
)
;
    }
    walls
    {
        type            calculated;
        value           uniform 0;
    }
    frontAndBack
    {
        type            empty;
    }
}


// ************************************************************************* //
