/*--------------------------------*- C++ -*----------------------------------*\
| =========                 |                                                 |
| \\      /  F ield         | OpenFOAM: The Open Source CFD Toolbox           |
|  \\    /   O peration     | Version:  2406                                  |
|   \\  /    A nd           | Website:  www.openfoam.com                      |
|    \\/     M anipulation  |                                                 |
\*---------------------------------------------------------------------------*/
FoamFile
{
    version     2.0;
    format      ascii;
    arch        "LSB;label=32;scalar=64";
    class       volScalarField;
    location    "1.95";
    object      p_rgh;
}
// * * * * * * * * * * * * * * * * * * * * * * * * * * * * * * * * * * * * * //

dimensions      [1 -1 -2 0 0 0 0];

internalField   nonuniform List<scalar> 
6250
(
-3.27576
-3226.75
-1037.67
539.349
494.719
25.5988
-135.099
-57.7969
18.6657
25.0426
4.89474
-4.69175
-2.40955
1.29872
2.04334
1.23031
0.6982
0.734374
0.902287
0.949088
0.910197
0.875443
0.866051
0.864609
0.863644
0.859729
0.853751
0.845251
0.837069
0.833873
0.829447
0.821071
0.816504
0.816731
0.815622
0.813821
0.817385
0.823
0.819197
0.813857
0.815128
0.811443
0.804151
0.802828
0.801489
0.79372
0.783533
0.778099
0.778695
0.776125
0.769957
0.765927
0.759158
0.75237
0.749914
0.747588
0.746709
0.746885
0.743377
0.737743
0.73398
0.732896
0.735501
0.73842
0.735848
0.73129
0.729413
0.7285
0.724165
0.714775
0.705779
0.698247
0.690697
0.688195
0.686665
0.680076
0.676277
0.675458
0.671711
0.668736
0.663671
0.65202
0.642835
0.640014
0.635458
0.629412
0.626313
0.622237
0.617237
0.614342
0.61192
0.607437
0.601613
0.601113
0.60571
0.607558
0.604403
0.598567
0.593814
0.589352
0.584952
0.583499
0.581935
0.578643
0.573025
0.56175
0.549252
0.542226
0.538831
0.53736
0.539243
0.539995
0.540053
0.544082
0.544529
0.540955
0.540721
0.537892
0.529542
0.520485
0.512075
0.503924
0.496538
0.493504
0.492554
0.489425
0.48863
0.489459
0.486
0.479054
0.471535
0.464412
0.458365
0.453899
0.449975
0.444565
0.435981
0.427086
0.42165
0.417155
0.414688
0.415759
0.417259
0.42107
0.424056
0.42247
0.420894
0.417502
0.410882
0.403298
0.394656
0.389186
0.387168
0.385254
0.38421
0.382174
0.378336
0.374603
0.368562
0.36011
0.354456
0.352182
0.350614
0.349311
0.346176
0.340186
0.334448
0.333393
0.337633
0.339922
0.337748
0.335213
0.331803
0.328947
0.326224
0.317706
0.306653
0.298522
0.292014
0.287611
0.284585
0.280784
0.27706
0.272275
0.265425
0.257427
0.250651
0.247297
0.243028
0.238805
0.240174
0.239793
0.232714
0.223715
0.215212
0.211061
0.211032
0.21043
0.211107
0.210982
0.20481
0.198125
0.19361
0.187423
0.183533
0.180226
0.171044
0.164599
0.166504
0.169782
0.169494
0.165243
0.160884
0.156005
0.149239
0.145124
0.140675
0.134915
0.133985
0.135841
0.135667
0.131948
0.128427
0.129682
0.131138
0.128093
0.123018
0.11774
0.110962
0.103677
0.0974488
0.0937326
0.0933063
0.0897663
0.0823451
0.0771484
0.072303
0.0667569
0.0611146
0.0547916
0.0488063
0.0420245
0.0366269
0.0338088
0.0299877
0.0243059
0.0178375
0.0122776
0.00991586
-0.000349153
-3.30665
-3226.81
-1037.71
539.354
494.729
25.6032
-135.096
-57.799
18.6611
25.0435
4.89537
-4.69548
-2.41294
1.29783
2.04341
1.23054
0.700494
0.733958
0.896297
0.946972
0.912395
0.874019
0.864647
0.865777
0.864609
0.861564
0.854663
0.841916
0.833432
0.832829
0.826889
0.819909
0.821795
0.820599
0.813271
0.813438
0.817989
0.818345
0.81762
0.815319
0.811565
0.811229
0.810941
0.808166
0.802501
0.78819
0.774697
0.773849
0.777035
0.77579
0.772103
0.76757
0.76176
0.756762
0.751575
0.745449
0.74269
0.742702
0.742288
0.740106
0.736317
0.733856
0.735576
0.738168
0.735921
0.732206
0.730275
0.728051
0.725029
0.71661
0.702987
0.693788
0.688921
0.685001
0.684559
0.684409
0.681557
0.677799
0.673954
0.668848
0.660314
0.651458
0.644977
0.637685
0.629669
0.626424
0.627866
0.625827
0.620105
0.615256
0.609958
0.605401
0.604501
0.607682
0.608913
0.603747
0.596946
0.59174
0.590753
0.591925
0.590601
0.589872
0.586935
0.577151
0.56493
0.554584
0.548124
0.545606
0.544449
0.542553
0.539866
0.536891
0.536243
0.538992
0.540507
0.542374
0.54566
0.54185
0.531528
0.520646
0.510267
0.501468
0.494674
0.491348
0.490762
0.492701
0.495852
0.491223
0.482098
0.476881
0.470797
0.464511
0.460975
0.454933
0.446874
0.441998
0.437373
0.428818
0.420914
0.415881
0.411913
0.412082
0.417929
0.424528
0.425189
0.421691
0.418939
0.414682
0.411118
0.40838
0.400899
0.392971
0.386333
0.379123
0.37639
0.378426
0.380591
0.377501
0.368226
0.360314
0.356673
0.354187
0.3528
0.350256
0.343149
0.335973
0.33337
0.335313
0.340192
0.34084
0.335885
0.332412
0.330273
0.328482
0.326337
0.318764
0.30885
0.301458
0.294613
0.288125
0.283298
0.280987
0.277976
0.269063
0.26019
0.255931
0.251944
0.249283
0.246254
0.241651
0.240841
0.238888
0.232135
0.224316
0.214656
0.20751
0.206007
0.207001
0.211917
0.215657
0.209753
0.199828
0.192833
0.187075
0.182436
0.177703
0.170717
0.167202
0.168395
0.168639
0.166952
0.162827
0.157844
0.153741
0.149804
0.146656
0.141646
0.138184
0.139338
0.137483
0.133277
0.129885
0.127025
0.128287
0.130535
0.128516
0.12381
0.1183
0.110697
0.102532
0.0977631
0.0957718
0.0942557
0.0884038
0.0791129
0.0753316
0.0734696
0.0669979
0.0594136
0.0535311
0.0489848
0.0439424
0.0391023
0.0353219
0.0299968
0.0230222
0.0165518
0.0108236
0.00533808
0.00313279
-3.30662
-3226.8
-1037.69
539.365
494.734
25.6027
-135.099
-57.8015
18.6559
25.0405
4.89913
-4.68975
-2.40704
1.29872
2.0404
1.23328
0.705556
0.732742
0.895127
0.948463
0.913969
0.878224
0.867732
0.864924
0.863994
0.863344
0.857059
0.84656
0.839005
0.833532
0.824691
0.819164
0.820115
0.817287
0.812459
0.816347
0.822429
0.819765
0.815749
0.815866
0.812826
0.811513
0.812163
0.804278
0.795248
0.787828
0.779968
0.77953
0.779912
0.775075
0.771723
0.766716
0.758411
0.755741
0.753965
0.747669
0.744596
0.744588
0.743195
0.738418
0.734506
0.737741
0.738142
0.731583
0.729665
0.732325
0.733172
0.731519
0.726022
0.715992
0.705576
0.698894
0.69266
0.68491
0.680709
0.680223
0.681059
0.680389
0.673618
0.664503
0.658635
0.65349
0.645608
0.638035
0.633339
0.629845
0.628257
0.626037
0.620177
0.612873
0.607046
0.605122
0.604915
0.60614
0.608671
0.607063
0.601479
0.594636
0.590663
0.590569
0.589931
0.590496
0.588017
0.576674
0.564148
0.554553
0.546052
0.541069
0.541054
0.542539
0.54325
0.543265
0.541696
0.539779
0.539356
0.541434
0.54303
0.538167
0.53013
0.521162
0.509918
0.502007
0.496338
0.490935
0.49029
0.493188
0.495249
0.491768
0.484333
0.478103
0.470685
0.463403
0.4593
0.454128
0.447126
0.44203
0.436548
0.427586
0.420742
0.417073
0.413263
0.414078
0.419789
0.424682
0.425866
0.423428
0.419465
0.413653
0.408836
0.405567
0.398913
0.392974
0.388535
0.382269
0.379929
0.3811
0.379385
0.374014
0.366728
0.360878
0.357927
0.355567
0.351913
0.34598
0.338771
0.336027
0.338524
0.34038
0.341504
0.340306
0.335756
0.334612
0.33388
0.327958
0.320898
0.313919
0.306766
0.300408
0.294242
0.289428
0.286417
0.28387
0.278489
0.267415
0.258395
0.256698
0.253274
0.247808
0.245419
0.242254
0.240006
0.237477
0.229765
0.222735
0.216352
0.209705
0.20942
0.212033
0.213301
0.213346
0.207178
0.197005
0.191713
0.189167
0.183165
0.175747
0.170514
0.169852
0.171374
0.169725
0.16708
0.163196
0.157365
0.153887
0.150149
0.1448
0.140267
0.138973
0.141162
0.138643
0.132246
0.129272
0.128196
0.128213
0.128583
0.126874
0.12268
0.116683
0.109748
0.103538
0.100202
0.0969901
0.0926081
0.0879226
0.0821868
0.0781881
0.0737217
0.0663314
0.0593325
0.053221
0.0489917
0.0451921
0.0395391
0.0336999
0.0276252
0.0215577
0.0152381
0.00958264
0.00591645
0.00284589
-3.30979
-3226.81
-1037.71
539.356
494.725
25.595
-135.103
-57.8006
18.6606
25.042
4.89924
-4.68937
-2.41021
1.29369
2.03752
1.22887
0.69966
0.731204
0.896008
0.94758
0.909364
0.874683
0.871932
0.872218
0.865083
0.859215
0.852742
0.84511
0.840841
0.836362
0.825854
0.816576
0.814021
0.814099
0.818318
0.821966
0.816773
0.812476
0.816344
0.817997
0.812865
0.810961
0.810298
0.801666
0.791373
0.784406
0.782428
0.783733
0.779703
0.773197
0.769234
0.763982
0.756688
0.753723
0.755005
0.751417
0.745906
0.744248
0.740764
0.735224
0.734146
0.73638
0.735866
0.73522
0.73666
0.734498
0.730723
0.728745
0.723706
0.713985
0.702493
0.694781
0.692462
0.689118
0.684322
0.683151
0.683107
0.677722
0.668408
0.661297
0.657315
0.653559
0.645964
0.638874
0.637348
0.633031
0.627082
0.624307
0.618097
0.610992
0.609127
0.609539
0.608157
0.606504
0.605753
0.602768
0.599467
0.596185
0.591522
0.589905
0.590544
0.590086
0.585878
0.576006
0.564433
0.554667
0.547725
0.543177
0.540425
0.53983
0.541215
0.544081
0.543878
0.540464
0.539351
0.539765
0.538897
0.535203
0.528429
0.519856
0.511536
0.505072
0.497229
0.490993
0.491249
0.493183
0.494619
0.492194
0.483095
0.474302
0.468828
0.464351
0.46056
0.456908
0.450308
0.440627
0.432417
0.425348
0.419603
0.417048
0.41552
0.41671
0.420293
0.422591
0.423944
0.423019
0.419172
0.414682
0.410072
0.404421
0.398493
0.393121
0.386867
0.38298
0.382859
0.380867
0.376658
0.371708
0.366054
0.361916
0.359993
0.358448
0.353378
0.345257
0.338446
0.335211
0.336244
0.338238
0.33918
0.339449
0.338222
0.337057
0.334114
0.326655
0.31813
0.311907
0.306965
0.300592
0.294746
0.291526
0.288153
0.283547
0.276712
0.266755
0.25886
0.256242
0.25243
0.246293
0.244538
0.243951
0.240995
0.236605
0.22884
0.221294
0.2146
0.208667
0.210407
0.215174
0.215091
0.212376
0.20732
0.19958
0.193764
0.189455
0.181285
0.173567
0.170974
0.170519
0.170909
0.168949
0.164573
0.161107
0.157517
0.154806
0.151256
0.145428
0.141822
0.14169
0.141899
0.137777
0.131177
0.128104
0.128185
0.128372
0.126869
0.124885
0.121832
0.115889
0.109578
0.104284
0.10028
0.0961019
0.0920687
0.0900825
0.0846422
0.0753687
0.0683518
0.0638528
0.0597467
0.0549484
0.0510053
0.0476909
0.0413527
0.032471
0.0246546
0.0187824
0.0140776
0.0104373
0.00726179
0.00318895
-3.31242
-3226.82
-1037.71
539.359
494.731
25.5956
-135.105
-57.7993
18.6649
25.0449
4.90037
-4.68765
-2.40863
1.29456
2.03824
1.22932
0.701299
0.735505
0.899263
0.947426
0.91111
0.880057
0.873982
0.871494
0.865275
0.860132
0.85865
0.852879
0.841693
0.833371
0.826048
0.818483
0.816535
0.818826
0.819565
0.816127
0.812855
0.814481
0.817873
0.818307
0.816225
0.813141
0.806043
0.797077
0.790484
0.785388
0.784741
0.784751
0.779405
0.775232
0.772307
0.764377
0.755641
0.753797
0.755966
0.753145
0.747399
0.743287
0.739628
0.73828
0.736628
0.732255
0.731971
0.736736
0.737887
0.734615
0.733959
0.731692
0.723683
0.715057
0.704173
0.694548
0.692147
0.689588
0.685558
0.684405
0.682433
0.675469
0.667254
0.663295
0.65877
0.651088
0.645264
0.64168
0.638872
0.634262
0.628182
0.623117
0.617086
0.611979
0.611109
0.612329
0.611324
0.607913
0.604429
0.600022
0.597843
0.597641
0.594753
0.592973
0.591548
0.587239
0.582118
0.574505
0.564552
0.554788
0.547455
0.544336
0.543665
0.543745
0.543699
0.543067
0.54114
0.538677
0.538366
0.539674
0.539837
0.534891
0.526457
0.519024
0.510732
0.502921
0.497346
0.494151
0.495333
0.495709
0.494152
0.491737
0.482841
0.473165
0.469466
0.464597
0.457796
0.455122
0.450867
0.441392
0.433605
0.426281
0.418683
0.415722
0.415395
0.418298
0.423584
0.425393
0.424146
0.420682
0.416809
0.414974
0.412651
0.408101
0.400197
0.390041
0.383214
0.383093
0.384963
0.382264
0.376844
0.371599
0.366554
0.363226
0.361413
0.357699
0.349518
0.342454
0.34001
0.338804
0.340419
0.341742
0.339532
0.338194
0.336529
0.334264
0.331492
0.32536
0.318216
0.311619
0.305955
0.3012
0.296801
0.294334
0.290106
0.280545
0.271491
0.266737
0.2623
0.258241
0.253764
0.245911
0.242379
0.242708
0.23966
0.236062
0.22893
0.220256
0.215719
0.211349
0.212421
0.217841
0.216353
0.211384
0.206722
0.199341
0.192034
0.187301
0.182165
0.17737
0.174263
0.171479
0.170752
0.168242
0.163238
0.161716
0.159692
0.154914
0.149615
0.145273
0.144867
0.144511
0.141201
0.13529
0.128265
0.126272
0.129052
0.130393
0.127469
0.122927
0.119848
0.116097
0.110426
0.104667
0.100281
0.096626
0.0935331
0.0905086
0.082854
0.0731538
0.0678248
0.0648012
0.0610146
0.0550442
0.0493756
0.0460473
0.0399247
0.0310181
0.0247388
0.0216675
0.0184985
0.0117663
0.00572096
0.00260621
-3.31589
-3226.82
-1037.72
539.354
494.729
25.5955
-135.106
-57.8021
18.6632
25.0456
4.90054
-4.68945
-2.41191
1.29212
2.04021
1.23086
0.696049
0.730057
0.899839
0.949001
0.909127
0.876863
0.873628
0.871793
0.868064
0.865768
0.857468
0.849315
0.844091
0.835856
0.824237
0.815555
0.815024
0.815703
0.815693
0.816775
0.814881
0.81392
0.816202
0.816024
0.813871
0.809265
0.801648
0.797273
0.793096
0.787271
0.785978
0.782488
0.774581
0.770943
0.769133
0.765914
0.759879
0.753273
0.754084
0.753705
0.746949
0.742159
0.737384
0.735111
0.734925
0.731816
0.735433
0.741278
0.736933
0.731561
0.73296
0.731759
0.722533
0.712518
0.70355
0.695663
0.692553
0.69125
0.689524
0.685503
0.677567
0.670455
0.666503
0.663178
0.65713
0.651269
0.648218
0.643287
0.637864
0.633585
0.62848
0.623063
0.617291
0.614122
0.613786
0.612937
0.610736
0.606571
0.602864
0.599795
0.596835
0.595197
0.593573
0.594069
0.594052
0.589242
0.582751
0.572943
0.560719
0.552031
0.546637
0.544395
0.545819
0.546825
0.544293
0.541763
0.540216
0.537314
0.536494
0.537763
0.536733
0.532379
0.526114
0.519811
0.512036
0.50333
0.496338
0.493075
0.495025
0.496584
0.494964
0.491101
0.482007
0.472583
0.468378
0.464796
0.45943
0.454924
0.44968
0.44044
0.430729
0.423529
0.41876
0.417491
0.417907
0.420169
0.423797
0.424712
0.423045
0.420243
0.417386
0.414343
0.41064
0.406763
0.399364
0.390481
0.386279
0.38466
0.382669
0.380289
0.376644
0.37149
0.36759
0.365406
0.361338
0.355942
0.349445
0.342984
0.340086
0.338542
0.338387
0.339174
0.339038
0.340462
0.339905
0.335436
0.329389
0.321598
0.314501
0.309196
0.305978
0.30306
0.298373
0.294718
0.288819
0.278403
0.270634
0.267779
0.263849
0.257658
0.252627
0.246659
0.242247
0.2412
0.237978
0.234051
0.227671
0.21974
0.216737
0.214115
0.214296
0.21878
0.217686
0.212264
0.206775
0.199719
0.191627
0.185129
0.180112
0.175659
0.173473
0.17264
0.172938
0.171246
0.165394
0.162409
0.160024
0.153531
0.147984
0.145804
0.145528
0.142803
0.137385
0.133278
0.130531
0.12931
0.129061
0.128276
0.125794
0.122258
0.119925
0.116115
0.109185
0.10298
0.100596
0.0992444
0.0942488
0.0871514
0.0791478
0.0714884
0.0675102
0.0641149
0.0587167
0.0534479
0.0503958
0.0478516
0.0409394
0.0314371
0.025713
0.0234176
0.0181398
0.0106875
0.0049729
0.00191511
-3.31773
-3226.83
-1037.72
539.346
494.727
25.5988
-135.103
-57.8023
18.6616
25.0465
4.90146
-4.69058
-2.4111
1.29632
2.04395
1.23102
0.693568
0.728567
0.900407
0.95101
0.915161
0.882241
0.873122
0.872336
0.870302
0.86672
0.861059
0.854608
0.845295
0.833047
0.826293
0.822854
0.818409
0.814714
0.812886
0.813169
0.813712
0.815766
0.817651
0.816666
0.814134
0.806627
0.79808
0.79799
0.797583
0.789389
0.781817
0.77797
0.77742
0.777611
0.771157
0.762015
0.75858
0.758064
0.757332
0.752053
0.743278
0.740313
0.739094
0.737191
0.736543
0.733812
0.735783
0.739975
0.736791
0.734298
0.73566
0.730675
0.719982
0.713559
0.707861
0.698265
0.693278
0.692638
0.689516
0.683139
0.676113
0.670994
0.668173
0.665697
0.658085
0.649683
0.647424
0.643528
0.637585
0.634811
0.629992
0.62343
0.620158
0.618773
0.615887
0.612981
0.610918
0.606498
0.602083
0.599206
0.596638
0.597114
0.597141
0.593705
0.590625
0.588459
0.583282
0.572484
0.5615
0.553618
0.547487
0.546147
0.547241
0.546604
0.544979
0.542039
0.538644
0.536231
0.536187
0.537846
0.536746
0.531285
0.524757
0.518854
0.510935
0.503407
0.498588
0.495191
0.496926
0.499105
0.494512
0.488979
0.482511
0.473268
0.467985
0.465157
0.459035
0.452984
0.44891
0.441063
0.430738
0.424254
0.41977
0.41629
0.417687
0.422941
0.42631
0.425974
0.424032
0.420453
0.416783
0.414557
0.411371
0.405266
0.396494
0.390862
0.389186
0.385633
0.383406
0.381815
0.375811
0.370825
0.369406
0.366815
0.361344
0.355103
0.348301
0.34263
0.341749
0.34126
0.339859
0.34059
0.340408
0.339144
0.337196
0.333488
0.327582
0.320514
0.31571
0.310039
0.304697
0.303258
0.299599
0.293776
0.287171
0.278324
0.271868
0.26922
0.265396
0.258191
0.251706
0.246047
0.241648
0.240243
0.236269
0.232213
0.228122
0.220519
0.217693
0.217896
0.218383
0.221301
0.219455
0.212408
0.204419
0.19623
0.189419
0.184685
0.18118
0.177906
0.176464
0.175079
0.173182
0.172211
0.16875
0.164718
0.159904
0.15213
0.147055
0.145633
0.145092
0.142292
0.135968
0.131254
0.130791
0.132041
0.130995
0.127799
0.124448
0.120359
0.117583
0.115248
0.110376
0.105625
0.103104
0.0996732
0.0918979
0.0826873
0.0757825
0.0710159
0.0675519
0.0630189
0.0581861
0.0554977
0.0525677
0.0461326
0.0381872
0.0342355
0.0318965
0.0259707
0.0169443
0.00951274
0.00548242
0.00263343
-3.31492
-3226.83
-1037.73
539.341
494.721
25.5975
-135.105
-57.8036
18.665
25.0495
4.90072
-4.69254
-2.41225
1.29553
2.04332
1.22917
0.692042
0.730488
0.903255
0.951457
0.912133
0.881049
0.875677
0.874153
0.87486
0.8706
0.854959
0.846854
0.847451
0.840247
0.828252
0.819359
0.813916
0.811036
0.813626
0.816212
0.815021
0.816456
0.815058
0.810401
0.808768
0.804507
0.800544
0.799871
0.795117
0.787504
0.782861
0.778516
0.773434
0.770577
0.768569
0.766058
0.76342
0.75773
0.752521
0.74852
0.742975
0.740783
0.737905
0.734748
0.737217
0.737713
0.737152
0.736449
0.734554
0.737091
0.735781
0.727262
0.720025
0.713687
0.705581
0.699062
0.69694
0.694216
0.688386
0.681176
0.674849
0.671075
0.666646
0.662008
0.65794
0.652362
0.648054
0.643177
0.637153
0.632965
0.628464
0.625303
0.62341
0.620255
0.617485
0.613907
0.609138
0.604532
0.600833
0.598385
0.596476
0.596665
0.596435
0.593793
0.592458
0.590037
0.582347
0.570453
0.558995
0.551403
0.547786
0.548399
0.549189
0.547532
0.544081
0.537522
0.534651
0.538385
0.539047
0.535425
0.532627
0.528502
0.523012
0.51889
0.512546
0.503998
0.498314
0.495269
0.49549
0.49688
0.494327
0.489784
0.483267
0.473911
0.466319
0.462502
0.45982
0.455231
0.448238
0.437843
0.426156
0.420768
0.420554
0.420514
0.422769
0.425283
0.424263
0.424011
0.42431
0.420805
0.417043
0.413812
0.40692
0.400493
0.397154
0.394519
0.391156
0.386627
0.383454
0.379285
0.374343
0.373261
0.370673
0.365221
0.36047
0.354555
0.348434
0.344364
0.342762
0.340524
0.338072
0.339369
0.340116
0.339291
0.338901
0.335232
0.326557
0.316557
0.31066
0.306629
0.304777
0.306103
0.30135
0.29235
0.284476
0.277112
0.273483
0.271314
0.266175
0.257154
0.248718
0.244071
0.240599
0.239441
0.236539
0.231185
0.227025
0.221136
0.219448
0.221927
0.221673
0.220828
0.217727
0.210818
0.20339
0.197098
0.189977
0.182542
0.178952
0.176972
0.176796
0.178146
0.177328
0.176079
0.17108
0.162947
0.156993
0.15177
0.148724
0.146502
0.14216
0.138394
0.135065
0.132779
0.133322
0.13306
0.128751
0.123706
0.120521
0.118688
0.118284
0.116031
0.111894
0.108525
0.103756
0.0972498
0.0883117
0.0784281
0.0728517
0.0700133
0.0668479
0.0625793
0.0587856
0.0573251
0.0528085
0.0440061
0.0389071
0.038836
0.0343853
0.0248101
0.015019
0.00814786
0.00558083
0.00262779
-3.32087
-3226.83
-1037.73
539.343
494.72
25.5968
-135.102
-57.8024
18.6651
25.0494
4.89598
-4.69604
-2.40735
1.29957
2.03945
1.22759
0.694514
0.72967
0.90319
0.956823
0.918722
0.884532
0.876655
0.872565
0.8705
0.871202
0.862451
0.852861
0.848491
0.837345
0.828011
0.82449
0.816423
0.812012
0.813379
0.812714
0.814399
0.81644
0.813645
0.811354
0.80883
0.805226
0.80211
0.797751
0.792691
0.785608
0.780677
0.779238
0.776265
0.775195
0.771989
0.76391
0.761745
0.759852
0.750977
0.745008
0.742485
0.74162
0.741216
0.738666
0.73879
0.738707
0.735625
0.734894
0.737387
0.737965
0.733185
0.728693
0.724229
0.714653
0.705077
0.701094
0.699514
0.694172
0.687105
0.680599
0.674857
0.672754
0.66971
0.664107
0.6587
0.650722
0.644548
0.642337
0.639038
0.635239
0.631312
0.626812
0.623559
0.621484
0.619072
0.616349
0.612576
0.604749
0.59801
0.597603
0.598057
0.597892
0.597173
0.594662
0.592348
0.588274
0.581571
0.571912
0.560137
0.553378
0.55153
0.549785
0.547218
0.544188
0.541128
0.538381
0.538417
0.53956
0.537154
0.534068
0.533097
0.530357
0.524262
0.51749
0.509114
0.501247
0.499305
0.499266
0.498562
0.498435
0.494085
0.486811
0.481553
0.475859
0.468579
0.46296
0.459071
0.45312
0.445152
0.437599
0.430289
0.423932
0.419182
0.417779
0.42184
0.427578
0.430251
0.428966
0.424872
0.419029
0.415117
0.412151
0.405104
0.39943
0.397519
0.394011
0.391666
0.390035
0.385273
0.380341
0.376945
0.373647
0.369096
0.364693
0.359931
0.353718
0.349109
0.345945
0.343957
0.34234
0.340654
0.341168
0.340198
0.338398
0.336574
0.330547
0.323806
0.317769
0.31286
0.309097
0.30522
0.304308
0.300051
0.290248
0.283382
0.279577
0.275802
0.271439
0.265962
0.256924
0.248476
0.244651
0.239485
0.235852
0.233921
0.23047
0.229483
0.226736
0.224365
0.224892
0.222558
0.220171
0.216905
0.210019
0.20195
0.193923
0.187822
0.184626
0.183822
0.18167
0.179038
0.178471
0.17672
0.175482
0.172228
0.164355
0.157817
0.153478
0.150549
0.147196
0.142248
0.138354
0.134696
0.132121
0.131606
0.130178
0.126366
0.121966
0.120253
0.120964
0.120364
0.116526
0.11216
0.108323
0.102119
0.0945698
0.0859562
0.0768933
0.0714975
0.0684603
0.0672316
0.0673077
0.0637247
0.0563939
0.0491958
0.0448771
0.041779
0.0373195
0.0294151
0.0216681
0.0183266
0.01484
0.00906334
0.00292647
-3.3196
-3226.83
-1037.73
539.341
494.72
25.5977
-135.102
-57.801
18.665
25.0462
4.89615
-4.69395
-2.40996
1.29557
2.04086
1.23011
0.694399
0.734787
0.908242
0.952803
0.915433
0.883219
0.874931
0.876969
0.875762
0.870816
0.860497
0.851667
0.849882
0.842156
0.830736
0.821275
0.812933
0.810857
0.813474
0.817053
0.817031
0.812384
0.809501
0.810249
0.806433
0.801771
0.802088
0.799465
0.792106
0.785877
0.779602
0.775954
0.774655
0.771602
0.769386
0.76665
0.762757
0.756102
0.747925
0.746635
0.744185
0.738887
0.740266
0.74044
0.739343
0.739929
0.735724
0.733036
0.737161
0.738481
0.732453
0.727071
0.722876
0.714808
0.707529
0.703306
0.698394
0.69243
0.687565
0.682764
0.675364
0.670354
0.666477
0.661805
0.659142
0.652572
0.644058
0.641556
0.639624
0.633908
0.629672
0.627908
0.625178
0.623555
0.622423
0.616376
0.608946
0.602731
0.598501
0.59889
0.597523
0.595255
0.59724
0.596316
0.591963
0.588278
0.580836
0.569766
0.560849
0.55526
0.550177
0.548057
0.547664
0.543223
0.538422
0.537844
0.538415
0.538118
0.537242
0.534687
0.530908
0.527288
0.523169
0.518066
0.510019
0.500836
0.497913
0.498403
0.496848
0.496135
0.494009
0.487961
0.481571
0.474761
0.467508
0.462404
0.459439
0.454106
0.443334
0.432634
0.426384
0.422351
0.420912
0.423465
0.427076
0.429501
0.429979
0.42643
0.421716
0.419081
0.414593
0.407645
0.401913
0.39939
0.398128
0.395111
0.393097
0.391166
0.385548
0.380549
0.377446
0.37289
0.368545
0.365392
0.359036
0.352035
0.350297
0.347786
0.343473
0.342555
0.340584
0.33893
0.340125
0.339854
0.336193
0.329387
0.322298
0.314281
0.307999
0.307716
0.30728
0.305193
0.300622
0.291476
0.283176
0.27822
0.274958
0.270395
0.263627
0.255299
0.247884
0.243547
0.238537
0.23612
0.234775
0.229117
0.228224
0.230052
0.228091
0.225963
0.22229
0.217504
0.212908
0.209
0.204448
0.195662
0.187981
0.185395
0.183709
0.17992
0.177978
0.179679
0.179082
0.176342
0.171889
0.165033
0.15991
0.155171
0.150683
0.147194
0.141682
0.137072
0.135053
0.13258
0.128972
0.126024
0.12247
0.118909
0.119966
0.122624
0.121708
0.117638
0.112616
0.10828
0.100474
0.0885321
0.0789559
0.0744901
0.0724331
0.0702857
0.0711106
0.0714733
0.0627294
0.051828
0.0476763
0.0457532
0.0402688
0.0346408
0.0299505
0.0252325
0.0213358
0.0150963
0.00689573
0.00151915
-3.32164
-3226.84
-1037.73
539.344
494.725
25.5957
-135.104
-57.8
18.6625
25.0449
4.89825
-4.69035
-2.40786
1.29637
2.04152
1.23053
0.695012
0.731769
0.906366
0.957784
0.918484
0.882228
0.87446
0.875428
0.875323
0.873395
0.865415
0.855953
0.85031
0.842139
0.831046
0.82273
0.817586
0.813996
0.811401
0.8138
0.816825
0.812987
0.810941
0.811431
0.806803
0.803256
0.801912
0.794754
0.788187
0.784381
0.780636
0.780092
0.774996
0.768656
0.769991
0.767985
0.760593
0.753249
0.747651
0.748864
0.746446
0.739585
0.742277
0.74403
0.73863
0.736481
0.736795
0.73722
0.738148
0.737396
0.733757
0.728279
0.722066
0.715902
0.709365
0.703274
0.700492
0.695989
0.687549
0.680112
0.674967
0.674397
0.671662
0.662646
0.656588
0.650791
0.64353
0.64114
0.64025
0.636609
0.631511
0.628474
0.626796
0.62503
0.623129
0.617207
0.609177
0.603924
0.601393
0.600662
0.597429
0.594588
0.596732
0.59713
0.59342
0.58759
0.579932
0.572474
0.565774
0.558319
0.55053
0.544919
0.542746
0.541092
0.540255
0.541479
0.540324
0.537136
0.53608
0.534402
0.53137
0.529437
0.524275
0.515345
0.50765
0.501304
0.498487
0.49931
0.498742
0.496898
0.493197
0.486454
0.480125
0.474709
0.47034
0.465773
0.457671
0.448776
0.441257
0.434965
0.429469
0.423348
0.420855
0.424671
0.429416
0.432067
0.431648
0.427968
0.423947
0.41842
0.410267
0.40401
0.400857
0.3986
0.398603
0.398045
0.395418
0.392707
0.388298
0.382917
0.377581
0.372144
0.36765
0.362297
0.358168
0.356224
0.353633
0.348926
0.344322
0.34313
0.341963
0.340454
0.341014
0.339223
0.332335
0.32473
0.320442
0.315135
0.31049
0.311425
0.308774
0.302213
0.297731
0.291768
0.285234
0.280301
0.275096
0.268212
0.261005
0.254796
0.248391
0.243152
0.238171
0.234644
0.234179
0.232912
0.233223
0.233683
0.229661
0.223615
0.218101
0.216348
0.215544
0.210962
0.202576
0.194171
0.190567
0.189039
0.186248
0.182329
0.178387
0.177697
0.17725
0.175057
0.172898
0.169299
0.165088
0.158934
0.151294
0.146964
0.14316
0.136198
0.131615
0.130671
0.127589
0.123383
0.12069
0.120328
0.123996
0.124707
0.120438
0.116193
0.11067
0.105102
0.09768
0.0860816
0.0778174
0.0749132
0.0738349
0.0738291
0.0736027
0.0693955
0.0603841
0.0517096
0.0482432
0.0452595
0.0382501
0.0328319
0.0305792
0.0271046
0.0225565
0.0154711
0.00633114
0.00156822
-3.32048
-3226.83
-1037.73
539.344
494.722
25.5933
-135.106
-57.8019
18.6637
25.0477
4.90145
-4.69244
-2.41369
1.29575
2.04648
1.23383
0.697765
0.73737
0.904934
0.948876
0.915014
0.883252
0.875735
0.883503
0.882611
0.870898
0.863361
0.85787
0.850518
0.842496
0.831527
0.822495
0.817794
0.81165
0.810748
0.81778
0.818517
0.811297
0.80871
0.810398
0.805966
0.799436
0.799278
0.79669
0.788871
0.782895
0.778269
0.775635
0.772617
0.76783
0.767732
0.767147
0.760339
0.753194
0.748323
0.746349
0.744277
0.742002
0.743998
0.743267
0.739143
0.738949
0.737704
0.735245
0.738599
0.739993
0.732024
0.723958
0.720076
0.716753
0.712991
0.705618
0.698388
0.694256
0.688497
0.682462
0.676283
0.670363
0.667372
0.662835
0.656462
0.650248
0.644641
0.642629
0.640432
0.633738
0.627917
0.628426
0.629706
0.628427
0.625089
0.614884
0.605441
0.604705
0.602038
0.597764
0.597356
0.596829
0.596054
0.5963
0.59468
0.588788
0.58085
0.572568
0.563597
0.554793
0.5479
0.544651
0.544135
0.542447
0.539954
0.538619
0.537384
0.537022
0.537554
0.535209
0.530483
0.526219
0.52125
0.515448
0.510079
0.503135
0.497536
0.496682
0.495154
0.492506
0.492089
0.488213
0.480513
0.474073
0.470241
0.465759
0.456645
0.44737
0.439312
0.430411
0.425556
0.42456
0.42596
0.431398
0.435579
0.43336
0.428297
0.424099
0.419316
0.414509
0.409494
0.40385
0.399911
0.398029
0.398865
0.399872
0.397263
0.393861
0.388339
0.380579
0.376159
0.373392
0.368215
0.362971
0.359547
0.35545
0.351549
0.349727
0.346645
0.343063
0.340318
0.338377
0.339232
0.338721
0.333508
0.325873
0.317488
0.31017
0.307194
0.309793
0.310879
0.306469
0.300215
0.291988
0.283565
0.277542
0.27229
0.265522
0.258679
0.252947
0.247015
0.243355
0.2406
0.236682
0.235252
0.234271
0.233358
0.232685
0.228037
0.220904
0.217022
0.217884
0.216662
0.209895
0.202765
0.197566
0.193965
0.189551
0.183832
0.178685
0.17565
0.177011
0.179182
0.178849
0.176501
0.171408
0.165278
0.157696
0.150585
0.147388
0.142615
0.134457
0.130302
0.130222
0.126683
0.122174
0.12121
0.120937
0.122097
0.121733
0.118186
0.115951
0.111233
0.102451
0.0925261
0.0831422
0.0772148
0.0746209
0.0754235
0.0766786
0.0728729
0.0649602
0.0572308
0.0527964
0.0489963
0.0430458
0.0368452
0.0358798
0.0361957
0.0290796
0.0201918
0.013409
0.00504756
0.000492442
-3.32102
-3226.83
-1037.73
539.344
494.724
25.5929
-135.109
-57.8022
18.6634
25.0454
4.90073
-4.68746
-2.40805
1.29927
2.04697
1.232
0.695842
0.734072
0.904358
0.953271
0.918827
0.884574
0.87342
0.878962
0.883041
0.873744
0.867706
0.863671
0.850405
0.84098
0.833876
0.822767
0.817648
0.816206
0.814388
0.814153
0.813083
0.812525
0.813832
0.812128
0.805167
0.797733
0.795611
0.794241
0.787753
0.782374
0.779689
0.774661
0.76882
0.767444
0.768446
0.764952
0.758396
0.752903
0.749088
0.747811
0.746996
0.744702
0.743777
0.743763
0.741891
0.738424
0.736888
0.738123
0.739275
0.7384
0.733555
0.726409
0.720258
0.716178
0.712476
0.706637
0.70238
0.696919
0.685981
0.680026
0.678759
0.674525
0.669231
0.662882
0.655784
0.649883
0.645671
0.642786
0.638766
0.634552
0.631698
0.631008
0.630411
0.625313
0.620919
0.617835
0.612892
0.608157
0.602602
0.598447
0.597032
0.596202
0.597632
0.597598
0.593999
0.589554
0.583273
0.574507
0.564729
0.555689
0.5472
0.541194
0.541035
0.543133
0.542425
0.540606
0.5395
0.53782
0.535878
0.534111
0.531814
0.528489
0.522035
0.514315
0.507908
0.501513
0.497476
0.49875
0.497542
0.493153
0.490066
0.485364
0.479867
0.476922
0.473064
0.464705
0.452622
0.443849
0.438652
0.432731
0.429401
0.42797
0.428734
0.433342
0.434887
0.431926
0.429272
0.426298
0.420759
0.413491
0.406612
0.40053
0.397931
0.399166
0.401063
0.401378
0.399157
0.395992
0.390353
0.382898
0.377426
0.371178
0.364169
0.360407
0.359548
0.358576
0.35614
0.353301
0.348594
0.342458
0.34027
0.340725
0.339303
0.334967
0.329051
0.322073
0.316875
0.314994
0.312653
0.311054
0.310208
0.30541
0.298148
0.292206
0.28518
0.276593
0.269969
0.264534
0.258267
0.252694
0.247879
0.24373
0.239591
0.236979
0.238119
0.238562
0.235863
0.231798
0.225103
0.218464
0.217951
0.220995
0.217465
0.208354
0.202475
0.199236
0.195438
0.190243
0.185078
0.181382
0.177938
0.176998
0.178023
0.178158
0.177401
0.173966
0.168087
0.161343
0.153729
0.146245
0.139122
0.133316
0.130661
0.129926
0.125942
0.121872
0.122848
0.122904
0.122443
0.12158
0.117362
0.113816
0.107114
0.0967329
0.0900034
0.0851988
0.0804316
0.077253
0.077416
0.075606
0.0684757
0.0623419
0.0582671
0.0543554
0.0486745
0.0422127
0.0384683
0.0372076
0.0339866
0.0260608
0.0177666
0.0130746
0.0100804
0.00376308
-3.32087
-3226.83
-1037.73
539.344
494.725
25.5896
-135.112
-57.802
18.6649
25.0461
4.90336
-4.68755
-2.41049
1.30073
2.05018
1.23549
0.701575
0.736272
0.898731
0.947181
0.917951
0.886105
0.879097
0.885418
0.882522
0.874192
0.869211
0.859596
0.848263
0.842371
0.834903
0.82636
0.821215
0.816595
0.814021
0.813811
0.812909
0.813642
0.814722
0.808462
0.8001
0.797752
0.797642
0.794506
0.786886
0.779371
0.773968
0.769828
0.770039
0.768393
0.763231
0.761773
0.76057
0.755507
0.748756
0.744389
0.745341
0.746871
0.744886
0.743159
0.742493
0.741546
0.740564
0.740498
0.738875
0.73263
0.726807
0.726357
0.724439
0.718809
0.713005
0.705048
0.699152
0.695793
0.689207
0.6835
0.678497
0.67176
0.668044
0.662533
0.654273
0.649066
0.646315
0.644691
0.639344
0.631136
0.628158
0.630417
0.631628
0.627681
0.62188
0.615967
0.609933
0.606878
0.603419
0.599441
0.59801
0.597981
0.598455
0.596946
0.59365
0.589462
0.582068
0.572019
0.561861
0.553598
0.548384
0.544964
0.542417
0.541316
0.540507
0.538652
0.537844
0.537766
0.536355
0.534705
0.531419
0.526011
0.5212
0.514148
0.506522
0.501811
0.497016
0.494375
0.494518
0.492322
0.489497
0.485475
0.481153
0.4769
0.469145
0.461218
0.452954
0.443328
0.436411
0.431549
0.429025
0.429976
0.433991
0.437673
0.43619
0.431263
0.426608
0.421687
0.415761
0.411149
0.407321
0.401685
0.398959
0.399828
0.400366
0.401578
0.400426
0.395659
0.388857
0.381477
0.376355
0.370838
0.36599
0.363326
0.359517
0.35684
0.355864
0.353797
0.348482
0.342784
0.3401
0.339332
0.338875
0.335449
0.327512
0.319078
0.313466
0.311941
0.311845
0.312448
0.313303
0.307982
0.298894
0.291423
0.281846
0.271984
0.266989
0.2623
0.255948
0.252539
0.249946
0.246183
0.242678
0.238866
0.236962
0.236842
0.234785
0.228983
0.222593
0.220853
0.22215
0.220694
0.214051
0.206226
0.202868
0.201719
0.198154
0.191058
0.182857
0.178128
0.177629
0.17937
0.181375
0.182424
0.179768
0.172288
0.16498
0.159646
0.15399
0.146433
0.139102
0.135013
0.131078
0.12747
0.124973
0.121782
0.121098
0.120662
0.119039
0.11888
0.117168
0.113992
0.106567
0.0955393
0.0884828
0.0839457
0.0799844
0.0768283
0.0744511
0.0720207
0.0673843
0.0629866
0.0579334
0.0524864
0.0473948
0.0438932
0.0415399
0.037874
0.0322248
0.0247666
0.0186702
0.0139797
0.00833323
0.00250146
-3.32234
-3226.83
-1037.73
539.343
494.721
25.592
-135.11
-57.8041
18.6634
25.044
4.90375
-4.6809
-2.40382
1.30138
2.04697
1.23251
0.698713
0.735878
0.903941
0.950821
0.91751
0.888215
0.879696
0.882389
0.883716
0.877617
0.87034
0.86179
0.851179
0.842762
0.835722
0.828133
0.822331
0.818151
0.814018
0.809208
0.810078
0.819308
0.819791
0.807385
0.799318
0.797032
0.794442
0.792196
0.785748
0.777874
0.774129
0.771429
0.768149
0.764335
0.761771
0.761084
0.759007
0.755484
0.751266
0.748171
0.748037
0.747532
0.745691
0.744293
0.742935
0.741476
0.740719
0.740639
0.740139
0.735112
0.729414
0.728018
0.723529
0.716261
0.71154
0.70579
0.702404
0.700016
0.690187
0.681867
0.678471
0.673236
0.669271
0.6641
0.655852
0.650011
0.645979
0.642313
0.637076
0.633309
0.634154
0.632177
0.626701
0.622636
0.621147
0.619791
0.614896
0.609599
0.604949
0.601179
0.600065
0.599779
0.598761
0.596334
0.593487
0.589821
0.582385
0.572746
0.562816
0.55464
0.548961
0.543568
0.541137
0.542211
0.541952
0.540112
0.539201
0.538275
0.53609
0.534172
0.531443
0.526958
0.52224
0.51399
0.504055
0.500041
0.498604
0.49709
0.496342
0.492737
0.486883
0.483706
0.482076
0.476566
0.468576
0.461446
0.450517
0.440938
0.438073
0.434619
0.433827
0.43658
0.436797
0.435122
0.431422
0.429238
0.427865
0.423969
0.418848
0.411394
0.403525
0.399768
0.400092
0.401062
0.401468
0.402133
0.400385
0.397438
0.392457
0.383234
0.375129
0.368421
0.363388
0.361776
0.36125
0.362488
0.360814
0.353934
0.34758
0.342708
0.340968
0.341289
0.338209
0.330777
0.323197
0.319235
0.316306
0.314196
0.314752
0.314051
0.31058
0.305787
0.299115
0.289779
0.280441
0.273243
0.267445
0.261166
0.255375
0.25278
0.250816
0.246422
0.242624
0.240125
0.238111
0.237908
0.235503
0.228109
0.22333
0.223288
0.221619
0.218066
0.212976
0.207651
0.205557
0.202288
0.196151
0.190325
0.185067
0.182612
0.182352
0.181043
0.179636
0.179072
0.178576
0.176143
0.170504
0.162235
0.153143
0.144587
0.138671
0.136079
0.131658
0.126118
0.122427
0.119713
0.120945
0.121591
0.119865
0.120635
0.117749
0.110549
0.102948
0.0947542
0.088481
0.0841547
0.0811072
0.0783533
0.0746597
0.0705912
0.0661912
0.0621416
0.0577555
0.0536368
0.0491274
0.0456659
0.0414216
0.0347327
0.0302357
0.025176
0.0196765
0.0150377
0.0090333
0.00307479
-3.31811
-3226.83
-1037.73
539.338
494.719
25.5899
-135.112
-57.8042
18.6656
25.0517
4.9071
-4.68688
-2.40768
1.30172
2.04841
1.23476
0.702285
0.736852
0.901157
0.951059
0.917559
0.885345
0.880176
0.885409
0.888799
0.882173
0.865806
0.854988
0.851117
0.846992
0.839194
0.830265
0.822188
0.814999
0.812592
0.81448
0.81629
0.815577
0.810662
0.804818
0.802233
0.800292
0.795285
0.788305
0.780544
0.774292
0.772071
0.770075
0.766024
0.763142
0.763957
0.763665
0.757535
0.75212
0.749868
0.746933
0.745983
0.747935
0.747005
0.744161
0.745166
0.745414
0.742167
0.739968
0.736502
0.731097
0.729612
0.729479
0.723571
0.715859
0.710737
0.705288
0.700771
0.697836
0.690868
0.683635
0.680882
0.67626
0.668241
0.66016
0.65387
0.650049
0.646589
0.642999
0.637673
0.632215
0.630355
0.628548
0.626821
0.62542
0.622231
0.618239
0.613042
0.608619
0.606176
0.60348
0.602417
0.60087
0.598024
0.596686
0.59355
0.586857
0.579081
0.570492
0.561454
0.555822
0.552181
0.546511
0.542355
0.541402
0.53995
0.536759
0.535131
0.537405
0.538245
0.535467
0.532247
0.526079
0.518013
0.511195
0.505059
0.501789
0.499366
0.495793
0.493186
0.48961
0.486895
0.484382
0.479463
0.473838
0.466382
0.458138
0.450963
0.443966
0.438703
0.435128
0.43412
0.435762
0.4375
0.436817
0.432539
0.428175
0.424142
0.419752
0.415669
0.409959
0.406035
0.403515
0.400549
0.400599
0.401365
0.401274
0.400323
0.396573
0.389864
0.380923
0.373666
0.369179
0.366113
0.364424
0.363432
0.361962
0.357404
0.352162
0.348286
0.343982
0.341922
0.340302
0.33578
0.329748
0.323606
0.319061
0.31472
0.311731
0.313697
0.314916
0.311987
0.307022
0.297736
0.286467
0.278517
0.271508
0.264844
0.259729
0.25493
0.253239
0.253152
0.248931
0.242844
0.23979
0.239131
0.237363
0.232699
0.227427
0.224471
0.223437
0.220757
0.216278
0.211916
0.207914
0.205809
0.203859
0.198134
0.190179
0.184086
0.180982
0.180463
0.182668
0.184152
0.182623
0.179945
0.175214
0.16815
0.160358
0.153722
0.14834
0.140842
0.133463
0.128203
0.123574
0.120432
0.118548
0.119772
0.121335
0.120385
0.120534
0.116683
0.108146
0.101609
0.0953765
0.0890921
0.083669
0.0796877
0.0776626
0.0736847
0.0683085
0.064396
0.0610052
0.0562648
0.0515916
0.048379
0.0453856
0.042511
0.0370828
0.0295659
0.0230795
0.0182572
0.014237
0.00818847
0.00230605
-3.31698
-3226.83
-1037.73
539.339
494.717
25.5927
-135.107
-57.804
18.6628
25.048
4.9077
-4.68095
-2.40216
1.30389
2.04448
1.23047
0.702032
0.738805
0.905384
0.953638
0.917799
0.887315
0.884282
0.888127
0.88459
0.876339
0.869172
0.863252
0.856583
0.846461
0.836387
0.830967
0.823954
0.815238
0.813233
0.815593
0.816761
0.815545
0.812427
0.808168
0.80181
0.795069
0.790903
0.787376
0.781454
0.775919
0.772976
0.769378
0.765906
0.763824
0.761332
0.758486
0.756834
0.756141
0.752246
0.747471
0.747471
0.749443
0.7497
0.747316
0.743947
0.74295
0.742343
0.740064
0.738391
0.736811
0.732961
0.727336
0.72056
0.714118
0.710622
0.706957
0.702282
0.698759
0.692916
0.685739
0.680561
0.674685
0.669739
0.665312
0.657207
0.648543
0.642633
0.640663
0.639886
0.636451
0.631633
0.626015
0.623461
0.623501
0.621787
0.621301
0.618786
0.6127
0.608139
0.603736
0.600984
0.600342
0.598753
0.597124
0.594537
0.588011
0.579341
0.571278
0.563984
0.558019
0.552591
0.545889
0.541477
0.540053
0.538748
0.538927
0.539452
0.538843
0.536916
0.533532
0.530853
0.525773
0.517969
0.511955
0.505586
0.500925
0.500186
0.497781
0.493588
0.490254
0.486087
0.480647
0.477326
0.474135
0.467003
0.460039
0.452393
0.443085
0.438097
0.437177
0.438954
0.440006
0.435919
0.4309
0.427872
0.42846
0.429357
0.424316
0.41655
0.409828
0.405307
0.402325
0.399937
0.400007
0.400948
0.401763
0.401769
0.398466
0.391782
0.382787
0.373725
0.366264
0.363499
0.365228
0.365802
0.364233
0.359815
0.35379
0.348914
0.344612
0.342467
0.339251
0.33326
0.329286
0.324725
0.319144
0.316215
0.314295
0.314192
0.314367
0.309358
0.302135
0.295171
0.287185
0.280983
0.274741
0.265945
0.259365
0.254986
0.25258
0.25209
0.247533
0.242427
0.242193
0.241672
0.237869
0.233837
0.2293
0.22427
0.221187
0.218727
0.216107
0.213395
0.209643
0.20677
0.202688
0.195517
0.190362
0.188237
0.185855
0.183111
0.181972
0.181156
0.180384
0.181911
0.180209
0.172023
0.162477
0.154073
0.147165
0.140449
0.133015
0.125508
0.119495
0.117228
0.118311
0.123155
0.126444
0.1229
0.118264
0.112988
0.106425
0.100796
0.0934374
0.0870666
0.0843177
0.082232
0.0796211
0.0750538
0.0691491
0.0637985
0.0592577
0.0562974
0.0520162
0.0471902
0.0445482
0.0427755
0.0369154
0.0299142
0.0249955
0.0177975
0.0111308
0.0062216
0.00219407
-3.31554
-3226.83
-1037.73
539.342
494.722
25.5931
-135.106
-57.8029
18.6611
25.0493
4.90546
-4.68674
-2.40298
1.30439
2.04647
1.23502
0.702509
0.736735
0.904544
0.952323
0.916613
0.887596
0.884442
0.888949
0.889955
0.879766
0.863612
0.858194
0.858783
0.85134
0.838976
0.828021
0.820283
0.81872
0.820308
0.8174
0.811917
0.809653
0.809659
0.808407
0.803421
0.795797
0.787811
0.782416
0.779746
0.775986
0.771733
0.767096
0.763618
0.763265
0.761635
0.759492
0.757321
0.753214
0.750281
0.747724
0.746155
0.74765
0.748671
0.748624
0.747297
0.743951
0.742572
0.741932
0.738959
0.735604
0.730386
0.72469
0.721842
0.71666
0.70914
0.703872
0.698619
0.695248
0.693462
0.688589
0.684484
0.678543
0.668403
0.661043
0.654335
0.648528
0.646583
0.642968
0.637187
0.632019
0.628034
0.625714
0.624333
0.623671
0.623219
0.621417
0.616569
0.611281
0.608724
0.606634
0.604054
0.601122
0.59794
0.595239
0.591563
0.585505
0.577843
0.572029
0.5671
0.559974
0.552461
0.546413
0.542864
0.539696
0.535114
0.534899
0.538286
0.539145
0.538163
0.535441
0.529799
0.521914
0.514847
0.511154
0.508051
0.503994
0.499356
0.494524
0.490911
0.488342
0.486347
0.482147
0.47577
0.470832
0.464695
0.458233
0.452832
0.445453
0.440489
0.438978
0.437049
0.436406
0.436103
0.433149
0.429567
0.427418
0.424068
0.419829
0.417029
0.412996
0.407663
0.402507
0.399453
0.399979
0.400383
0.401003
0.400828
0.396028
0.389454
0.381834
0.373517
0.368612
0.367888
0.367558
0.364704
0.361148
0.357152
0.352452
0.349581
0.34776
0.344378
0.33899
0.334314
0.329521
0.321902
0.316622
0.315299
0.313484
0.313081
0.313887
0.309514
0.301386
0.294697
0.287413
0.279118
0.271662
0.264337
0.258649
0.255652
0.253701
0.250503
0.246572
0.245231
0.245325
0.242603
0.236548
0.230787
0.227766
0.224305
0.221375
0.22011
0.216382
0.212168
0.209152
0.206054
0.203099
0.197219
0.189409
0.185302
0.183879
0.183193
0.185413
0.186707
0.183701
0.180688
0.176198
0.169885
0.164654
0.15726
0.148837
0.14006
0.129905
0.122134
0.117652
0.117123
0.119785
0.123649
0.125931
0.121491
0.11467
0.110002
0.104869
0.0995798
0.0934741
0.0880931
0.0860065
0.0831442
0.077867
0.0731863
0.0682073
0.063614
0.058875
0.0529589
0.0487667
0.0477157
0.0452751
0.0411596
0.0363866
0.0295373
0.0240606
0.0183075
0.0110048
0.00523533
0.00197209
-3.31664
-3226.83
-1037.72
539.345
494.721
25.5913
-135.108
-57.8014
18.6653
25.0467
4.90438
-4.68053
-2.39859
1.30603
2.04526
1.23365
0.705212
0.737649
0.903792
0.955802
0.920849
0.889009
0.885
0.888874
0.886327
0.877932
0.871844
0.866632
0.856524
0.847236
0.840528
0.832073
0.824991
0.82164
0.81823
0.815934
0.815011
0.811668
0.809047
0.808619
0.803441
0.791799
0.781957
0.782311
0.784223
0.777895
0.771069
0.767211
0.764946
0.763273
0.758234
0.756706
0.759699
0.756383
0.749203
0.747233
0.750759
0.752204
0.749328
0.747158
0.744214
0.742652
0.746016
0.745327
0.740158
0.73834
0.734347
0.725252
0.718638
0.713185
0.706957
0.703815
0.700822
0.697722
0.695345
0.689953
0.683738
0.676831
0.670448
0.665551
0.656345
0.648332
0.645259
0.64158
0.637927
0.632472
0.62656
0.624786
0.624533
0.624767
0.624347
0.622051
0.619547
0.615115
0.608786
0.604279
0.602542
0.602122
0.601364
0.597192
0.590164
0.58485
0.580053
0.574234
0.568334
0.561417
0.554379
0.546877
0.539951
0.536609
0.536372
0.539299
0.541044
0.538263
0.535831
0.533047
0.527529
0.521776
0.516465
0.512277
0.508775
0.503442
0.498385
0.497034
0.494628
0.488147
0.482542
0.478004
0.475008
0.473207
0.467587
0.46046
0.452691
0.444103
0.440767
0.43986
0.438047
0.436946
0.433826
0.430715
0.430637
0.429684
0.425815
0.421541
0.417715
0.413016
0.40731
0.402144
0.399638
0.399372
0.400654
0.402191
0.399923
0.396311
0.391809
0.382031
0.372715
0.368242
0.367019
0.367816
0.366824
0.363251
0.358116
0.353252
0.351234
0.348438
0.343497
0.339136
0.334347
0.328062
0.322195
0.318233
0.316297
0.31535
0.313436
0.310534
0.305089
0.297971
0.294979
0.291024
0.281821
0.272851
0.263803
0.257327
0.255456
0.252242
0.249187
0.2488
0.248225
0.246268
0.242449
0.237228
0.232236
0.227782
0.223218
0.220323
0.218685
0.216634
0.215284
0.211269
0.205137
0.201001
0.195305
0.18961
0.188284
0.187979
0.185612
0.183277
0.183447
0.184003
0.183099
0.180159
0.17421
0.1662
0.156592
0.146584
0.137067
0.128476
0.122202
0.119315
0.121099
0.123214
0.122408
0.120932
0.117688
0.114066
0.110715
0.105133
0.0991959
0.0933001
0.0880625
0.0846655
0.0816411
0.07794
0.0742037
0.0707528
0.0647165
0.0569793
0.0527452
0.0491208
0.0476477
0.0470302
0.0409303
0.0355005
0.0294885
0.0224133
0.0166054
0.00894044
0.00293608
0.00090336
-3.31659
-3226.83
-1037.72
539.349
494.724
25.5937
-135.105
-57.8034
18.659
25.0447
4.90619
-4.6791
-2.39906
1.30619
2.0479
1.23214
0.700162
0.737764
0.905212
0.952881
0.918163
0.887239
0.882517
0.888665
0.890555
0.880661
0.868987
0.864679
0.857877
0.848218
0.839067
0.829703
0.827826
0.827332
0.819368
0.812545
0.810986
0.810357
0.808716
0.80437
0.797922
0.791748
0.786955
0.784368
0.780202
0.772053
0.767377
0.765557
0.763006
0.763378
0.761741
0.758302
0.757032
0.75254
0.7486
0.749067
0.750259
0.750126
0.747392
0.746888
0.746436
0.744572
0.748549
0.748089
0.739161
0.734616
0.731282
0.72548
0.7215
0.714194
0.703937
0.699442
0.697968
0.696343
0.695858
0.692586
0.686501
0.678394
0.668989
0.661704
0.654994
0.650898
0.648122
0.64056
0.634005
0.630455
0.626241
0.624351
0.624221
0.625236
0.62672
0.623072
0.616432
0.612105
0.608961
0.606634
0.605198
0.603138
0.600402
0.595316
0.588813
0.584386
0.579591
0.573797
0.568712
0.562204
0.554971
0.547658
0.541241
0.537809
0.535739
0.536725
0.538954
0.537581
0.535468
0.532172
0.525548
0.519446
0.515704
0.512764
0.509364
0.504231
0.498333
0.495279
0.492316
0.48722
0.484051
0.480072
0.47472
0.470505
0.464241
0.458733
0.45346
0.446242
0.44192
0.438432
0.435089
0.435069
0.435632
0.434708
0.431371
0.426188
0.422694
0.421187
0.418049
0.412937
0.407546
0.402615
0.401473
0.401444
0.399699
0.399806
0.398114
0.394411
0.389537
0.379861
0.373525
0.372203
0.3699
0.368923
0.366435
0.360073
0.354689
0.352896
0.352908
0.351248
0.346984
0.340457
0.332406
0.325484
0.321104
0.317867
0.315318
0.314287
0.311677
0.308006
0.305509
0.300614
0.295487
0.28941
0.279003
0.270498
0.263193
0.256701
0.254305
0.251833
0.251077
0.252353
0.250376
0.2466
0.241652
0.235253
0.230236
0.226955
0.2236
0.221047
0.219457
0.216677
0.213979
0.210556
0.205904
0.201343
0.194236
0.188432
0.187329
0.186611
0.186557
0.187592
0.187136
0.184912
0.181699
0.177349
0.172187
0.166685
0.158639
0.147607
0.136085
0.127348
0.122576
0.119794
0.120642
0.122956
0.121049
0.118217
0.117039
0.115123
0.110419
0.102674
0.0965565
0.0932477
0.08901
0.0848483
0.0809458
0.0764559
0.0730046
0.0698929
0.0626552
0.0556012
0.054144
0.0521076
0.0469627
0.0421344
0.0394735
0.0354228
0.0282449
0.0224829
0.0167988
0.0105554
0.00738265
0.00309669
-3.3137
-3226.82
-1037.71
539.35
494.724
25.5936
-135.107
-57.8039
18.6634
25.0496
4.90836
-4.67644
-2.3962
1.30686
2.04814
1.23426
0.702213
0.737483
0.906072
0.956227
0.919767
0.886598
0.882875
0.891076
0.89255
0.883613
0.87393
0.864358
0.853829
0.850103
0.846117
0.836966
0.829458
0.821973
0.816808
0.817701
0.816467
0.809839
0.805331
0.803652
0.798947
0.791885
0.785966
0.782571
0.779259
0.773527
0.76914
0.765879
0.763123
0.763367
0.760318
0.757013
0.758498
0.754054
0.749114
0.752184
0.753814
0.750507
0.746148
0.744151
0.745455
0.749026
0.75166
0.747111
0.740172
0.737743
0.735316
0.727672
0.716835
0.708862
0.704397
0.702431
0.701552
0.698169
0.693762
0.689409
0.685157
0.679501
0.670772
0.663716
0.658831
0.653558
0.646721
0.637915
0.632696
0.630377
0.626672
0.625111
0.62545
0.625292
0.62538
0.62399
0.619922
0.613603
0.607315
0.605064
0.605908
0.605517
0.602007
0.595494
0.588831
0.585163
0.580848
0.57443
0.569646
0.56407
0.556169
0.547381
0.539339
0.536923
0.538839
0.540278
0.539241
0.53584
0.53308
0.529296
0.523669
0.519578
0.516668
0.513271
0.508935
0.504718
0.501151
0.498224
0.49412
0.486573
0.480393
0.477352
0.474801
0.472214
0.466974
0.459849
0.452293
0.44547
0.441542
0.437579
0.435236
0.43548
0.434741
0.434445
0.432731
0.428441
0.425
0.421814
0.417404
0.412449
0.407506
0.402873
0.401195
0.400846
0.400021
0.401105
0.398677
0.393369
0.388794
0.380392
0.374144
0.371794
0.369143
0.369249
0.366772
0.360731
0.357306
0.355489
0.354543
0.351961
0.345836
0.338334
0.330968
0.32605
0.323302
0.319759
0.316392
0.314399
0.309829
0.304532
0.303008
0.300082
0.296099
0.29156
0.281103
0.270415
0.26189
0.255323
0.254047
0.252831
0.252453
0.253093
0.249818
0.246676
0.243065
0.237163
0.231948
0.22626
0.221104
0.219498
0.219595
0.217929
0.215045
0.211006
0.204942
0.199303
0.194873
0.19254
0.190965
0.187725
0.185667
0.184771
0.185061
0.186825
0.185227
0.179698
0.173795
0.167571
0.157435
0.144207
0.13406
0.128645
0.125137
0.122265
0.121174
0.120652
0.118638
0.117511
0.117777
0.116192
0.110406
0.101567
0.0951685
0.0921705
0.088028
0.0835197
0.0795494
0.0771895
0.0746752
0.0683285
0.0609458
0.0595212
0.0587618
0.0503592
0.0446196
0.0422051
0.0399998
0.0367725
0.0291248
0.0213316
0.0148839
0.01009
0.00626537
0.00252913
-3.31396
-3226.82
-1037.71
539.351
494.723
25.5934
-135.107
-57.8065
18.6583
25.0484
4.91064
-4.67762
-2.39889
1.30589
2.04741
1.23266
0.699941
0.735961
0.902034
0.950405
0.920012
0.889423
0.882515
0.891093
0.893025
0.881835
0.871738
0.865075
0.854744
0.847492
0.843508
0.836525
0.831238
0.824687
0.816679
0.815538
0.814593
0.808035
0.803034
0.801091
0.798966
0.796105
0.789504
0.779064
0.771646
0.768877
0.767801
0.766986
0.764172
0.762044
0.760542
0.756437
0.754711
0.753866
0.752188
0.752781
0.75041
0.747665
0.747024
0.745448
0.747542
0.751953
0.751781
0.745564
0.738317
0.735652
0.734088
0.727648
0.718526
0.71081
0.703747
0.700034
0.699275
0.695405
0.69208
0.691238
0.687192
0.678525
0.668844
0.663604
0.660351
0.653957
0.646333
0.638629
0.632697
0.629599
0.62554
0.622957
0.625142
0.627468
0.627613
0.623907
0.615073
0.608856
0.609387
0.610972
0.609797
0.604367
0.597123
0.592744
0.588762
0.584232
0.58062
0.57549
0.570444
0.5652
0.556713
0.547691
0.54121
0.538733
0.53895
0.538569
0.536147
0.533385
0.532027
0.528768
0.523466
0.519119
0.515362
0.51206
0.508948
0.506262
0.501934
0.496421
0.493187
0.487846
0.481297
0.477704
0.473947
0.470098
0.465486
0.459029
0.451737
0.444824
0.440827
0.438269
0.436602
0.436217
0.435644
0.434212
0.430375
0.426785
0.424308
0.420856
0.417395
0.413392
0.409834
0.405587
0.400916
0.399436
0.398549
0.398803
0.398032
0.392526
0.387053
0.380556
0.374676
0.373845
0.372801
0.368956
0.36356
0.358304
0.355639
0.356633
0.358738
0.355108
0.34604
0.337023
0.330012
0.325224
0.32159
0.319233
0.315874
0.311024
0.30876
0.307349
0.304861
0.300602
0.294984
0.288859
0.27804
0.267376
0.261734
0.256804
0.254952
0.255608
0.254953
0.253244
0.249711
0.245864
0.241501
0.236017
0.230998
0.22624
0.222295
0.220225
0.219603
0.216798
0.212625
0.21014
0.205521
0.200133
0.196843
0.193389
0.190521
0.187892
0.186052
0.187106
0.187913
0.18569
0.182264
0.178334
0.17295
0.165866
0.155837
0.145269
0.137254
0.129287
0.122458
0.119911
0.120122
0.121063
0.121268
0.120691
0.11937
0.114597
0.106525
0.0989921
0.0942088
0.0909792
0.0866969
0.0831136
0.0821481
0.0796211
0.0729363
0.0667129
0.06372
0.0615032
0.0563334
0.0469303
0.0441778
0.042615
0.0374659
0.0353747
0.0287018
0.019514
0.0145995
0.0114626
0.00499058
0.000653836
-3.30646
-3226.8
-1037.7
539.36
494.727
25.5906
-135.109
-57.7987
18.6695
25.0533
4.90869
-4.67991
-2.39994
1.30553
2.05234
1.24083
0.70255
0.73302
0.901627
0.952348
0.920406
0.890781
0.887522
0.894113
0.891307
0.883181
0.874846
0.864696
0.857084
0.852351
0.845579
0.837073
0.828147
0.820626
0.820505
0.822088
0.81376
0.803925
0.805093
0.807706
0.800029
0.790952
0.786801
0.77995
0.773092
0.770406
0.767438
0.766227
0.765824
0.762147
0.757604
0.755047
0.756492
0.756951
0.755251
0.75458
0.749742
0.745752
0.747404
0.748783
0.749936
0.750039
0.747782
0.744982
0.743106
0.74087
0.734757
0.72634
0.717448
0.70936
0.704876
0.703339
0.699967
0.693743
0.690883
0.688396
0.683228
0.679913
0.673797
0.665826
0.660987
0.654185
0.646002
0.638256
0.631153
0.62916
0.627849
0.624372
0.62481
0.626697
0.626329
0.623788
0.616921
0.610439
0.609559
0.610757
0.610248
0.605886
0.5989
0.593277
0.587896
0.582544
0.579848
0.577614
0.573341
0.565353
0.555283
0.547431
0.541659
0.540066
0.541501
0.539256
0.535382
0.533155
0.530017
0.526079
0.523183
0.519304
0.514863
0.512413
0.509733
0.507301
0.504424
0.499097
0.493602
0.48571
0.47881
0.4767
0.474167
0.472219
0.467713
0.457388
0.449117
0.444316
0.440801
0.438596
0.436821
0.436182
0.436385
0.435247
0.43212
0.428648
0.424055
0.420021
0.417345
0.412163
0.40899
0.406447
0.401128
0.400265
0.399969
0.398172
0.39744
0.392395
0.386274
0.380974
0.375539
0.373705
0.371677
0.367218
0.363145
0.360029
0.359059
0.360313
0.359371
0.35256
0.344381
0.337799
0.330705
0.32523
0.322145
0.319446
0.315809
0.311847
0.308598
0.304336
0.302531
0.3025
0.297388
0.288729
0.276685
0.26536
0.260916
0.258411
0.257614
0.256872
0.252635
0.251092
0.25104
0.247742
0.243087
0.237409
0.230581
0.224951
0.221572
0.219648
0.218992
0.216466
0.212656
0.210614
0.205891
0.201266
0.199778
0.195395
0.190516
0.18751
0.185048
0.186162
0.187798
0.186134
0.18489
0.182823
0.174327
0.162034
0.151272
0.14315
0.136419
0.129322
0.123943
0.12283
0.122875
0.121108
0.120126
0.120671
0.117654
0.111171
0.10629
0.101551
0.0949806
0.0888917
0.0841327
0.0824382
0.0847105
0.0819975
0.0730945
0.0667837
0.0649416
0.0627921
0.0555409
0.0473018
0.0432962
0.0402939
0.0377134
0.0347963
0.0288879
0.020555
0.0120023
0.0106888
0.00782042
0.00237605
-3.30924
-3226.81
-1037.71
539.354
494.727
25.5941
-135.108
-57.802
18.6658
25.0525
4.90607
-4.68547
-2.40046
1.30785
2.05108
1.23821
0.700397
0.730959
0.900377
0.952498
0.92142
0.892781
0.886879
0.889515
0.889068
0.883031
0.872976
0.86429
0.857222
0.850606
0.844814
0.836353
0.827697
0.82306
0.821708
0.819371
0.812866
0.807817
0.806025
0.802568
0.798419
0.794546
0.787641
0.777272
0.768812
0.767653
0.769494
0.768045
0.763495
0.758814
0.757293
0.7579
0.758367
0.756921
0.753659
0.751607
0.748975
0.74762
0.74894
0.748631
0.749008
0.749623
0.747755
0.744989
0.742037
0.739034
0.733829
0.726461
0.718925
0.711093
0.704868
0.70105
0.696616
0.692859
0.69204
0.688471
0.68327
0.681005
0.674729
0.666265
0.661084
0.653062
0.643711
0.637901
0.6334
0.630293
0.626959
0.62374
0.626124
0.628779
0.62533
0.619828
0.614139
0.611335
0.61338
0.612843
0.608139
0.60305
0.597526
0.593151
0.588219
0.582316
0.58041
0.578835
0.572958
0.564686
0.555406
0.548172
0.544374
0.542449
0.540624
0.537204
0.534032
0.532058
0.528972
0.525088
0.522089
0.518585
0.515223
0.513414
0.510117
0.50703
0.504389
0.498556
0.492511
0.485603
0.47939
0.477733
0.475422
0.471822
0.465511
0.455443
0.448722
0.444639
0.441614
0.440262
0.437806
0.436212
0.435722
0.433391
0.430486
0.427936
0.423844
0.42021
0.417911
0.413333
0.40995
0.407042
0.401709
0.400379
0.399411
0.396929
0.396686
0.392172
0.385342
0.380462
0.376002
0.374402
0.372325
0.366891
0.361908
0.359747
0.360533
0.361366
0.35887
0.352568
0.345011
0.337501
0.329929
0.324684
0.321315
0.318224
0.314923
0.311175
0.308939
0.307017
0.305488
0.302773
0.293821
0.283768
0.274891
0.26639
0.263004
0.260893
0.258116
0.256062
0.252911
0.251954
0.250941
0.246755
0.242847
0.237365
0.229803
0.224893
0.222005
0.218631
0.216876
0.215635
0.213308
0.211696
0.207984
0.203356
0.200318
0.194982
0.189792
0.187349
0.18597
0.186839
0.188098
0.187233
0.184964
0.179778
0.169838
0.158732
0.151571
0.146126
0.137571
0.12863
0.124008
0.123169
0.123582
0.123234
0.122461
0.121006
0.115728
0.109295
0.10584
0.10112
0.0933309
0.0886273
0.0873109
0.0853247
0.0835059
0.076931
0.0699147
0.0690176
0.0658738
0.0597448
0.054769
0.0502318
0.04331
0.0391271
0.0367233
0.0309611
0.0265426
0.0217602
0.0158874
0.0141678
0.0100423
0.00479187
-3.27569
-3226.75
-1037.67
539.347
494.712
25.5897
-135.102
-57.7953
18.6671
25.0506
4.90767
-4.6811
-2.39852
1.30953
2.05141
1.23522
0.700785
0.73412
0.900531
0.951413
0.920172
0.892854
0.891263
0.892455
0.887986
0.883707
0.873512
0.863391
0.859966
0.85216
0.840903
0.833721
0.828713
0.825448
0.823149
0.817105
0.811038
0.811747
0.811767
0.803312
0.793849
0.79092
0.787652
0.777406
0.770572
0.771429
0.769284
0.766267
0.764732
0.758653
0.756011
0.759645
0.759746
0.756432
0.754659
0.752784
0.748244
0.747607
0.751346
0.750134
0.747146
0.746542
0.746544
0.747654
0.74561
0.739194
0.732669
0.725757
0.717595
0.710639
0.705429
0.700864
0.697707
0.694782
0.690123
0.685157
0.682742
0.681383
0.675258
0.667265
0.662094
0.653518
0.642829
0.637492
0.633712
0.62933
0.627415
0.626888
0.627099
0.626421
0.623608
0.621143
0.617645
0.613365
0.612457
0.61171
0.607827
0.603579
0.598217
0.591147
0.586312
0.584109
0.581778
0.577955
0.57131
0.562725
0.556142
0.550616
0.54444
0.541873
0.54071
0.53758
0.536471
0.534208
0.52805
0.523458
0.521057
0.51839
0.515358
0.512934
0.511086
0.508492
0.504581
0.498866
0.491506
0.484252
0.480045
0.477797
0.474357
0.470647
0.464432
0.455966
0.450139
0.445062
0.44074
0.439615
0.439684
0.438742
0.436146
0.433697
0.43065
0.426789
0.424454
0.420945
0.415678
0.411394
0.408955
0.407029
0.4036
0.401339
0.400109
0.397832
0.395817
0.391332
0.384773
0.380276
0.377188
0.373823
0.369681
0.365837
0.363337
0.363327
0.364422
0.361716
0.356617
0.350992
0.343386
0.336468
0.330666
0.325397
0.322181
0.319438
0.315504
0.310806
0.30733
0.306679
0.306737
0.302092
0.291807
0.28245
0.274666
0.267478
0.26487
0.262503
0.257524
0.25427
0.25336
0.253615
0.251694
0.247365
0.24283
0.235776
0.228627
0.225331
0.223148
0.219735
0.216831
0.215104
0.212745
0.210454
0.208144
0.204337
0.200099
0.194794
0.189688
0.187966
0.187322
0.186656
0.188381
0.189614
0.186111
0.178628
0.168012
0.156837
0.149409
0.143635
0.137127
0.131651
0.126771
0.123422
0.123265
0.12319
0.12162
0.11895
0.114585
0.109865
0.105431
0.100883
0.0953503
0.0910868
0.089815
0.0869852
0.0822902
0.0765171
0.072328
0.0682159
0.0633345
0.060886
0.0541933
0.0473534
0.0425133
0.0392625
0.0377074
0.0323647
0.0264814
0.0209183
0.0159031
0.0136321
0.0124264
0.000304558
)
;

boundaryField
{
    inlet
    {
        type            fixedValue;
        value           uniform 5000;
    }
    outlet
    {
        type            fixedValue;
        value           uniform 0;
    }
    walls
    {
        type            zeroGradient;
    }
    frontAndBack
    {
        type            empty;
    }
}


// ************************************************************************* //
