/*--------------------------------*- C++ -*----------------------------------*\
| =========                 |                                                 |
| \\      /  F ield         | OpenFOAM: The Open Source CFD Toolbox           |
|  \\    /   O peration     | Version:  2406                                  |
|   \\  /    A nd           | Website:  www.openfoam.com                      |
|    \\/     M anipulation  |                                                 |
\*---------------------------------------------------------------------------*/
FoamFile
{
    version     2.0;
    format      ascii;
    arch        "LSB;label=32;scalar=64";
    class       volScalarField;
    location    "1.6";
    object      p;
}
// * * * * * * * * * * * * * * * * * * * * * * * * * * * * * * * * * * * * * //

dimensions      [1 -1 -2 0 0 0 0];

internalField   nonuniform List<scalar> 
6250
(
-1.63978
-3223.47
-1034.92
541.4
496.636
27.6642
-132.949
-55.6743
20.7456
27.1123
6.95182
-2.64794
-0.368501
3.32341
4.04654
3.22597
2.69095
2.71061
2.86321
2.90327
2.85882
2.81891
2.80065
2.79101
2.77852
2.75618
2.73928
2.73061
2.71365
2.69528
2.68186
2.6659
2.65315
2.64302
2.62703
2.61514
2.6059
2.58741
2.56968
2.55894
2.54916
2.53481
2.51375
2.49522
2.48645
2.47704
2.46257
2.44932
2.43198
2.41252
2.39879
2.38583
2.37399
2.36606
2.35297
2.33486
2.32397
2.31405
2.29825
2.28435
2.27267
2.26245
2.25255
2.23956
2.22506
2.2103
2.19559
2.18378
2.17119
2.15168
2.13573
2.12626
2.11493
2.10343
2.08912
2.07399
2.06323
2.05238
2.03993
2.02751
2.01511
1.9989
1.97871
1.95968
1.9457
1.93683
1.92976
1.92563
1.92087
1.91001
1.89778
1.8853
1.86948
1.85298
1.83912
1.82666
1.81437
1.80284
1.79167
1.77965
1.76462
1.747
1.72874
1.71141
1.69932
1.6917
1.68258
1.67073
1.65577
1.63803
1.62097
1.60664
1.59755
1.59432
1.59182
1.58887
1.58763
1.58239
1.56975
1.55245
1.53051
1.50797
1.48745
1.46741
1.4519
1.44215
1.43393
1.42383
1.41088
1.39573
1.37907
1.36326
1.34851
1.3348
1.32467
1.31437
1.30153
1.28872
1.27229
1.25366
1.23802
1.22378
1.21072
1.19637
1.18087
1.16824
1.15654
1.14703
1.14046
1.13115
1.1186
1.10619
1.09308
1.08071
1.07178
1.06218
1.051
1.03912
1.02552
1.01307
1.0019
0.991782
0.982327
0.972082
0.960946
0.947524
0.934407
0.92234
0.910109
0.899032
0.88669
0.87285
0.858714
0.845039
0.834461
0.825701
0.81727
0.810272
0.803331
0.794484
0.785744
0.777481
0.7676
0.757898
0.747777
0.734801
0.720699
0.70742
0.694699
0.682494
0.674234
0.667979
0.657322
0.644971
0.63359
0.619795
0.603536
0.588833
0.577347
0.566142
0.553934
0.541045
0.527508
0.515354
0.50597
0.499777
0.494096
0.485605
0.47661
0.465858
0.449577
0.434015
0.424636
0.417032
0.40847
0.398912
0.386987
0.37377
0.359791
0.34521
0.33177
0.318545
0.306183
0.296418
0.285305
0.271605
0.260382
0.252023
0.243235
0.234802
0.22728
0.218268
0.207923
0.197274
0.185118
0.172495
0.160861
0.14943
0.137495
0.123704
0.110872
0.102168
0.0923291
0.0797364
0.070109
0.0613623
0.0475513
0.0308751
0.0192313
0.00210267
-1.66939
-3223.53
-1034.95
541.403
496.649
27.6649
-132.961
-55.678
20.745
27.1027
6.94999
-2.64506
-0.373834
3.31957
4.04954
3.22703
2.68904
2.71019
2.86201
2.90337
2.86182
2.82082
2.80367
2.79634
2.77831
2.75061
2.73345
2.72281
2.71026
2.69941
2.68647
2.67053
2.65674
2.64151
2.62309
2.61172
2.60242
2.5863
2.57399
2.56462
2.54787
2.5261
2.50798
2.49601
2.48776
2.48089
2.46961
2.45055
2.42741
2.40896
2.39565
2.38475
2.37792
2.36772
2.35203
2.33651
2.32161
2.30599
2.29335
2.28769
2.28223
2.26803
2.24891
2.2348
2.22299
2.21052
2.19765
2.18222
2.169
2.15189
2.13326
2.12455
2.11712
2.10725
2.09394
2.07697
2.06264
2.04966
2.03766
2.02671
2.01433
1.9995
1.98214
1.9627
1.94566
1.93538
1.92708
1.92124
1.91871
1.91266
1.90246
1.8878
1.86847
1.84964
1.83469
1.82419
1.81572
1.80459
1.79107
1.77931
1.76583
1.74756
1.73018
1.71416
1.69837
1.68735
1.67946
1.66983
1.65694
1.63924
1.61962
1.60474
1.59674
1.59348
1.59258
1.59208
1.59015
1.58312
1.56982
1.55142
1.52822
1.50754
1.48983
1.46912
1.45272
1.44229
1.43103
1.41994
1.40969
1.39737
1.38175
1.36654
1.35283
1.33675
1.32233
1.31116
1.29784
1.28472
1.27185
1.25661
1.24022
1.22324
1.21024
1.19735
1.18068
1.16861
1.15784
1.14483
1.1369
1.12996
1.11784
1.10652
1.09662
1.08378
1.07116
1.05923
1.04864
1.03924
1.02703
1.01543
1.00433
0.992039
0.980851
0.969598
0.957952
0.945454
0.934315
0.924625
0.912786
0.900048
0.885892
0.871534
0.859081
0.847085
0.837375
0.828537
0.817032
0.806586
0.800056
0.793418
0.786612
0.780654
0.769857
0.755575
0.74378
0.733093
0.720881
0.709359
0.699351
0.685717
0.671843
0.66466
0.657214
0.644921
0.631545
0.618022
0.603801
0.590372
0.579896
0.569372
0.55509
0.539108
0.524691
0.513569
0.505047
0.499298
0.495053
0.486054
0.473976
0.463928
0.451345
0.436121
0.425189
0.416764
0.406985
0.397235
0.387632
0.377427
0.363286
0.344304
0.328449
0.316982
0.304472
0.29387
0.285784
0.273596
0.260057
0.252122
0.245366
0.235513
0.227221
0.219935
0.208629
0.194772
0.181683
0.171526
0.16344
0.153043
0.140798
0.126841
0.111013
0.100299
0.0933338
0.0815555
0.067475
0.0561468
0.0440695
0.028827
0.0137369
0.00540399
-1.66645
-3223.52
-1034.95
541.411
496.656
27.6619
-132.961
-55.672
20.75
27.1044
6.95247
-2.63998
-0.371368
3.31816
4.05084
3.23291
2.69058
2.7066
2.86467
2.90633
2.85563
2.81847
2.8075
2.79541
2.77723
2.75462
2.73857
2.72685
2.71029
2.6956
2.6842
2.66994
2.65716
2.64509
2.62709
2.61146
2.59986
2.58768
2.57794
2.56361
2.54292
2.52436
2.51206
2.50343
2.49058
2.476
2.46427
2.44881
2.42796
2.41246
2.40149
2.38634
2.37262
2.36281
2.35331
2.3422
2.32582
2.30776
2.29442
2.28573
2.27884
2.26671
2.24744
2.23483
2.22544
2.2096
2.198
2.18683
2.16985
2.15279
2.13657
2.12274
2.1121
2.1041
2.0927
2.0781
2.06649
2.05238
2.03794
2.02767
2.01432
1.99608
1.97881
1.96215
1.94528
1.93592
1.93201
1.92641
1.92001
1.9108
1.89787
1.88314
1.86791
1.85366
1.83991
1.8278
1.81759
1.80477
1.7887
1.77408
1.76045
1.74433
1.7294
1.71779
1.70569
1.69389
1.68227
1.66779
1.65117
1.63409
1.61982
1.60927
1.59899
1.59106
1.5899
1.59293
1.59458
1.58895
1.5727
1.54931
1.52387
1.50228
1.48524
1.46896
1.45678
1.44684
1.43441
1.42141
1.40709
1.39263
1.379
1.36531
1.35367
1.34047
1.32498
1.31193
1.29849
1.28435
1.27098
1.25628
1.23985
1.22085
1.20549
1.19522
1.18228
1.17158
1.16317
1.14884
1.13539
1.12729
1.11706
1.1065
1.09869
1.08706
1.07183
1.05681
1.04415
1.03511
1.02611
1.01754
1.00829
0.995649
0.982264
0.969508
0.958012
0.945697
0.933698
0.923864
0.911506
0.897882
0.884593
0.870875
0.858825
0.847319
0.836451
0.827804
0.819299
0.809902
0.80134
0.792414
0.78356
0.778515
0.772237
0.759659
0.745398
0.731714
0.717045
0.705034
0.699046
0.69057
0.676442
0.665636
0.656388
0.643651
0.630461
0.618058
0.605118
0.590454
0.576514
0.565158
0.55333
0.540027
0.52759
0.517393
0.50758
0.498856
0.493865
0.486745
0.473741
0.461272
0.44999
0.437035
0.426346
0.418283
0.40869
0.39769
0.386189
0.374604
0.361863
0.345936
0.331692
0.320737
0.30629
0.291374
0.282353
0.273319
0.261576
0.252916
0.245133
0.23413
0.225419
0.220021
0.210817
0.197762
0.184789
0.172635
0.16047
0.146625
0.134589
0.125426
0.113414
0.101389
0.0931719
0.0823665
0.067409
0.0548972
0.0451334
0.0337992
0.020563
0.00774315
-1.67444
-3223.54
-1034.96
541.407
496.646
27.6577
-132.957
-55.6759
20.7401
27.0993
6.94934
-2.64431
-0.375413
3.31695
4.05199
3.2286
2.68199
2.70314
2.86557
2.91054
2.86104
2.81772
2.80289
2.79081
2.77793
2.76185
2.73858
2.71844
2.70674
2.69745
2.68547
2.66976
2.65491
2.64356
2.62914
2.61043
2.59606
2.58754
2.57793
2.56069
2.54117
2.52495
2.51184
2.50209
2.48991
2.47692
2.46586
2.44851
2.42667
2.40985
2.39838
2.38775
2.37562
2.36293
2.35136
2.33937
2.3259
2.31111
2.29673
2.28564
2.27542
2.26225
2.24639
2.23316
2.22367
2.21282
2.19913
2.18175
2.16469
2.15241
2.14194
2.1293
2.11444
2.10198
2.08824
2.07352
2.06488
2.05464
2.04215
2.03159
2.01494
1.99437
1.97726
1.9605
1.94463
1.93724
1.93392
1.9266
1.9197
1.912
1.89878
1.88316
1.86599
1.84932
1.83583
1.82443
1.81576
1.8072
1.79327
1.77563
1.75954
1.74376
1.72804
1.71585
1.704
1.69271
1.68412
1.672
1.65364
1.63294
1.61574
1.60513
1.5985
1.59495
1.59423
1.59333
1.59072
1.58328
1.56844
1.54983
1.52796
1.50489
1.4862
1.46908
1.45438
1.44457
1.43526
1.42437
1.41011
1.39381
1.37748
1.36131
1.34971
1.33936
1.32574
1.31381
1.30105
1.2848
1.26922
1.25469
1.24068
1.22424
1.20701
1.19333
1.17893
1.1669
1.16044
1.15077
1.13846
1.12918
1.11854
1.10669
1.09693
1.08533
1.07208
1.05936
1.047
1.03595
1.02457
1.01385
1.00391
0.992708
0.981777
0.970188
0.958784
0.948305
0.936639
0.924643
0.911665
0.897528
0.883103
0.869231
0.857915
0.847167
0.836034
0.826909
0.818481
0.809462
0.802361
0.796028
0.78716
0.77831
0.770557
0.759645
0.745649
0.732495
0.71878
0.703792
0.69444
0.688357
0.677312
0.666119
0.656756
0.644014
0.629406
0.615964
0.604386
0.592953
0.579851
0.566503
0.552939
0.538243
0.524539
0.515117
0.507796
0.499289
0.493067
0.486934
0.473972
0.459132
0.448381
0.438503
0.42817
0.418742
0.409718
0.40017
0.387693
0.372555
0.358306
0.344097
0.330253
0.319968
0.309082
0.294267
0.281244
0.271665
0.260781
0.250427
0.244451
0.238375
0.229801
0.220781
0.208672
0.194429
0.182604
0.17264
0.162372
0.149292
0.135483
0.125102
0.113932
0.100593
0.0910657
0.0835041
0.0710136
0.0556048
0.0431032
0.031309
0.0182632
0.00620408
-1.67512
-3223.54
-1034.96
541.4
496.645
27.6598
-132.959
-55.6737
20.7498
27.1054
6.94882
-2.64642
-0.374397
3.32076
4.05244
3.22557
2.6832
2.70954
2.86716
2.90726
2.85881
2.81776
2.80708
2.79666
2.77876
2.75923
2.7371
2.72059
2.71042
2.69858
2.68536
2.67034
2.65535
2.64317
2.62876
2.61321
2.60251
2.58979
2.57203
2.55584
2.54275
2.53081
2.51581
2.50016
2.48803
2.47809
2.46652
2.44801
2.42678
2.41028
2.39828
2.38957
2.37967
2.36538
2.34972
2.33499
2.32342
2.31409
2.30206
2.28699
2.27384
2.26144
2.24634
2.23348
2.22331
2.21275
2.20036
2.18183
2.16377
2.15322
2.1428
2.13038
2.11719
2.10227
2.08769
2.07467
2.06479
2.05558
2.04455
2.03241
2.0148
1.99343
1.97506
1.96013
1.94825
1.94023
1.93412
1.92662
1.91975
1.91241
1.89966
1.88297
1.86365
1.84784
1.83873
1.82745
1.81464
1.80338
1.78991
1.77503
1.76128
1.74606
1.72913
1.71619
1.70536
1.69474
1.68554
1.67144
1.65258
1.63286
1.61483
1.60311
1.59833
1.59846
1.59942
1.59679
1.59119
1.58031
1.56303
1.547
1.52976
1.50671
1.48726
1.47115
1.45498
1.44388
1.43448
1.42279
1.40964
1.39568
1.38095
1.36463
1.34998
1.33735
1.32384
1.31141
1.29947
1.28606
1.27127
1.25479
1.23923
1.22272
1.20494
1.19327
1.18301
1.16996
1.16054
1.15037
1.13747
1.12806
1.1198
1.10953
1.09803
1.08472
1.07156
1.05883
1.04577
1.0349
1.02509
1.01521
1.00562
0.994765
0.982849
0.96965
0.956611
0.94616
0.935924
0.924515
0.912179
0.898517
0.883726
0.869154
0.857723
0.847893
0.836926
0.8273
0.818617
0.808977
0.801333
0.795962
0.788577
0.778751
0.769796
0.760053
0.746114
0.732391
0.720613
0.706001
0.693275
0.686218
0.677455
0.66641
0.656162
0.644498
0.630708
0.615671
0.602569
0.592026
0.579894
0.566585
0.55329
0.538998
0.525644
0.515978
0.508713
0.499797
0.49088
0.483798
0.473347
0.460124
0.449365
0.439698
0.428913
0.417874
0.408367
0.400764
0.390326
0.374945
0.360077
0.346015
0.329922
0.31669
0.307073
0.294577
0.28113
0.2723
0.263691
0.25231
0.244418
0.238933
0.229586
0.218763
0.207741
0.195565
0.184321
0.173243
0.162019
0.149068
0.133168
0.121005
0.113558
0.103518
0.0919294
0.0825562
0.0709132
0.0559198
0.0429828
0.0315615
0.0199168
0.00759927
-1.67493
-3223.54
-1034.97
541.392
496.647
27.6607
-132.967
-55.6815
20.7484
27.1059
6.9475
-2.64536
-0.371748
3.31439
4.04195
3.22596
2.68949
2.71013
2.86446
2.90726
2.86047
2.81404
2.80099
2.79324
2.77419
2.75605
2.74005
2.72365
2.70991
2.6971
2.68538
2.67202
2.65547
2.64144
2.62994
2.61511
2.60022
2.58563
2.56772
2.55566
2.54677
2.53004
2.51003
2.4959
2.48995
2.48198
2.4649
2.44414
2.42553
2.41116
2.39983
2.38908
2.37821
2.36561
2.3496
2.33702
2.32753
2.31248
2.29846
2.28595
2.27102
2.25816
2.24392
2.23241
2.22519
2.21241
2.19759
2.18311
2.16552
2.15058
2.1409
2.13089
2.11775
2.10269
2.08792
2.07385
2.06454
2.05818
2.04526
2.03073
2.01561
1.99345
1.97305
1.95974
1.94969
1.94287
1.93718
1.92762
1.91779
1.9092
1.89579
1.88031
1.86391
1.84878
1.8393
1.82782
1.81368
1.80053
1.78658
1.77271
1.75959
1.7471
1.73307
1.71799
1.70422
1.69366
1.68553
1.67258
1.65467
1.63391
1.61172
1.5992
1.59751
1.59905
1.60061
1.59815
1.59063
1.57913
1.56191
1.5441
1.5274
1.50626
1.48699
1.47246
1.45785
1.4459
1.43481
1.42169
1.40793
1.39378
1.38027
1.36545
1.34996
1.3369
1.32427
1.31158
1.29956
1.28606
1.27001
1.25239
1.23661
1.22252
1.20703
1.19387
1.18237
1.16888
1.15878
1.15011
1.13914
1.13017
1.121
1.11035
1.09851
1.08365
1.0701
1.05855
1.04585
1.03428
1.02373
1.01265
1.00305
0.994348
0.984192
0.972047
0.95843
0.945644
0.934505
0.923072
0.910921
0.898365
0.884421
0.868845
0.855655
0.846546
0.837184
0.827773
0.81918
0.809321
0.801349
0.79681
0.79117
0.781227
0.769444
0.758312
0.744515
0.730291
0.720668
0.709378
0.694647
0.683855
0.675327
0.665272
0.655085
0.644013
0.631108
0.616477
0.602511
0.591709
0.580164
0.565901
0.551841
0.538896
0.5265
0.515734
0.508536
0.501133
0.490164
0.479806
0.47023
0.459489
0.450012
0.441325
0.431399
0.420143
0.408817
0.399245
0.388703
0.374025
0.359494
0.347011
0.331773
0.315916
0.304784
0.294573
0.282007
0.271557
0.263378
0.252909
0.244019
0.239323
0.231424
0.219375
0.20759
0.195969
0.184098
0.171455
0.159264
0.148211
0.134621
0.120849
0.11215
0.103975
0.0918633
0.0802008
0.0709441
0.0592847
0.0442931
0.0297463
0.0168625
0.00561189
-1.67485
-3223.55
-1034.98
541.394
496.645
27.6567
-132.965
-55.6794
20.7469
27.1063
6.94869
-2.64824
-0.375545
3.31518
4.04694
3.2262
2.68793
2.71245
2.86469
2.90448
2.86092
2.82057
2.80451
2.79089
2.7751
2.75892
2.74062
2.72495
2.71192
2.69793
2.68382
2.66939
2.65739
2.64427
2.62991
2.61761
2.59901
2.58062
2.57111
2.56083
2.54621
2.52915
2.51035
2.49746
2.49172
2.48065
2.46117
2.44249
2.4294
2.41711
2.40202
2.38934
2.3763
2.36126
2.35044
2.34216
2.32977
2.31084
2.29537
2.28499
2.27286
2.26102
2.24669
2.23273
2.2221
2.20921
2.19621
2.18353
2.1692
2.15558
2.14284
2.1303
2.11684
2.10122
2.08739
2.07639
2.06726
2.06045
2.04835
2.03106
2.01406
1.99425
1.97349
1.95844
1.9509
1.94509
1.93846
1.93127
1.92069
1.90828
1.89354
1.87747
1.86244
1.84876
1.83867
1.82802
1.81386
1.79938
1.78733
1.77461
1.75861
1.74567
1.73275
1.71772
1.70806
1.69957
1.68717
1.67108
1.65133
1.6302
1.61273
1.60398
1.60102
1.60037
1.60104
1.59709
1.58807
1.5774
1.5625
1.54475
1.52707
1.50643
1.48697
1.47299
1.46019
1.4474
1.43411
1.42157
1.4102
1.39604
1.38093
1.3652
1.34793
1.33435
1.32443
1.31308
1.29986
1.2864
1.27136
1.25292
1.23446
1.22039
1.2069
1.19341
1.18324
1.17133
1.15848
1.14969
1.14186
1.13287
1.12181
1.10989
1.09756
1.08329
1.07065
1.05942
1.04695
1.03485
1.02347
1.01194
1.00121
0.99251
0.983707
0.972838
0.960864
0.94814
0.935291
0.922789
0.9098
0.89652
0.884129
0.870849
0.856641
0.845978
0.83689
0.826753
0.818556
0.81136
0.803588
0.796837
0.791128
0.782416
0.769871
0.758867
0.746537
0.730105
0.717861
0.708573
0.69571
0.683973
0.675188
0.665364
0.654533
0.643084
0.631126
0.618033
0.603519
0.591104
0.579909
0.566146
0.551922
0.539931
0.528222
0.515502
0.506263
0.500103
0.490145
0.478639
0.469588
0.460287
0.450353
0.44065
0.431383
0.422509
0.411967
0.400325
0.388758
0.374222
0.358173
0.345961
0.333845
0.317914
0.30403
0.293827
0.282464
0.27147
0.264059
0.255791
0.245698
0.238591
0.231493
0.220447
0.207662
0.195072
0.183582
0.1711
0.157084
0.145849
0.135847
0.123452
0.112748
0.104935
0.0934752
0.0787721
0.067839
0.0583616
0.0446303
0.0305411
0.0174001
0.00542173
-1.67857
-3223.54
-1034.97
541.392
496.642
27.6594
-132.963
-55.6814
20.7412
27.1017
6.94973
-2.64627
-0.376684
3.31343
4.04442
3.22556
2.68486
2.70694
2.8674
2.9071
2.85833
2.81672
2.79925
2.78921
2.77534
2.75618
2.73974
2.72898
2.71473
2.69508
2.68267
2.67123
2.65723
2.64715
2.63201
2.61272
2.59606
2.5826
2.57181
2.55818
2.54038
2.5232
2.51228
2.50557
2.49305
2.47316
2.45506
2.44202
2.4325
2.42292
2.40532
2.38564
2.36984
2.35874
2.35489
2.34648
2.32963
2.31037
2.29215
2.2806
2.27273
2.26074
2.24509
2.23227
2.22021
2.20714
2.19588
2.18203
2.16851
2.1575
2.14361
2.12966
2.11616
2.09967
2.08704
2.07961
2.06961
2.05939
2.04807
2.03148
2.01282
1.99345
1.97474
1.96017
1.95152
1.94473
1.93835
1.93209
1.92069
1.90605
1.89078
1.87613
1.8626
1.84819
1.83611
1.82545
1.8137
1.80039
1.78569
1.77169
1.75735
1.74504
1.73353
1.72043
1.71007
1.70015
1.68749
1.67052
1.64819
1.62704
1.61257
1.60609
1.60364
1.60116
1.59988
1.59573
1.58623
1.57617
1.56246
1.54275
1.52409
1.50591
1.48748
1.47401
1.46173
1.44797
1.43465
1.42152
1.40895
1.39505
1.38019
1.36554
1.34907
1.33338
1.32218
1.31261
1.30034
1.28587
1.26977
1.2508
1.23241
1.21979
1.20828
1.19401
1.18286
1.17184
1.15846
1.14916
1.14196
1.13346
1.12332
1.11163
1.0987
1.08309
1.06845
1.0565
1.04537
1.0346
1.02294
1.01161
1.00157
0.992203
0.982635
0.972021
0.960487
0.947813
0.935566
0.92396
0.910545
0.895671
0.881816
0.868812
0.855733
0.845645
0.837314
0.82712
0.818399
0.811777
0.804598
0.797477
0.791429
0.783677
0.770569
0.75705
0.745606
0.730949
0.71726
0.708011
0.696462
0.683297
0.673464
0.664527
0.654049
0.642579
0.630598
0.61794
0.604064
0.590682
0.578817
0.566225
0.552479
0.539871
0.528552
0.51613
0.505216
0.498126
0.488791
0.476825
0.467869
0.460359
0.451421
0.44145
0.43168
0.423006
0.412878
0.399821
0.387021
0.374328
0.359248
0.34535
0.333457
0.318296
0.30273
0.292857
0.284503
0.273619
0.264125
0.255992
0.246476
0.238264
0.230939
0.220826
0.207874
0.193823
0.181078
0.16865
0.154801
0.143648
0.136108
0.125992
0.11271
0.10185
0.0931097
0.0819064
0.0698471
0.0581129
0.0434038
0.0297958
0.0172853
0.00524994
-1.67935
-3223.55
-1034.98
541.386
496.64
27.6613
-132.96
-55.6784
20.7425
27.1006
6.95085
-2.64716
-0.384012
3.31213
4.05126
3.22818
2.6842
2.70825
2.86165
2.9008
2.86174
2.82111
2.8006
2.7916
2.77818
2.76183
2.74423
2.72286
2.70619
2.69636
2.68983
2.67651
2.65665
2.64108
2.62636
2.61353
2.60134
2.58659
2.5728
2.5554
2.53634
2.52356
2.51685
2.50793
2.48972
2.4682
2.45479
2.4473
2.43713
2.42356
2.40364
2.38366
2.37188
2.36271
2.35521
2.34508
2.32808
2.3088
2.29254
2.28137
2.27228
2.26251
2.24772
2.23218
2.21954
2.20501
2.19328
2.18316
2.17064
2.16004
2.14673
2.12877
2.11329
2.10034
2.09057
2.0834
2.07227
2.06006
2.04805
2.03106
2.01111
1.99284
1.97724
1.96371
1.95455
1.94748
1.93961
1.93105
1.91888
1.90562
1.89102
1.87503
1.86185
1.84902
1.83615
1.82457
1.81272
1.79857
1.78447
1.77314
1.7594
1.74508
1.73336
1.72188
1.71337
1.70376
1.68801
1.66763
1.64435
1.62561
1.61531
1.60992
1.60695
1.60407
1.60048
1.59463
1.58486
1.57322
1.55983
1.54259
1.52391
1.50674
1.49056
1.47528
1.46098
1.44848
1.43662
1.42385
1.41107
1.39536
1.3779
1.36362
1.34999
1.33532
1.32253
1.3119
1.29979
1.28463
1.26869
1.25196
1.2334
1.21824
1.20743
1.19424
1.18201
1.17254
1.16147
1.15222
1.14424
1.13443
1.12312
1.11052
1.09748
1.08339
1.06949
1.05674
1.04546
1.03481
1.02226
1.01128
1.00203
0.991892
0.982551
0.972462
0.960996
0.949173
0.93611
0.922721
0.90989
0.896036
0.882204
0.870666
0.857955
0.844435
0.834374
0.825842
0.818542
0.813704
0.808551
0.80044
0.79099
0.782642
0.771177
0.756763
0.745103
0.732275
0.717141
0.705954
0.696459
0.684774
0.673353
0.663447
0.65389
0.643309
0.631041
0.618165
0.60499
0.590947
0.577571
0.56595
0.553603
0.540144
0.529242
0.518788
0.505807
0.494994
0.486305
0.476534
0.468144
0.460553
0.451522
0.441744
0.431707
0.423286
0.41514
0.402172
0.387061
0.374364
0.360128
0.344535
0.332503
0.319921
0.304378
0.292939
0.285576
0.275391
0.264556
0.257031
0.249473
0.240377
0.229966
0.21789
0.205444
0.192382
0.180234
0.170325
0.157837
0.143377
0.133823
0.125969
0.11326
0.100222
0.0919662
0.0837855
0.0713407
0.057975
0.0435905
0.0296882
0.0175416
0.00571534
-1.67612
-3223.54
-1034.98
541.388
496.638
27.6583
-132.961
-55.6823
20.7404
27.1032
6.94711
-2.65145
-0.378902
3.31586
4.04792
3.22397
2.68119
2.70956
2.86748
2.89989
2.85252
2.81413
2.79996
2.7948
2.78195
2.76109
2.74046
2.72223
2.70899
2.70016
2.69125
2.67256
2.6516
2.64329
2.63168
2.61396
2.60091
2.58453
2.5654
2.55144
2.54124
2.52931
2.51684
2.50166
2.48202
2.46828
2.45959
2.44952
2.4383
2.42079
2.39892
2.3846
2.37495
2.3658
2.35838
2.34127
2.32165
2.30867
2.29304
2.28203
2.27418
2.25977
2.2451
2.2304
2.21529
2.20477
2.19628
2.18385
2.17
2.15884
2.14435
2.12635
2.11414
2.10426
2.09282
2.0836
2.073
2.06066
2.0478
2.02969
2.00843
1.99113
1.97893
1.96735
1.95665
1.94787
1.93948
1.92976
1.9169
1.90459
1.89036
1.87281
1.85862
1.84716
1.83662
1.82572
1.8128
1.79775
1.78172
1.76894
1.75736
1.74578
1.73642
1.72597
1.71468
1.70148
1.6838
1.66485
1.6456
1.62877
1.61731
1.60979
1.60582
1.60293
1.59933
1.59443
1.58532
1.57248
1.55783
1.54057
1.52224
1.5056
1.49015
1.47581
1.46231
1.44983
1.4382
1.42418
1.40925
1.39426
1.37746
1.36242
1.34945
1.33544
1.32219
1.31138
1.29916
1.28314
1.266
1.24958
1.23278
1.21792
1.20774
1.19637
1.18293
1.17192
1.16178
1.15251
1.14369
1.13468
1.12463
1.11118
1.09713
1.08328
1.06888
1.05495
1.04309
1.03312
1.02168
1.01153
1.00273
0.991793
0.981756
0.971718
0.959971
0.948557
0.93665
0.923793
0.910562
0.895338
0.879302
0.867011
0.856268
0.844965
0.836675
0.828784
0.819474
0.812291
0.806524
0.799579
0.791624
0.783648
0.772192
0.7564
0.743293
0.732445
0.718888
0.705408
0.69435
0.683797
0.672795
0.662748
0.653959
0.643275
0.629735
0.616591
0.60451
0.591689
0.578834
0.567277
0.554418
0.539127
0.526789
0.518256
0.506781
0.493946
0.484621
0.475882
0.466963
0.459215
0.450925
0.441963
0.432697
0.4234
0.414142
0.40191
0.3872
0.374705
0.361905
0.345576
0.330416
0.317703
0.304647
0.294258
0.287692
0.278577
0.266398
0.256674
0.248378
0.238869
0.228285
0.216599
0.204939
0.192711
0.179589
0.168271
0.156923
0.142757
0.130673
0.123187
0.114278
0.103011
0.092816
0.0837047
0.071874
0.0575116
0.0435671
0.0291292
0.0154461
0.00486082
-1.67891
-3223.55
-1034.98
541.388
496.639
27.6555
-132.964
-55.6805
20.743
27.1028
6.94568
-2.64945
-0.378162
3.31197
4.04507
3.22561
2.68492
2.70714
2.86192
2.90004
2.85525
2.81609
2.80247
2.79657
2.78199
2.75909
2.73802
2.72356
2.71508
2.70311
2.68576
2.66852
2.65396
2.64678
2.63401
2.61387
2.59911
2.58075
2.56206
2.55482
2.54786
2.52983
2.51014
2.49627
2.48275
2.47233
2.46419
2.45179
2.43539
2.4168
2.40032
2.38816
2.37753
2.36903
2.35835
2.33733
2.31733
2.3073
2.29661
2.28627
2.27579
2.25892
2.24243
2.22842
2.21565
2.20509
2.19593
2.18583
2.17125
2.15713
2.14351
2.12734
2.11703
2.10853
2.09516
2.08334
2.07347
2.06168
2.0467
2.02946
2.00961
1.99123
1.98083
1.97183
1.96059
1.94988
1.93817
1.92749
1.91734
1.90512
1.88934
1.87141
1.85691
1.84781
1.83857
1.82434
1.8106
1.79787
1.78207
1.76946
1.75887
1.74596
1.73669
1.72863
1.71649
1.70154
1.68254
1.66279
1.64625
1.63115
1.6191
1.6115
1.60744
1.60472
1.60092
1.59387
1.5834
1.57048
1.55475
1.53895
1.52388
1.50752
1.49162
1.47683
1.46228
1.45061
1.44099
1.42672
1.40938
1.39335
1.37683
1.36176
1.34964
1.33724
1.32315
1.30904
1.29641
1.28264
1.26589
1.25023
1.2358
1.21887
1.20498
1.19465
1.18207
1.17246
1.16663
1.15762
1.14635
1.13523
1.12207
1.10804
1.09603
1.08319
1.07077
1.05854
1.04376
1.03151
1.02022
1.00932
1.00252
0.994088
0.983399
0.972776
0.959696
0.947068
0.936425
0.923884
0.91001
0.896673
0.881706
0.867288
0.855887
0.844157
0.834196
0.828459
0.822515
0.815022
0.80792
0.800427
0.791055
0.782067
0.772927
0.758737
0.743214
0.731354
0.719426
0.705758
0.693309
0.683022
0.672823
0.662972
0.654508
0.643925
0.630318
0.616645
0.603939
0.591753
0.579144
0.566888
0.555637
0.542176
0.527992
0.517599
0.506656
0.492834
0.482382
0.474614
0.466233
0.458797
0.451094
0.442891
0.434793
0.424324
0.413166
0.402508
0.38848
0.373955
0.362146
0.347489
0.330655
0.31811
0.307517
0.296151
0.28714
0.278782
0.268282
0.258643
0.249991
0.239619
0.227154
0.213876
0.203011
0.193408
0.180243
0.166867
0.157013
0.144735
0.130292
0.121247
0.114204
0.104605
0.0927746
0.0809164
0.0703552
0.0587994
0.046622
0.0309525
0.0144371
0.00433095
-1.67499
-3223.54
-1034.98
541.387
496.638
27.6537
-132.965
-55.6762
20.7445
27.0956
6.94182
-2.64592
-0.377747
3.31058
4.04717
3.22417
2.68065
2.70721
2.86252
2.89795
2.8528
2.81625
2.80502
2.7953
2.77702
2.75583
2.74017
2.73054
2.71778
2.69916
2.68149
2.66805
2.65753
2.64935
2.63471
2.61333
2.59352
2.57575
2.56603
2.55965
2.54602
2.52708
2.50594
2.49249
2.48542
2.47548
2.4636
2.44889
2.43154
2.41616
2.40303
2.39045
2.38025
2.37067
2.35449
2.33371
2.31675
2.30536
2.29661
2.28942
2.27716
2.25611
2.23823
2.22527
2.21398
2.20599
2.19719
2.18671
2.17159
2.15383
2.13972
2.12777
2.12
2.11088
2.09686
2.08498
2.07345
2.05952
2.04313
2.02609
2.01035
1.99546
1.98366
1.97278
1.96081
1.94851
1.93807
1.92932
1.9174
1.90249
1.88547
1.86815
1.85555
1.84725
1.83896
1.82613
1.81047
1.79523
1.77971
1.76686
1.75789
1.74857
1.73908
1.72865
1.71423
1.6984
1.68187
1.66421
1.64665
1.63116
1.62047
1.613
1.60886
1.60635
1.59936
1.59022
1.58096
1.56834
1.55348
1.53911
1.52297
1.50606
1.49198
1.47833
1.4648
1.45228
1.43938
1.42511
1.40949
1.39393
1.37732
1.36008
1.34597
1.33516
1.32376
1.31047
1.29691
1.2814
1.26323
1.24672
1.23342
1.21963
1.20671
1.19681
1.1851
1.1727
1.16409
1.1562
1.14609
1.13559
1.12348
1.10902
1.09602
1.08311
1.06949
1.05677
1.0422
1.02962
1.0203
1.0101
1.00148
0.99293
0.98232
0.971492
0.959266
0.947694
0.937778
0.925025
0.90956
0.894609
0.879223
0.865066
0.855426
0.845632
0.834878
0.828396
0.822931
0.815272
0.80825
0.801152
0.790789
0.779494
0.770448
0.759358
0.745328
0.732681
0.719718
0.704625
0.690427
0.680374
0.672847
0.664218
0.654608
0.643366
0.629856
0.615984
0.603265
0.59216
0.580472
0.567491
0.55551
0.543031
0.52884
0.516317
0.504791
0.491224
0.47998
0.473376
0.467334
0.460033
0.450849
0.441156
0.43294
0.42335
0.412912
0.403663
0.390663
0.374385
0.361511
0.347714
0.330344
0.317624
0.309096
0.298718
0.28874
0.279825
0.269064
0.258026
0.247499
0.237119
0.227119
0.215678
0.203764
0.192367
0.178549
0.164323
0.153556
0.14281
0.130476
0.120877
0.112726
0.103397
0.0931298
0.0827809
0.0723799
0.058757
0.0452059
0.0310741
0.0152979
0.00449315
-1.67684
-3223.55
-1034.98
541.387
496.64
27.6591
-132.962
-55.6827
20.7369
27.1023
6.94925
-2.65118
-0.38072
3.31358
4.04485
3.221
2.68134
2.70341
2.85774
2.90087
2.85788
2.8161
2.8027
2.79642
2.77861
2.75752
2.74468
2.73059
2.71252
2.69646
2.68328
2.67423
2.66346
2.65011
2.63062
2.60561
2.59163
2.58182
2.57037
2.56048
2.54055
2.5196
2.50776
2.49654
2.48715
2.47803
2.46309
2.44667
2.43159
2.41606
2.40483
2.3953
2.38123
2.36762
2.3516
2.33329
2.31978
2.3082
2.29781
2.28866
2.27447
2.25383
2.23778
2.22715
2.21599
2.20817
2.19803
2.18386
2.16842
2.15265
2.14253
2.13372
2.12369
2.1124
2.09862
2.08569
2.07087
2.05679
2.04429
2.02965
2.0129
1.99696
1.98569
1.97554
1.9631
1.94961
1.93721
1.92805
1.91692
1.90045
1.8825
1.86875
1.85906
1.84961
1.8396
1.82471
1.80638
1.79213
1.78067
1.76996
1.76119
1.7512
1.73933
1.72761
1.71301
1.69748
1.68258
1.66566
1.64875
1.63296
1.62043
1.61296
1.61012
1.60891
1.60242
1.59074
1.57836
1.56554
1.55155
1.53794
1.52363
1.50735
1.49315
1.4804
1.46654
1.45298
1.43996
1.42606
1.40998
1.39334
1.37716
1.36095
1.34659
1.33536
1.32381
1.30928
1.29421
1.2791
1.26304
1.24782
1.23461
1.22129
1.20717
1.19582
1.1862
1.17501
1.16557
1.1586
1.14905
1.13723
1.1237
1.1072
1.09304
1.08125
1.06867
1.05783
1.04468
1.0303
1.02036
1.0106
1.00099
0.992572
0.982209
0.971388
0.960265
0.948492
0.937112
0.92386
0.908753
0.89461
0.880796
0.867027
0.855951
0.846107
0.8355
0.827748
0.822366
0.816151
0.809119
0.801976
0.792903
0.780522
0.768982
0.758326
0.745317
0.732631
0.720664
0.706537
0.690807
0.678317
0.671056
0.664134
0.655222
0.644395
0.631036
0.616744
0.603317
0.591883
0.581098
0.568543
0.555889
0.544284
0.530705
0.516177
0.503716
0.49114
0.479244
0.471536
0.465765
0.459561
0.451933
0.442453
0.433765
0.424722
0.413312
0.402529
0.390826
0.375641
0.36116
0.34771
0.332409
0.31995
0.311892
0.301776
0.289504
0.278872
0.269135
0.258935
0.24752
0.236263
0.227235
0.216489
0.202401
0.189206
0.177349
0.1649
0.153682
0.143906
0.132562
0.121076
0.11085
0.101393
0.0924545
0.0834881
0.0727493
0.0594799
0.0460294
0.0327374
0.0179843
0.00530752
-1.67441
-3223.55
-1034.98
541.389
496.642
27.6574
-132.963
-55.6796
20.7403
27.1003
6.94577
-2.65174
-0.380029
3.31268
4.04472
3.2226
2.67964
2.70133
2.85862
2.90078
2.85774
2.81755
2.79909
2.78998
2.77902
2.7625
2.7459
2.72743
2.71062
2.69954
2.68743
2.67717
2.66424
2.64286
2.62352
2.60786
2.59575
2.58552
2.57143
2.55292
2.53317
2.52065
2.51191
2.50008
2.48768
2.47256
2.45817
2.44596
2.4319
2.41907
2.40757
2.39392
2.3798
2.36601
2.34947
2.33441
2.32084
2.30852
2.29954
2.28571
2.26963
2.25438
2.23752
2.22533
2.2153
2.20543
2.19627
2.18546
2.17008
2.15338
2.14311
2.13156
2.11966
2.11349
2.10353
2.08783
2.06987
2.05324
2.03993
2.02834
2.0168
2.00168
1.98651
1.97357
1.96251
1.95089
1.93787
1.92706
1.91438
1.89813
1.88179
1.86797
1.85757
1.84806
1.83871
1.82561
1.8069
1.79015
1.77883
1.76975
1.76191
1.75243
1.73837
1.72518
1.71304
1.69877
1.68249
1.66356
1.64561
1.63216
1.62425
1.61914
1.61335
1.60738
1.59874
1.58709
1.57593
1.56498
1.55134
1.53644
1.52183
1.50664
1.49392
1.48284
1.46941
1.454
1.43806
1.42345
1.40921
1.39351
1.37767
1.36144
1.34531
1.3329
1.3221
1.30783
1.29259
1.27828
1.26298
1.2477
1.23322
1.2194
1.20683
1.1967
1.18852
1.17884
1.16759
1.15745
1.1464
1.13427
1.12318
1.10972
1.0953
1.08205
1.06724
1.05407
1.04238
1.02987
1.01994
1.0107
1.0009
0.991757
0.981112
0.970804
0.96074
0.948432
0.93587
0.923158
0.908285
0.893861
0.881338
0.86739
0.85408
0.844487
0.835741
0.828145
0.823735
0.818604
0.809241
0.799099
0.790439
0.779481
0.768796
0.760291
0.747825
0.732108
0.717411
0.703635
0.690807
0.679814
0.671355
0.66357
0.654297
0.643005
0.630495
0.617473
0.603695
0.591642
0.581672
0.569738
0.556588
0.544863
0.531281
0.514471
0.499394
0.488023
0.479532
0.473541
0.466819
0.45874
0.450398
0.440675
0.43227
0.4252
0.413706
0.400387
0.390007
0.377804
0.362741
0.348778
0.334172
0.320046
0.310627
0.302201
0.291717
0.281355
0.270768
0.258882
0.245722
0.232919
0.223328
0.214773
0.203204
0.189933
0.177243
0.164401
0.151586
0.141603
0.131853
0.119859
0.109298
0.101634
0.093818
0.0839574
0.0714056
0.0596248
0.048854
0.0333186
0.0165765
0.00498437
-1.67774
-3223.55
-1034.98
541.389
496.643
27.6592
-132.964
-55.6782
20.7416
27.0975
6.94472
-2.65145
-0.381898
3.31295
4.04408
3.22033
2.67816
2.70046
2.85895
2.90276
2.85784
2.81406
2.79804
2.79245
2.78211
2.76436
2.74478
2.72515
2.71187
2.70358
2.69077
2.67823
2.66227
2.63934
2.62382
2.61139
2.59766
2.58508
2.56714
2.54987
2.53505
2.52233
2.5137
2.50008
2.48458
2.4727
2.45952
2.44553
2.43404
2.42286
2.40833
2.39274
2.37833
2.36482
2.34886
2.33457
2.32582
2.313
2.29777
2.28269
2.26618
2.25151
2.23884
2.22769
2.21723
2.20952
2.19749
2.18021
2.16727
2.15498
2.14458
2.13565
2.12494
2.11492
2.10204
2.0848
2.0676
2.05533
2.04488
2.03106
2.01732
2.00266
1.98866
1.97625
1.9634
1.95045
1.93811
1.92615
1.91271
1.89811
1.88253
1.86925
1.85963
1.84868
1.83741
1.82344
1.80442
1.7893
1.78088
1.77293
1.76429
1.75378
1.73887
1.72454
1.71091
1.69603
1.68218
1.66643
1.64997
1.6356
1.62427
1.61857
1.61404
1.6069
1.59898
1.58859
1.57536
1.56422
1.55165
1.53461
1.52083
1.50846
1.49456
1.48381
1.47191
1.45573
1.4395
1.42348
1.40748
1.3925
1.37726
1.36264
1.34892
1.33405
1.3198
1.30558
1.28979
1.27556
1.26304
1.24894
1.23415
1.22198
1.21009
1.19733
1.18779
1.17896
1.16843
1.15978
1.15005
1.13676
1.12337
1.10792
1.09194
1.07971
1.06722
1.05499
1.04412
1.03129
1.02006
1.01059
1.00046
0.991004
0.981038
0.97132
0.961948
0.949255
0.935072
0.922002
0.908105
0.893378
0.880583
0.868263
0.855701
0.846313
0.838412
0.82945
0.822201
0.816851
0.809082
0.799709
0.792216
0.782117
0.768814
0.757887
0.746506
0.732532
0.718105
0.70386
0.690786
0.679813
0.671123
0.663741
0.654814
0.642798
0.630027
0.618225
0.605518
0.593283
0.582999
0.570689
0.556111
0.542945
0.530189
0.515569
0.501103
0.488971
0.479475
0.472235
0.465004
0.457611
0.451036
0.442746
0.433552
0.425318
0.413819
0.400093
0.389672
0.37843
0.362742
0.348285
0.336726
0.324977
0.313907
0.303885
0.293099
0.281088
0.268334
0.256844
0.246064
0.234433
0.224192
0.214324
0.201268
0.186633
0.174574
0.165209
0.154785
0.142111
0.129589
0.118104
0.109555
0.104102
0.0963495
0.0852029
0.0719036
0.0592491
0.0479155
0.0340247
0.0189157
0.00610848
-1.67578
-3223.55
-1034.98
541.392
496.642
27.6586
-132.959
-55.677
20.7368
27.0979
6.95094
-2.65051
-0.385916
3.31147
4.04513
3.22063
2.67691
2.70004
2.859
2.90246
2.85837
2.8136
2.79679
2.7926
2.78211
2.76257
2.74158
2.72568
2.71681
2.70652
2.68906
2.67291
2.65888
2.64234
2.62605
2.61138
2.59745
2.58188
2.56333
2.54818
2.53602
2.52427
2.51406
2.49951
2.4844
2.47178
2.45748
2.44394
2.43366
2.42316
2.40917
2.39401
2.37785
2.36236
2.34903
2.33593
2.32551
2.31255
2.29604
2.2803
2.26475
2.25141
2.23958
2.22716
2.21579
2.20821
2.19648
2.17983
2.1683
2.15633
2.14493
2.13621
2.12367
2.11175
2.10015
2.08589
2.06987
2.05474
2.04202
2.03155
2.0203
2.00452
1.98895
1.97551
1.96205
1.95034
1.93753
1.9235
1.91167
1.89981
1.8844
1.86871
1.85657
1.84566
1.83502
1.82214
1.80584
1.79125
1.78079
1.77261
1.7642
1.75282
1.73754
1.72332
1.711
1.69643
1.68048
1.66343
1.64847
1.63788
1.62868
1.62189
1.6151
1.60551
1.59643
1.5866
1.57353
1.56141
1.54985
1.53541
1.52181
1.50867
1.49498
1.48422
1.47212
1.45594
1.43902
1.42234
1.40748
1.39372
1.37702
1.36135
1.34784
1.33158
1.3167
1.30404
1.28932
1.27591
1.26354
1.24853
1.23302
1.21989
1.20887
1.19863
1.18999
1.18216
1.17195
1.15996
1.14762
1.13416
1.12066
1.10753
1.09385
1.08088
1.0677
1.05369
1.04082
1.02907
1.01907
1.01019
1.00115
0.992153
0.981292
0.970011
0.959687
0.9474
0.934166
0.922046
0.909355
0.894617
0.879719
0.866359
0.854201
0.845038
0.839003
0.832134
0.823798
0.816743
0.809002
0.798193
0.788791
0.780829
0.770281
0.759403
0.747536
0.731899
0.715566
0.701351
0.689711
0.680438
0.672349
0.664162
0.654983
0.642898
0.628575
0.616565
0.606191
0.594635
0.583309
0.571185
0.557009
0.54307
0.529363
0.514484
0.499615
0.487175
0.478591
0.472613
0.465901
0.457746
0.450299
0.442574
0.432801
0.422958
0.412594
0.400269
0.389662
0.379798
0.364794
0.348493
0.336902
0.326496
0.315191
0.304626
0.2936
0.281633
0.268988
0.256726
0.245346
0.232698
0.220505
0.211278
0.202203
0.190349
0.176162
0.162078
0.149877
0.139671
0.130391
0.119455
0.108852
0.101844
0.0942825
0.0835515
0.0715439
0.0603228
0.0494252
0.034936
0.0197874
0.0069105
-1.67847
-3223.55
-1034.98
541.393
496.642
27.6591
-132.959
-55.678
20.7439
27.103
6.94622
-2.65103
-0.382919
3.30868
4.04007
3.21919
2.67956
2.70271
2.85689
2.89817
2.85437
2.81234
2.80271
2.7982
2.77996
2.75992
2.74371
2.72919
2.71885
2.70577
2.68765
2.67358
2.66069
2.64492
2.62802
2.60996
2.59369
2.58128
2.56708
2.54939
2.53403
2.52288
2.51291
2.50041
2.48652
2.47203
2.45798
2.44603
2.43541
2.42433
2.40829
2.39181
2.37868
2.36386
2.35001
2.33851
2.32584
2.31051
2.29456
2.27906
2.26406
2.25066
2.23877
2.23023
2.22095
2.20903
2.19522
2.17855
2.16575
2.15568
2.14671
2.1399
2.12829
2.1131
2.09808
2.08315
2.06943
2.05754
2.04558
2.03288
2.02055
2.00658
1.9914
1.97678
1.96192
1.94908
1.93741
1.92408
1.91109
1.89943
1.88608
1.87183
1.85885
1.84498
1.83086
1.8183
1.80578
1.79341
1.78294
1.77467
1.76653
1.75471
1.7383
1.72206
1.70778
1.69379
1.68108
1.66666
1.65102
1.63973
1.63061
1.62253
1.6159
1.60598
1.59501
1.58629
1.57454
1.5605
1.54875
1.53569
1.52192
1.5103
1.49734
1.48397
1.47124
1.45652
1.44077
1.42406
1.40725
1.39253
1.37714
1.36181
1.3481
1.33162
1.31566
1.30323
1.28901
1.27424
1.26099
1.24781
1.23533
1.22322
1.21138
1.1999
1.18978
1.18195
1.17351
1.16247
1.14945
1.13526
1.12088
1.10631
1.09204
1.0793
1.06675
1.05381
1.04199
1.03049
1.01983
1.01055
1.00108
0.991864
0.981493
0.969587
0.958581
0.947471
0.93533
0.922828
0.909251
0.893964
0.87871
0.866431
0.856179
0.846773
0.840053
0.833527
0.824121
0.815572
0.808747
0.799563
0.789746
0.781147
0.770419
0.757927
0.74558
0.731708
0.716218
0.701432
0.689759
0.681319
0.673524
0.664349
0.65417
0.642622
0.629102
0.617409
0.608146
0.596361
0.583047
0.570539
0.556955
0.542831
0.528997
0.514777
0.500721
0.488015
0.478429
0.472006
0.465756
0.458024
0.450436
0.443092
0.433518
0.422724
0.412756
0.401637
0.389391
0.377787
0.364416
0.349994
0.339605
0.330716
0.318841
0.306044
0.293451
0.280787
0.267834
0.254803
0.243929
0.23402
0.222555
0.210816
0.200507
0.189468
0.176405
0.162561
0.14949
0.138829
0.129937
0.119669
0.109464
0.101339
0.0938123
0.0849896
0.0729225
0.0584386
0.0463722
0.0350251
0.0215093
0.00770985
-1.67669
-3223.55
-1034.98
541.394
496.646
27.6628
-132.958
-55.6797
20.7387
27.1023
6.94856
-2.65236
-0.381808
3.3082
4.03899
3.22251
2.67979
2.70085
2.85581
2.89458
2.8551
2.81787
2.80154
2.79225
2.77699
2.76043
2.74815
2.73147
2.71505
2.70205
2.68636
2.67443
2.66343
2.64607
2.62539
2.60676
2.59288
2.57971
2.56469
2.55015
2.53569
2.52222
2.51042
2.49717
2.48503
2.47346
2.45979
2.44842
2.43498
2.41951
2.40676
2.3922
2.37801
2.36625
2.35231
2.33792
2.32322
2.30577
2.29164
2.27978
2.2646
2.2506
2.23936
2.22972
2.21912
2.20679
2.19468
2.17907
2.16517
2.15697
2.14759
2.1375
2.12705
2.11274
2.09766
2.08399
2.06969
2.05636
2.04515
2.03361
2.02116
2.00675
1.99156
1.97717
1.96144
1.94689
1.93592
1.92451
1.91252
1.90045
1.88566
1.87017
1.85632
1.84301
1.82994
1.81788
1.80625
1.79416
1.78379
1.77573
1.76568
1.75213
1.7369
1.72114
1.70703
1.69422
1.68015
1.66573
1.65245
1.64134
1.63128
1.62243
1.61586
1.6069
1.59524
1.58456
1.57219
1.55824
1.54667
1.5354
1.52295
1.51165
1.49971
1.48534
1.46947
1.45354
1.43962
1.42517
1.40897
1.39379
1.37699
1.35918
1.34494
1.3302
1.31443
1.30203
1.28904
1.27415
1.26031
1.24726
1.23447
1.22222
1.21171
1.20192
1.19201
1.18332
1.17387
1.16209
1.14889
1.13453
1.1197
1.10568
1.09271
1.07936
1.0656
1.05248
1.04008
1.02887
1.01951
1.01054
1.00085
0.991697
0.981584
0.969369
0.957628
0.946415
0.934384
0.921703
0.908745
0.89489
0.879513
0.865807
0.855323
0.845932
0.838954
0.833763
0.826169
0.817175
0.808772
0.798683
0.78745
0.77839
0.770193
0.75933
0.745843
0.731053
0.715482
0.700896
0.689106
0.680235
0.672954
0.664884
0.65497
0.643604
0.63025
0.617284
0.607056
0.595709
0.5825
0.570148
0.55762
0.544258
0.529172
0.512667
0.498298
0.487091
0.478807
0.47285
0.466626
0.458545
0.449712
0.441919
0.43322
0.421916
0.411466
0.401897
0.389472
0.376688
0.365428
0.352724
0.340762
0.331069
0.319488
0.306146
0.292833
0.279893
0.268132
0.256061
0.243805
0.233023
0.222062
0.209707
0.198461
0.187932
0.175086
0.161059
0.149115
0.139607
0.129795
0.117974
0.10773
0.100601
0.0934233
0.0821314
0.0713598
0.0621657
0.048785
0.0332851
0.0201212
0.0075868
-1.67554
-3223.54
-1034.97
541.395
496.646
27.6596
-132.957
-55.674
20.7449
27.1015
6.94699
-2.64803
-0.382521
3.30477
4.04073
3.22357
2.67723
2.69543
2.85376
2.89951
2.86126
2.82141
2.8001
2.7875
2.77644
2.76294
2.75004
2.73483
2.71689
2.70329
2.68998
2.67427
2.65957
2.64427
2.62662
2.61059
2.59527
2.57821
2.56364
2.54981
2.53604
2.52409
2.51075
2.49654
2.48357
2.47242
2.46402
2.45425
2.43717
2.41802
2.40284
2.39024
2.38056
2.36972
2.35508
2.33923
2.32009
2.30271
2.29161
2.27957
2.26626
2.25365
2.23966
2.2292
2.21968
2.2064
2.19425
2.18089
2.16637
2.15669
2.14843
2.13898
2.12853
2.11371
2.09669
2.08313
2.07224
2.06002
2.04606
2.0327
2.02034
2.00812
1.99414
1.97812
1.96174
1.94671
1.93511
1.92436
1.91272
1.90176
1.88877
1.87258
1.85569
1.83996
1.82664
1.81648
1.80735
1.79734
1.78769
1.77714
1.76508
1.75243
1.73757
1.72082
1.70588
1.69276
1.67902
1.66666
1.6551
1.6436
1.63438
1.62444
1.61406
1.60506
1.59541
1.58513
1.57343
1.55887
1.54481
1.53358
1.52293
1.51298
1.50176
1.48676
1.47108
1.45473
1.43841
1.42377
1.40858
1.3945
1.38001
1.36113
1.34314
1.328
1.31313
1.30089
1.28897
1.27457
1.26033
1.24718
1.23484
1.2231
1.2129
1.2036
1.1943
1.18538
1.17466
1.16274
1.14974
1.13402
1.11893
1.10572
1.09213
1.0788
1.06598
1.05268
1.04011
1.02903
1.01896
1.01021
1.00169
0.992424
0.981952
0.969683
0.957091
0.945443
0.93442
0.92239
0.908881
0.895336
0.880446
0.865402
0.854925
0.847396
0.840677
0.835009
0.826773
0.816115
0.80747
0.800008
0.79015
0.778682
0.767787
0.756487
0.744176
0.731239
0.717204
0.703094
0.690529
0.679959
0.671647
0.663992
0.6546
0.644237
0.632801
0.619301
0.606769
0.595382
0.582878
0.570273
0.557562
0.543855
0.528081
0.511512
0.498938
0.48997
0.48142
0.473027
0.464778
0.456999
0.450226
0.443931
0.435047
0.421857
0.409384
0.400058
0.389333
0.377546
0.367862
0.35656
0.342613
0.330391
0.319422
0.307637
0.294732
0.281207
0.26811
0.254774
0.241652
0.230503
0.221736
0.212345
0.199483
0.186113
0.174812
0.163218
0.150621
0.139511
0.128076
0.115222
0.105707
0.0994943
0.0939202
0.0837461
0.07122
0.0609799
0.0495436
0.0344297
0.0187354
0.00630572
-1.67777
-3223.54
-1034.97
541.395
496.642
27.664
-132.952
-55.6758
20.7392
27.1009
6.9468
-2.65209
-0.382656
3.30951
4.04163
3.21903
2.67459
2.69724
2.85465
2.89893
2.85833
2.81475
2.79708
2.791
2.7806
2.76384
2.74503
2.72792
2.71642
2.70633
2.69053
2.67469
2.65852
2.6397
2.62478
2.61262
2.59573
2.57587
2.56158
2.55015
2.53655
2.52168
2.50697
2.4957
2.48515
2.4751
2.46569
2.45009
2.43377
2.42041
2.4036
2.38876
2.38002
2.36866
2.35325
2.33852
2.32066
2.30204
2.28949
2.27729
2.26462
2.25453
2.24246
2.22906
2.21696
2.20389
2.19067
2.17977
2.16962
2.15886
2.14782
2.13757
2.12708
2.11229
2.09632
2.0836
2.07218
2.06067
2.04701
2.03139
2.0185
2.00855
1.99577
1.9789
1.96123
1.94447
1.93287
1.92486
1.91494
1.9023
1.8868
1.87088
1.85526
1.83986
1.8262
1.81429
1.80533
1.79884
1.79091
1.77872
1.76458
1.74982
1.73475
1.71999
1.70462
1.6918
1.68054
1.66793
1.6554
1.6436
1.63382
1.62521
1.6159
1.60543
1.59423
1.58292
1.5707
1.55819
1.54571
1.53387
1.52341
1.51344
1.5012
1.48573
1.47055
1.45499
1.43891
1.42483
1.40899
1.39182
1.37719
1.3614
1.34409
1.32806
1.31206
1.29747
1.28523
1.27364
1.26161
1.24821
1.23592
1.22492
1.21348
1.2034
1.19448
1.18507
1.17466
1.16337
1.1499
1.13379
1.11841
1.10452
1.09109
1.07797
1.06484
1.05236
1.04057
1.02912
1.01889
1.00981
1.00025
0.990366
0.98068
0.969578
0.957725
0.94643
0.934638
0.921616
0.907533
0.893916
0.880175
0.86609
0.855336
0.847438
0.840135
0.834396
0.827605
0.817634
0.807558
0.798818
0.789218
0.777886
0.766798
0.755786
0.743651
0.730873
0.717071
0.703135
0.690807
0.680168
0.671948
0.664833
0.654737
0.642963
0.632115
0.619575
0.606564
0.595312
0.583469
0.570896
0.557488
0.542319
0.52606
0.510438
0.49893
0.490952
0.482628
0.473243
0.464285
0.457301
0.450732
0.442346
0.432669
0.421512
0.410371
0.401266
0.390627
0.377233
0.366006
0.35669
0.345454
0.332598
0.319269
0.306337
0.293516
0.280192
0.267293
0.254617
0.242295
0.230486
0.219641
0.209978
0.199157
0.187312
0.175739
0.162707
0.148522
0.137283
0.127224
0.116406
0.106635
0.0992155
0.0936133
0.083087
0.0699033
0.0593433
0.0479422
0.0325501
0.0183711
0.00686857
-1.66736
-3223.53
-1034.97
541.396
496.648
27.6652
-132.953
-55.6755
20.7432
27.1059
6.95135
-2.65069
-0.382656
3.30977
4.04046
3.21828
2.67533
2.70011
2.85899
2.90034
2.85735
2.81552
2.79873
2.79204
2.78192
2.76459
2.74633
2.73192
2.71936
2.70548
2.68974
2.67411
2.65773
2.64269
2.62791
2.61077
2.59503
2.57816
2.56254
2.5503
2.53599
2.52181
2.50734
2.49439
2.48703
2.47874
2.46593
2.45029
2.4339
2.41878
2.40622
2.39415
2.37989
2.3663
2.35217
2.33656
2.3204
2.30357
2.29146
2.28099
2.26699
2.25329
2.23989
2.22659
2.21665
2.20636
2.19292
2.1814
2.17071
2.15841
2.14795
2.13866
2.12764
2.11283
2.09739
2.08449
2.07223
2.05998
2.04634
2.03297
2.02188
2.01041
1.99529
1.97707
1.95996
1.94468
1.93383
1.92699
1.91782
1.90426
1.88653
1.86881
1.85303
1.83889
1.82697
1.81599
1.80741
1.80009
1.79021
1.77778
1.76523
1.75148
1.7363
1.72104
1.70374
1.68971
1.67925
1.66746
1.65778
1.64763
1.6352
1.62444
1.6145
1.60417
1.59433
1.58314
1.57037
1.55896
1.54681
1.53471
1.52473
1.51333
1.50037
1.48622
1.47055
1.45443
1.4391
1.42587
1.41137
1.39381
1.37661
1.35928
1.34165
1.32702
1.31352
1.29937
1.28611
1.27356
1.26031
1.24617
1.23438
1.2251
1.2161
1.20764
1.19794
1.18659
1.17452
1.16149
1.14832
1.1342
1.11931
1.1052
1.09191
1.07798
1.06362
1.05083
1.03922
1.02874
1.02
1.01152
1.00213
0.991596
0.979988
0.967735
0.956012
0.945459
0.935234
0.923829
0.909644
0.893962
0.878667
0.86446
0.855119
0.849903
0.843599
0.835547
0.826296
0.81663
0.807551
0.798671
0.789361
0.777853
0.765506
0.754931
0.743762
0.730551
0.716912
0.703522
0.691241
0.680956
0.672524
0.665329
0.65621
0.643837
0.631431
0.618878
0.606173
0.595681
0.585041
0.572011
0.556618
0.53987
0.5245
0.5116
0.501405
0.492813
0.483243
0.472706
0.463924
0.458399
0.452103
0.44179
0.431046
0.421171
0.410411
0.400934
0.391948
0.379887
0.367539
0.357111
0.34531
0.33182
0.319541
0.308724
0.296759
0.282059
0.265746
0.25048
0.239576
0.230877
0.220428
0.209055
0.198052
0.18763
0.177453
0.165179
0.148832
0.135339
0.125651
0.116462
0.107111
0.0979682
0.0924213
0.084624
0.0718739
0.0575529
0.0451831
0.033274
0.0191421
0.0064309
-1.67311
-3223.53
-1034.96
541.397
496.644
27.6642
-132.958
-55.6769
20.7469
27.0999
6.94361
-2.64933
-0.380263
3.30847
4.03869
3.21584
2.67356
2.70046
2.85828
2.89816
2.85433
2.8117
2.79749
2.79328
2.78188
2.76403
2.74488
2.72836
2.7172
2.70489
2.68808
2.67594
2.6614
2.63924
2.62314
2.60979
2.59498
2.5822
2.56466
2.54627
2.53213
2.51688
2.50602
2.50123
2.49068
2.47666
2.46275
2.44456
2.43212
2.42324
2.40898
2.39502
2.37714
2.35994
2.35067
2.33892
2.323
2.3061
2.28903
2.27539
2.265
2.25457
2.2426
2.22886
2.21404
2.20042
2.18922
2.18223
2.17466
2.16148
2.14747
2.13534
2.12482
2.11296
2.09906
2.08506
2.07075
2.05841
2.04618
2.03434
2.02443
2.01138
1.99356
1.97426
1.95754
1.9439
1.93555
1.92982
1.91891
1.90312
1.8834
1.86594
1.85346
1.83984
1.82698
1.81639
1.8066
1.79915
1.7917
1.77953
1.76571
1.75041
1.73164
1.71697
1.70498
1.69263
1.68191
1.66929
1.65637
1.64485
1.6342
1.62566
1.61685
1.60561
1.59374
1.58141
1.56805
1.5573
1.54716
1.53521
1.52519
1.51457
1.50021
1.48438
1.46908
1.45432
1.43997
1.42612
1.41049
1.39282
1.37591
1.35929
1.34215
1.32659
1.31206
1.2976
1.28449
1.27243
1.26062
1.24846
1.23713
1.22622
1.21483
1.20557
1.19728
1.18788
1.17646
1.16219
1.1472
1.13227
1.11785
1.10485
1.092
1.07816
1.06365
1.05037
1.03901
1.02952
1.021
1.01099
1.00022
0.989503
0.978068
0.968112
0.959203
0.9475
0.93419
0.921105
0.906096
0.891759
0.880578
0.868389
0.856824
0.848791
0.84121
0.834273
0.827567
0.819151
0.80915
0.797545
0.786637
0.7766
0.765687
0.755289
0.744075
0.729866
0.715406
0.702836
0.691919
0.683091
0.674601
0.664498
0.65345
0.641849
0.631029
0.620777
0.608965
0.595967
0.582531
0.569006
0.555034
0.540505
0.526799
0.513592
0.500986
0.490021
0.480996
0.473917
0.467123
0.459597
0.450599
0.43954
0.429852
0.422401
0.412897
0.401318
0.39011
0.3787
0.36787
0.358116
0.346942
0.333636
0.319472
0.305962
0.293396
0.280301
0.266125
0.252086
0.240696
0.231092
0.219923
0.207822
0.197895
0.189469
0.178101
0.162774
0.145325
0.133852
0.127192
0.117601
0.107722
0.0989752
0.0905081
0.0818335
0.072048
0.0587386
0.0435348
0.0310492
0.0187418
0.0062777
-1.66124
-3223.52
-1034.95
541.41
496.646
27.663
-132.951
-55.6723
20.7462
27.1043
6.94941
-2.64944
-0.381779
3.3101
4.04221
3.2201
2.67471
2.69821
2.85761
2.89959
2.85806
2.81772
2.80021
2.79026
2.77958
2.7663
2.74913
2.73113
2.71605
2.70383
2.6906
2.6768
2.66051
2.63971
2.62317
2.61098
2.59651
2.58025
2.56392
2.54876
2.5325
2.51746
2.50854
2.50086
2.48994
2.47753
2.46377
2.44623
2.43168
2.42277
2.40961
2.39285
2.37786
2.36488
2.35148
2.33623
2.32018
2.30439
2.29264
2.28163
2.26722
2.253
2.23916
2.22512
2.21379
2.20461
2.1937
2.18386
2.17422
2.15967
2.14582
2.136
2.12693
2.11469
2.09941
2.08389
2.0687
2.05717
2.04808
2.03843
2.02595
2.00905
1.99175
1.9742
1.95816
1.94582
1.93703
1.93057
1.91988
1.90403
1.88441
1.86442
1.84928
1.83755
1.82848
1.8207
1.81083
1.79971
1.78998
1.77827
1.7643
1.75039
1.73333
1.71773
1.70507
1.69176
1.68068
1.66995
1.6578
1.64545
1.63413
1.62526
1.61659
1.60577
1.59368
1.58132
1.56867
1.55755
1.54693
1.53589
1.52647
1.51559
1.50119
1.48431
1.46706
1.45284
1.4405
1.4275
1.41311
1.39493
1.37414
1.35581
1.34024
1.32606
1.31351
1.30086
1.28614
1.27122
1.25895
1.24723
1.23632
1.22754
1.21775
1.20834
1.19929
1.18773
1.17459
1.16051
1.14656
1.13308
1.11968
1.10622
1.09156
1.07649
1.06242
1.05011
1.03945
1.03005
1.02138
1.01138
1.00041
0.989662
0.97826
0.96733
0.957635
0.946986
0.935067
0.923004
0.908403
0.892016
0.878392
0.866429
0.856795
0.850732
0.843375
0.835267
0.827771
0.818332
0.807895
0.796394
0.784693
0.775531
0.766776
0.756322
0.744591
0.730859
0.716018
0.702503
0.690993
0.682196
0.674797
0.665821
0.655388
0.643555
0.630804
0.618916
0.607398
0.595535
0.583225
0.570248
0.555916
0.540604
0.526197
0.512693
0.500695
0.491028
0.482622
0.475611
0.468243
0.458865
0.4497
0.440547
0.430257
0.420696
0.41163
0.401278
0.39104
0.3816
0.370556
0.357403
0.344396
0.332445
0.320632
0.308297
0.294666
0.279681
0.26537
0.252548
0.240773
0.230114
0.220063
0.209576
0.197978
0.186484
0.175237
0.163308
0.148387
0.134795
0.12662
0.117067
0.106808
0.0981461
0.0889765
0.0810163
0.0725333
0.0590848
0.0446847
0.0314871
0.0187671
0.00716083
-1.66719
-3223.53
-1034.96
541.401
496.647
27.666
-132.952
-55.6752
20.7443
27.1022
6.94513
-2.65079
-0.380004
3.30981
4.04081
3.21834
2.67093
2.69507
2.85756
2.90169
2.85846
2.81356
2.79515
2.78905
2.7804
2.76542
2.74684
2.73028
2.71646
2.7053
2.6931
2.67571
2.65632
2.63707
2.62312
2.61376
2.59798
2.57986
2.56458
2.54558
2.52801
2.51908
2.51104
2.50109
2.49113
2.47701
2.46108
2.44571
2.43248
2.42207
2.40751
2.39186
2.37859
2.36454
2.35172
2.33772
2.32036
2.30425
2.29124
2.27871
2.26625
2.25344
2.23949
2.22642
2.21351
2.20212
2.19326
2.18398
2.17241
2.15887
2.14694
2.13722
2.12746
2.11448
2.09868
2.08391
2.06888
2.05663
2.04835
2.03795
2.02432
2.00913
1.99245
1.97392
1.95757
1.94539
1.93702
1.93105
1.91994
1.90351
1.88387
1.86297
1.8488
1.83956
1.82936
1.81946
1.80934
1.79876
1.79127
1.78127
1.76471
1.74823
1.73127
1.71594
1.70559
1.69462
1.68287
1.6706
1.65651
1.64405
1.63457
1.62595
1.61752
1.60721
1.59343
1.58033
1.56767
1.55444
1.5449
1.53703
1.52719
1.51599
1.50124
1.48252
1.46604
1.45306
1.43989
1.42716
1.41323
1.39481
1.37495
1.35692
1.34033
1.32564
1.3122
1.29859
1.28499
1.27188
1.26087
1.25022
1.23775
1.22631
1.21639
1.20729
1.19855
1.18774
1.17461
1.16064
1.1467
1.13237
1.11863
1.10568
1.09162
1.07782
1.06456
1.05101
1.03918
1.0294
1.02052
1.01111
1.00019
0.989125
0.978495
0.967534
0.957102
0.946746
0.934074
0.920678
0.907548
0.892975
0.879801
0.868873
0.858212
0.849223
0.841806
0.835573
0.829331
0.820258
0.809152
0.796489
0.783467
0.77363
0.765228
0.755078
0.743879
0.731023
0.71618
0.702627
0.69198
0.683252
0.674724
0.664812
0.654254
0.643308
0.631524
0.619661
0.607775
0.59526
0.58152
0.56766
0.554765
0.54164
0.527883
0.513678
0.500562
0.490441
0.482406
0.475726
0.468646
0.459196
0.449848
0.441055
0.43063
0.420485
0.411325
0.400809
0.390076
0.380714
0.370487
0.357858
0.344796
0.333348
0.321463
0.306571
0.291008
0.277969
0.266873
0.255126
0.242758
0.231029
0.21891
0.208213
0.198127
0.186956
0.174516
0.160822
0.148314
0.135763
0.12536
0.115877
0.107232
0.100157
0.0913607
0.0820459
0.0719354
0.0587778
0.0429777
0.0285121
0.0156645
0.00633704
-1.63616
-3223.47
-1034.93
541.389
496.63
27.6655
-132.946
-55.6702
20.7465
27.1015
6.94636
-2.65124
-0.381231
3.31488
4.04504
3.21693
2.67027
2.69601
2.85915
2.90346
2.85934
2.81492
2.79839
2.79115
2.77823
2.76257
2.74602
2.73172
2.72087
2.70639
2.68905
2.6737
2.65683
2.63919
2.62568
2.61135
2.59448
2.58094
2.56637
2.54726
2.53048
2.5192
2.51053
2.50073
2.48837
2.47517
2.46272
2.44977
2.4363
2.42091
2.40261
2.38982
2.3811
2.36711
2.35104
2.33464
2.31879
2.30688
2.29492
2.28077
2.26655
2.25147
2.2371
2.22582
2.21612
2.20713
2.19586
2.18221
2.17073
2.15959
2.14743
2.13545
2.12353
2.11206
2.10007
2.08618
2.07076
2.05828
2.04869
2.0368
2.02266
2.00746
1.9913
1.97529
1.96161
1.94979
1.93795
1.92734
1.91633
1.90254
1.88477
1.86448
1.84843
1.8388
1.83138
1.82252
1.81135
1.79886
1.78764
1.777
1.76397
1.74963
1.73345
1.71705
1.70444
1.6934
1.68175
1.66934
1.65685
1.64579
1.63588
1.62619
1.61593
1.60448
1.59294
1.58254
1.57083
1.55795
1.54712
1.5364
1.52464
1.51294
1.49911
1.48361
1.46967
1.45562
1.4397
1.42406
1.40846
1.39206
1.37632
1.36046
1.34306
1.32637
1.31145
1.2972
1.28398
1.27162
1.26077
1.25102
1.24007
1.22878
1.21764
1.20688
1.19756
1.18777
1.17555
1.16098
1.14574
1.13128
1.1174
1.10351
1.08971
1.07716
1.0655
1.05358
1.04152
1.02972
1.01913
1.00951
1.00012
0.990897
0.980371
0.968053
0.956143
0.945547
0.934261
0.921721
0.907854
0.891715
0.87741
0.867941
0.859779
0.851448
0.843256
0.834873
0.826529
0.817447
0.807625
0.797268
0.786267
0.775972
0.766007
0.754729
0.742857
0.730237
0.716009
0.702851
0.692669
0.684117
0.675593
0.665557
0.653947
0.641815
0.629871
0.618921
0.608666
0.597423
0.583637
0.568134
0.552764
0.538165
0.525657
0.515233
0.5051
0.494844
0.484154
0.473558
0.464631
0.457113
0.450048
0.44235
0.432537
0.421386
0.410669
0.400394
0.39063
0.381132
0.369957
0.357005
0.344716
0.333543
0.321071
0.306225
0.291209
0.278362
0.267387
0.255651
0.242714
0.231555
0.220349
0.20853
0.196132
0.184276
0.174974
0.162455
0.14806
0.134795
0.125292
0.116632
0.105621
0.0982119
0.0914078
0.0825546
0.0716675
0.0584991
0.0455873
0.0323273
0.02072
0.00272641
)
;

boundaryField
{
    inlet
    {
        type            calculated;
        value           uniform 5000;
    }
    outlet
    {
        type            calculated;
        value           uniform 0;
    }
    walls
    {
        type            calculated;
        value           nonuniform List<scalar> 
500
(
-1.63978
-3223.47
-1034.92
541.4
496.636
27.6642
-132.949
-55.6743
20.7456
27.1123
6.95182
-2.64794
-0.368501
3.32341
4.04654
3.22597
2.69095
2.71061
2.86321
2.90327
2.85882
2.81891
2.80065
2.79101
2.77852
2.75618
2.73928
2.73061
2.71365
2.69528
2.68186
2.6659
2.65315
2.64302
2.62703
2.61514
2.6059
2.58741
2.56968
2.55894
2.54916
2.53481
2.51375
2.49522
2.48645
2.47704
2.46257
2.44932
2.43198
2.41252
2.39879
2.38583
2.37399
2.36606
2.35297
2.33486
2.32397
2.31405
2.29825
2.28435
2.27267
2.26245
2.25255
2.23956
2.22506
2.2103
2.19559
2.18378
2.17119
2.15168
2.13573
2.12626
2.11493
2.10343
2.08912
2.07399
2.06323
2.05238
2.03993
2.02751
2.01511
1.9989
1.97871
1.95968
1.9457
1.93683
1.92976
1.92563
1.92087
1.91001
1.89778
1.8853
1.86948
1.85298
1.83912
1.82666
1.81437
1.80284
1.79167
1.77965
1.76462
1.747
1.72874
1.71141
1.69932
1.6917
1.68258
1.67073
1.65577
1.63803
1.62097
1.60664
1.59755
1.59432
1.59182
1.58887
1.58763
1.58239
1.56975
1.55245
1.53051
1.50797
1.48745
1.46741
1.4519
1.44215
1.43393
1.42383
1.41088
1.39573
1.37907
1.36326
1.34851
1.3348
1.32467
1.31437
1.30153
1.28872
1.27229
1.25366
1.23802
1.22378
1.21072
1.19637
1.18087
1.16824
1.15654
1.14703
1.14046
1.13115
1.1186
1.10619
1.09308
1.08071
1.07178
1.06218
1.051
1.03912
1.02552
1.01307
1.0019
0.991782
0.982327
0.972082
0.960946
0.947524
0.934407
0.92234
0.910109
0.899032
0.88669
0.87285
0.858714
0.845039
0.834461
0.825701
0.81727
0.810272
0.803331
0.794484
0.785744
0.777481
0.7676
0.757898
0.747777
0.734801
0.720699
0.70742
0.694699
0.682494
0.674234
0.667979
0.657322
0.644971
0.63359
0.619795
0.603536
0.588833
0.577347
0.566142
0.553934
0.541045
0.527508
0.515354
0.50597
0.499777
0.494096
0.485605
0.47661
0.465858
0.449577
0.434015
0.424636
0.417032
0.40847
0.398912
0.386987
0.37377
0.359791
0.34521
0.33177
0.318545
0.306183
0.296418
0.285305
0.271605
0.260382
0.252023
0.243235
0.234802
0.22728
0.218268
0.207923
0.197274
0.185118
0.172495
0.160861
0.14943
0.137495
0.123704
0.110872
0.102168
0.0923291
0.0797364
0.070109
0.0613623
0.0475513
0.0308751
0.0192313
0.00210267
-1.63616
-3223.47
-1034.93
541.389
496.63
27.6655
-132.946
-55.6702
20.7465
27.1015
6.94636
-2.65124
-0.381231
3.31488
4.04504
3.21693
2.67027
2.69601
2.85915
2.90346
2.85934
2.81492
2.79839
2.79115
2.77823
2.76257
2.74602
2.73172
2.72087
2.70639
2.68905
2.6737
2.65683
2.63919
2.62568
2.61135
2.59448
2.58094
2.56637
2.54726
2.53048
2.5192
2.51053
2.50073
2.48837
2.47517
2.46272
2.44977
2.4363
2.42091
2.40261
2.38982
2.3811
2.36711
2.35104
2.33464
2.31879
2.30688
2.29492
2.28077
2.26655
2.25147
2.2371
2.22582
2.21612
2.20713
2.19586
2.18221
2.17073
2.15959
2.14743
2.13545
2.12353
2.11206
2.10007
2.08618
2.07076
2.05828
2.04869
2.0368
2.02266
2.00746
1.9913
1.97529
1.96161
1.94979
1.93795
1.92734
1.91633
1.90254
1.88477
1.86448
1.84843
1.8388
1.83138
1.82252
1.81135
1.79886
1.78764
1.777
1.76397
1.74963
1.73345
1.71705
1.70444
1.6934
1.68175
1.66934
1.65685
1.64579
1.63588
1.62619
1.61593
1.60448
1.59294
1.58254
1.57083
1.55795
1.54712
1.5364
1.52464
1.51294
1.49911
1.48361
1.46967
1.45562
1.4397
1.42406
1.40846
1.39206
1.37632
1.36046
1.34306
1.32637
1.31145
1.2972
1.28398
1.27162
1.26077
1.25102
1.24007
1.22878
1.21764
1.20688
1.19756
1.18777
1.17555
1.16098
1.14574
1.13128
1.1174
1.10351
1.08971
1.07716
1.0655
1.05358
1.04152
1.02972
1.01913
1.00951
1.00012
0.990897
0.980371
0.968053
0.956143
0.945547
0.934261
0.921721
0.907854
0.891715
0.87741
0.867941
0.859779
0.851448
0.843256
0.834873
0.826529
0.817447
0.807625
0.797268
0.786267
0.775972
0.766007
0.754729
0.742857
0.730237
0.716009
0.702851
0.692669
0.684117
0.675593
0.665557
0.653947
0.641815
0.629871
0.618921
0.608666
0.597423
0.583637
0.568134
0.552764
0.538165
0.525657
0.515233
0.5051
0.494844
0.484154
0.473558
0.464631
0.457113
0.450048
0.44235
0.432537
0.421386
0.410669
0.400394
0.39063
0.381132
0.369957
0.357005
0.344716
0.333543
0.321071
0.306225
0.291209
0.278362
0.267387
0.255651
0.242714
0.231555
0.220349
0.20853
0.196132
0.184276
0.174974
0.162455
0.14806
0.134795
0.125292
0.116632
0.105621
0.0982119
0.0914078
0.0825546
0.0716675
0.0584991
0.0455873
0.0323273
0.02072
0.00272641
)
;
    }
    frontAndBack
    {
        type            empty;
    }
}


// ************************************************************************* //
