/*--------------------------------*- C++ -*----------------------------------*\
| =========                 |                                                 |
| \\      /  F ield         | OpenFOAM: The Open Source CFD Toolbox           |
|  \\    /   O peration     | Version:  2406                                  |
|   \\  /    A nd           | Website:  www.openfoam.com                      |
|    \\/     M anipulation  |                                                 |
\*---------------------------------------------------------------------------*/
FoamFile
{
    version     2.0;
    format      ascii;
    arch        "LSB;label=32;scalar=64";
    class       surfaceScalarField;
    location    "0.3";
    object      phi;
}
// * * * * * * * * * * * * * * * * * * * * * * * * * * * * * * * * * * * * * //

dimensions      [0 3 -1 0 0 0 0];

oriented        oriented;

internalField   nonuniform List<scalar> 
7780
(
9.12685e-07
4.30466e-12
9.12681e-07
2.96612e-12
9.1268e-07
2.02615e-12
9.12678e-07
1.32267e-12
9.12677e-07
1.51839e-12
9.12676e-07
1.08135e-12
9.12676e-07
1.07827e-12
9.12675e-07
5.96988e-13
9.12675e-07
7.81284e-13
9.12675e-07
6.06827e-13
9.12674e-07
5.00926e-13
9.12674e-07
4.44545e-13
9.12673e-07
3.52697e-13
9.12673e-07
2.06746e-13
9.12672e-07
8.10761e-14
9.12673e-07
1.39309e-13
9.12673e-07
2.76567e-13
9.12673e-07
-8.17777e-15
9.12673e-07
-3.43163e-13
9.12673e-07
-3.05504e-13
9.12674e-07
-2.04223e-13
9.12674e-07
-1.71989e-13
9.12674e-07
-1.56009e-13
9.12674e-07
-1.06932e-13
9.12675e-07
-1.28669e-13
9.12675e-07
-2.91326e-13
9.12675e-07
-4.43436e-13
9.12676e-07
-5.16622e-13
9.12676e-07
-4.78001e-13
9.12677e-07
-3.07894e-13
9.12677e-07
-1.82996e-13
9.12677e-07
-1.46649e-13
9.12677e-07
-7.47084e-14
9.12677e-07
3.51694e-14
9.12677e-07
7.01702e-14
9.12678e-07
-1.05529e-14
9.12678e-07
-1.20656e-13
9.12678e-07
-2.19864e-13
9.12678e-07
-2.92587e-13
9.12678e-07
-2.55355e-13
9.12678e-07
-4.83767e-14
9.12678e-07
2.01374e-13
9.12678e-07
2.61038e-13
9.12678e-07
4.1172e-14
9.12678e-07
-2.91676e-13
9.12678e-07
-4.0664e-13
9.12678e-07
-1.86981e-13
9.12678e-07
1.2632e-13
9.12679e-07
2.34103e-13
9.12679e-07
1.54028e-13
9.12679e-07
9.60817e-14
9.12678e-07
1.29186e-13
9.12678e-07
1.72038e-13
9.12678e-07
1.84001e-13
9.12678e-07
2.24304e-13
9.12677e-07
2.99296e-13
9.12677e-07
3.37695e-13
9.12676e-07
3.41855e-13
9.12676e-07
3.25973e-13
9.12676e-07
2.7253e-13
9.12675e-07
2.51693e-13
9.12675e-07
3.52452e-13
9.12674e-07
4.68375e-13
9.12674e-07
4.25804e-13
9.12674e-07
2.3321e-13
9.12673e-07
1.14928e-13
9.12673e-07
2.16248e-13
9.12672e-07
4.05438e-13
9.12672e-07
4.66489e-13
9.12672e-07
3.7755e-13
9.12671e-07
2.71824e-13
9.12671e-07
1.99877e-13
9.12671e-07
1.08484e-13
9.12671e-07
-6.15947e-16
9.12671e-07
-4.02106e-14
9.12671e-07
-2.10863e-14
9.12671e-07
-5.38739e-14
9.12672e-07
-1.77895e-13
9.12672e-07
-3.22571e-13
9.12672e-07
-4.17215e-13
9.12673e-07
-4.76855e-13
9.12674e-07
-5.04474e-13
9.12674e-07
-4.59404e-13
9.12675e-07
-3.92906e-13
9.12676e-07
-4.39831e-13
9.12676e-07
-6.05874e-13
9.12677e-07
-7.35861e-13
9.12677e-07
-7.14468e-13
9.12678e-07
-5.87223e-13
9.12678e-07
-4.33193e-13
9.12679e-07
-2.6187e-13
9.12679e-07
-9.00661e-14
9.12679e-07
1.33462e-14
9.1268e-07
3.94461e-15
9.1268e-07
-3.98578e-14
9.1268e-07
-1.11681e-14
9.1268e-07
1.05642e-13
9.12679e-07
2.13998e-13
9.12679e-07
2.41116e-13
9.12679e-07
1.96074e-13
9.12679e-07
1.11236e-13
9.12678e-07
4.47853e-14
9.12678e-07
2.93169e-14
9.12678e-07
5.15982e-14
9.12678e-07
7.23214e-14
9.12677e-07
9.58317e-14
9.12677e-07
1.68435e-13
9.12677e-07
2.6983e-13
9.12677e-07
3.08551e-13
9.12677e-07
2.62506e-13
9.12676e-07
2.59137e-13
9.12676e-07
3.79537e-13
9.12675e-07
5.68235e-13
9.12675e-07
6.60236e-13
9.12674e-07
5.84609e-13
9.12674e-07
4.34841e-13
9.12673e-07
3.50503e-13
9.12672e-07
3.8471e-13
9.12672e-07
4.68821e-13
9.12672e-07
4.83775e-13
9.12672e-07
3.62886e-13
9.12671e-07
1.44741e-13
9.12671e-07
-3.58447e-14
9.12671e-07
-1.00036e-13
9.12671e-07
-8.85617e-14
9.12672e-07
-8.45232e-14
9.12672e-07
-1.25423e-13
9.12672e-07
-1.99699e-13
9.12672e-07
-3.04184e-13
9.12673e-07
-4.64644e-13
9.12673e-07
-6.79568e-13
9.12674e-07
-8.60588e-13
9.12674e-07
-8.81261e-13
9.12674e-07
-6.96937e-13
9.12675e-07
-3.84859e-13
9.12675e-07
-1.10467e-13
9.12676e-07
1.63713e-15
9.12676e-07
-8.59019e-15
9.12676e-07
-4.18355e-15
9.12676e-07
5.81365e-14
9.12676e-07
1.32555e-13
9.12676e-07
1.51464e-13
9.12676e-07
1.28313e-13
9.12676e-07
1.21047e-13
9.12676e-07
1.333e-13
9.12675e-07
1.16254e-13
9.12675e-07
9.28278e-14
9.12674e-07
1.73067e-13
9.12674e-07
3.95127e-13
9.12673e-07
6.22504e-13
9.12673e-07
7.27622e-13
9.12672e-07
7.53139e-13
9.12671e-07
7.87397e-13
9.1267e-07
8.07787e-13
9.1267e-07
7.4437e-13
9.12669e-07
6.23411e-13
9.12669e-07
5.12615e-13
9.12669e-07
4.07621e-13
9.12668e-07
2.74828e-13
9.12668e-07
1.33894e-13
9.12668e-07
2.45753e-14
9.12667e-07
-4.2261e-14
9.12667e-07
-4.33932e-14
9.12667e-07
4.21527e-14
9.12667e-07
1.6922e-13
9.12667e-07
2.4726e-13
9.12667e-07
2.04981e-13
9.12667e-07
6.14296e-14
9.12667e-07
-5.76947e-14
9.12667e-07
-7.76908e-14
9.12667e-07
-6.81183e-14
9.12667e-07
-1.28486e-13
9.12667e-07
-2.71799e-13
9.12667e-07
-3.73235e-13
9.12667e-07
-3.31501e-13
9.12667e-07
-2.603e-13
9.12667e-07
-2.95772e-13
9.12668e-07
-3.6031e-13
9.12668e-07
-3.43158e-13
9.12668e-07
-2.84951e-13
9.12668e-07
-2.21319e-13
9.12668e-07
-1.26231e-13
9.12669e-07
-8.68368e-14
9.12669e-07
-1.70687e-13
9.12669e-07
-2.25229e-13
9.12669e-07
-1.32872e-13
9.12669e-07
-8.20912e-15
9.12669e-07
8.188e-15
9.12669e-07
3.43242e-14
9.12669e-07
1.65154e-13
9.12668e-07
3.11499e-13
9.12667e-07
5.50925e-13
9.12666e-07
8.65762e-13
9.12665e-07
1.05248e-12
9.12664e-07
1.18105e-12
9.12663e-07
1.38203e-12
9.12661e-07
1.64362e-12
9.12659e-07
1.95131e-12
9.12657e-07
2.47166e-12
3.3361e-12
2.54777e-06
1.17023e-11
2.54776e-06
8.90142e-12
2.54776e-06
7.32886e-12
2.54775e-06
5.89528e-12
2.54775e-06
4.98156e-12
2.54774e-06
4.33221e-12
2.54774e-06
3.75048e-12
2.54774e-06
2.9865e-12
2.54774e-06
2.43526e-12
2.54773e-06
2.0978e-12
2.54773e-06
1.6668e-12
2.54773e-06
1.61017e-12
2.54773e-06
1.34707e-12
2.54773e-06
1.12249e-12
2.54773e-06
1.05571e-12
2.54773e-06
9.65009e-13
2.54773e-06
5.42989e-13
2.54773e-06
3.49295e-13
2.54773e-06
-1.09882e-13
2.54773e-06
-4.4963e-13
2.54773e-06
-6.04701e-13
2.54773e-06
-7.45564e-13
2.54773e-06
-8.34533e-13
2.54773e-06
-7.43758e-13
2.54773e-06
-6.06691e-13
2.54773e-06
-6.0966e-13
2.54773e-06
-7.26544e-13
2.54773e-06
-9.21117e-13
2.54773e-06
-1.11898e-12
2.54773e-06
-1.13656e-12
2.54773e-06
-9.71414e-13
2.54773e-06
-8.5259e-13
2.54774e-06
-8.62339e-13
2.54774e-06
-8.18125e-13
2.54774e-06
-6.61845e-13
2.54774e-06
-5.72541e-13
2.54774e-06
-6.65842e-13
2.54774e-06
-8.6505e-13
2.54774e-06
-1.02095e-12
2.54774e-06
-1.05708e-12
2.54774e-06
-9.79239e-13
2.54774e-06
-7.82734e-13
2.54774e-06
-5.10004e-13
2.54774e-06
-3.16781e-13
2.54774e-06
-3.43194e-13
2.54774e-06
-4.88567e-13
2.54774e-06
-4.7301e-13
2.54774e-06
-2.39327e-13
2.54774e-06
-3.34421e-14
2.54774e-06
7.14263e-15
2.54774e-06
6.26094e-15
2.54774e-06
1.10132e-13
2.54774e-06
3.02806e-13
2.54774e-06
4.70878e-13
2.54774e-06
6.00558e-13
2.54774e-06
7.48617e-13
2.54774e-06
8.71987e-13
2.54774e-06
9.72218e-13
2.54774e-06
1.06821e-12
2.54774e-06
1.13616e-12
2.54774e-06
1.12607e-12
2.54774e-06
1.11607e-12
2.54774e-06
1.23205e-12
2.54773e-06
1.43827e-12
2.54773e-06
1.52439e-12
2.54773e-06
1.38419e-12
2.54773e-06
1.17843e-12
2.54773e-06
1.10505e-12
2.54773e-06
1.14434e-12
2.54773e-06
1.15743e-12
2.54773e-06
1.10854e-12
2.54773e-06
1.03183e-12
2.54773e-06
8.61993e-13
2.54773e-06
5.19652e-13
2.54773e-06
6.40291e-14
2.54773e-06
-3.51956e-13
2.54773e-06
-6.47566e-13
2.54773e-06
-9.17107e-13
2.54773e-06
-1.1973e-12
2.54773e-06
-1.44733e-12
2.54773e-06
-1.64718e-12
2.54773e-06
-1.83696e-12
2.54773e-06
-1.9902e-12
2.54774e-06
-1.99509e-12
2.54774e-06
-1.84472e-12
2.54774e-06
-1.68177e-12
2.54774e-06
-1.59016e-12
2.54774e-06
-1.52174e-12
2.54774e-06
-1.44406e-12
2.54774e-06
-1.38139e-12
2.54774e-06
-1.30389e-12
2.54775e-06
-1.10852e-12
2.54775e-06
-7.5194e-13
2.54775e-06
-3.57083e-13
2.54775e-06
-8.62394e-14
2.54775e-06
4.08451e-14
2.54775e-06
1.18557e-13
2.54775e-06
2.21224e-13
2.54775e-06
3.6897e-13
2.54775e-06
5.44164e-13
2.54774e-06
7.06092e-13
2.54774e-06
8.18769e-13
2.54774e-06
8.87572e-13
2.54774e-06
9.3916e-13
2.54774e-06
9.55598e-13
2.54774e-06
9.04203e-13
2.54774e-06
8.47808e-13
2.54774e-06
9.00208e-13
2.54774e-06
1.05562e-12
2.54774e-06
1.18578e-12
2.54774e-06
1.23194e-12
2.54774e-06
1.3101e-12
2.54773e-06
1.52253e-12
2.54773e-06
1.8111e-12
2.54773e-06
1.9616e-12
2.54773e-06
1.85427e-12
2.54773e-06
1.54065e-12
2.54773e-06
1.18185e-12
2.54773e-06
9.06715e-13
2.54773e-06
7.41432e-13
2.54773e-06
6.06972e-13
2.54773e-06
4.01174e-13
2.54773e-06
1.1573e-13
2.54773e-06
-1.90376e-13
2.54773e-06
-4.47055e-13
2.54773e-06
-6.62001e-13
2.54773e-06
-8.69024e-13
2.54773e-06
-1.06571e-12
2.54773e-06
-1.22182e-12
2.54773e-06
-1.35001e-12
2.54773e-06
-1.51148e-12
2.54774e-06
-1.70883e-12
2.54774e-06
-1.8382e-12
2.54774e-06
-1.77604e-12
2.54774e-06
-1.47688e-12
2.54774e-06
-1.03637e-12
2.54774e-06
-6.59497e-13
2.54774e-06
-4.84258e-13
2.54774e-06
-4.37411e-13
2.54774e-06
-3.34438e-13
2.54774e-06
-9.32024e-14
2.54774e-06
2.00948e-13
2.54774e-06
4.44592e-13
2.54774e-06
5.9703e-13
2.54774e-06
7.30439e-13
2.54774e-06
8.77877e-13
2.54774e-06
1.01474e-12
2.54774e-06
1.17852e-12
2.54774e-06
1.4538e-12
2.54774e-06
1.82407e-12
2.54773e-06
2.11967e-12
2.54773e-06
2.19119e-12
2.54773e-06
2.08843e-12
2.54773e-06
1.93229e-12
2.54773e-06
1.74678e-12
2.54773e-06
1.53119e-12
2.54773e-06
1.32821e-12
2.54773e-06
1.15142e-12
2.54773e-06
9.4994e-13
2.54772e-06
7.00148e-13
2.54772e-06
4.38929e-13
2.54772e-06
1.99649e-13
2.54772e-06
1.80123e-14
2.54772e-06
-5.76884e-14
2.54772e-06
-2.034e-14
2.54772e-06
5.19625e-14
2.54772e-06
2.76006e-14
2.54772e-06
-1.59548e-13
2.54772e-06
-4.3393e-13
2.54772e-06
-6.42378e-13
2.54773e-06
-7.47801e-13
2.54773e-06
-8.20952e-13
2.54773e-06
-9.62718e-13
2.54773e-06
-1.18453e-12
2.54773e-06
-1.31932e-12
2.54773e-06
-1.27321e-12
2.54773e-06
-1.1672e-12
2.54773e-06
-1.07742e-12
2.54773e-06
-9.57194e-13
2.54773e-06
-8.27465e-13
2.54773e-06
-7.30815e-13
2.54773e-06
-6.02877e-13
2.54773e-06
-4.51745e-13
2.54773e-06
-3.7275e-13
2.54773e-06
-3.1258e-13
2.54773e-06
-1.72263e-13
2.54773e-06
1.71166e-13
2.54773e-06
7.31351e-13
2.54773e-06
1.25402e-12
2.54773e-06
1.53796e-12
2.54773e-06
1.76575e-12
2.54773e-06
2.22883e-12
2.54772e-06
2.81644e-12
2.54772e-06
3.3351e-12
2.54772e-06
3.95785e-12
2.54771e-06
4.72223e-12
2.54771e-06
5.33246e-12
2.54771e-06
6.02704e-12
2.5477e-06
7.11662e-12
7.93687e-12
3.99471e-06
1.89517e-11
3.9947e-06
1.70571e-11
3.99469e-06
1.43319e-11
3.99469e-06
1.26028e-11
3.99468e-06
1.0912e-11
3.99467e-06
9.96573e-12
3.99467e-06
8.78444e-12
3.99466e-06
8.08309e-12
3.99466e-06
7.02876e-12
3.99466e-06
6.13471e-12
3.99465e-06
5.4479e-12
3.99465e-06
4.67847e-12
3.99465e-06
3.93496e-12
3.99465e-06
3.4551e-12
3.99464e-06
2.77967e-12
3.99464e-06
2.22741e-12
3.99464e-06
1.39245e-12
3.99464e-06
8.49977e-13
3.99464e-06
3.68797e-13
3.99464e-06
-3.30229e-13
3.99464e-06
-8.54657e-13
3.99464e-06
-1.17481e-12
3.99464e-06
-1.31e-12
3.99464e-06
-1.35561e-12
3.99464e-06
-1.44027e-12
3.99464e-06
-1.57939e-12
3.99465e-06
-1.76052e-12
3.99465e-06
-1.94587e-12
3.99465e-06
-2.07581e-12
3.99465e-06
-2.12452e-12
3.99465e-06
-2.10177e-12
3.99465e-06
-2.05955e-12
3.99465e-06
-2.04546e-12
3.99465e-06
-2.03112e-12
3.99465e-06
-2.00362e-12
3.99466e-06
-2.04233e-12
3.99466e-06
-2.14051e-12
3.99466e-06
-2.16305e-12
3.99466e-06
-2.03728e-12
3.99466e-06
-1.90193e-12
3.99466e-06
-1.95084e-12
3.99466e-06
-2.12497e-12
3.99466e-06
-2.18129e-12
3.99467e-06
-1.97617e-12
3.99467e-06
-1.58305e-12
3.99467e-06
-1.21909e-12
3.99467e-06
-1.00558e-12
3.99467e-06
-8.67113e-13
3.99467e-06
-7.30892e-13
3.99467e-06
-5.97775e-13
3.99467e-06
-4.304e-13
3.99467e-06
-1.46672e-13
3.99467e-06
2.75186e-13
3.99467e-06
7.48697e-13
3.99467e-06
1.14097e-12
3.99467e-06
1.47671e-12
3.99467e-06
1.8e-12
3.99467e-06
2.11023e-12
3.99467e-06
2.44764e-12
3.99466e-06
2.80409e-12
3.99466e-06
3.03766e-12
3.99466e-06
3.05922e-12
3.99466e-06
2.9839e-12
3.99466e-06
3.00309e-12
3.99466e-06
3.13551e-12
3.99465e-06
3.22278e-12
3.99465e-06
3.1649e-12
3.99465e-06
3.01562e-12
3.99465e-06
2.82659e-12
3.99465e-06
2.53875e-12
3.99465e-06
2.11172e-12
3.99465e-06
1.62771e-12
3.99464e-06
1.17209e-12
3.99464e-06
6.86192e-13
3.99464e-06
8.14875e-14
3.99465e-06
-6.09099e-13
3.99465e-06
-1.26627e-12
3.99465e-06
-1.83353e-12
3.99465e-06
-2.32575e-12
3.99465e-06
-2.72708e-12
3.99465e-06
-3.00093e-12
3.99465e-06
-3.1987e-12
3.99466e-06
-3.39915e-12
3.99466e-06
-3.54992e-12
3.99466e-06
-3.53765e-12
3.99466e-06
-3.38524e-12
3.99466e-06
-3.2105e-12
3.99467e-06
-3.0442e-12
3.99467e-06
-2.83519e-12
3.99467e-06
-2.5799e-12
3.99467e-06
-2.33338e-12
3.99467e-06
-2.08907e-12
3.99467e-06
-1.75001e-12
3.99467e-06
-1.27581e-12
3.99467e-06
-7.65288e-13
3.99467e-06
-3.38937e-13
3.99467e-06
-1.51996e-14
3.99467e-06
2.40903e-13
3.99467e-06
4.9492e-13
3.99467e-06
8.0081e-13
3.99467e-06
1.18203e-12
3.99467e-06
1.58229e-12
3.99467e-06
1.90649e-12
3.99467e-06
2.1176e-12
3.99467e-06
2.24257e-12
3.99467e-06
2.28543e-12
3.99466e-06
2.24351e-12
3.99466e-06
2.20219e-12
3.99466e-06
2.27888e-12
3.99466e-06
2.46839e-12
3.99466e-06
2.62994e-12
3.99466e-06
2.64963e-12
3.99466e-06
2.57114e-12
3.99465e-06
2.51948e-12
3.99465e-06
2.53016e-12
3.99465e-06
2.52898e-12
3.99465e-06
2.4168e-12
3.99465e-06
2.138e-12
3.99465e-06
1.69765e-12
3.99465e-06
1.17e-12
3.99465e-06
6.50912e-13
3.99465e-06
1.76534e-13
3.99465e-06
-2.74895e-13
3.99465e-06
-7.20213e-13
3.99465e-06
-1.14905e-12
3.99465e-06
-1.56936e-12
3.99465e-06
-2.0174e-12
3.99465e-06
-2.51751e-12
3.99466e-06
-2.99929e-12
3.99466e-06
-3.3338e-12
3.99466e-06
-3.45847e-12
3.99466e-06
-3.40936e-12
3.99466e-06
-3.25489e-12
3.99466e-06
-3.05549e-12
3.99467e-06
-2.83753e-12
3.99467e-06
-2.56891e-12
3.99467e-06
-2.22511e-12
3.99467e-06
-1.84301e-12
3.99467e-06
-1.44727e-12
3.99467e-06
-1.00236e-12
3.99467e-06
-4.61605e-13
3.99467e-06
1.52414e-13
3.99467e-06
7.31743e-13
3.99467e-06
1.18197e-12
3.99467e-06
1.55821e-12
3.99467e-06
1.97547e-12
3.99467e-06
2.42887e-12
3.99467e-06
2.81929e-12
3.99466e-06
3.11764e-12
3.99466e-06
3.40236e-12
3.99466e-06
3.6931e-12
3.99466e-06
3.8662e-12
3.99466e-06
3.8194e-12
3.99466e-06
3.59866e-12
3.99465e-06
3.27902e-12
3.99465e-06
2.88607e-12
3.99465e-06
2.45649e-12
3.99465e-06
2.04051e-12
3.99465e-06
1.643e-12
3.99465e-06
1.2377e-12
3.99465e-06
8.54605e-13
3.99465e-06
5.38191e-13
3.99465e-06
2.75726e-13
3.99465e-06
-1.15513e-16
3.99465e-06
-2.90318e-13
3.99465e-06
-5.69021e-13
3.99465e-06
-7.84994e-13
3.99465e-06
-9.62031e-13
3.99465e-06
-1.1808e-12
3.99465e-06
-1.46438e-12
3.99465e-06
-1.77148e-12
3.99465e-06
-2.00322e-12
3.99465e-06
-2.10508e-12
3.99465e-06
-2.16101e-12
3.99465e-06
-2.21737e-12
3.99466e-06
-2.18928e-12
3.99466e-06
-2.03829e-12
3.99466e-06
-1.8465e-12
3.99466e-06
-1.70276e-12
3.99466e-06
-1.6185e-12
3.99466e-06
-1.56755e-12
3.99466e-06
-1.46122e-12
3.99466e-06
-1.16226e-12
3.99466e-06
-7.09823e-13
3.99466e-06
-3.00381e-13
3.99466e-06
-2.13068e-15
3.99466e-06
3.97478e-13
3.99466e-06
1.09877e-12
3.99466e-06
1.91571e-12
3.99465e-06
2.74914e-12
3.99465e-06
3.68064e-12
3.99465e-06
4.65367e-12
3.99465e-06
5.61829e-12
3.99464e-06
6.58729e-12
3.99464e-06
7.68215e-12
3.99464e-06
8.83182e-12
3.99463e-06
1.00771e-11
3.99463e-06
1.13414e-11
3.99462e-06
1.2498e-11
1.28585e-11
5.25558e-06
2.84258e-11
5.25557e-06
2.63449e-11
5.25556e-06
2.42962e-11
5.25555e-06
2.21273e-11
5.25555e-06
2.00114e-11
5.25554e-06
1.80485e-11
5.25553e-06
1.61528e-11
5.25553e-06
1.45452e-11
5.25552e-06
1.28999e-11
5.25551e-06
1.1259e-11
5.25551e-06
9.91352e-12
5.25551e-06
8.4595e-12
5.2555e-06
7.13313e-12
5.2555e-06
5.93827e-12
5.2555e-06
4.7451e-12
5.2555e-06
3.68976e-12
5.25549e-06
2.62228e-12
5.25549e-06
1.5401e-12
5.25549e-06
7.42093e-13
5.25549e-06
4.82086e-14
5.25549e-06
-7.09077e-13
5.25549e-06
-1.48253e-12
5.25549e-06
-1.98812e-12
5.25549e-06
-2.26452e-12
5.25549e-06
-2.51436e-12
5.2555e-06
-2.83419e-12
5.2555e-06
-3.15465e-12
5.2555e-06
-3.19139e-12
5.2555e-06
-3.05121e-12
5.2555e-06
-3.15322e-12
5.2555e-06
-3.42857e-12
5.2555e-06
-3.52036e-12
5.25551e-06
-3.42364e-12
5.25551e-06
-3.3406e-12
5.25551e-06
-3.36459e-12
5.25551e-06
-3.53001e-12
5.25551e-06
-3.76369e-12
5.25551e-06
-3.89013e-12
5.25552e-06
-3.79651e-12
5.25552e-06
-3.53058e-12
5.25552e-06
-3.32457e-12
5.25552e-06
-3.35914e-12
5.25552e-06
-3.50579e-12
5.25552e-06
-3.46085e-12
5.25552e-06
-3.07515e-12
5.25553e-06
-2.54253e-12
5.25553e-06
-2.15616e-12
5.25553e-06
-1.91729e-12
5.25553e-06
-1.65046e-12
5.25553e-06
-1.2824e-12
5.25553e-06
-8.34211e-13
5.25553e-06
-3.26294e-13
5.25553e-06
2.62521e-13
5.25553e-06
8.75779e-13
5.25553e-06
1.47493e-12
5.25553e-06
2.07318e-12
5.25553e-06
2.71288e-12
5.25553e-06
3.35021e-12
5.25552e-06
3.95278e-12
5.25552e-06
4.5443e-12
5.25552e-06
5.06864e-12
5.25552e-06
5.37624e-12
5.25552e-06
5.40552e-12
5.25551e-06
5.29742e-12
5.25551e-06
5.23218e-12
5.25551e-06
5.20843e-12
5.25551e-06
5.09837e-12
5.2555e-06
4.84612e-12
5.2555e-06
4.49123e-12
5.2555e-06
4.0199e-12
5.2555e-06
3.337e-12
5.2555e-06
2.44205e-12
5.2555e-06
1.48522e-12
5.2555e-06
5.8971e-13
5.2555e-06
-2.82521e-13
5.2555e-06
-1.21855e-12
5.2555e-06
-2.19329e-12
5.2555e-06
-3.09875e-12
5.2555e-06
-3.87367e-12
5.2555e-06
-4.50521e-12
5.25551e-06
-4.96547e-12
5.25551e-06
-5.25385e-12
5.25551e-06
-5.45673e-12
5.25551e-06
-5.63931e-12
5.25552e-06
-5.73456e-12
5.25552e-06
-5.65717e-12
5.25552e-06
-5.43647e-12
5.25552e-06
-5.1438e-12
5.25552e-06
-4.77771e-12
5.25553e-06
-4.29761e-12
5.25553e-06
-3.72895e-12
5.25553e-06
-3.15577e-12
5.25553e-06
-2.59858e-12
5.25553e-06
-1.99292e-12
5.25553e-06
-1.31725e-12
5.25553e-06
-6.36878e-13
5.25553e-06
-1.12928e-14
5.25553e-06
5.50134e-13
5.25553e-06
1.0683e-12
5.25553e-06
1.57558e-12
5.25553e-06
2.10282e-12
5.25553e-06
2.6422e-12
5.25553e-06
3.12203e-12
5.25552e-06
3.47201e-12
5.25552e-06
3.71133e-12
5.25552e-06
3.89216e-12
5.25552e-06
4.00787e-12
5.25552e-06
4.04396e-12
5.25552e-06
4.05854e-12
5.25552e-06
4.13345e-12
5.25551e-06
4.25132e-12
5.25551e-06
4.29311e-12
5.25551e-06
4.17994e-12
5.25551e-06
3.96316e-12
5.25551e-06
3.74607e-12
5.25551e-06
3.56294e-12
5.2555e-06
3.35325e-12
5.2555e-06
3.01125e-12
5.2555e-06
2.45082e-12
5.2555e-06
1.68679e-12
5.2555e-06
8.41839e-13
5.2555e-06
3.0323e-14
5.2555e-06
-7.21435e-13
5.2555e-06
-1.44252e-12
5.2555e-06
-2.13304e-12
5.25551e-06
-2.76734e-12
5.25551e-06
-3.35445e-12
5.25551e-06
-3.95308e-12
5.25551e-06
-4.57405e-12
5.25551e-06
-5.09932e-12
5.25552e-06
-5.38422e-12
5.25552e-06
-5.39747e-12
5.25552e-06
-5.20972e-12
5.25552e-06
-4.92314e-12
5.25552e-06
-4.62375e-12
5.25553e-06
-4.30514e-12
5.25553e-06
-3.87637e-12
5.25553e-06
-3.27328e-12
5.25553e-06
-2.5214e-12
5.25553e-06
-1.68975e-12
5.25553e-06
-8.26914e-13
5.25553e-06
5.44072e-14
5.25553e-06
9.32281e-13
5.25553e-06
1.73409e-12
5.25553e-06
2.43475e-12
5.25553e-06
3.1147e-12
5.25553e-06
3.83344e-12
5.25553e-06
4.52197e-12
5.25552e-06
5.05302e-12
5.25552e-06
5.40728e-12
5.25552e-06
5.6674e-12
5.25552e-06
5.83654e-12
5.25552e-06
5.81735e-12
5.25551e-06
5.58557e-12
5.25551e-06
5.20768e-12
5.25551e-06
4.71444e-12
5.25551e-06
4.08238e-12
5.25551e-06
3.33553e-12
5.25551e-06
2.55623e-12
5.2555e-06
1.79862e-12
5.2555e-06
1.10738e-12
5.2555e-06
5.44907e-13
5.2555e-06
1.09352e-13
5.2555e-06
-2.82744e-13
5.2555e-06
-7.42642e-13
5.2555e-06
-1.29335e-12
5.25551e-06
-1.80507e-12
5.25551e-06
-2.17744e-12
5.25551e-06
-2.46371e-12
5.25551e-06
-2.73887e-12
5.25551e-06
-3.01643e-12
5.25551e-06
-3.24399e-12
5.25551e-06
-3.32849e-12
5.25551e-06
-3.30505e-12
5.25551e-06
-3.30263e-12
5.25552e-06
-3.31323e-12
5.25552e-06
-3.23323e-12
5.25552e-06
-3.03739e-12
5.25552e-06
-2.74576e-12
5.25552e-06
-2.36713e-12
5.25552e-06
-2.01693e-12
5.25552e-06
-1.75521e-12
5.25552e-06
-1.34812e-12
5.25552e-06
-7.16794e-13
5.25552e-06
-9.52113e-14
5.25552e-06
5.06453e-13
5.25552e-06
1.25665e-12
5.25552e-06
2.17352e-12
5.25552e-06
3.20212e-12
5.25551e-06
4.46418e-12
5.25551e-06
5.935e-12
5.25551e-06
7.36018e-12
5.2555e-06
8.7498e-12
5.2555e-06
1.02936e-11
5.2555e-06
1.19194e-11
5.25549e-06
1.34821e-11
5.25549e-06
1.51778e-11
5.25548e-06
1.68101e-11
5.25548e-06
1.78492e-11
1.84186e-11
6.33232e-06
3.70893e-11
6.33231e-06
3.56945e-11
6.3323e-06
3.33763e-11
6.33229e-06
3.12548e-11
6.33228e-06
2.89642e-11
6.33227e-06
2.6539e-11
6.33227e-06
2.42295e-11
6.33226e-06
2.16531e-11
6.33225e-06
1.94111e-11
6.33225e-06
1.72508e-11
6.33224e-06
1.50057e-11
6.33224e-06
1.28955e-11
6.33223e-06
1.09115e-11
6.33223e-06
8.97473e-12
6.33223e-06
7.04027e-12
6.33222e-06
5.3323e-12
6.33222e-06
4.04026e-12
6.33222e-06
2.7947e-12
6.33222e-06
1.29028e-12
6.33222e-06
-6.86254e-14
6.33222e-06
-1.04331e-12
6.33222e-06
-1.76354e-12
6.33222e-06
-2.35083e-12
6.33222e-06
-2.8857e-12
6.33222e-06
-3.42167e-12
6.33222e-06
-3.89373e-12
6.33222e-06
-4.22169e-12
6.33223e-06
-4.44836e-12
6.33223e-06
-4.71807e-12
6.33223e-06
-5.10348e-12
6.33223e-06
-5.42399e-12
6.33223e-06
-5.45562e-12
6.33223e-06
-5.3248e-12
6.33223e-06
-5.3094e-12
6.33224e-06
-5.41853e-12
6.33224e-06
-5.49136e-12
6.33224e-06
-5.44334e-12
6.33224e-06
-5.35851e-12
6.33224e-06
-5.3943e-12
6.33225e-06
-5.50925e-12
6.33225e-06
-5.53057e-12
6.33225e-06
-5.40582e-12
6.33225e-06
-5.15815e-12
6.33225e-06
-4.79431e-12
6.33225e-06
-4.31531e-12
6.33226e-06
-3.78562e-12
6.33226e-06
-3.33195e-12
6.33226e-06
-2.94964e-12
6.33226e-06
-2.48479e-12
6.33226e-06
-1.8475e-12
6.33226e-06
-1.07902e-12
6.33226e-06
-2.74145e-13
6.33226e-06
5.27713e-13
6.33226e-06
1.36108e-12
6.33226e-06
2.2504e-12
6.33226e-06
3.21367e-12
6.33226e-06
4.26353e-12
6.33226e-06
5.2757e-12
6.33225e-06
6.07013e-12
6.33225e-06
6.61593e-12
6.33225e-06
7.01884e-12
6.33225e-06
7.34542e-12
6.33224e-06
7.55755e-12
6.33224e-06
7.63022e-12
6.33224e-06
7.63147e-12
6.33224e-06
7.60051e-12
6.33223e-06
7.44108e-12
6.33223e-06
7.02747e-12
6.33223e-06
6.35723e-12
6.33223e-06
5.51611e-12
6.33223e-06
4.54017e-12
6.33223e-06
3.41358e-12
6.33223e-06
2.16762e-12
6.33223e-06
8.87007e-13
6.33223e-06
-3.88758e-13
6.33223e-06
-1.68082e-12
6.33223e-06
-2.97169e-12
6.33223e-06
-4.18131e-12
6.33223e-06
-5.25908e-12
6.33223e-06
-6.21859e-12
6.33223e-06
-7.03726e-12
6.33224e-06
-7.63143e-12
6.33224e-06
-7.98608e-12
6.33224e-06
-8.18369e-12
6.33224e-06
-8.26092e-12
6.33225e-06
-8.16556e-12
6.33225e-06
-7.87335e-12
6.33225e-06
-7.44255e-12
6.33225e-06
-6.92988e-12
6.33226e-06
-6.31926e-12
6.33226e-06
-5.56794e-12
6.33226e-06
-4.7005e-12
6.33226e-06
-3.77335e-12
6.33226e-06
-2.79496e-12
6.33226e-06
-1.76772e-12
6.33226e-06
-7.50788e-13
6.33226e-06
1.92426e-13
6.33226e-06
1.05768e-12
6.33226e-06
1.87218e-12
6.33226e-06
2.63609e-12
6.33226e-06
3.332e-12
6.33226e-06
3.95885e-12
6.33226e-06
4.51128e-12
6.33225e-06
4.96109e-12
6.33225e-06
5.3178e-12
6.33225e-06
5.64148e-12
6.33225e-06
5.94082e-12
6.33225e-06
6.1276e-12
6.33225e-06
6.13447e-12
6.33224e-06
6.01619e-12
6.33224e-06
5.89539e-12
6.33224e-06
5.82466e-12
6.33224e-06
5.74845e-12
6.33224e-06
5.5909e-12
6.33224e-06
5.31585e-12
6.33223e-06
4.91311e-12
6.33223e-06
4.38533e-12
6.33223e-06
3.74727e-12
6.33223e-06
2.99024e-12
6.33223e-06
2.08062e-12
6.33223e-06
1.03437e-12
6.33223e-06
-6.96474e-14
6.33223e-06
-1.17853e-12
6.33223e-06
-2.29675e-12
6.33223e-06
-3.43342e-12
6.33223e-06
-4.51316e-12
6.33224e-06
-5.41324e-12
6.33224e-06
-6.09732e-12
6.33224e-06
-6.65286e-12
6.33224e-06
-7.14793e-12
6.33224e-06
-7.53453e-12
6.33225e-06
-7.72477e-12
6.33225e-06
-7.67203e-12
6.33225e-06
-7.37877e-12
6.33225e-06
-6.90802e-12
6.33226e-06
-6.34329e-12
6.33226e-06
-5.6883e-12
6.33226e-06
-4.87722e-12
6.33226e-06
-3.87026e-12
6.33226e-06
-2.70173e-12
6.33226e-06
-1.46151e-12
6.33226e-06
-2.0083e-13
6.33226e-06
1.0995e-12
6.33226e-06
2.40576e-12
6.33226e-06
3.60129e-12
6.33226e-06
4.61833e-12
6.33226e-06
5.51316e-12
6.33226e-06
6.3535e-12
6.33226e-06
7.08427e-12
6.33225e-06
7.59212e-12
6.33225e-06
7.86639e-12
6.33225e-06
7.96151e-12
6.33225e-06
7.86743e-12
6.33224e-06
7.54206e-12
6.33224e-06
7.01417e-12
6.33224e-06
6.36863e-12
6.33224e-06
5.64208e-12
6.33224e-06
4.83494e-12
6.33224e-06
3.97695e-12
6.33224e-06
3.0797e-12
6.33223e-06
2.12408e-12
6.33223e-06
1.14761e-12
6.33223e-06
2.27696e-13
6.33223e-06
-5.96475e-13
6.33223e-06
-1.34794e-12
6.33224e-06
-2.06668e-12
6.33224e-06
-2.71507e-12
6.33224e-06
-3.2294e-12
6.33224e-06
-3.64174e-12
6.33224e-06
-4.00575e-12
6.33224e-06
-4.32937e-12
6.33224e-06
-4.59311e-12
6.33224e-06
-4.73994e-12
6.33224e-06
-4.75424e-12
6.33225e-06
-4.68943e-12
6.33225e-06
-4.55475e-12
6.33225e-06
-4.34918e-12
6.33225e-06
-4.10003e-12
6.33225e-06
-3.77406e-12
6.33225e-06
-3.29153e-12
6.33225e-06
-2.67535e-12
6.33225e-06
-2.0437e-12
6.33225e-06
-1.40066e-12
6.33225e-06
-7.05037e-13
6.33225e-06
8.23167e-14
6.33225e-06
1.11157e-12
6.33225e-06
2.34941e-12
6.33225e-06
3.66278e-12
6.33225e-06
5.11579e-12
6.33225e-06
6.76159e-12
6.33224e-06
8.52695e-12
6.33224e-06
1.02711e-11
6.33224e-06
1.21237e-11
6.33223e-06
1.41397e-11
6.33223e-06
1.60989e-11
6.33222e-06
1.81709e-11
6.33222e-06
2.00373e-11
6.33221e-06
2.16921e-11
6.33221e-06
2.26141e-11
2.30536e-11
7.22669e-06
4.57542e-11
7.22668e-06
4.42011e-11
7.22667e-06
4.25545e-11
7.22666e-06
4.02699e-11
7.22665e-06
3.78205e-11
7.22664e-06
3.49997e-11
7.22663e-06
3.24957e-11
7.22662e-06
2.96053e-11
7.22662e-06
2.6662e-11
7.22661e-06
2.36937e-11
7.22661e-06
2.07709e-11
7.2266e-06
1.79761e-11
7.2266e-06
1.53257e-11
7.22659e-06
1.24796e-11
7.22659e-06
9.77808e-12
7.22659e-06
7.53813e-12
7.22659e-06
5.68227e-12
7.22659e-06
3.84948e-12
7.22659e-06
2.17413e-12
7.22658e-06
7.15272e-13
7.22658e-06
-5.19799e-13
7.22658e-06
-1.58366e-12
7.22658e-06
-2.65042e-12
7.22658e-06
-3.62236e-12
7.22659e-06
-4.3238e-12
7.22659e-06
-4.73687e-12
7.22659e-06
-5.11748e-12
7.22659e-06
-5.72046e-12
7.22659e-06
-6.34098e-12
7.22659e-06
-6.67836e-12
7.22659e-06
-6.81252e-12
7.2266e-06
-6.91382e-12
7.2266e-06
-7.04719e-12
7.2266e-06
-7.24456e-12
7.2266e-06
-7.41046e-12
7.2266e-06
-7.43821e-12
7.2266e-06
-7.35754e-12
7.22661e-06
-7.24188e-12
7.22661e-06
-7.19784e-12
7.22661e-06
-7.2346e-12
7.22661e-06
-7.17827e-12
7.22661e-06
-6.93846e-12
7.22661e-06
-6.60361e-12
7.22662e-06
-6.27647e-12
7.22662e-06
-5.93763e-12
7.22662e-06
-5.47949e-12
7.22662e-06
-4.88014e-12
7.22662e-06
-4.17947e-12
7.22662e-06
-3.34242e-12
7.22662e-06
-2.33123e-12
7.22662e-06
-1.19667e-12
7.22662e-06
-6.87016e-14
7.22662e-06
9.61108e-13
7.22662e-06
1.94161e-12
7.22662e-06
2.98042e-12
7.22662e-06
4.14224e-12
7.22662e-06
5.43727e-12
7.22662e-06
6.75427e-12
7.22662e-06
7.86921e-12
7.22662e-06
8.63971e-12
7.22661e-06
9.13511e-12
7.22661e-06
9.53073e-12
7.22661e-06
9.88114e-12
7.22661e-06
1.00834e-11
7.2266e-06
1.00621e-11
7.2266e-06
9.85057e-12
7.2266e-06
9.48241e-12
7.2266e-06
8.9183e-12
7.22659e-06
8.10975e-12
7.22659e-06
7.07413e-12
7.22659e-06
5.85116e-12
7.22659e-06
4.44523e-12
7.22659e-06
2.86184e-12
7.22659e-06
1.15676e-12
7.22659e-06
-5.77767e-13
7.22659e-06
-2.2847e-12
7.22659e-06
-3.92681e-12
7.22659e-06
-5.42916e-12
7.22659e-06
-6.7244e-12
7.2266e-06
-7.83969e-12
7.2266e-06
-8.85361e-12
7.2266e-06
-9.75786e-12
7.2266e-06
-1.04462e-11
7.22661e-06
-1.08451e-11
7.22661e-06
-1.09587e-11
7.22661e-06
-1.08105e-11
7.22661e-06
-1.04257e-11
7.22661e-06
-9.8513e-12
7.22662e-06
-9.14344e-12
7.22662e-06
-8.30307e-12
7.22662e-06
-7.26652e-12
7.22662e-06
-6.02153e-12
7.22662e-06
-4.67987e-12
7.22662e-06
-3.36838e-12
7.22662e-06
-2.12313e-12
7.22662e-06
-9.17683e-13
7.22662e-06
2.68197e-13
7.22662e-06
1.43153e-12
7.22662e-06
2.54959e-12
7.22662e-06
3.5772e-12
7.22662e-06
4.46581e-12
7.22662e-06
5.21809e-12
7.22662e-06
5.88171e-12
7.22662e-06
6.46805e-12
7.22662e-06
6.94542e-12
7.22661e-06
7.33023e-12
7.22661e-06
7.68145e-12
7.22661e-06
7.99433e-12
7.22661e-06
8.16951e-12
7.22661e-06
8.13077e-12
7.22661e-06
7.93447e-12
7.2266e-06
7.71002e-12
7.2266e-06
7.51883e-12
7.2266e-06
7.30578e-12
7.2266e-06
6.962e-12
7.2266e-06
6.39022e-12
7.2266e-06
5.56116e-12
7.2266e-06
4.5503e-12
7.22659e-06
3.4771e-12
7.22659e-06
2.37375e-12
7.22659e-06
1.17011e-12
7.22659e-06
-1.75837e-13
7.22659e-06
-1.59591e-12
7.2266e-06
-2.98474e-12
7.2266e-06
-4.31272e-12
7.2266e-06
-5.612e-12
7.2266e-06
-6.85288e-12
7.2266e-06
-7.91997e-12
7.2266e-06
-8.74143e-12
7.22661e-06
-9.34496e-12
7.22661e-06
-9.76338e-12
7.22661e-06
-9.98468e-12
7.22661e-06
-9.98137e-12
7.22662e-06
-9.72274e-12
7.22662e-06
-9.19335e-12
7.22662e-06
-8.43537e-12
7.22662e-06
-7.5047e-12
7.22662e-06
-6.40845e-12
7.22663e-06
-5.11788e-12
7.22663e-06
-3.62486e-12
7.22663e-06
-1.99951e-12
7.22663e-06
-3.58654e-13
7.22663e-06
1.27287e-12
7.22663e-06
2.88391e-12
7.22663e-06
4.42287e-12
7.22662e-06
5.78609e-12
7.22662e-06
6.93916e-12
7.22662e-06
7.93727e-12
7.22662e-06
8.80899e-12
7.22662e-06
9.4688e-12
7.22662e-06
9.83283e-12
7.22661e-06
9.92511e-12
7.22661e-06
9.81844e-12
7.22661e-06
9.51905e-12
7.22661e-06
8.98066e-12
7.22661e-06
8.20199e-12
7.2266e-06
7.23085e-12
7.2266e-06
6.1022e-12
7.2266e-06
4.88193e-12
7.2266e-06
3.66571e-12
7.2266e-06
2.4851e-12
7.2266e-06
1.31927e-12
7.2266e-06
1.69781e-13
7.2266e-06
-9.01768e-13
7.2266e-06
-1.83967e-12
7.2266e-06
-2.70682e-12
7.2266e-06
-3.58887e-12
7.2266e-06
-4.41961e-12
7.2266e-06
-5.07711e-12
7.2266e-06
-5.52749e-12
7.22661e-06
-5.80076e-12
7.22661e-06
-5.95335e-12
7.22661e-06
-6.03954e-12
7.22661e-06
-6.07219e-12
7.22661e-06
-6.01841e-12
7.22661e-06
-5.83242e-12
7.22661e-06
-5.51657e-12
7.22661e-06
-5.1006e-12
7.22662e-06
-4.6135e-12
7.22662e-06
-4.04012e-12
7.22662e-06
-3.26428e-12
7.22662e-06
-2.32479e-12
7.22662e-06
-1.43625e-12
7.22662e-06
-5.78556e-13
7.22662e-06
5.16803e-13
7.22662e-06
1.94614e-12
7.22662e-06
3.50084e-12
7.22661e-06
5.11947e-12
7.22661e-06
6.89425e-12
7.22661e-06
8.79029e-12
7.22661e-06
1.07792e-11
7.22661e-06
1.28777e-11
7.2266e-06
1.52312e-11
7.2266e-06
1.76609e-11
7.2266e-06
1.99416e-11
7.22659e-06
2.22453e-11
7.22659e-06
2.42052e-11
7.22658e-06
2.57081e-11
7.22658e-06
2.66569e-11
2.68553e-11
7.94022e-06
5.38482e-11
7.94021e-06
5.29243e-11
7.9402e-06
5.12011e-11
7.94019e-06
4.93257e-11
7.94019e-06
4.63439e-11
7.94018e-06
4.34832e-11
7.94017e-06
3.99799e-11
7.94016e-06
3.65335e-11
7.94016e-06
3.30955e-11
7.94015e-06
2.94175e-11
7.94015e-06
2.58334e-11
7.94014e-06
2.24928e-11
7.94014e-06
1.9041e-11
7.94013e-06
1.57923e-11
7.94013e-06
1.31189e-11
7.94013e-06
1.04661e-11
7.94013e-06
7.67431e-12
7.94013e-06
5.14512e-12
7.94013e-06
3.07525e-12
7.94013e-06
1.33518e-12
7.94012e-06
-8.02617e-14
7.94012e-06
-1.367e-12
7.94012e-06
-2.69629e-12
7.94012e-06
-3.83639e-12
7.94013e-06
-4.67871e-12
7.94013e-06
-5.36128e-12
7.94013e-06
-6.04016e-12
7.94013e-06
-6.81723e-12
7.94013e-06
-7.50059e-12
7.94013e-06
-7.82905e-12
7.94013e-06
-7.9882e-12
7.94013e-06
-8.27509e-12
7.94014e-06
-8.63097e-12
7.94014e-06
-8.91111e-12
7.94014e-06
-9.07001e-12
7.94014e-06
-9.10582e-12
7.94014e-06
-9.08418e-12
7.94014e-06
-9.06251e-12
7.94015e-06
-9.08712e-12
7.94015e-06
-9.16062e-12
7.94015e-06
-9.11766e-12
7.94015e-06
-8.80267e-12
7.94015e-06
-8.26867e-12
7.94015e-06
-7.68505e-12
7.94015e-06
-7.15291e-12
7.94016e-06
-6.6035e-12
7.94016e-06
-5.91861e-12
7.94016e-06
-5.04932e-12
7.94016e-06
-3.97186e-12
7.94016e-06
-2.71239e-12
7.94016e-06
-1.38648e-12
7.94016e-06
-1.1126e-13
7.94016e-06
1.12554e-12
7.94016e-06
2.45435e-12
7.94016e-06
3.94864e-12
7.94016e-06
5.47586e-12
7.94016e-06
6.87508e-12
7.94016e-06
8.11217e-12
7.94015e-06
9.21325e-12
7.94015e-06
1.01772e-11
7.94015e-06
1.09928e-11
7.94015e-06
1.16702e-11
7.94015e-06
1.21904e-11
7.94014e-06
1.24661e-11
7.94014e-06
1.24362e-11
7.94014e-06
1.21249e-11
7.94014e-06
1.15645e-11
7.94013e-06
1.07287e-11
7.94013e-06
9.59182e-12
7.94013e-06
8.21139e-12
7.94013e-06
6.70186e-12
7.94013e-06
5.1092e-12
7.94013e-06
3.37335e-12
7.94013e-06
1.44057e-12
7.94013e-06
-6.33173e-13
7.94013e-06
-2.71931e-12
7.94013e-06
-4.72263e-12
7.94013e-06
-6.58663e-12
7.94013e-06
-8.24871e-12
7.94013e-06
-9.66197e-12
7.94014e-06
-1.08353e-11
7.94014e-06
-1.17875e-11
7.94014e-06
-1.24944e-11
7.94014e-06
-1.2938e-11
7.94015e-06
-1.31464e-11
7.94015e-06
-1.3128e-11
7.94015e-06
-1.28217e-11
7.94015e-06
-1.21571e-11
7.94015e-06
-1.11639e-11
7.94015e-06
-9.9746e-12
7.94016e-06
-8.68996e-12
7.94016e-06
-7.30915e-12
7.94016e-06
-5.81947e-12
7.94016e-06
-4.25921e-12
7.94016e-06
-2.67996e-12
7.94016e-06
-1.12726e-12
7.94016e-06
3.52239e-13
7.94016e-06
1.71844e-12
7.94016e-06
2.95713e-12
7.94016e-06
4.08556e-12
7.94016e-06
5.11736e-12
7.94016e-06
6.06047e-12
7.94016e-06
6.94897e-12
7.94015e-06
7.79822e-12
7.94015e-06
8.53674e-12
7.94015e-06
9.06885e-12
7.94015e-06
9.39678e-12
7.94015e-06
9.61232e-12
7.94015e-06
9.77663e-12
7.94014e-06
9.85761e-12
7.94014e-06
9.80304e-12
7.94014e-06
9.6049e-12
7.94014e-06
9.27113e-12
7.94014e-06
8.78747e-12
7.94014e-06
8.14188e-12
7.94014e-06
7.35119e-12
7.94014e-06
6.4203e-12
7.94013e-06
5.32697e-12
7.94013e-06
4.07396e-12
7.94013e-06
2.69934e-12
7.94013e-06
1.22262e-12
7.94013e-06
-3.58418e-13
7.94013e-06
-2.01215e-12
7.94013e-06
-3.662e-12
7.94014e-06
-5.23807e-12
7.94014e-06
-6.74511e-12
7.94014e-06
-8.20411e-12
7.94014e-06
-9.54037e-12
7.94014e-06
-1.06251e-11
7.94014e-06
-1.14052e-11
7.94015e-06
-1.18976e-11
7.94015e-06
-1.21227e-11
7.94015e-06
-1.21039e-11
7.94015e-06
-1.18549e-11
7.94016e-06
-1.13434e-11
7.94016e-06
-1.05229e-11
7.94016e-06
-9.3846e-12
7.94016e-06
-7.95965e-12
7.94016e-06
-6.304e-12
7.94016e-06
-4.48091e-12
7.94016e-06
-2.56535e-12
7.94016e-06
-6.48487e-13
7.94016e-06
1.22369e-12
7.94016e-06
3.07715e-12
7.94016e-06
4.92886e-12
7.94016e-06
6.68631e-12
7.94016e-06
8.19591e-12
7.94016e-06
9.38542e-12
7.94016e-06
1.03013e-11
7.94016e-06
1.0987e-11
7.94015e-06
1.14129e-11
7.94015e-06
1.15502e-11
7.94015e-06
1.14319e-11
7.94015e-06
1.10929e-11
7.94015e-06
1.04993e-11
7.94015e-06
9.62603e-12
7.94014e-06
8.53304e-12
7.94014e-06
7.26614e-12
7.94014e-06
5.83924e-12
7.94014e-06
4.33453e-12
7.94014e-06
2.87001e-12
7.94014e-06
1.48897e-12
7.94014e-06
1.42152e-13
7.94014e-06
-1.20021e-12
7.94014e-06
-2.44606e-12
7.94014e-06
-3.50401e-12
7.94014e-06
-4.438e-12
7.94014e-06
-5.32975e-12
7.94014e-06
-6.14393e-12
7.94014e-06
-6.7762e-12
7.94015e-06
-7.16089e-12
7.94015e-06
-7.3525e-12
7.94015e-06
-7.44608e-12
7.94015e-06
-7.44691e-12
7.94015e-06
-7.32301e-12
7.94015e-06
-7.05715e-12
7.94015e-06
-6.61404e-12
7.94015e-06
-5.98959e-12
7.94015e-06
-5.30183e-12
7.94015e-06
-4.64393e-12
7.94015e-06
-3.84525e-12
7.94015e-06
-2.79399e-12
7.94016e-06
-1.66404e-12
7.94015e-06
-4.30737e-13
7.94015e-06
1.06098e-12
7.94015e-06
2.70645e-12
7.94015e-06
4.37178e-12
7.94015e-06
6.1277e-12
7.94015e-06
8.14085e-12
7.94015e-06
1.04035e-11
7.94015e-06
1.27919e-11
7.94014e-06
1.53284e-11
7.94014e-06
1.79283e-11
7.94014e-06
2.03764e-11
7.94014e-06
2.28399e-11
7.94013e-06
2.51747e-11
7.94013e-06
2.73458e-11
7.94013e-06
2.8702e-11
7.94013e-06
2.94508e-11
2.97947e-11
8.4742e-06
6.03405e-11
8.47419e-06
5.96266e-11
8.47419e-06
5.83148e-11
8.47418e-06
5.58528e-11
8.47417e-06
5.33389e-11
8.47417e-06
5.0255e-11
8.47416e-06
4.63129e-11
8.47415e-06
4.23663e-11
8.47415e-06
3.83328e-11
8.47414e-06
3.4412e-11
8.47414e-06
3.01283e-11
8.47413e-06
2.60392e-11
8.47413e-06
2.23158e-11
8.47413e-06
1.8874e-11
8.47413e-06
1.54925e-11
8.47412e-06
1.21234e-11
8.47412e-06
9.06797e-12
8.47412e-06
6.50109e-12
8.47412e-06
4.29492e-12
8.47412e-06
2.21198e-12
8.47412e-06
1.12212e-13
8.47412e-06
-1.80626e-12
8.47412e-06
-3.24527e-12
8.47412e-06
-4.23688e-12
8.47412e-06
-5.09616e-12
8.47412e-06
-6.01884e-12
8.47412e-06
-6.92048e-12
8.47412e-06
-7.70005e-12
8.47412e-06
-8.31497e-12
8.47412e-06
-8.72747e-12
8.47413e-06
-9.07014e-12
8.47413e-06
-9.50402e-12
8.47413e-06
-9.91084e-12
8.47413e-06
-1.0164e-11
8.47413e-06
-1.0331e-11
8.47413e-06
-1.04727e-11
8.47413e-06
-1.06215e-11
8.47413e-06
-1.07576e-11
8.47414e-06
-1.07746e-11
8.47414e-06
-1.06502e-11
8.47414e-06
-1.04284e-11
8.47414e-06
-1.00947e-11
8.47414e-06
-9.62027e-12
8.47414e-06
-9.03817e-12
8.47414e-06
-8.40735e-12
8.47414e-06
-7.66685e-12
8.47414e-06
-6.68238e-12
8.47415e-06
-5.4403e-12
8.47415e-06
-4.04647e-12
8.47415e-06
-2.62924e-12
8.47415e-06
-1.26208e-12
8.47415e-06
6.62701e-14
8.47415e-06
1.44804e-12
8.47415e-06
2.99919e-12
8.47415e-06
4.71822e-12
8.47415e-06
6.40961e-12
8.47415e-06
7.89628e-12
8.47414e-06
9.20475e-12
8.47414e-06
1.04586e-11
8.47414e-06
1.16734e-11
8.47414e-06
1.27126e-11
8.47414e-06
1.34576e-11
8.47414e-06
1.39319e-11
8.47413e-06
1.41907e-11
8.47413e-06
1.41944e-11
8.47413e-06
1.38831e-11
8.47413e-06
1.32589e-11
8.47413e-06
1.23449e-11
8.47413e-06
1.1129e-11
8.47412e-06
9.59879e-12
8.47412e-06
7.79431e-12
8.47412e-06
5.80212e-12
8.47412e-06
3.68889e-12
8.47412e-06
1.49151e-12
8.47412e-06
-7.41736e-13
8.47412e-06
-2.95007e-12
8.47412e-06
-5.1038e-12
8.47413e-06
-7.19028e-12
8.47413e-06
-9.14627e-12
8.47413e-06
-1.08624e-11
8.47413e-06
-1.22742e-11
8.47413e-06
-1.33949e-11
8.47413e-06
-1.42364e-11
8.47413e-06
-1.47611e-11
8.47414e-06
-1.49382e-11
8.47414e-06
-1.47862e-11
8.47414e-06
-1.43393e-11
8.47414e-06
-1.35947e-11
8.47414e-06
-1.2532e-11
8.47414e-06
-1.11944e-11
8.47414e-06
-9.68239e-12
8.47415e-06
-8.0687e-12
8.47415e-06
-6.38153e-12
8.47415e-06
-4.64261e-12
8.47415e-06
-2.87655e-12
8.47415e-06
-1.12073e-12
8.47415e-06
5.67225e-13
8.47415e-06
2.12821e-12
8.47415e-06
3.5352e-12
8.47415e-06
4.80766e-12
8.47415e-06
5.97431e-12
8.47415e-06
7.0213e-12
8.47414e-06
7.93437e-12
8.47414e-06
8.75281e-12
8.47414e-06
9.51071e-12
8.47414e-06
1.01666e-11
8.47414e-06
1.06542e-11
8.47414e-06
1.09682e-11
8.47414e-06
1.11499e-11
8.47414e-06
1.12093e-11
8.47413e-06
1.11173e-11
8.47413e-06
1.08618e-11
8.47413e-06
1.04561e-11
8.47413e-06
9.89358e-12
8.47413e-06
9.14047e-12
8.47413e-06
8.18913e-12
8.47413e-06
7.06381e-12
8.47413e-06
5.77225e-12
8.47413e-06
4.31009e-12
8.47413e-06
2.70791e-12
8.47413e-06
1.02216e-12
8.47413e-06
-7.17356e-13
8.47413e-06
-2.51431e-12
8.47413e-06
-4.34728e-12
8.47413e-06
-6.14412e-12
8.47413e-06
-7.83843e-12
8.47413e-06
-9.43106e-12
8.47413e-06
-1.09185e-11
8.47413e-06
-1.22081e-11
8.47414e-06
-1.31819e-11
8.47414e-06
-1.37934e-11
8.47414e-06
-1.40488e-11
8.47414e-06
-1.39847e-11
8.47414e-06
-1.36367e-11
8.47414e-06
-1.29869e-11
8.47415e-06
-1.19818e-11
8.47415e-06
-1.06132e-11
8.47415e-06
-8.94773e-12
8.47415e-06
-7.08408e-12
8.47415e-06
-5.08638e-12
8.47415e-06
-2.96833e-12
8.47415e-06
-7.7148e-13
8.47415e-06
1.39858e-12
8.47415e-06
3.45471e-12
8.47415e-06
5.38914e-12
8.47415e-06
7.21468e-12
8.47415e-06
8.86696e-12
8.47415e-06
1.02451e-11
8.47415e-06
1.1313e-11
8.47415e-06
1.21022e-11
8.47414e-06
1.26273e-11
8.47414e-06
1.28599e-11
8.47414e-06
1.27771e-11
8.47414e-06
1.23988e-11
8.47414e-06
1.17133e-11
8.47414e-06
1.06763e-11
8.47414e-06
9.35438e-12
8.47414e-06
7.88999e-12
8.47413e-06
6.3394e-12
8.47413e-06
4.71101e-12
8.47413e-06
3.0651e-12
8.47413e-06
1.50495e-12
8.47413e-06
6.34159e-14
8.47413e-06
-1.36028e-12
8.47413e-06
-2.80102e-12
8.47413e-06
-4.13889e-12
8.47413e-06
-5.27562e-12
8.47414e-06
-6.235e-12
8.47414e-06
-7.03536e-12
8.47414e-06
-7.6289e-12
8.47414e-06
-8.0032e-12
8.47414e-06
-8.25302e-12
8.47414e-06
-8.43318e-12
8.47414e-06
-8.46822e-12
8.47414e-06
-8.31658e-12
8.47414e-06
-7.99541e-12
8.47414e-06
-7.46334e-12
8.47414e-06
-6.72422e-12
8.47414e-06
-5.89825e-12
8.47414e-06
-5.02749e-12
8.47414e-06
-3.97544e-12
8.47414e-06
-2.69788e-12
8.47414e-06
-1.34434e-12
8.47414e-06
5.16057e-14
8.47414e-06
1.52758e-12
8.47414e-06
3.09683e-12
8.47414e-06
4.84909e-12
8.47414e-06
6.87526e-12
8.47414e-06
9.21685e-12
8.47414e-06
1.16516e-11
8.47414e-06
1.41826e-11
8.47414e-06
1.68572e-11
8.47414e-06
1.94734e-11
8.47413e-06
2.21138e-11
8.47413e-06
2.4961e-11
8.47413e-06
2.72842e-11
8.47413e-06
2.92155e-11
8.47413e-06
3.05914e-11
8.47413e-06
3.13104e-11
3.14352e-11
8.82962e-06
6.54034e-11
8.82961e-06
6.42337e-11
8.82961e-06
6.37253e-11
8.8296e-06
6.16616e-11
8.8296e-06
5.88177e-11
8.82959e-06
5.49811e-11
8.82959e-06
5.13065e-11
8.82958e-06
4.7397e-11
8.82958e-06
4.28349e-11
8.82957e-06
3.78738e-11
8.82957e-06
3.31785e-11
8.82957e-06
2.89038e-11
8.82957e-06
2.47791e-11
8.82956e-06
2.06526e-11
8.82956e-06
1.67558e-11
8.82956e-06
1.31634e-11
8.82956e-06
1.00462e-11
8.82956e-06
7.32329e-12
8.82956e-06
4.77785e-12
8.82956e-06
2.36098e-12
8.82956e-06
1.55246e-13
8.82956e-06
-1.63227e-12
8.82956e-06
-3.01364e-12
8.82956e-06
-4.23411e-12
8.82956e-06
-5.43041e-12
8.82956e-06
-6.59133e-12
8.82956e-06
-7.56238e-12
8.82956e-06
-8.23222e-12
8.82956e-06
-8.7662e-12
8.82956e-06
-9.33147e-12
8.82956e-06
-9.89001e-12
8.82956e-06
-1.04152e-11
8.82956e-06
-1.08917e-11
8.82956e-06
-1.12344e-11
8.82956e-06
-1.14111e-11
8.82957e-06
-1.14855e-11
8.82957e-06
-1.15994e-11
8.82957e-06
-1.18097e-11
8.82957e-06
-1.19352e-11
8.82957e-06
-1.17966e-11
8.82957e-06
-1.14257e-11
8.82957e-06
-1.09324e-11
8.82957e-06
-1.03621e-11
8.82957e-06
-9.70634e-12
8.82957e-06
-8.96615e-12
8.82957e-06
-8.09599e-12
8.82957e-06
-6.9941e-12
8.82957e-06
-5.66717e-12
8.82957e-06
-4.25073e-12
8.82958e-06
-2.84938e-12
8.82958e-06
-1.43195e-12
8.82958e-06
1.07838e-13
8.82958e-06
1.76682e-12
8.82958e-06
3.44109e-12
8.82958e-06
5.09345e-12
8.82957e-06
6.73441e-12
8.82957e-06
8.34598e-12
8.82957e-06
9.89401e-12
8.82957e-06
1.13475e-11
8.82957e-06
1.26587e-11
8.82957e-06
1.37333e-11
8.82957e-06
1.44845e-11
8.82957e-06
1.49468e-11
8.82957e-06
1.52076e-11
8.82957e-06
1.52344e-11
8.82956e-06
1.48961e-11
8.82956e-06
1.41343e-11
8.82956e-06
1.30128e-11
8.82956e-06
1.16201e-11
8.82956e-06
9.99628e-12
8.82956e-06
8.14968e-12
8.82956e-06
6.09804e-12
8.82956e-06
3.87107e-12
8.82956e-06
1.50296e-12
8.82956e-06
-9.37783e-13
8.82956e-06
-3.34377e-12
8.82956e-06
-5.64407e-12
8.82956e-06
-7.83247e-12
8.82956e-06
-9.903e-12
8.82956e-06
-1.17679e-11
8.82956e-06
-1.33025e-11
8.82956e-06
-1.44677e-11
8.82957e-06
-1.53124e-11
8.82957e-06
-1.58602e-11
8.82957e-06
-1.60628e-11
8.82957e-06
-1.5871e-11
8.82957e-06
-1.53117e-11
8.82957e-06
-1.44613e-11
8.82957e-06
-1.33668e-11
8.82957e-06
-1.20484e-11
8.82957e-06
-1.05389e-11
8.82957e-06
-8.86969e-12
8.82957e-06
-7.06785e-12
8.82958e-06
-5.18284e-12
8.82958e-06
-3.27081e-12
8.82958e-06
-1.37499e-12
8.82958e-06
4.65332e-13
8.82958e-06
2.20571e-12
8.82958e-06
3.8041e-12
8.82958e-06
5.24488e-12
8.82957e-06
6.54507e-12
8.82957e-06
7.70396e-12
8.82957e-06
8.69534e-12
8.82957e-06
9.5363e-12
8.82957e-06
1.02916e-11
8.82957e-06
1.09728e-11
8.82957e-06
1.14967e-11
8.82957e-06
1.1795e-11
8.82957e-06
1.19114e-11
8.82957e-06
1.19366e-11
8.82957e-06
1.18753e-11
8.82957e-06
1.16442e-11
8.82957e-06
1.11769e-11
8.82957e-06
1.04791e-11
8.82956e-06
9.583e-12
8.82956e-06
8.5025e-12
8.82956e-06
7.2476e-12
8.82956e-06
5.82724e-12
8.82956e-06
4.24718e-12
8.82956e-06
2.53829e-12
8.82956e-06
7.60571e-13
8.82956e-06
-1.04654e-12
8.82956e-06
-2.90466e-12
8.82956e-06
-4.85902e-12
8.82956e-06
-6.87566e-12
8.82957e-06
-8.81635e-12
8.82957e-06
-1.0556e-11
8.82957e-06
-1.20697e-11
8.82957e-06
-1.33572e-11
8.82957e-06
-1.43737e-11
8.82957e-06
-1.50659e-11
8.82957e-06
-1.53913e-11
8.82957e-06
-1.53173e-11
8.82957e-06
-1.4858e-11
8.82958e-06
-1.40529e-11
8.82958e-06
-1.29137e-11
8.82958e-06
-1.14401e-11
8.82958e-06
-9.6739e-12
8.82958e-06
-7.71088e-12
8.82958e-06
-5.63634e-12
8.82958e-06
-3.46006e-12
8.82958e-06
-1.16244e-12
8.82958e-06
1.20523e-12
8.82958e-06
3.51896e-12
8.82958e-06
5.67834e-12
8.82958e-06
7.65098e-12
8.82958e-06
9.4236e-12
8.82958e-06
1.0938e-11
8.82958e-06
1.21173e-11
8.82958e-06
1.29488e-11
8.82958e-06
1.34859e-11
8.82957e-06
1.37392e-11
8.82957e-06
1.36283e-11
8.82957e-06
1.31306e-11
8.82957e-06
1.23293e-11
8.82957e-06
1.12821e-11
8.82957e-06
1.00142e-11
8.82957e-06
8.57421e-12
8.82957e-06
6.9908e-12
8.82957e-06
5.28228e-12
8.82957e-06
3.50318e-12
8.82957e-06
1.74114e-12
8.82957e-06
8.67397e-14
8.82957e-06
-1.45895e-12
8.82957e-06
-2.96749e-12
8.82957e-06
-4.41268e-12
8.82957e-06
-5.66571e-12
8.82957e-06
-6.6764e-12
8.82957e-06
-7.51357e-12
8.82957e-06
-8.22753e-12
8.82957e-06
-8.779e-12
8.82957e-06
-9.11861e-12
8.82957e-06
-9.24519e-12
8.82957e-06
-9.17388e-12
8.82957e-06
-8.9263e-12
8.82957e-06
-8.51079e-12
8.82957e-06
-7.93256e-12
8.82957e-06
-7.2169e-12
8.82957e-06
-6.31574e-12
8.82958e-06
-5.19994e-12
8.82958e-06
-4.01598e-12
8.82958e-06
-2.82886e-12
8.82958e-06
-1.51128e-12
8.82958e-06
-1.78609e-14
8.82958e-06
1.61454e-12
8.82958e-06
3.4465e-12
8.82958e-06
5.49274e-12
8.82957e-06
7.60923e-12
8.82957e-06
9.78153e-12
8.82957e-06
1.21071e-11
8.82957e-06
1.47198e-11
8.82957e-06
1.76263e-11
8.82957e-06
2.04672e-11
8.82957e-06
2.33635e-11
8.82957e-06
2.58574e-11
8.82957e-06
2.81799e-11
8.82957e-06
2.98756e-11
8.82957e-06
3.10552e-11
8.82957e-06
3.17256e-11
3.19935e-11
9.00714e-06
6.81127e-11
9.00714e-06
6.76299e-11
9.00714e-06
6.6526e-11
9.00713e-06
6.4502e-11
9.00713e-06
6.15918e-11
9.00713e-06
5.83895e-11
9.00713e-06
5.41966e-11
9.00712e-06
4.89862e-11
9.00712e-06
4.3899e-11
9.00712e-06
3.92508e-11
9.00712e-06
3.48063e-11
9.00712e-06
3.01711e-11
9.00712e-06
2.57154e-11
9.00711e-06
2.15507e-11
9.00711e-06
1.76452e-11
9.00711e-06
1.41689e-11
9.00711e-06
1.10673e-11
9.00711e-06
8.07302e-12
9.00711e-06
5.17684e-12
9.00711e-06
2.65192e-12
9.00711e-06
5.87798e-13
9.00711e-06
-1.13533e-12
9.00711e-06
-2.61856e-12
9.00711e-06
-3.94457e-12
9.00711e-06
-5.22315e-12
9.00711e-06
-6.47506e-12
9.00711e-06
-7.51113e-12
9.00711e-06
-8.18931e-12
9.00711e-06
-8.75712e-12
9.00711e-06
-9.47984e-12
9.00711e-06
-1.02054e-11
9.00711e-06
-1.07165e-11
9.00711e-06
-1.10469e-11
9.00711e-06
-1.13046e-11
9.00711e-06
-1.15938e-11
9.00711e-06
-1.19748e-11
9.00711e-06
-1.23655e-11
9.00711e-06
-1.26035e-11
9.00711e-06
-1.25532e-11
9.00711e-06
-1.22121e-11
9.00711e-06
-1.17315e-11
9.00711e-06
-1.12636e-11
9.00711e-06
-1.07914e-11
9.00712e-06
-1.01474e-11
9.00712e-06
-9.25112e-12
9.00712e-06
-8.18952e-12
9.00712e-06
-7.03175e-12
9.00712e-06
-5.7672e-12
9.00712e-06
-4.39845e-12
9.00712e-06
-2.96421e-12
9.00712e-06
-1.46818e-12
9.00712e-06
1.5063e-13
9.00712e-06
1.86694e-12
9.00712e-06
3.5521e-12
9.00712e-06
5.17346e-12
9.00712e-06
6.82237e-12
9.00712e-06
8.52491e-12
9.00712e-06
1.01693e-11
9.00712e-06
1.16129e-11
9.00712e-06
1.28298e-11
9.00712e-06
1.38863e-11
9.00712e-06
1.47763e-11
9.00711e-06
1.54052e-11
9.00711e-06
1.57071e-11
9.00711e-06
1.56515e-11
9.00711e-06
1.52004e-11
9.00711e-06
1.43471e-11
9.00711e-06
1.31571e-11
9.00711e-06
1.17094e-11
9.00711e-06
1.00239e-11
9.00711e-06
8.1033e-12
9.00711e-06
6.01086e-12
9.00711e-06
3.84196e-12
9.00711e-06
1.60752e-12
9.00711e-06
-7.55337e-13
9.00711e-06
-3.24347e-12
9.00711e-06
-5.7302e-12
9.00711e-06
-8.06531e-12
9.00711e-06
-1.01765e-11
9.00711e-06
-1.20509e-11
9.00711e-06
-1.36488e-11
9.00711e-06
-1.48952e-11
9.00711e-06
-1.57519e-11
9.00711e-06
-1.62377e-11
9.00712e-06
-1.63871e-11
9.00712e-06
-1.62163e-11
9.00712e-06
-1.5734e-11
9.00712e-06
-1.49496e-11
9.00712e-06
-1.38553e-11
9.00712e-06
-1.2453e-11
9.00712e-06
-1.08179e-11
9.00712e-06
-9.06062e-12
9.00712e-06
-7.255e-12
9.00712e-06
-5.43121e-12
9.00712e-06
-3.59383e-12
9.00712e-06
-1.73241e-12
9.00712e-06
1.40988e-13
9.00712e-06
1.97205e-12
9.00712e-06
3.67977e-12
9.00712e-06
5.21163e-12
9.00712e-06
6.58894e-12
9.00712e-06
7.86023e-12
9.00712e-06
9.00315e-12
9.00712e-06
9.94216e-12
9.00712e-06
1.06611e-11
9.00712e-06
1.12305e-11
9.00712e-06
1.16998e-11
9.00712e-06
1.20346e-11
9.00712e-06
1.21925e-11
9.00712e-06
1.21947e-11
9.00712e-06
1.20824e-11
9.00712e-06
1.18403e-11
9.00711e-06
1.14063e-11
9.00711e-06
1.07395e-11
9.00711e-06
9.84511e-12
9.00711e-06
8.74727e-12
9.00711e-06
7.48001e-12
9.00711e-06
6.0727e-12
9.00711e-06
4.51657e-12
9.00711e-06
2.77499e-12
9.00711e-06
8.54224e-13
9.00711e-06
-1.16385e-12
9.00711e-06
-3.17563e-12
9.00711e-06
-5.14238e-12
9.00711e-06
-7.09251e-12
9.00711e-06
-9.0231e-12
9.00712e-06
-1.08497e-11
9.00712e-06
-1.24738e-11
9.00712e-06
-1.38182e-11
9.00712e-06
-1.48185e-11
9.00712e-06
-1.54445e-11
9.00712e-06
-1.57052e-11
9.00712e-06
-1.55891e-11
9.00712e-06
-1.50827e-11
9.00712e-06
-1.42301e-11
9.00712e-06
-1.3093e-11
9.00712e-06
-1.16881e-11
9.00712e-06
-9.99519e-12
9.00712e-06
-8.02005e-12
9.00712e-06
-5.84151e-12
9.00712e-06
-3.56594e-12
9.00712e-06
-1.26517e-12
9.00712e-06
1.02269e-12
9.00712e-06
3.25702e-12
9.00712e-06
5.39044e-12
9.00712e-06
7.38902e-12
9.00712e-06
9.22517e-12
9.00712e-06
1.08354e-11
9.00712e-06
1.2123e-11
9.00712e-06
1.29966e-11
9.00712e-06
1.34676e-11
9.00712e-06
1.36234e-11
9.00712e-06
1.34751e-11
9.00712e-06
1.29955e-11
9.00712e-06
1.22617e-11
9.00712e-06
1.13449e-11
9.00712e-06
1.01935e-11
9.00712e-06
8.76053e-12
9.00712e-06
7.11634e-12
9.00712e-06
5.39563e-12
9.00712e-06
3.66961e-12
9.00712e-06
1.92195e-12
9.00712e-06
1.91604e-13
9.00712e-06
-1.41754e-12
9.00712e-06
-2.89051e-12
9.00712e-06
-4.27577e-12
9.00712e-06
-5.55348e-12
9.00712e-06
-6.65255e-12
9.00712e-06
-7.55896e-12
9.00712e-06
-8.33048e-12
9.00712e-06
-8.98159e-12
9.00712e-06
-9.43334e-12
9.00712e-06
-9.61925e-12
9.00712e-06
-9.54202e-12
9.00712e-06
-9.20081e-12
9.00712e-06
-8.62855e-12
9.00712e-06
-7.96458e-12
9.00712e-06
-7.26552e-12
9.00712e-06
-6.34578e-12
9.00712e-06
-5.15349e-12
9.00712e-06
-3.95633e-12
9.00712e-06
-2.79607e-12
9.00712e-06
-1.42296e-12
9.00712e-06
1.87755e-13
9.00712e-06
1.89223e-12
9.00712e-06
3.62561e-12
9.00712e-06
5.50805e-12
9.00712e-06
7.66438e-12
9.00712e-06
9.92614e-12
9.00712e-06
1.23509e-11
9.00712e-06
1.49803e-11
9.00712e-06
1.76051e-11
9.00712e-06
2.01795e-11
9.00712e-06
2.30098e-11
9.00712e-06
2.53827e-11
9.00712e-06
2.75558e-11
9.00712e-06
2.93377e-11
9.00712e-06
3.06538e-11
9.00712e-06
3.10997e-11
3.14772e-11
9.00712e-06
6.8261e-11
9.00712e-06
6.78588e-11
9.00712e-06
6.72161e-11
9.00712e-06
6.52642e-11
9.00712e-06
6.21908e-11
9.00712e-06
5.8436e-11
9.00712e-06
5.40149e-11
9.00712e-06
4.93412e-11
9.00712e-06
4.45623e-11
9.00712e-06
3.97132e-11
9.00712e-06
3.4893e-11
9.00712e-06
3.00577e-11
9.00712e-06
2.55057e-11
9.00712e-06
2.13646e-11
9.00712e-06
1.76731e-11
9.00712e-06
1.42143e-11
9.00712e-06
1.07259e-11
9.00712e-06
7.49887e-12
9.00712e-06
4.87893e-12
9.00712e-06
2.77535e-12
9.00712e-06
9.39629e-13
9.00712e-06
-8.21594e-13
9.00712e-06
-2.56061e-12
9.00712e-06
-4.12786e-12
9.00712e-06
-5.36663e-12
9.00712e-06
-6.31041e-12
9.00712e-06
-7.10379e-12
9.00712e-06
-7.84338e-12
9.00712e-06
-8.58858e-12
9.00712e-06
-9.36486e-12
9.00712e-06
-1.00593e-11
9.00712e-06
-1.05463e-11
9.00712e-06
-1.0901e-11
9.00712e-06
-1.12772e-11
9.00712e-06
-1.16904e-11
9.00712e-06
-1.20114e-11
9.00711e-06
-1.21236e-11
9.00711e-06
-1.2073e-11
9.00711e-06
-1.19665e-11
9.00711e-06
-1.17865e-11
9.00711e-06
-1.14387e-11
9.00711e-06
-1.0929e-11
9.00711e-06
-1.03526e-11
9.00711e-06
-9.69638e-12
9.00711e-06
-8.8629e-12
9.00711e-06
-7.85239e-12
9.00711e-06
-6.73594e-12
9.00711e-06
-5.53908e-12
9.00711e-06
-4.23496e-12
9.00711e-06
-2.80942e-12
9.00711e-06
-1.30101e-12
9.00711e-06
2.82305e-13
9.00711e-06
1.97238e-12
9.00711e-06
3.71678e-12
9.00711e-06
5.42579e-12
9.00711e-06
7.06656e-12
9.00711e-06
8.64407e-12
9.00712e-06
1.01431e-11
9.00712e-06
1.15085e-11
9.00712e-06
1.26957e-11
9.00712e-06
1.37146e-11
9.00712e-06
1.45495e-11
9.00712e-06
1.51087e-11
9.00712e-06
1.53408e-11
9.00712e-06
1.52816e-11
9.00712e-06
1.49412e-11
9.00712e-06
1.4243e-11
9.00712e-06
1.3128e-11
9.00712e-06
1.1657e-11
9.00712e-06
9.95011e-12
9.00712e-06
8.06348e-12
9.00712e-06
5.99177e-12
9.00712e-06
3.76573e-12
9.00712e-06
1.45841e-12
9.00712e-06
-8.86466e-13
9.00712e-06
-3.25815e-12
9.00712e-06
-5.62395e-12
9.00712e-06
-7.89448e-12
9.00712e-06
-9.95455e-12
9.00712e-06
-1.17261e-11
9.00712e-06
-1.31771e-11
9.00712e-06
-1.42942e-11
9.00712e-06
-1.50842e-11
9.00712e-06
-1.55744e-11
9.00712e-06
-1.57724e-11
9.00712e-06
-1.56397e-11
9.00712e-06
-1.51436e-11
9.00711e-06
-1.43294e-11
9.00711e-06
-1.32793e-11
9.00711e-06
-1.20295e-11
9.00711e-06
-1.05869e-11
9.00711e-06
-8.97064e-12
9.00711e-06
-7.19971e-12
9.00711e-06
-5.31006e-12
9.00711e-06
-3.37853e-12
9.00711e-06
-1.48847e-12
9.00711e-06
3.19109e-13
9.00711e-06
2.0517e-12
9.00711e-06
3.7144e-12
9.00711e-06
5.25663e-12
9.00711e-06
6.61079e-12
9.00711e-06
7.77704e-12
9.00712e-06
8.80394e-12
9.00712e-06
9.69464e-12
9.00712e-06
1.0403e-11
9.00712e-06
1.09263e-11
9.00712e-06
1.13373e-11
9.00712e-06
1.16953e-11
9.00712e-06
1.19656e-11
9.00712e-06
1.20553e-11
9.00712e-06
1.19025e-11
9.00712e-06
1.15144e-11
9.00712e-06
1.09407e-11
9.00712e-06
1.02334e-11
9.00712e-06
9.40612e-12
9.00712e-06
8.4075e-12
9.00712e-06
7.1701e-12
9.00712e-06
5.69255e-12
9.00712e-06
4.04222e-12
9.00712e-06
2.28671e-12
9.00712e-06
4.52208e-13
9.00712e-06
-1.45468e-12
9.00712e-06
-3.40168e-12
9.00712e-06
-5.33473e-12
9.00712e-06
-7.22386e-12
9.00712e-06
-9.04881e-12
9.00712e-06
-1.07455e-11
9.00712e-06
-1.22378e-11
9.00712e-06
-1.34867e-11
9.00712e-06
-1.44541e-11
9.00712e-06
-1.50917e-11
9.00712e-06
-1.53866e-11
9.00712e-06
-1.53453e-11
9.00712e-06
-1.4953e-11
9.00712e-06
-1.41957e-11
9.00712e-06
-1.30847e-11
9.00712e-06
-1.16503e-11
9.00712e-06
-9.9362e-12
9.00712e-06
-7.99785e-12
9.00712e-06
-5.90599e-12
9.00712e-06
-3.72829e-12
9.00712e-06
-1.48879e-12
9.00712e-06
8.15765e-13
9.00712e-06
3.13615e-12
9.00712e-06
5.35564e-12
9.00712e-06
7.34628e-12
9.00712e-06
9.03389e-12
9.00712e-06
1.0431e-11
9.00712e-06
1.15892e-11
9.00712e-06
1.24885e-11
9.00712e-06
1.3034e-11
9.00712e-06
1.32064e-11
9.00712e-06
1.30572e-11
9.00712e-06
1.2611e-11
9.00712e-06
1.19124e-11
9.00712e-06
1.09942e-11
9.00712e-06
9.81274e-12
9.00712e-06
8.37339e-12
9.00712e-06
6.78809e-12
9.00712e-06
5.1727e-12
9.00712e-06
3.56517e-12
9.00712e-06
1.91311e-12
9.00712e-06
1.83541e-13
9.00712e-06
-1.5129e-12
9.00712e-06
-3.00482e-12
9.00712e-06
-4.27715e-12
9.00712e-06
-5.45406e-12
9.00712e-06
-6.5723e-12
9.00712e-06
-7.52873e-12
9.00712e-06
-8.25533e-12
9.00712e-06
-8.75946e-12
9.00712e-06
-9.05145e-12
9.00712e-06
-9.16614e-12
9.00712e-06
-9.13157e-12
9.00712e-06
-8.87748e-12
9.00712e-06
-8.35116e-12
9.00712e-06
-7.67025e-12
9.00712e-06
-6.95424e-12
9.00712e-06
-6.1387e-12
9.00712e-06
-5.15258e-12
9.00712e-06
-4.04576e-12
9.00712e-06
-2.82228e-12
9.00712e-06
-1.40576e-12
9.00712e-06
2.00946e-13
9.00712e-06
1.85767e-12
9.00712e-06
3.46096e-12
9.00712e-06
5.24923e-12
9.00712e-06
7.33938e-12
9.00712e-06
9.52814e-12
9.00712e-06
1.18565e-11
9.00712e-06
1.43088e-11
9.00712e-06
1.67182e-11
9.00712e-06
1.93549e-11
9.00712e-06
2.16982e-11
9.00713e-06
2.39357e-11
9.00713e-06
2.59172e-11
9.00713e-06
2.74957e-11
9.00713e-06
2.87447e-11
9.00713e-06
2.92508e-11
2.95439e-11
8.82955e-06
6.63458e-11
8.82956e-06
6.58641e-11
8.82956e-06
6.48253e-11
8.82956e-06
6.30877e-11
8.82956e-06
6.03897e-11
8.82956e-06
5.64704e-11
8.82957e-06
5.18706e-11
8.82957e-06
4.72578e-11
8.82957e-06
4.2657e-11
8.82957e-06
3.78346e-11
8.82957e-06
3.29208e-11
8.82958e-06
2.82721e-11
8.82958e-06
2.40812e-11
8.82958e-06
2.01079e-11
8.82958e-06
1.64321e-11
8.82958e-06
1.32017e-11
8.82958e-06
1.02819e-11
8.82958e-06
7.66535e-12
8.82958e-06
5.33756e-12
8.82958e-06
3.18152e-12
8.82958e-06
1.22112e-12
8.82958e-06
-5.4967e-13
8.82958e-06
-2.21067e-12
8.82958e-06
-3.6593e-12
8.82958e-06
-4.72603e-12
8.82958e-06
-5.48389e-12
8.82958e-06
-6.20744e-12
8.82958e-06
-7.06008e-12
8.82958e-06
-7.95894e-12
8.82958e-06
-8.75863e-12
8.82958e-06
-9.3975e-12
8.82957e-06
-9.86736e-12
8.82957e-06
-1.02104e-11
8.82957e-06
-1.05211e-11
8.82957e-06
-1.08623e-11
8.82957e-06
-1.11833e-11
8.82957e-06
-1.13728e-11
8.82957e-06
-1.13838e-11
8.82957e-06
-1.12748e-11
8.82957e-06
-1.11186e-11
8.82957e-06
-1.08865e-11
8.82957e-06
-1.0478e-11
8.82957e-06
-9.882e-12
8.82957e-06
-9.15362e-12
8.82957e-06
-8.29305e-12
8.82957e-06
-7.30389e-12
8.82957e-06
-6.23374e-12
8.82956e-06
-5.12486e-12
8.82956e-06
-3.95128e-12
8.82956e-06
-2.64341e-12
8.82956e-06
-1.21466e-12
8.82956e-06
2.75966e-13
8.82956e-06
1.83822e-12
8.82956e-06
3.47238e-12
8.82957e-06
5.10675e-12
8.82957e-06
6.6778e-12
8.82957e-06
8.16984e-12
8.82957e-06
9.58486e-12
8.82957e-06
1.08848e-11
8.82957e-06
1.19961e-11
8.82957e-06
1.29028e-11
8.82957e-06
1.36428e-11
8.82957e-06
1.4183e-11
8.82957e-06
1.44079e-11
8.82957e-06
1.4263e-11
8.82957e-06
1.38059e-11
8.82957e-06
1.31025e-11
8.82958e-06
1.21385e-11
8.82958e-06
1.08666e-11
8.82958e-06
9.31627e-12
8.82958e-06
7.56211e-12
8.82958e-06
5.63594e-12
8.82958e-06
3.54966e-12
8.82958e-06
1.35765e-12
8.82958e-06
-8.66197e-13
8.82958e-06
-3.0656e-12
8.82958e-06
-5.1987e-12
8.82958e-06
-7.22447e-12
8.82958e-06
-9.10007e-12
8.82958e-06
-1.07864e-11
8.82958e-06
-1.2235e-11
8.82957e-06
-1.33718e-11
8.82957e-06
-1.41329e-11
8.82957e-06
-1.45314e-11
8.82957e-06
-1.4646e-11
8.82957e-06
-1.45275e-11
8.82957e-06
-1.41465e-11
8.82957e-06
-1.34679e-11
8.82957e-06
-1.2516e-11
8.82957e-06
-1.13332e-11
8.82957e-06
-9.94889e-12
8.82957e-06
-8.40977e-12
8.82956e-06
-6.76683e-12
8.82956e-06
-5.05123e-12
8.82956e-06
-3.28823e-12
8.82956e-06
-1.51834e-12
8.82957e-06
2.03578e-13
8.82957e-06
1.82405e-12
8.82957e-06
3.33175e-12
8.82957e-06
4.73628e-12
8.82957e-06
6.0214e-12
8.82957e-06
7.15348e-12
8.82957e-06
8.12285e-12
8.82957e-06
8.94657e-12
8.82957e-06
9.63465e-12
8.82957e-06
1.01868e-11
8.82957e-06
1.06061e-11
8.82957e-06
1.08994e-11
8.82957e-06
1.10585e-11
8.82957e-06
1.10657e-11
8.82957e-06
1.09154e-11
8.82957e-06
1.06164e-11
8.82958e-06
1.01596e-11
8.82958e-06
9.5174e-12
8.82958e-06
8.68896e-12
8.82958e-06
7.69979e-12
8.82958e-06
6.55826e-12
8.82958e-06
5.25738e-12
8.82958e-06
3.79656e-12
8.82958e-06
2.18505e-12
8.82958e-06
4.37751e-13
8.82958e-06
-1.41463e-12
8.82958e-06
-3.30805e-12
8.82958e-06
-5.14888e-12
8.82958e-06
-6.87409e-12
8.82958e-06
-8.50159e-12
8.82958e-06
-1.0061e-11
8.82958e-06
-1.15046e-11
8.82958e-06
-1.27489e-11
8.82958e-06
-1.37163e-11
8.82957e-06
-1.43475e-11
8.82957e-06
-1.46256e-11
8.82957e-06
-1.45606e-11
8.82957e-06
-1.41455e-11
8.82957e-06
-1.33773e-11
8.82957e-06
-1.23045e-11
8.82957e-06
-1.1003e-11
8.82957e-06
-9.51053e-12
8.82957e-06
-7.80385e-12
8.82957e-06
-5.85722e-12
8.82957e-06
-3.72233e-12
8.82957e-06
-1.50688e-12
8.82957e-06
6.92869e-13
8.82957e-06
2.8105e-12
8.82957e-06
4.78614e-12
8.82957e-06
6.58613e-12
8.82957e-06
8.18725e-12
8.82957e-06
9.54647e-12
8.82957e-06
1.06403e-11
8.82957e-06
1.14527e-11
8.82957e-06
1.19149e-11
8.82957e-06
1.2008e-11
8.82958e-06
1.18252e-11
8.82958e-06
1.14259e-11
8.82958e-06
1.07943e-11
8.82958e-06
9.93291e-12
8.82958e-06
8.86661e-12
8.82958e-06
7.6414e-12
8.82958e-06
6.30289e-12
8.82958e-06
4.85422e-12
8.82958e-06
3.31922e-12
8.82958e-06
1.74754e-12
8.82958e-06
1.81035e-13
8.82958e-06
-1.30791e-12
8.82958e-06
-2.65867e-12
8.82958e-06
-3.92019e-12
8.82958e-06
-5.13997e-12
8.82958e-06
-6.24264e-12
8.82958e-06
-7.1369e-12
8.82958e-06
-7.83341e-12
8.82958e-06
-8.3369e-12
8.82958e-06
-8.59465e-12
8.82957e-06
-8.62159e-12
8.82957e-06
-8.49447e-12
8.82957e-06
-8.25385e-12
8.82957e-06
-7.89814e-12
8.82957e-06
-7.39916e-12
8.82957e-06
-6.70899e-12
8.82957e-06
-5.86394e-12
8.82957e-06
-4.91014e-12
8.82957e-06
-3.79498e-12
8.82957e-06
-2.55989e-12
8.82957e-06
-1.30467e-12
8.82957e-06
1.48647e-14
8.82957e-06
1.53857e-12
8.82957e-06
3.25435e-12
8.82957e-06
5.07596e-12
8.82957e-06
6.90203e-12
8.82957e-06
8.77554e-12
8.82957e-06
1.08765e-11
8.82958e-06
1.3025e-11
8.82958e-06
1.51565e-11
8.82958e-06
1.74436e-11
8.82958e-06
1.94835e-11
8.82958e-06
2.15034e-11
8.82959e-06
2.3328e-11
8.82959e-06
2.48442e-11
8.82959e-06
2.58992e-11
8.8296e-06
2.64855e-11
2.67982e-11
8.4741e-06
6.20116e-11
8.4741e-06
6.16705e-11
8.47411e-06
6.09154e-11
8.47411e-06
5.85764e-11
8.47412e-06
5.51348e-11
8.47412e-06
5.12281e-11
8.47413e-06
4.74414e-11
8.47413e-06
4.33009e-11
8.47414e-06
3.87023e-11
8.47414e-06
3.40389e-11
8.47414e-06
2.97092e-11
8.47415e-06
2.57971e-11
8.47415e-06
2.21264e-11
8.47415e-06
1.85999e-11
8.47415e-06
1.52168e-11
8.47415e-06
1.21107e-11
8.47415e-06
9.36353e-12
8.47416e-06
6.96688e-12
8.47416e-06
4.91761e-12
8.47416e-06
3.08487e-12
8.47416e-06
1.30151e-12
8.47416e-06
-3.70461e-13
8.47415e-06
-1.78678e-12
8.47415e-06
-2.91974e-12
8.47415e-06
-3.82626e-12
8.47415e-06
-4.64064e-12
8.47415e-06
-5.52854e-12
8.47415e-06
-6.49616e-12
8.47415e-06
-7.3267e-12
8.47415e-06
-7.84688e-12
8.47415e-06
-8.19726e-12
8.47415e-06
-8.645e-12
8.47415e-06
-9.19344e-12
8.47414e-06
-9.6305e-12
8.47414e-06
-9.89157e-12
8.47414e-06
-1.01064e-11
8.47414e-06
-1.03301e-11
8.47414e-06
-1.04471e-11
8.47414e-06
-1.03478e-11
8.47414e-06
-1.00951e-11
8.47414e-06
-9.81295e-12
8.47413e-06
-9.46465e-12
8.47413e-06
-8.94142e-12
8.47413e-06
-8.24543e-12
8.47413e-06
-7.4504e-12
8.47413e-06
-6.62009e-12
8.47413e-06
-5.76139e-12
8.47413e-06
-4.82785e-12
8.47413e-06
-3.7677e-12
8.47413e-06
-2.53171e-12
8.47413e-06
-1.13524e-12
8.47413e-06
3.09986e-13
8.47413e-06
1.73339e-12
8.47413e-06
3.16977e-12
8.47413e-06
4.62598e-12
8.47413e-06
6.04336e-12
8.47413e-06
7.35841e-12
8.47413e-06
8.56498e-12
8.47414e-06
9.68741e-12
8.47414e-06
1.06822e-11
8.47414e-06
1.1474e-11
8.47414e-06
1.20687e-11
8.47414e-06
1.25039e-11
8.47414e-06
1.27365e-11
8.47414e-06
1.26702e-11
8.47414e-06
1.22663e-11
8.47415e-06
1.15778e-11
8.47415e-06
1.06694e-11
8.47415e-06
9.5504e-12
8.47415e-06
8.21497e-12
8.47415e-06
6.68482e-12
8.47415e-06
4.97665e-12
8.47415e-06
3.11516e-12
8.47415e-06
1.17775e-12
8.47415e-06
-7.55574e-13
8.47415e-06
-2.66836e-12
8.47415e-06
-4.57196e-12
8.47415e-06
-6.43167e-12
8.47415e-06
-8.14514e-12
8.47415e-06
-9.60949e-12
8.47415e-06
-1.0798e-11
8.47415e-06
-1.17402e-11
8.47414e-06
-1.2448e-11
8.47414e-06
-1.28989e-11
8.47414e-06
-1.30827e-11
8.47414e-06
-1.30097e-11
8.47414e-06
-1.26654e-11
8.47414e-06
-1.2024e-11
8.47413e-06
-1.11136e-11
8.47413e-06
-1.0001e-11
8.47413e-06
-8.72822e-12
8.47413e-06
-7.32279e-12
8.47413e-06
-5.82599e-12
8.47413e-06
-4.28306e-12
8.47413e-06
-2.73779e-12
8.47413e-06
-1.22285e-12
8.47413e-06
2.43637e-13
8.47413e-06
1.64079e-12
8.47413e-06
2.942e-12
8.47413e-06
4.13026e-12
8.47413e-06
5.20392e-12
8.47413e-06
6.16957e-12
8.47413e-06
7.04117e-12
8.47413e-06
7.82648e-12
8.47414e-06
8.51351e-12
8.47414e-06
9.07194e-12
8.47414e-06
9.48107e-12
8.47414e-06
9.73792e-12
8.47414e-06
9.84929e-12
8.47414e-06
9.81805e-12
8.47414e-06
9.64338e-12
8.47414e-06
9.33709e-12
8.47415e-06
8.9135e-12
8.47415e-06
8.36266e-12
8.47415e-06
7.66831e-12
8.47415e-06
6.83725e-12
8.47415e-06
5.87507e-12
8.47415e-06
4.76166e-12
8.47415e-06
3.4774e-12
8.47415e-06
2.03751e-12
8.47415e-06
4.89896e-13
8.47415e-06
-1.12463e-12
8.47415e-06
-2.79789e-12
8.47415e-06
-4.51131e-12
8.47415e-06
-6.19305e-12
8.47415e-06
-7.76809e-12
8.47415e-06
-9.20607e-12
8.47415e-06
-1.04807e-11
8.47415e-06
-1.155e-11
8.47414e-06
-1.2377e-11
8.47414e-06
-1.2918e-11
8.47414e-06
-1.31456e-11
8.47414e-06
-1.30784e-11
8.47414e-06
-1.27334e-11
8.47414e-06
-1.20935e-11
8.47414e-06
-1.11527e-11
8.47413e-06
-9.95357e-12
8.47413e-06
-8.56093e-12
8.47413e-06
-7.00957e-12
8.47413e-06
-5.2915e-12
8.47413e-06
-3.41936e-12
8.47413e-06
-1.46841e-12
8.47413e-06
4.76772e-13
8.47413e-06
2.3524e-12
8.47413e-06
4.10423e-12
8.47413e-06
5.70144e-12
8.47414e-06
7.14053e-12
8.47414e-06
8.36677e-12
8.47414e-06
9.30681e-12
8.47414e-06
9.96617e-12
8.47414e-06
1.03685e-11
8.47414e-06
1.05082e-11
8.47414e-06
1.04127e-11
8.47414e-06
1.0087e-11
8.47415e-06
9.49773e-12
8.47415e-06
8.67532e-12
8.47415e-06
7.68345e-12
8.47415e-06
6.56185e-12
8.47415e-06
5.35614e-12
8.47415e-06
4.09785e-12
8.47415e-06
2.79893e-12
8.47415e-06
1.48714e-12
8.47415e-06
1.92921e-13
8.47415e-06
-1.06524e-12
8.47415e-06
-2.3066e-12
8.47415e-06
-3.51048e-12
8.47415e-06
-4.59719e-12
8.47415e-06
-5.49756e-12
8.47415e-06
-6.21974e-12
8.47415e-06
-6.80101e-12
8.47415e-06
-7.24139e-12
8.47414e-06
-7.53128e-12
8.47414e-06
-7.65157e-12
8.47414e-06
-7.54449e-12
8.47414e-06
-7.23673e-12
8.47414e-06
-6.83669e-12
8.47414e-06
-6.32953e-12
8.47414e-06
-5.65904e-12
8.47414e-06
-4.92026e-12
8.47414e-06
-4.1846e-12
8.47414e-06
-3.3595e-12
8.47414e-06
-2.39155e-12
8.47414e-06
-1.24768e-12
8.47414e-06
8.50665e-14
8.47414e-06
1.42716e-12
8.47414e-06
2.78096e-12
8.47414e-06
4.20934e-12
8.47414e-06
5.71084e-12
8.47414e-06
7.40216e-12
8.47414e-06
9.17164e-12
8.47414e-06
1.09586e-11
8.47415e-06
1.28875e-11
8.47415e-06
1.47196e-11
8.47415e-06
1.6654e-11
8.47415e-06
1.83784e-11
8.47416e-06
1.9839e-11
8.47416e-06
2.13243e-11
8.47417e-06
2.24227e-11
8.47417e-06
2.30773e-11
2.34051e-11
7.94009e-06
5.53632e-11
7.9401e-06
5.49363e-11
7.9401e-06
5.37552e-11
7.94011e-06
5.11749e-11
7.94012e-06
4.83472e-11
7.94012e-06
4.47119e-11
7.94013e-06
4.09803e-11
7.94014e-06
3.70408e-11
7.94014e-06
3.29381e-11
7.94015e-06
2.91131e-11
7.94015e-06
2.56421e-11
7.94016e-06
2.21477e-11
7.94016e-06
1.86084e-11
7.94016e-06
1.5492e-11
7.94016e-06
1.27966e-11
7.94017e-06
1.03365e-11
7.94017e-06
8.12127e-12
7.94017e-06
6.11755e-12
7.94017e-06
4.29935e-12
7.94017e-06
2.60375e-12
7.94017e-06
9.86822e-13
7.94017e-06
-3.67224e-13
7.94017e-06
-1.36102e-12
7.94017e-06
-2.19461e-12
7.94017e-06
-3.03893e-12
7.94017e-06
-3.88794e-12
7.94017e-06
-4.70268e-12
7.94016e-06
-5.41888e-12
7.94016e-06
-5.99134e-12
7.94016e-06
-6.47271e-12
7.94016e-06
-6.91372e-12
7.94016e-06
-7.32057e-12
7.94016e-06
-7.7054e-12
7.94016e-06
-8.0639e-12
7.94015e-06
-8.37947e-12
7.94015e-06
-8.63231e-12
7.94015e-06
-8.77724e-12
7.94015e-06
-8.79465e-12
7.94015e-06
-8.71065e-12
7.94015e-06
-8.57665e-12
7.94015e-06
-8.43226e-12
7.94014e-06
-8.19846e-12
7.94014e-06
-7.73382e-12
7.94014e-06
-7.0419e-12
7.94014e-06
-6.25891e-12
7.94014e-06
-5.49441e-12
7.94014e-06
-4.74717e-12
7.94014e-06
-3.94882e-12
7.94014e-06
-3.07162e-12
7.94014e-06
-2.10611e-12
7.94014e-06
-1.02248e-12
7.94014e-06
1.57094e-13
7.94014e-06
1.3735e-12
7.94014e-06
2.61555e-12
7.94014e-06
3.88369e-12
7.94014e-06
5.1296e-12
7.94014e-06
6.25645e-12
7.94014e-06
7.22145e-12
7.94014e-06
8.09213e-12
7.94015e-06
8.92822e-12
7.94015e-06
9.66814e-12
7.94015e-06
1.02062e-11
7.94015e-06
1.05055e-11
7.94015e-06
1.05862e-11
7.94015e-06
1.04698e-11
7.94016e-06
1.01521e-11
7.94016e-06
9.63048e-12
7.94016e-06
8.9114e-12
7.94016e-06
7.98508e-12
7.94016e-06
6.84443e-12
7.94016e-06
5.54622e-12
7.94016e-06
4.15986e-12
7.94017e-06
2.68107e-12
7.94017e-06
1.08032e-12
7.94017e-06
-6.10806e-13
7.94017e-06
-2.31222e-12
7.94016e-06
-3.9566e-12
7.94016e-06
-5.49646e-12
7.94016e-06
-6.88198e-12
7.94016e-06
-8.06033e-12
7.94016e-06
-9.02561e-12
7.94016e-06
-9.8225e-12
7.94016e-06
-1.04669e-11
7.94015e-06
-1.08995e-11
7.94015e-06
-1.1053e-11
7.94015e-06
-1.09326e-11
7.94015e-06
-1.05819e-11
7.94014e-06
-1.00146e-11
7.94014e-06
-9.24648e-12
7.94014e-06
-8.32292e-12
7.94014e-06
-7.27671e-12
7.94014e-06
-6.11326e-12
7.94014e-06
-4.84857e-12
7.94014e-06
-3.52045e-12
7.94014e-06
-2.18871e-12
7.94014e-06
-9.19042e-13
7.94014e-06
2.52599e-13
7.94014e-06
1.33872e-12
7.94014e-06
2.37184e-12
7.94014e-06
3.36933e-12
7.94014e-06
4.30616e-12
7.94014e-06
5.13027e-12
7.94014e-06
5.81665e-12
7.94014e-06
6.39082e-12
7.94014e-06
6.89431e-12
7.94015e-06
7.33843e-12
7.94015e-06
7.70446e-12
7.94015e-06
7.96289e-12
7.94015e-06
8.09403e-12
7.94015e-06
8.09298e-12
7.94015e-06
7.9588e-12
7.94016e-06
7.69434e-12
7.94016e-06
7.31698e-12
7.94016e-06
6.84431e-12
7.94016e-06
6.28017e-12
7.94016e-06
5.62616e-12
7.94016e-06
4.87297e-12
7.94016e-06
3.98279e-12
7.94016e-06
2.91789e-12
7.94016e-06
1.68585e-12
7.94016e-06
3.48314e-13
7.94016e-06
-1.02232e-12
7.94016e-06
-2.40708e-12
7.94016e-06
-3.84232e-12
7.94016e-06
-5.32536e-12
7.94016e-06
-6.76858e-12
7.94016e-06
-8.05952e-12
7.94016e-06
-9.13306e-12
7.94016e-06
-9.98671e-12
7.94016e-06
-1.06538e-11
7.94015e-06
-1.11298e-11
7.94015e-06
-1.13519e-11
7.94015e-06
-1.12871e-11
7.94015e-06
-1.09622e-11
7.94015e-06
-1.03963e-11
7.94014e-06
-9.57813e-12
7.94014e-06
-8.50687e-12
7.94014e-06
-7.23094e-12
7.94014e-06
-5.82488e-12
7.94014e-06
-4.33711e-12
7.94014e-06
-2.78453e-12
7.94014e-06
-1.21224e-12
7.94014e-06
3.30979e-13
7.94014e-06
1.79776e-12
7.94014e-06
3.2273e-12
7.94014e-06
4.56771e-12
7.94014e-06
5.78689e-12
7.94014e-06
6.85546e-12
7.94015e-06
7.70448e-12
7.94015e-06
8.2985e-12
7.94015e-06
8.64138e-12
7.94015e-06
8.71621e-12
7.94015e-06
8.54917e-12
7.94015e-06
8.19722e-12
7.94016e-06
7.67734e-12
7.94016e-06
7.02291e-12
7.94016e-06
6.27493e-12
7.94016e-06
5.4197e-12
7.94016e-06
4.44079e-12
7.94016e-06
3.35811e-12
7.94016e-06
2.22728e-12
7.94016e-06
1.13669e-12
7.94016e-06
1.12511e-13
7.94016e-06
-9.21246e-13
7.94016e-06
-1.98488e-12
7.94016e-06
-2.95922e-12
7.94016e-06
-3.76786e-12
7.94016e-06
-4.49862e-12
7.94016e-06
-5.18981e-12
7.94016e-06
-5.72369e-12
7.94016e-06
-6.04577e-12
7.94015e-06
-6.24347e-12
7.94015e-06
-6.33143e-12
7.94015e-06
-6.2317e-12
7.94015e-06
-6.00397e-12
7.94015e-06
-5.75218e-12
7.94015e-06
-5.4281e-12
7.94015e-06
-4.95695e-12
7.94015e-06
-4.33844e-12
7.94015e-06
-3.64283e-12
7.94014e-06
-2.88612e-12
7.94014e-06
-1.96546e-12
7.94014e-06
-9.1151e-13
7.94014e-06
5.79457e-14
7.94014e-06
9.58416e-13
7.94015e-06
2.1548e-12
7.94015e-06
3.4679e-12
7.94015e-06
4.68472e-12
7.94015e-06
6.12308e-12
7.94015e-06
7.393e-12
7.94015e-06
8.71226e-12
7.94016e-06
1.03211e-11
7.94016e-06
1.16713e-11
7.94016e-06
1.30944e-11
7.94017e-06
1.46912e-11
7.94017e-06
1.60281e-11
7.94017e-06
1.71825e-11
7.94018e-06
1.81139e-11
7.94018e-06
1.88778e-11
1.94437e-11
7.22654e-06
4.67076e-11
7.22655e-06
4.61386e-11
7.22655e-06
4.45487e-11
7.22656e-06
4.23282e-11
7.22657e-06
3.9527e-11
7.22658e-06
3.62806e-11
7.22659e-06
3.26498e-11
7.2266e-06
2.9263e-11
7.2266e-06
2.62312e-11
7.22661e-06
2.31869e-11
7.22662e-06
2.00719e-11
7.22662e-06
1.70963e-11
7.22662e-06
1.45213e-11
7.22663e-06
1.22868e-11
7.22663e-06
1.01261e-11
7.22663e-06
8.08441e-12
7.22663e-06
6.33095e-12
7.22663e-06
4.76854e-12
7.22663e-06
3.27344e-12
7.22663e-06
1.90762e-12
7.22663e-06
7.54323e-13
7.22663e-06
-1.6508e-13
7.22663e-06
-9.08376e-13
7.22663e-06
-1.65049e-12
7.22663e-06
-2.4813e-12
7.22663e-06
-3.28801e-12
7.22663e-06
-3.91207e-12
7.22663e-06
-4.2942e-12
7.22663e-06
-4.53445e-12
7.22663e-06
-4.85295e-12
7.22662e-06
-5.31793e-12
7.22662e-06
-5.78312e-12
7.22662e-06
-6.16298e-12
7.22662e-06
-6.46349e-12
7.22662e-06
-6.65313e-12
7.22662e-06
-6.70954e-12
7.22661e-06
-6.69158e-12
7.22661e-06
-6.72068e-12
7.22661e-06
-6.84353e-12
7.22661e-06
-6.92944e-12
7.22661e-06
-6.81869e-12
7.22661e-06
-6.48744e-12
7.2266e-06
-6.00727e-12
7.2266e-06
-5.47967e-12
7.2266e-06
-4.96279e-12
7.2266e-06
-4.43188e-12
7.2266e-06
-3.83264e-12
7.2266e-06
-3.1262e-12
7.2266e-06
-2.33111e-12
7.2266e-06
-1.50551e-12
7.2266e-06
-6.64797e-13
7.2266e-06
2.1271e-13
7.2266e-06
1.11492e-12
7.2266e-06
2.01337e-12
7.2266e-06
2.91309e-12
7.2266e-06
3.84552e-12
7.2266e-06
4.80251e-12
7.2266e-06
5.70289e-12
7.22661e-06
6.48813e-12
7.22661e-06
7.17111e-12
7.22661e-06
7.73875e-12
7.22661e-06
8.12651e-12
7.22661e-06
8.30999e-12
7.22662e-06
8.32981e-12
7.22662e-06
8.21995e-12
7.22662e-06
7.95134e-12
7.22662e-06
7.48259e-12
7.22662e-06
6.84495e-12
7.22663e-06
6.10024e-12
7.22663e-06
5.24773e-12
7.22663e-06
4.26567e-12
7.22663e-06
3.18342e-12
7.22663e-06
2.03509e-12
7.22663e-06
8.16962e-13
7.22663e-06
-4.68206e-13
7.22663e-06
-1.76726e-12
7.22663e-06
-3.0031e-12
7.22663e-06
-4.13507e-12
7.22663e-06
-5.1614e-12
7.22663e-06
-6.07463e-12
7.22662e-06
-6.85385e-12
7.22662e-06
-7.50597e-12
7.22662e-06
-8.05017e-12
7.22662e-06
-8.44594e-12
7.22661e-06
-8.60245e-12
7.22661e-06
-8.48738e-12
7.22661e-06
-8.164e-12
7.22661e-06
-7.69241e-12
7.2266e-06
-7.07627e-12
7.2266e-06
-6.31717e-12
7.2266e-06
-5.44425e-12
7.2266e-06
-4.50188e-12
7.2266e-06
-3.54448e-12
7.2266e-06
-2.61328e-12
7.2266e-06
-1.7075e-12
7.2266e-06
-8.03312e-13
7.2266e-06
1.08683e-13
7.2266e-06
1.00215e-12
7.2266e-06
1.82889e-12
7.2266e-06
2.55995e-12
7.2266e-06
3.20375e-12
7.2266e-06
3.7858e-12
7.2266e-06
4.32534e-12
7.22661e-06
4.83241e-12
7.22661e-06
5.29935e-12
7.22661e-06
5.6945e-12
7.22661e-06
5.98294e-12
7.22661e-06
6.14962e-12
7.22661e-06
6.19733e-12
7.22662e-06
6.14058e-12
7.22662e-06
5.99679e-12
7.22662e-06
5.77954e-12
7.22662e-06
5.50619e-12
7.22662e-06
5.19133e-12
7.22662e-06
4.8218e-12
7.22663e-06
4.36588e-12
7.22663e-06
3.80152e-12
7.22663e-06
3.13186e-12
7.22663e-06
2.37567e-12
7.22663e-06
1.52758e-12
7.22663e-06
5.42808e-13
7.22663e-06
-6.01544e-13
7.22663e-06
-1.8564e-12
7.22663e-06
-3.13632e-12
7.22663e-06
-4.36669e-12
7.22663e-06
-5.49549e-12
7.22662e-06
-6.49804e-12
7.22662e-06
-7.36282e-12
7.22662e-06
-8.06888e-12
7.22662e-06
-8.60457e-12
7.22662e-06
-8.9741e-12
7.22661e-06
-9.15022e-12
7.22661e-06
-9.08447e-12
7.22661e-06
-8.76444e-12
7.22661e-06
-8.21487e-12
7.2266e-06
-7.46861e-12
7.2266e-06
-6.56246e-12
7.2266e-06
-5.55006e-12
7.2266e-06
-4.4937e-12
7.2266e-06
-3.41764e-12
7.2266e-06
-2.28206e-12
7.2266e-06
-1.06897e-12
7.2266e-06
1.48467e-13
7.2266e-06
1.34095e-12
7.2266e-06
2.47273e-12
7.2266e-06
3.50813e-12
7.2266e-06
4.39596e-12
7.2266e-06
5.14838e-12
7.22661e-06
5.78548e-12
7.22661e-06
6.29845e-12
7.22661e-06
6.65219e-12
7.22661e-06
6.776e-12
7.22661e-06
6.66057e-12
7.22662e-06
6.3803e-12
7.22662e-06
5.94188e-12
7.22662e-06
5.31856e-12
7.22662e-06
4.57879e-12
7.22662e-06
3.82187e-12
7.22662e-06
3.09399e-12
7.22662e-06
2.38687e-12
7.22663e-06
1.65746e-12
7.22663e-06
8.84179e-13
7.22663e-06
8.46007e-14
7.22662e-06
-7.08594e-13
7.22662e-06
-1.45432e-12
7.22662e-06
-2.11187e-12
7.22662e-06
-2.69438e-12
7.22662e-06
-3.2613e-12
7.22662e-06
-3.79567e-12
7.22662e-06
-4.21903e-12
7.22662e-06
-4.52182e-12
7.22662e-06
-4.7288e-12
7.22661e-06
-4.82669e-12
7.22661e-06
-4.80219e-12
7.22661e-06
-4.68071e-12
7.22661e-06
-4.46001e-12
7.22661e-06
-4.12509e-12
7.22661e-06
-3.75721e-12
7.22661e-06
-3.38962e-12
7.22661e-06
-2.92924e-12
7.22661e-06
-2.30826e-12
7.22661e-06
-1.63346e-12
7.2266e-06
-9.9495e-13
7.2266e-06
-2.66429e-13
7.22661e-06
6.03383e-13
7.22661e-06
1.52274e-12
7.22661e-06
2.50735e-12
7.22661e-06
3.4201e-12
7.22661e-06
4.40629e-12
7.22661e-06
5.50365e-12
7.22661e-06
6.60583e-12
7.22662e-06
7.61777e-12
7.22662e-06
8.73723e-12
7.22662e-06
9.84018e-12
7.22663e-06
1.09194e-11
7.22663e-06
1.18768e-11
7.22664e-06
1.292e-11
7.22664e-06
1.38308e-11
7.22664e-06
1.46658e-11
1.55582e-11
6.33216e-06
3.72156e-11
6.33217e-06
3.61513e-11
6.33218e-06
3.4439e-11
6.3322e-06
3.21729e-11
6.3322e-06
2.89893e-11
6.33221e-06
2.638e-11
6.33222e-06
2.40161e-11
6.33223e-06
2.15837e-11
6.33224e-06
1.91546e-11
6.33225e-06
1.67662e-11
6.33225e-06
1.44687e-11
6.33226e-06
1.23753e-11
6.33226e-06
1.05149e-11
6.33226e-06
8.84024e-12
6.33227e-06
7.3714e-12
6.33227e-06
6.07013e-12
6.33227e-06
4.86936e-12
6.33227e-06
3.68301e-12
6.33227e-06
2.48443e-12
6.33227e-06
1.4481e-12
6.33227e-06
7.05941e-13
6.33227e-06
1.02664e-13
6.33227e-06
-5.2184e-13
6.33227e-06
-1.21096e-12
6.33227e-06
-1.83143e-12
6.33227e-06
-2.23734e-12
6.33227e-06
-2.44788e-12
6.33227e-06
-2.69892e-12
6.33226e-06
-3.114e-12
6.33226e-06
-3.59512e-12
6.33226e-06
-4.01443e-12
6.33226e-06
-4.28886e-12
6.33226e-06
-4.45142e-12
6.33226e-06
-4.60892e-12
6.33225e-06
-4.766e-12
6.33225e-06
-4.858e-12
6.33225e-06
-4.89312e-12
6.33225e-06
-4.96114e-12
6.33225e-06
-5.11525e-12
6.33224e-06
-5.24198e-12
6.33224e-06
-5.15933e-12
6.33224e-06
-4.84654e-12
6.33224e-06
-4.43502e-12
6.33224e-06
-4.02712e-12
6.33224e-06
-3.60364e-12
6.33224e-06
-3.10195e-12
6.33223e-06
-2.53566e-12
6.33223e-06
-1.96683e-12
6.33223e-06
-1.42948e-12
6.33223e-06
-9.33494e-13
6.33223e-06
-4.47473e-13
6.33223e-06
1.14758e-13
6.33223e-06
7.51295e-13
6.33223e-06
1.43351e-12
6.33224e-06
2.10563e-12
6.33224e-06
2.75901e-12
6.33224e-06
3.41318e-12
6.33224e-06
4.02615e-12
6.33224e-06
4.53293e-12
6.33224e-06
4.95119e-12
6.33225e-06
5.34201e-12
6.33225e-06
5.6927e-12
6.33225e-06
5.91838e-12
6.33225e-06
5.96932e-12
6.33225e-06
5.88061e-12
6.33226e-06
5.70283e-12
6.33226e-06
5.41374e-12
6.33226e-06
4.97912e-12
6.33226e-06
4.43281e-12
6.33226e-06
3.8223e-12
6.33227e-06
3.14809e-12
6.33227e-06
2.40329e-12
6.33227e-06
1.59724e-12
6.33227e-06
7.29147e-13
6.33227e-06
-2.07414e-13
6.33227e-06
-1.15987e-12
6.33227e-06
-2.06535e-12
6.33226e-06
-2.87717e-12
6.33226e-06
-3.63156e-12
6.33226e-06
-4.37547e-12
6.33226e-06
-5.06708e-12
6.33226e-06
-5.60277e-12
6.33226e-06
-5.93082e-12
6.33225e-06
-6.07929e-12
6.33225e-06
-6.08254e-12
6.33225e-06
-5.95079e-12
6.33225e-06
-5.69949e-12
6.33224e-06
-5.34254e-12
6.33224e-06
-4.87387e-12
6.33224e-06
-4.31041e-12
6.33224e-06
-3.70501e-12
6.33224e-06
-3.09055e-12
6.33224e-06
-2.46134e-12
6.33223e-06
-1.81338e-12
6.33223e-06
-1.15981e-12
6.33223e-06
-5.17398e-13
6.33223e-06
1.0094e-13
6.33223e-06
6.80946e-13
6.33224e-06
1.20469e-12
6.33224e-06
1.67235e-12
6.33224e-06
2.1118e-12
6.33224e-06
2.54687e-12
6.33224e-06
2.96508e-12
6.33224e-06
3.33501e-12
6.33224e-06
3.63855e-12
6.33224e-06
3.86573e-12
6.33225e-06
4.01124e-12
6.33225e-06
4.09155e-12
6.33225e-06
4.1416e-12
6.33225e-06
4.19325e-12
6.33225e-06
4.24837e-12
6.33226e-06
4.26739e-12
6.33226e-06
4.19394e-12
6.33226e-06
3.99743e-12
6.33226e-06
3.69058e-12
6.33226e-06
3.31591e-12
6.33226e-06
2.90907e-12
6.33226e-06
2.46204e-12
6.33226e-06
1.93082e-12
6.33227e-06
1.27949e-12
6.33227e-06
4.96297e-13
6.33227e-06
-4.10704e-13
6.33226e-06
-1.39608e-12
6.33226e-06
-2.38379e-12
6.33226e-06
-3.31299e-12
6.33226e-06
-4.14581e-12
6.33226e-06
-4.87527e-12
6.33226e-06
-5.5075e-12
6.33226e-06
-6.01453e-12
6.33225e-06
-6.36407e-12
6.33225e-06
-6.57586e-12
6.33225e-06
-6.67444e-12
6.33225e-06
-6.61786e-12
6.33224e-06
-6.35039e-12
6.33224e-06
-5.89559e-12
6.33224e-06
-5.34381e-12
6.33224e-06
-4.75131e-12
6.33224e-06
-4.08867e-12
6.33223e-06
-3.32588e-12
6.33223e-06
-2.49628e-12
6.33223e-06
-1.6505e-12
6.33223e-06
-8.04343e-13
6.33223e-06
1.33896e-14
6.33223e-06
7.63859e-13
6.33223e-06
1.47145e-12
6.33224e-06
2.17829e-12
6.33224e-06
2.86339e-12
6.33224e-06
3.48351e-12
6.33224e-06
3.98554e-12
6.33224e-06
4.32616e-12
6.33224e-06
4.51849e-12
6.33225e-06
4.57659e-12
6.33225e-06
4.4942e-12
6.33225e-06
4.30369e-12
6.33225e-06
4.02669e-12
6.33225e-06
3.65673e-12
6.33226e-06
3.21443e-12
6.33226e-06
2.7098e-12
6.33226e-06
2.15579e-12
6.33226e-06
1.59919e-12
6.33226e-06
1.05056e-12
6.33226e-06
4.98943e-13
6.33226e-06
-1.5742e-14
6.33226e-06
-4.89788e-13
6.33226e-06
-9.45938e-13
6.33226e-06
-1.39238e-12
6.33226e-06
-1.79244e-12
6.33226e-06
-2.15208e-12
6.33225e-06
-2.49168e-12
6.33225e-06
-2.78138e-12
6.33225e-06
-3.00226e-12
6.33225e-06
-3.16805e-12
6.33225e-06
-3.30201e-12
6.33225e-06
-3.40509e-12
6.33225e-06
-3.43633e-12
6.33224e-06
-3.33818e-12
6.33224e-06
-3.10993e-12
6.33224e-06
-2.84739e-12
6.33224e-06
-2.51527e-12
6.33224e-06
-2.03591e-12
6.33224e-06
-1.57382e-12
6.33224e-06
-1.08463e-12
6.33224e-06
-5.21536e-13
6.33224e-06
-4.2231e-14
6.33224e-06
5.53694e-13
6.33224e-06
1.09447e-12
6.33224e-06
1.48782e-12
6.33224e-06
2.11732e-12
6.33224e-06
2.7763e-12
6.33225e-06
3.4826e-12
6.33225e-06
4.11514e-12
6.33225e-06
4.80691e-12
6.33225e-06
5.64152e-12
6.33226e-06
6.47815e-12
6.33226e-06
7.25035e-12
6.33226e-06
8.16378e-12
6.33227e-06
8.84905e-12
6.33227e-06
9.58298e-12
6.33228e-06
1.02156e-11
1.11853e-11
5.25543e-06
2.60643e-11
5.25544e-06
2.52257e-11
5.25545e-06
2.32116e-11
5.25546e-06
2.10014e-11
5.25547e-06
1.89186e-11
5.25548e-06
1.71059e-11
5.25549e-06
1.53511e-11
5.2555e-06
1.35954e-11
5.25551e-06
1.19648e-11
5.25551e-06
1.03956e-11
5.25552e-06
8.92015e-12
5.25552e-06
7.66883e-12
5.25553e-06
6.6117e-12
5.25553e-06
5.69451e-12
5.25553e-06
4.82698e-12
5.25554e-06
3.87155e-12
5.25554e-06
2.91229e-12
5.25554e-06
2.12678e-12
5.25554e-06
1.56032e-12
5.25554e-06
1.18199e-12
5.25554e-06
9.00809e-13
5.25554e-06
5.39952e-13
5.25554e-06
5.24912e-14
5.25554e-06
-4.54007e-13
5.25554e-06
-9.13998e-13
5.25554e-06
-1.28278e-12
5.25554e-06
-1.5011e-12
5.25553e-06
-1.64825e-12
5.25553e-06
-1.83292e-12
5.25553e-06
-2.04424e-12
5.25553e-06
-2.2921e-12
5.25553e-06
-2.57502e-12
5.25553e-06
-2.80179e-12
5.25553e-06
-2.93364e-12
5.25552e-06
-3.03621e-12
5.25552e-06
-3.18962e-12
5.25552e-06
-3.39156e-12
5.25552e-06
-3.54118e-12
5.25552e-06
-3.54785e-12
5.25551e-06
-3.39746e-12
5.25551e-06
-3.13787e-12
5.25551e-06
-2.86673e-12
5.25551e-06
-2.67642e-12
5.25551e-06
-2.57584e-12
5.25551e-06
-2.47226e-12
5.25551e-06
-2.24221e-12
5.25551e-06
-1.85547e-12
5.2555e-06
-1.38646e-12
5.2555e-06
-9.1656e-13
5.2555e-06
-4.98963e-13
5.2555e-06
-1.59125e-13
5.2555e-06
1.01475e-13
5.2555e-06
3.54304e-13
5.2555e-06
6.66284e-13
5.25551e-06
1.05587e-12
5.25551e-06
1.49565e-12
5.25551e-06
1.97426e-12
5.25551e-06
2.47351e-12
5.25551e-06
2.91605e-12
5.25551e-06
3.23585e-12
5.25552e-06
3.46644e-12
5.25552e-06
3.67593e-12
5.25552e-06
3.85053e-12
5.25552e-06
3.90432e-12
5.25552e-06
3.79067e-12
5.25553e-06
3.5669e-12
5.25553e-06
3.30156e-12
5.25553e-06
3.00028e-12
5.25553e-06
2.66755e-12
5.25553e-06
2.33238e-12
5.25553e-06
1.98554e-12
5.25554e-06
1.57993e-12
5.25554e-06
1.08889e-12
5.25554e-06
5.21361e-13
5.25554e-06
-1.09292e-13
5.25554e-06
-7.77356e-13
5.25554e-06
-1.45015e-12
5.25553e-06
-2.04728e-12
5.25553e-06
-2.51589e-12
5.25553e-06
-2.86108e-12
5.25553e-06
-3.11395e-12
5.25553e-06
-3.29174e-12
5.25553e-06
-3.41296e-12
5.25552e-06
-3.51108e-12
5.25552e-06
-3.5799e-12
5.25552e-06
-3.55426e-12
5.25552e-06
-3.39255e-12
5.25551e-06
-3.11907e-12
5.25551e-06
-2.771e-12
5.25551e-06
-2.37693e-12
5.25551e-06
-1.99095e-12
5.25551e-06
-1.6674e-12
5.25551e-06
-1.39651e-12
5.25551e-06
-1.11285e-12
5.25551e-06
-7.73942e-13
5.25551e-06
-3.99615e-13
5.25551e-06
-4.33525e-14
5.25551e-06
2.62557e-13
5.25551e-06
5.2296e-13
5.25551e-06
7.64874e-13
5.25551e-06
1.02783e-12
5.25551e-06
1.33478e-12
5.25551e-06
1.65586e-12
5.25551e-06
1.92159e-12
5.25551e-06
2.08441e-12
5.25552e-06
2.15889e-12
5.25552e-06
2.20045e-12
5.25552e-06
2.2663e-12
5.25552e-06
2.37891e-12
5.25552e-06
2.50794e-12
5.25552e-06
2.59753e-12
5.25553e-06
2.61458e-12
5.25553e-06
2.57595e-12
5.25553e-06
2.51455e-12
5.25553e-06
2.42238e-12
5.25553e-06
2.25711e-12
5.25553e-06
2.00471e-12
5.25553e-06
1.68596e-12
5.25553e-06
1.30609e-12
5.25553e-06
8.47576e-13
5.25553e-06
3.04214e-13
5.25553e-06
-3.03496e-13
5.25553e-06
-9.28332e-13
5.25553e-06
-1.55489e-12
5.25553e-06
-2.17555e-12
5.25553e-06
-2.77902e-12
5.25553e-06
-3.31931e-12
5.25553e-06
-3.74953e-12
5.25553e-06
-4.04358e-12
5.25552e-06
-4.19231e-12
5.25552e-06
-4.22215e-12
5.25552e-06
-4.18558e-12
5.25552e-06
-4.10538e-12
5.25551e-06
-3.9566e-12
5.25551e-06
-3.70928e-12
5.25551e-06
-3.37499e-12
5.25551e-06
-2.9975e-12
5.25551e-06
-2.58882e-12
5.2555e-06
-2.12543e-12
5.2555e-06
-1.61792e-12
5.2555e-06
-1.11131e-12
5.2555e-06
-5.94937e-13
5.2555e-06
-4.22709e-14
5.2555e-06
4.97345e-13
5.2555e-06
9.59875e-13
5.25551e-06
1.32879e-12
5.25551e-06
1.62472e-12
5.25551e-06
1.8962e-12
5.25551e-06
2.16068e-12
5.25551e-06
2.35861e-12
5.25551e-06
2.46947e-12
5.25552e-06
2.53338e-12
5.25552e-06
2.53333e-12
5.25552e-06
2.43595e-12
5.25552e-06
2.25974e-12
5.25552e-06
2.02413e-12
5.25552e-06
1.75454e-12
5.25552e-06
1.4929e-12
5.25553e-06
1.23131e-12
5.25553e-06
9.09155e-13
5.25553e-06
5.06851e-13
5.25553e-06
1.00702e-13
5.25553e-06
-2.22587e-13
5.25553e-06
-4.68341e-13
5.25553e-06
-6.70634e-13
5.25552e-06
-8.50178e-13
5.25552e-06
-1.01738e-12
5.25552e-06
-1.2203e-12
5.25552e-06
-1.4685e-12
5.25552e-06
-1.72154e-12
5.25552e-06
-1.94261e-12
5.25552e-06
-2.0637e-12
5.25552e-06
-2.06482e-12
5.25551e-06
-2.00247e-12
5.25551e-06
-1.92154e-12
5.25551e-06
-1.88855e-12
5.25551e-06
-1.86839e-12
5.25551e-06
-1.74505e-12
5.25551e-06
-1.5798e-12
5.25551e-06
-1.45175e-12
5.25551e-06
-1.19559e-12
5.25551e-06
-7.25168e-13
5.25551e-06
-2.47733e-13
5.25551e-06
1.2748e-13
5.25551e-06
4.74385e-13
5.25551e-06
7.58774e-13
5.25551e-06
9.34648e-13
5.25551e-06
1.20231e-12
5.25551e-06
1.321e-12
5.25551e-06
1.73739e-12
5.25551e-06
2.18283e-12
5.25552e-06
2.60787e-12
5.25552e-06
3.01816e-12
5.25552e-06
3.50314e-12
5.25552e-06
3.88278e-12
5.25553e-06
4.46743e-12
5.25553e-06
5.07985e-12
5.25554e-06
5.70716e-12
5.25554e-06
6.59489e-12
7.35258e-12
3.99458e-06
1.59327e-11
3.99459e-06
1.42355e-11
3.9946e-06
1.20634e-11
3.99461e-06
1.06949e-11
3.99462e-06
9.75994e-12
3.99463e-06
8.70402e-12
3.99464e-06
7.60184e-12
3.99465e-06
6.72895e-12
3.99465e-06
6.06286e-12
3.99466e-06
5.41418e-12
3.99466e-06
4.75066e-12
3.99467e-06
4.16917e-12
3.99467e-06
3.65629e-12
3.99467e-06
3.15277e-12
3.99467e-06
2.67424e-12
3.99468e-06
2.20892e-12
3.99468e-06
1.75419e-12
3.99468e-06
1.39425e-12
3.99468e-06
1.19165e-12
3.99468e-06
1.05477e-12
3.99468e-06
8.11248e-13
3.99468e-06
4.57467e-13
3.99468e-06
1.56049e-13
3.99468e-06
1.91876e-14
3.99468e-06
-3.98908e-14
3.99468e-06
-1.99526e-13
3.99468e-06
-4.71861e-13
3.99468e-06
-7.72479e-13
3.99467e-06
-1.08525e-12
3.99467e-06
-1.35538e-12
3.99467e-06
-1.52156e-12
3.99467e-06
-1.61983e-12
3.99467e-06
-1.6865e-12
3.99467e-06
-1.72933e-12
3.99467e-06
-1.77949e-12
3.99466e-06
-1.87793e-12
3.99466e-06
-2.01522e-12
3.99466e-06
-2.11504e-12
3.99466e-06
-2.1112e-12
3.99466e-06
-2.02275e-12
3.99466e-06
-1.91556e-12
3.99466e-06
-1.8173e-12
3.99465e-06
-1.71068e-12
3.99465e-06
-1.57434e-12
3.99465e-06
-1.42151e-12
3.99465e-06
-1.25819e-12
3.99465e-06
-1.06545e-12
3.99465e-06
-8.50126e-13
3.99465e-06
-6.42376e-13
3.99465e-06
-4.6535e-13
3.99465e-06
-3.38731e-13
3.99465e-06
-2.70328e-13
3.99465e-06
-2.23864e-13
3.99465e-06
-1.31963e-13
3.99465e-06
3.93525e-14
3.99465e-06
2.37635e-13
3.99465e-06
4.33304e-13
3.99465e-06
6.87089e-13
3.99466e-06
1.03417e-12
3.99466e-06
1.40405e-12
3.99466e-06
1.69717e-12
3.99466e-06
1.88924e-12
3.99466e-06
2.02415e-12
3.99466e-06
2.11141e-12
3.99467e-06
2.0964e-12
3.99467e-06
1.95247e-12
3.99467e-06
1.72989e-12
3.99467e-06
1.48661e-12
3.99467e-06
1.25681e-12
3.99467e-06
1.07601e-12
3.99468e-06
9.52517e-13
3.99468e-06
8.21988e-13
3.99468e-06
5.90168e-13
3.99468e-06
2.29248e-13
3.99468e-06
-1.95359e-13
3.99468e-06
-5.9934e-13
3.99468e-06
-9.35517e-13
3.99467e-06
-1.20406e-12
3.99467e-06
-1.41277e-12
3.99467e-06
-1.57634e-12
3.99467e-06
-1.70303e-12
3.99467e-06
-1.76474e-12
3.99467e-06
-1.72536e-12
3.99467e-06
-1.60688e-12
3.99466e-06
-1.47429e-12
3.99466e-06
-1.34288e-12
3.99466e-06
-1.18181e-12
3.99466e-06
-1.00666e-12
3.99466e-06
-8.75071e-13
3.99465e-06
-7.94455e-13
3.99465e-06
-7.11442e-13
3.99465e-06
-5.89731e-13
3.99465e-06
-4.5211e-13
3.99465e-06
-3.45009e-13
3.99465e-06
-2.92946e-13
3.99465e-06
-2.88504e-13
3.99465e-06
-3.11999e-13
3.99465e-06
-2.98795e-13
3.99465e-06
-1.87581e-13
3.99465e-06
3.73035e-14
3.99465e-06
3.19744e-13
3.99465e-06
5.73995e-13
3.99466e-06
7.41364e-13
3.99466e-06
8.12479e-13
3.99466e-06
8.25557e-13
3.99466e-06
8.38796e-13
3.99466e-06
8.87871e-13
3.99466e-06
9.75441e-13
3.99466e-06
1.08912e-12
3.99466e-06
1.21183e-12
3.99467e-06
1.31481e-12
3.99467e-06
1.35253e-12
3.99467e-06
1.2993e-12
3.99467e-06
1.19009e-12
3.99467e-06
1.08517e-12
3.99467e-06
1.00008e-12
3.99467e-06
9.04961e-13
3.99467e-06
7.66739e-13
3.99467e-06
5.69973e-13
3.99467e-06
3.15194e-13
3.99467e-06
1.73582e-14
3.99467e-06
-3.10325e-13
3.99467e-06
-6.5731e-13
3.99467e-06
-1.00572e-12
3.99467e-06
-1.3303e-12
3.99467e-06
-1.6011e-12
3.99467e-06
-1.78302e-12
3.99467e-06
-1.87962e-12
3.99467e-06
-1.95497e-12
3.99466e-06
-2.05e-12
3.99466e-06
-2.12666e-12
3.99466e-06
-2.1263e-12
3.99466e-06
-2.03841e-12
3.99466e-06
-1.89984e-12
3.99465e-06
-1.74406e-12
3.99465e-06
-1.57369e-12
3.99465e-06
-1.39155e-12
3.99465e-06
-1.20666e-12
3.99465e-06
-9.90981e-13
3.99465e-06
-7.26014e-13
3.99465e-06
-4.58729e-13
3.99465e-06
-2.3832e-13
3.99465e-06
-3.98997e-14
3.99465e-06
1.66458e-13
3.99465e-06
3.70207e-13
3.99465e-06
5.41071e-13
3.99465e-06
6.93069e-13
3.99465e-06
8.40645e-13
3.99465e-06
9.79711e-13
3.99465e-06
1.06585e-12
3.99466e-06
1.08697e-12
3.99466e-06
1.08925e-12
3.99466e-06
1.07721e-12
3.99466e-06
1.04531e-12
3.99466e-06
1.0177e-12
3.99466e-06
9.57755e-13
3.99466e-06
8.24241e-13
3.99466e-06
6.62284e-13
3.99466e-06
4.80764e-13
3.99466e-06
2.34585e-13
3.99466e-06
-3.7458e-14
3.99466e-06
-2.64527e-13
3.99466e-06
-4.41563e-13
3.99466e-06
-5.41672e-13
3.99466e-06
-5.23985e-13
3.99466e-06
-4.77165e-13
3.99466e-06
-5.22692e-13
3.99466e-06
-5.8725e-13
3.99466e-06
-6.27515e-13
3.99466e-06
-7.54522e-13
3.99466e-06
-9.65215e-13
3.99466e-06
-1.08739e-12
3.99466e-06
-1.06749e-12
3.99465e-06
-9.95243e-13
3.99465e-06
-8.93297e-13
3.99465e-06
-7.9087e-13
3.99465e-06
-7.6376e-13
3.99465e-06
-7.90155e-13
3.99465e-06
-6.90405e-13
3.99465e-06
-4.02614e-13
3.99465e-06
-1.53775e-13
3.99465e-06
-1.99801e-14
3.99465e-06
1.12435e-13
3.99465e-06
2.22048e-13
3.99465e-06
2.81027e-13
3.99465e-06
1.99093e-13
3.99465e-06
1.55722e-13
3.99465e-06
3.00441e-13
3.99465e-06
3.40988e-13
3.99465e-06
4.1476e-13
3.99465e-06
7.28681e-13
3.99466e-06
9.53231e-13
3.99466e-06
1.04142e-12
3.99466e-06
1.28173e-12
3.99466e-06
1.6201e-12
3.99466e-06
1.72924e-12
3.99467e-06
2.23018e-12
3.99467e-06
2.70861e-12
3.99467e-06
3.35087e-12
4.30143e-12
2.54768e-06
6.22658e-12
2.54769e-06
4.93603e-12
2.5477e-06
4.00137e-12
2.5477e-06
3.3487e-12
2.54771e-06
2.84346e-12
2.54772e-06
2.46916e-12
2.54772e-06
2.36593e-12
2.54773e-06
2.21264e-12
2.54773e-06
1.80128e-12
2.54773e-06
1.45691e-12
2.54774e-06
1.32628e-12
2.54774e-06
1.30099e-12
2.54774e-06
1.23205e-12
2.54775e-06
1.02822e-12
2.54775e-06
7.86371e-13
2.54775e-06
6.38493e-13
2.54775e-06
6.21547e-13
2.54775e-06
6.72077e-13
2.54775e-06
6.5625e-13
2.54775e-06
5.15537e-13
2.54775e-06
3.25956e-13
2.54775e-06
2.18565e-13
2.54775e-06
2.09828e-13
2.54775e-06
2.32666e-13
2.54775e-06
2.58488e-13
2.54775e-06
2.2407e-13
2.54775e-06
9.89317e-14
2.54775e-06
-4.89173e-14
2.54775e-06
-1.89873e-13
2.54775e-06
-3.36075e-13
2.54775e-06
-4.61654e-13
2.54775e-06
-5.46909e-13
2.54775e-06
-5.87239e-13
2.54774e-06
-5.81522e-13
2.54774e-06
-5.61229e-13
2.54774e-06
-5.76784e-13
2.54774e-06
-6.37006e-13
2.54774e-06
-6.79388e-13
2.54774e-06
-6.32228e-13
2.54774e-06
-5.17052e-13
2.54774e-06
-4.39922e-13
2.54773e-06
-4.63124e-13
2.54773e-06
-5.2896e-13
2.54773e-06
-5.35311e-13
2.54773e-06
-4.60703e-13
2.54773e-06
-3.52721e-13
2.54773e-06
-2.47659e-13
2.54773e-06
-1.51603e-13
2.54773e-06
-6.03875e-14
2.54773e-06
6.7233e-15
2.54773e-06
2.84243e-14
2.54773e-06
1.65837e-14
2.54773e-06
-1.26578e-14
2.54773e-06
-3.04969e-14
2.54773e-06
5.17629e-15
2.54773e-06
1.05295e-13
2.54773e-06
2.25042e-13
2.54773e-06
3.27534e-13
2.54773e-06
4.20139e-13
2.54773e-06
5.06161e-13
2.54773e-06
5.57593e-13
2.54774e-06
5.55206e-13
2.54774e-06
5.37045e-13
2.54774e-06
5.51738e-13
2.54774e-06
5.83319e-13
2.54774e-06
5.79396e-13
2.54774e-06
5.39358e-13
2.54774e-06
5.09748e-13
2.54775e-06
5.04024e-13
2.54775e-06
4.82002e-13
2.54775e-06
4.05064e-13
2.54775e-06
2.75246e-13
2.54775e-06
1.23958e-13
2.54775e-06
-2.24996e-14
2.54775e-06
-1.49542e-13
2.54775e-06
-2.46459e-13
2.54775e-06
-3.21728e-13
2.54775e-06
-3.80881e-13
2.54775e-06
-4.12285e-13
2.54774e-06
-4.0803e-13
2.54774e-06
-3.91696e-13
2.54774e-06
-3.87914e-13
2.54774e-06
-3.74468e-13
2.54774e-06
-3.15693e-13
2.54774e-06
-2.35951e-13
2.54774e-06
-1.97195e-13
2.54774e-06
-2.10392e-13
2.54774e-06
-2.32558e-13
2.54773e-06
-2.33719e-13
2.54773e-06
-2.16098e-13
2.54773e-06
-1.84597e-13
2.54773e-06
-1.4072e-13
2.54773e-06
-9.69871e-14
2.54773e-06
-7.53742e-14
2.54773e-06
-8.53052e-14
2.54773e-06
-1.1272e-13
2.54773e-06
-1.35908e-13
2.54773e-06
-1.32054e-13
2.54773e-06
-8.58626e-14
2.54773e-06
-2.99563e-16
2.54773e-06
9.48754e-14
2.54773e-06
1.58579e-13
2.54773e-06
1.6642e-13
2.54773e-06
1.25795e-13
2.54773e-06
8.14258e-14
2.54774e-06
9.48673e-14
2.54774e-06
1.96011e-13
2.54774e-06
3.40035e-13
2.54774e-06
4.39606e-13
2.54774e-06
4.50202e-13
2.54774e-06
4.09113e-13
2.54774e-06
3.83491e-13
2.54774e-06
3.93305e-13
2.54774e-06
4.11694e-13
2.54774e-06
4.18257e-13
2.54775e-06
4.04354e-13
2.54775e-06
3.56713e-13
2.54775e-06
2.73047e-13
2.54775e-06
1.68771e-13
2.54775e-06
6.10906e-14
2.54775e-06
-3.77621e-14
2.54775e-06
-1.32502e-13
2.54775e-06
-2.38242e-13
2.54775e-06
-3.49245e-13
2.54774e-06
-4.61014e-13
2.54774e-06
-5.6773e-13
2.54774e-06
-6.54053e-13
2.54774e-06
-6.96724e-13
2.54774e-06
-6.99556e-13
2.54774e-06
-6.9398e-13
2.54774e-06
-6.97618e-13
2.54774e-06
-7.02466e-13
2.54773e-06
-6.93347e-13
2.54773e-06
-6.6821e-13
2.54773e-06
-6.30584e-13
2.54773e-06
-5.76129e-13
2.54773e-06
-5.01731e-13
2.54773e-06
-4.28956e-13
2.54773e-06
-3.70047e-13
2.54773e-06
-2.87972e-13
2.54773e-06
-1.65872e-13
2.54773e-06
-4.61363e-14
2.54773e-06
3.22261e-14
2.54773e-06
6.52037e-14
2.54773e-06
5.89012e-14
2.54773e-06
4.25518e-14
2.54773e-06
5.06271e-14
2.54773e-06
6.92406e-14
2.54773e-06
8.49493e-14
2.54773e-06
1.10451e-13
2.54773e-06
1.50556e-13
2.54773e-06
1.8972e-13
2.54773e-06
1.96408e-13
2.54773e-06
1.51092e-13
2.54773e-06
8.72607e-14
2.54773e-06
7.26552e-14
2.54773e-06
1.19735e-13
2.54773e-06
1.46659e-13
2.54774e-06
7.25591e-14
2.54774e-06
-6.01641e-14
2.54773e-06
-1.63363e-13
2.54773e-06
-2.50812e-13
2.54773e-06
-3.17536e-13
2.54773e-06
-2.61533e-13
2.54773e-06
-8.79287e-14
2.54773e-06
-6.23321e-15
2.54773e-06
-1.00912e-13
2.54773e-06
-2.16371e-13
2.54773e-06
-2.73287e-13
2.54773e-06
-3.11831e-13
2.54773e-06
-3.20242e-13
2.54773e-06
-2.72791e-13
2.54773e-06
-2.24026e-13
2.54773e-06
-2.45305e-13
2.54773e-06
-2.79517e-13
2.54773e-06
-3.06957e-13
2.54772e-06
-3.96722e-13
2.54772e-06
-3.66834e-13
2.54772e-06
-2.19951e-13
2.54772e-06
-8.43033e-14
2.54772e-06
7.44348e-14
2.54772e-06
1.3347e-13
2.54772e-06
1.41077e-13
2.54772e-06
1.34388e-13
2.54772e-06
5.75055e-14
2.54772e-06
-6.21021e-14
2.54772e-06
-3.21491e-14
2.54772e-06
4.70117e-14
2.54772e-06
8.7957e-14
2.54773e-06
4.9467e-14
2.54773e-06
1.91402e-13
2.54773e-06
4.07272e-13
2.54773e-06
4.85277e-13
2.54773e-06
4.53454e-13
2.54773e-06
5.13771e-13
2.54773e-06
4.64872e-13
2.54773e-06
4.97737e-13
2.54774e-06
7.18502e-13
2.54774e-06
1.22547e-12
1.73328e-12
9.12649e-07
9.12655e-07
9.12659e-07
9.12662e-07
9.12665e-07
9.12667e-07
9.12669e-07
9.12671e-07
9.12673e-07
9.12675e-07
9.12676e-07
9.12677e-07
9.12678e-07
9.12679e-07
9.12679e-07
9.1268e-07
9.12681e-07
9.12681e-07
9.12682e-07
9.12682e-07
9.12682e-07
9.12683e-07
9.12683e-07
9.12683e-07
9.12683e-07
9.12683e-07
9.12683e-07
9.12683e-07
9.12683e-07
9.12682e-07
9.12682e-07
9.12682e-07
9.12681e-07
9.12681e-07
9.1268e-07
9.12679e-07
9.12678e-07
9.12677e-07
9.12677e-07
9.12676e-07
9.12676e-07
9.12675e-07
9.12674e-07
9.12674e-07
9.12673e-07
9.12673e-07
9.12673e-07
9.12672e-07
9.12672e-07
9.12672e-07
9.12672e-07
9.12672e-07
9.12672e-07
9.12672e-07
9.12672e-07
9.12672e-07
9.12672e-07
9.12673e-07
9.12673e-07
9.12673e-07
9.12674e-07
9.12674e-07
9.12675e-07
9.12675e-07
9.12676e-07
9.12676e-07
9.12677e-07
9.12678e-07
9.12678e-07
9.12678e-07
9.12679e-07
9.12679e-07
9.12679e-07
9.12679e-07
9.12679e-07
9.12679e-07
9.12679e-07
9.12678e-07
9.12678e-07
9.12678e-07
9.12677e-07
9.12677e-07
9.12677e-07
9.12676e-07
9.12676e-07
9.12676e-07
9.12676e-07
9.12675e-07
9.12675e-07
9.12675e-07
9.12675e-07
9.12675e-07
9.12675e-07
9.12675e-07
9.12675e-07
9.12674e-07
9.12674e-07
9.12674e-07
9.12674e-07
9.12674e-07
9.12674e-07
9.12674e-07
9.12674e-07
9.12674e-07
9.12674e-07
9.12675e-07
9.12675e-07
9.12676e-07
9.12676e-07
9.12676e-07
9.12677e-07
9.12677e-07
9.12677e-07
9.12678e-07
9.12678e-07
9.12678e-07
9.12678e-07
9.12679e-07
9.12679e-07
9.12679e-07
9.12679e-07
9.12678e-07
9.12678e-07
9.12678e-07
9.12678e-07
9.12677e-07
9.12677e-07
9.12676e-07
9.12676e-07
9.12675e-07
9.12674e-07
9.12674e-07
9.12673e-07
9.12672e-07
9.12672e-07
9.12671e-07
9.12671e-07
9.1267e-07
9.1267e-07
9.1267e-07
9.1267e-07
9.1267e-07
9.1267e-07
9.1267e-07
9.1267e-07
9.1267e-07
9.1267e-07
9.12671e-07
9.12671e-07
9.12671e-07
9.12671e-07
9.12671e-07
9.12671e-07
9.12671e-07
9.12671e-07
9.12671e-07
9.12672e-07
9.12672e-07
9.12672e-07
9.12671e-07
9.12671e-07
9.12671e-07
9.12671e-07
9.12671e-07
9.1267e-07
9.1267e-07
9.12669e-07
9.12669e-07
9.12669e-07
9.12668e-07
9.12668e-07
9.12668e-07
9.12668e-07
9.12667e-07
9.12667e-07
9.12667e-07
9.12666e-07
9.12666e-07
9.12666e-07
9.12666e-07
9.12666e-07
9.12666e-07
9.12666e-07
9.12666e-07
9.12666e-07
9.12666e-07
9.12667e-07
9.12667e-07
9.12667e-07
9.12667e-07
9.12667e-07
9.12667e-07
9.12667e-07
9.12668e-07
9.12668e-07
9.12668e-07
9.12669e-07
9.12669e-07
9.12671e-07
)
;

boundaryField
{
    inlet
    {
        type            calculated;
        value           nonuniform List<scalar> 
20
(
-9.12689e-07
-2.54777e-06
-3.99472e-06
-5.25559e-06
-6.33233e-06
-7.22669e-06
-7.94023e-06
-8.47421e-06
-8.82962e-06
-9.00715e-06
-9.00712e-06
-8.82955e-06
-8.47409e-06
-7.94008e-06
-7.22653e-06
-6.33215e-06
-5.25542e-06
-3.99457e-06
-2.54767e-06
-9.12642e-07
)
;
    }
    outlet
    {
        type            calculated;
        value           nonuniform List<scalar> 
20
(
9.12654e-07
2.5477e-06
3.99461e-06
5.25547e-06
6.3322e-06
7.22658e-06
7.94012e-06
8.47412e-06
8.82957e-06
9.00712e-06
9.00713e-06
8.8296e-06
8.47417e-06
7.94019e-06
7.22665e-06
6.33228e-06
5.25554e-06
3.99468e-06
2.54774e-06
9.12673e-07
)
;
    }
    walls
    {
        type            calculated;
        value           uniform 0;
    }
    frontAndBack
    {
        type            empty;
    }
}


// ************************************************************************* //
