/*--------------------------------*- C++ -*----------------------------------*\
| =========                 |                                                 |
| \\      /  F ield         | OpenFOAM: The Open Source CFD Toolbox           |
|  \\    /   O peration     | Version:  2406                                  |
|   \\  /    A nd           | Website:  www.openfoam.com                      |
|    \\/     M anipulation  |                                                 |
\*---------------------------------------------------------------------------*/
FoamFile
{
    version     2.0;
    format      ascii;
    arch        "LSB;label=32;scalar=64";
    class       volScalarField;
    location    "0.3";
    object      p;
}
// * * * * * * * * * * * * * * * * * * * * * * * * * * * * * * * * * * * * * //

dimensions      [0 2 -2 0 0 0 0];

internalField   nonuniform List<scalar> 
1000
(
102.848
102.833
102.818
102.802
102.787
102.772
102.756
102.741
102.726
102.711
102.695
102.68
102.665
102.649
102.634
102.619
102.603
102.588
102.573
102.557
102.542
102.527
102.512
102.496
102.481
102.466
102.45
102.435
102.42
102.404
102.389
102.374
102.358
102.343
102.328
102.312
102.297
102.282
102.267
102.251
102.236
102.221
102.205
102.19
102.175
102.159
102.144
102.129
102.113
102.098
102.083
102.068
102.052
102.037
102.022
102.006
101.991
101.976
101.96
101.945
101.93
101.914
101.899
101.884
101.869
101.853
101.838
101.823
101.807
101.792
101.777
101.761
101.746
101.731
101.715
101.7
101.685
101.669
101.654
101.639
101.624
101.608
101.593
101.578
101.562
101.547
101.532
101.516
101.501
101.486
101.47
101.455
101.44
101.425
101.409
101.394
101.379
101.363
101.348
101.333
102.848
102.833
102.818
102.802
102.787
102.772
102.756
102.741
102.726
102.711
102.695
102.68
102.665
102.649
102.634
102.619
102.603
102.588
102.573
102.557
102.542
102.527
102.512
102.496
102.481
102.466
102.45
102.435
102.42
102.404
102.389
102.374
102.358
102.343
102.328
102.312
102.297
102.282
102.267
102.251
102.236
102.221
102.205
102.19
102.175
102.159
102.144
102.129
102.113
102.098
102.083
102.068
102.052
102.037
102.022
102.006
101.991
101.976
101.96
101.945
101.93
101.914
101.899
101.884
101.869
101.853
101.838
101.823
101.807
101.792
101.777
101.761
101.746
101.731
101.715
101.7
101.685
101.669
101.654
101.639
101.624
101.608
101.593
101.578
101.562
101.547
101.532
101.516
101.501
101.486
101.47
101.455
101.44
101.425
101.409
101.394
101.379
101.363
101.348
101.333
102.848
102.833
102.818
102.802
102.787
102.772
102.756
102.741
102.726
102.711
102.695
102.68
102.665
102.649
102.634
102.619
102.603
102.588
102.573
102.557
102.542
102.527
102.512
102.496
102.481
102.466
102.45
102.435
102.42
102.404
102.389
102.374
102.358
102.343
102.328
102.312
102.297
102.282
102.267
102.251
102.236
102.221
102.205
102.19
102.175
102.159
102.144
102.129
102.113
102.098
102.083
102.068
102.052
102.037
102.022
102.006
101.991
101.976
101.96
101.945
101.93
101.914
101.899
101.884
101.869
101.853
101.838
101.823
101.807
101.792
101.777
101.761
101.746
101.731
101.715
101.7
101.685
101.669
101.654
101.639
101.624
101.608
101.593
101.578
101.562
101.547
101.532
101.516
101.501
101.486
101.47
101.455
101.44
101.425
101.409
101.394
101.379
101.363
101.348
101.333
102.848
102.833
102.818
102.802
102.787
102.772
102.756
102.741
102.726
102.711
102.695
102.68
102.665
102.649
102.634
102.619
102.603
102.588
102.573
102.557
102.542
102.527
102.512
102.496
102.481
102.466
102.45
102.435
102.42
102.404
102.389
102.374
102.358
102.343
102.328
102.312
102.297
102.282
102.267
102.251
102.236
102.221
102.205
102.19
102.175
102.159
102.144
102.129
102.113
102.098
102.083
102.068
102.052
102.037
102.022
102.006
101.991
101.976
101.96
101.945
101.93
101.914
101.899
101.884
101.869
101.853
101.838
101.823
101.807
101.792
101.777
101.761
101.746
101.731
101.715
101.7
101.685
101.669
101.654
101.639
101.624
101.608
101.593
101.578
101.562
101.547
101.532
101.516
101.501
101.486
101.47
101.455
101.44
101.425
101.409
101.394
101.379
101.363
101.348
101.333
102.848
102.833
102.818
102.802
102.787
102.772
102.756
102.741
102.726
102.711
102.695
102.68
102.665
102.649
102.634
102.619
102.603
102.588
102.573
102.557
102.542
102.527
102.512
102.496
102.481
102.466
102.45
102.435
102.42
102.404
102.389
102.374
102.358
102.343
102.328
102.312
102.297
102.282
102.267
102.251
102.236
102.221
102.205
102.19
102.175
102.159
102.144
102.129
102.113
102.098
102.083
102.068
102.052
102.037
102.022
102.006
101.991
101.976
101.96
101.945
101.93
101.914
101.899
101.884
101.869
101.853
101.838
101.823
101.807
101.792
101.777
101.761
101.746
101.731
101.715
101.7
101.685
101.669
101.654
101.639
101.624
101.608
101.593
101.578
101.562
101.547
101.532
101.516
101.501
101.486
101.47
101.455
101.44
101.425
101.409
101.394
101.379
101.363
101.348
101.333
102.848
102.833
102.818
102.802
102.787
102.772
102.756
102.741
102.726
102.711
102.695
102.68
102.665
102.649
102.634
102.619
102.603
102.588
102.573
102.557
102.542
102.527
102.512
102.496
102.481
102.466
102.45
102.435
102.42
102.404
102.389
102.374
102.358
102.343
102.328
102.312
102.297
102.282
102.267
102.251
102.236
102.221
102.205
102.19
102.175
102.159
102.144
102.129
102.113
102.098
102.083
102.068
102.052
102.037
102.022
102.006
101.991
101.976
101.96
101.945
101.93
101.914
101.899
101.884
101.869
101.853
101.838
101.823
101.807
101.792
101.777
101.761
101.746
101.731
101.715
101.7
101.685
101.669
101.654
101.639
101.624
101.608
101.593
101.578
101.562
101.547
101.532
101.516
101.501
101.486
101.47
101.455
101.44
101.425
101.409
101.394
101.379
101.363
101.348
101.333
102.848
102.833
102.818
102.802
102.787
102.772
102.756
102.741
102.726
102.711
102.695
102.68
102.665
102.649
102.634
102.619
102.603
102.588
102.573
102.557
102.542
102.527
102.512
102.496
102.481
102.466
102.45
102.435
102.42
102.404
102.389
102.374
102.358
102.343
102.328
102.312
102.297
102.282
102.267
102.251
102.236
102.221
102.205
102.19
102.175
102.159
102.144
102.129
102.113
102.098
102.083
102.068
102.052
102.037
102.022
102.006
101.991
101.976
101.96
101.945
101.93
101.914
101.899
101.884
101.869
101.853
101.838
101.823
101.807
101.792
101.777
101.761
101.746
101.731
101.715
101.7
101.685
101.669
101.654
101.639
101.624
101.608
101.593
101.578
101.562
101.547
101.532
101.516
101.501
101.486
101.47
101.455
101.44
101.425
101.409
101.394
101.379
101.363
101.348
101.333
102.848
102.833
102.818
102.802
102.787
102.772
102.756
102.741
102.726
102.711
102.695
102.68
102.665
102.649
102.634
102.619
102.603
102.588
102.573
102.557
102.542
102.527
102.512
102.496
102.481
102.466
102.45
102.435
102.42
102.404
102.389
102.374
102.358
102.343
102.328
102.312
102.297
102.282
102.267
102.251
102.236
102.221
102.205
102.19
102.175
102.159
102.144
102.129
102.113
102.098
102.083
102.068
102.052
102.037
102.022
102.006
101.991
101.976
101.96
101.945
101.93
101.914
101.899
101.884
101.869
101.853
101.838
101.823
101.807
101.792
101.777
101.761
101.746
101.731
101.715
101.7
101.685
101.669
101.654
101.639
101.624
101.608
101.593
101.578
101.562
101.547
101.532
101.516
101.501
101.486
101.47
101.455
101.44
101.425
101.409
101.394
101.379
101.363
101.348
101.333
102.848
102.833
102.818
102.802
102.787
102.772
102.756
102.741
102.726
102.711
102.695
102.68
102.665
102.649
102.634
102.619
102.603
102.588
102.573
102.557
102.542
102.527
102.512
102.496
102.481
102.466
102.45
102.435
102.42
102.404
102.389
102.374
102.358
102.343
102.328
102.312
102.297
102.282
102.267
102.251
102.236
102.221
102.205
102.19
102.175
102.159
102.144
102.129
102.113
102.098
102.083
102.068
102.052
102.037
102.022
102.006
101.991
101.976
101.96
101.945
101.93
101.914
101.899
101.884
101.869
101.853
101.838
101.823
101.807
101.792
101.777
101.761
101.746
101.731
101.715
101.7
101.685
101.669
101.654
101.639
101.624
101.608
101.593
101.578
101.562
101.547
101.532
101.516
101.501
101.486
101.47
101.455
101.44
101.425
101.409
101.394
101.379
101.363
101.348
101.333
102.848
102.833
102.818
102.802
102.787
102.772
102.756
102.741
102.726
102.711
102.695
102.68
102.665
102.649
102.634
102.619
102.603
102.588
102.573
102.557
102.542
102.527
102.512
102.496
102.481
102.466
102.45
102.435
102.42
102.404
102.389
102.374
102.358
102.343
102.328
102.312
102.297
102.282
102.267
102.251
102.236
102.221
102.205
102.19
102.175
102.159
102.144
102.129
102.113
102.098
102.083
102.068
102.052
102.037
102.022
102.006
101.991
101.976
101.96
101.945
101.93
101.914
101.899
101.884
101.869
101.853
101.838
101.823
101.807
101.792
101.777
101.761
101.746
101.731
101.715
101.7
101.685
101.669
101.654
101.639
101.624
101.608
101.593
101.578
101.562
101.547
101.532
101.516
101.501
101.486
101.47
101.455
101.44
101.425
101.409
101.394
101.379
101.363
101.348
101.333
)
;

boundaryField
{
    inlet
    {
        type            fixedValue;
        value           uniform 102.856;
    }
    outlet
    {
        type            fixedValue;
        value           uniform 101.325;
    }
    walls
    {
        type            zeroGradient;
    }
    frontAndBack
    {
        type            empty;
    }
}


// ************************************************************************* //
