/*--------------------------------*- C++ -*----------------------------------*\
| =========                 |                                                 |
| \\      /  F ield         | OpenFOAM: The Open Source CFD Toolbox           |
|  \\    /   O peration     | Version:  2406                                  |
|   \\  /    A nd           | Website:  www.openfoam.com                      |
|    \\/     M anipulation  |                                                 |
\*---------------------------------------------------------------------------*/
FoamFile
{
    version     2.0;
    format      ascii;
    arch        "LSB;label=32;scalar=64";
    class       volVectorField;
    location    "0.4";
    object      U;
}
// * * * * * * * * * * * * * * * * * * * * * * * * * * * * * * * * * * * * * //

dimensions      [0 1 -1 0 0 0 0];

internalField   nonuniform List<vector> 
2250
(
(0.305752 -1.02244e-07 0)
(0.305752 -1.40608e-07 0)
(0.305752 -7.66747e-08 0)
(0.305752 -4.44164e-08 0)
(0.305752 -5.2931e-08 0)
(0.305753 -9.00324e-08 0)
(0.305753 -1.03823e-07 0)
(0.305753 -8.71928e-08 0)
(0.305753 -6.45041e-08 0)
(0.305754 -1.1114e-07 0)
(0.305754 -1.16506e-07 0)
(0.305754 -6.1447e-08 0)
(0.305754 -5.85503e-09 0)
(0.305754 8.309e-09 0)
(0.305754 -2.50709e-09 0)
(0.305754 -1.33647e-08 0)
(0.305754 3.24772e-09 0)
(0.305754 4.11909e-08 0)
(0.305754 6.81669e-08 0)
(0.305754 5.65056e-08 0)
(0.305754 9.18783e-10 0)
(0.305754 -5.48072e-08 0)
(0.305754 -6.73933e-08 0)
(0.305753 -4.06401e-08 0)
(0.305753 -1.58015e-08 0)
(0.305754 -1.626e-08 0)
(0.305754 -2.59799e-08 0)
(0.305754 -2.34642e-08 0)
(0.305754 -1.39259e-09 0)
(0.305754 2.84729e-08 0)
(0.305754 4.49379e-08 0)
(0.305754 3.84659e-08 0)
(0.305754 1.91131e-08 0)
(0.305754 8.44068e-09 0)
(0.305754 1.87098e-08 0)
(0.305755 3.73567e-08 0)
(0.305755 4.20681e-08 0)
(0.305755 2.64478e-08 0)
(0.305755 4.74956e-09 0)
(0.305755 -6.1253e-09 0)
(0.305755 -1.54449e-09 0)
(0.305754 5.35157e-09 0)
(0.305754 -4.348e-09 0)
(0.305754 -2.85379e-08 0)
(0.305754 -4.24854e-08 0)
(0.305755 -3.16062e-08 0)
(0.305755 -3.93311e-09 0)
(0.305755 2.20713e-08 0)
(0.305755 3.26785e-08 0)
(0.305755 2.96738e-08 0)
(0.305755 2.58572e-08 0)
(0.305755 3.11582e-08 0)
(0.305754 3.52715e-08 0)
(0.305754 2.06685e-08 0)
(0.305755 -1.69733e-08 0)
(0.305755 -5.80949e-08 0)
(0.305755 -7.44358e-08 0)
(0.305755 -5.84361e-08 0)
(0.305755 -3.1819e-08 0)
(0.305755 -2.0197e-08 0)
(0.305755 -2.56405e-08 0)
(0.305755 -2.64486e-08 0)
(0.305755 -5.47673e-09 0)
(0.305755 3.0064e-08 0)
(0.305755 5.51444e-08 0)
(0.305755 5.21731e-08 0)
(0.305755 3.15104e-08 0)
(0.305755 1.96477e-08 0)
(0.305755 3.44912e-08 0)
(0.305755 6.46169e-08 0)
(0.305755 8.12593e-08 0)
(0.305755 6.93464e-08 0)
(0.305755 4.24748e-08 0)
(0.305755 2.70414e-08 0)
(0.305754 3.05538e-08 0)
(0.305754 3.62832e-08 0)
(0.305754 2.40009e-08 0)
(0.305754 -3.79966e-09 0)
(0.305754 -2.24488e-08 0)
(0.305754 -1.21026e-08 0)
(0.305754 1.95027e-08 0)
(0.305754 4.42909e-08 0)
(0.305754 4.12992e-08 0)
(0.305754 1.46084e-08 0)
(0.305754 -9.80733e-09 0)
(0.305754 -1.11288e-08 0)
(0.305754 5.89178e-09 0)
(0.305754 1.59418e-08 0)
(0.305754 3.09074e-09 0)
(0.305754 -2.26776e-08 0)
(0.305754 -3.67281e-08 0)
(0.305754 -2.86446e-08 0)
(0.305754 -1.40835e-08 0)
(0.305754 -1.50461e-08 0)
(0.305754 -3.39533e-08 0)
(0.305754 -5.17201e-08 0)
(0.305754 -4.91452e-08 0)
(0.305754 -2.76884e-08 0)
(0.305754 -8.21509e-09 0)
(0.305754 -9.75269e-09 0)
(0.305754 -2.7145e-08 0)
(0.305754 -3.77224e-08 0)
(0.305754 -2.52114e-08 0)
(0.305754 4.10278e-09 0)
(0.305754 2.65268e-08 0)
(0.305754 2.56913e-08 0)
(0.305754 1.02465e-08 0)
(0.305754 1.40036e-09 0)
(0.305754 7.80158e-09 0)
(0.305754 1.78545e-08 0)
(0.305754 1.4553e-08 0)
(0.305754 -4.92781e-09 0)
(0.305754 -2.62952e-08 0)
(0.305754 -3.12806e-08 0)
(0.305754 -1.79852e-08 0)
(0.305754 -8.80174e-10 0)
(0.305754 4.50263e-09 0)
(0.305754 -1.9025e-09 0)
(0.305754 -6.39778e-09 0)
(0.305754 2.51344e-09 0)
(0.305754 1.89288e-08 0)
(0.305754 2.80961e-08 0)
(0.305754 2.23051e-08 0)
(0.305754 7.76775e-09 0)
(0.305754 -1.71119e-09 0)
(0.305754 6.8665e-10 0)
(0.305754 7.24566e-09 0)
(0.305754 3.69658e-09 0)
(0.305754 -1.59881e-08 0)
(0.305754 -3.93931e-08 0)
(0.305754 -4.92411e-08 0)
(0.305754 -4.35714e-08 0)
(0.305754 -2.87284e-08 0)
(0.305754 -1.50086e-08 0)
(0.305754 -1.25485e-08 0)
(0.305754 -1.64445e-08 0)
(0.305754 -1.78547e-08 0)
(0.305754 -1.78667e-08 0)
(0.305754 -1.98526e-08 0)
(0.305754 -2.61998e-08 0)
(0.305754 -2.90466e-08 0)
(0.305754 -1.84184e-08 0)
(0.305754 -1.56227e-09 0)
(0.305754 1.38325e-08 0)
(0.305754 2.87628e-08 0)
(0.305754 3.82779e-08 0)
(0.305754 4.00536e-08 0)
(0.305754 4.17175e-08 0)
(0.305754 4.70711e-08 0)
(0.305754 5.05551e-08 0)
(0.834501 -1.62839e-07 0)
(0.834501 -2.78557e-07 0)
(0.834502 -2.80646e-07 0)
(0.834502 -2.44501e-07 0)
(0.834502 -2.80835e-07 0)
(0.834502 -3.21709e-07 0)
(0.834502 -3.05312e-07 0)
(0.834502 -2.96766e-07 0)
(0.834503 -2.34797e-07 0)
(0.834503 -2.37219e-07 0)
(0.834503 -2.28292e-07 0)
(0.834503 -1.56112e-07 0)
(0.834503 -6.14703e-08 0)
(0.834503 -3.54714e-09 0)
(0.834503 1.99392e-08 0)
(0.834503 4.90613e-08 0)
(0.834503 1.06743e-07 0)
(0.834503 1.54382e-07 0)
(0.834503 1.48219e-07 0)
(0.834503 9.07408e-08 0)
(0.834503 -1.52457e-08 0)
(0.834503 -1.20016e-07 0)
(0.834503 -1.49491e-07 0)
(0.834503 -9.41574e-08 0)
(0.834503 -3.20598e-08 0)
(0.834503 -2.22003e-08 0)
(0.834503 -2.88026e-08 0)
(0.834503 -1.47301e-08 0)
(0.834503 8.95496e-09 0)
(0.834503 2.84894e-08 0)
(0.834503 4.11962e-08 0)
(0.834503 4.61141e-08 0)
(0.834503 3.62176e-08 0)
(0.834504 2.02421e-08 0)
(0.834504 2.14071e-08 0)
(0.834504 3.8e-08 0)
(0.834504 3.92554e-08 0)
(0.834504 9.9223e-09 0)
(0.834504 -3.13138e-08 0)
(0.834504 -5.89837e-08 0)
(0.834504 -5.71437e-08 0)
(0.834504 -3.10045e-08 0)
(0.834504 -1.86898e-08 0)
(0.834504 -4.69967e-08 0)
(0.834504 -8.67715e-08 0)
(0.834504 -9.27428e-08 0)
(0.834504 -5.20449e-08 0)
(0.834504 1.42108e-08 0)
(0.834504 6.93945e-08 0)
(0.834504 8.6824e-08 0)
(0.834504 7.11071e-08 0)
(0.834504 4.94321e-08 0)
(0.834504 3.45756e-08 0)
(0.834504 1.07708e-08 0)
(0.834504 -4.45869e-08 0)
(0.834504 -1.25081e-07 0)
(0.834504 -1.88413e-07 0)
(0.834504 -1.9643e-07 0)
(0.834504 -1.53639e-07 0)
(0.834504 -1.04025e-07 0)
(0.834504 -7.8254e-08 0)
(0.834505 -6.31627e-08 0)
(0.834505 -2.65314e-08 0)
(0.834505 4.37764e-08 0)
(0.834504 1.20209e-07 0)
(0.834504 1.5996e-07 0)
(0.834504 1.47752e-07 0)
(0.834504 1.09776e-07 0)
(0.834504 9.0923e-08 0)
(0.834504 1.07725e-07 0)
(0.834504 1.33545e-07 0)
(0.834504 1.30843e-07 0)
(0.834504 9.35889e-08 0)
(0.834504 5.2386e-08 0)
(0.834504 3.77977e-08 0)
(0.834503 4.75147e-08 0)
(0.834503 5.14907e-08 0)
(0.834503 3.1841e-08 0)
(0.834503 7.32757e-09 0)
(0.834503 1.28675e-08 0)
(0.834503 6.11579e-08 0)
(0.834503 1.20934e-07 0)
(0.834503 1.43757e-07 0)
(0.834503 1.08576e-07 0)
(0.834503 4.16102e-08 0)
(0.834503 -8.75624e-09 0)
(0.834503 -1.71372e-08 0)
(0.834503 -3.2782e-09 0)
(0.834503 -6.66901e-09 0)
(0.834503 -4.23521e-08 0)
(0.834503 -8.47954e-08 0)
(0.834503 -9.7106e-08 0)
(0.834503 -7.50671e-08 0)
(0.834503 -4.91149e-08 0)
(0.834503 -4.82594e-08 0)
(0.834503 -6.94628e-08 0)
(0.834503 -8.43875e-08 0)
(0.834503 -7.07221e-08 0)
(0.834503 -3.72618e-08 0)
(0.834503 -1.45699e-08 0)
(0.834503 -1.89807e-08 0)
(0.834502 -3.43183e-08 0)
(0.834502 -2.94029e-08 0)
(0.834502 8.43978e-09 0)
(0.834502 5.81066e-08 0)
(0.834502 8.1818e-08 0)
(0.834502 6.58267e-08 0)
(0.834502 3.13491e-08 0)
(0.834502 9.60474e-09 0)
(0.834502 9.27002e-09 0)
(0.834502 1.30779e-08 0)
(0.834502 -2.90301e-10 0)
(0.834502 -3.10286e-08 0)
(0.834502 -5.63068e-08 0)
(0.834502 -5.63779e-08 0)
(0.834502 -3.22181e-08 0)
(0.834502 -6.10376e-09 0)
(0.834502 1.70013e-09 0)
(0.834503 -3.16917e-09 0)
(0.834503 9.81835e-10 0)
(0.834503 2.08128e-08 0)
(0.834503 4.17933e-08 0)
(0.834503 4.58246e-08 0)
(0.834503 2.58238e-08 0)
(0.834503 -6.99031e-09 0)
(0.834503 -3.41068e-08 0)
(0.834503 -4.51034e-08 0)
(0.834503 -4.72205e-08 0)
(0.834503 -5.99749e-08 0)
(0.834503 -8.3259e-08 0)
(0.834503 -9.47566e-08 0)
(0.834503 -8.78707e-08 0)
(0.834503 -6.77525e-08 0)
(0.834503 -4.7365e-08 0)
(0.834503 -4.75291e-08 0)
(0.834503 -6.42265e-08 0)
(0.834503 -7.6633e-08 0)
(0.834503 -7.93815e-08 0)
(0.834503 -7.29808e-08 0)
(0.834503 -6.75584e-08 0)
(0.834503 -6.94654e-08 0)
(0.834503 -6.03028e-08 0)
(0.834503 -3.30011e-08 0)
(0.834503 -2.98341e-09 0)
(0.834503 2.49294e-08 0)
(0.834503 6.00891e-08 0)
(0.834503 7.77495e-08 0)
(0.834503 9.68435e-08 0)
(0.834503 1.14922e-07 0)
(0.834503 1.22236e-07 0)
(1.28097 2.37232e-10 0)
(1.28097 -2.85085e-07 0)
(1.28097 -4.0418e-07 0)
(1.28096 -4.15542e-07 0)
(1.28096 -4.20848e-07 0)
(1.28096 -4.6662e-07 0)
(1.28096 -3.73451e-07 0)
(1.28096 -3.43999e-07 0)
(1.28096 -2.55675e-07 0)
(1.28096 -1.81433e-07 0)
(1.28096 -1.36456e-07 0)
(1.28096 -1.07823e-07 0)
(1.28096 -3.8603e-08 0)
(1.28096 5.76254e-08 0)
(1.28096 1.54669e-07 0)
(1.28096 2.44491e-07 0)
(1.28096 2.89137e-07 0)
(1.28096 2.73056e-07 0)
(1.28096 1.79555e-07 0)
(1.28096 5.91075e-08 0)
(1.28096 -2.56917e-08 0)
(1.28096 -6.86702e-08 0)
(1.28096 -7.80886e-08 0)
(1.28096 -5.3591e-08 0)
(1.28096 -1.38201e-08 0)
(1.28096 8.06294e-09 0)
(1.28096 1.76044e-08 0)
(1.28096 2.10965e-08 0)
(1.28096 2.21249e-09 0)
(1.28096 -1.86108e-08 0)
(1.28096 4.98228e-09 0)
(1.28096 7.70091e-08 0)
(1.28096 1.45833e-07 0)
(1.28096 1.57878e-07 0)
(1.28096 1.12284e-07 0)
(1.28096 4.99709e-08 0)
(1.28096 1.06792e-09 0)
(1.28096 -2.89782e-08 0)
(1.28096 -4.16031e-08 0)
(1.28096 -4.53373e-08 0)
(1.28096 -5.34779e-08 0)
(1.28096 -6.09859e-08 0)
(1.28096 -6.30916e-08 0)
(1.28096 -7.53258e-08 0)
(1.28096 -9.84807e-08 0)
(1.28096 -1.06509e-07 0)
(1.28096 -7.59983e-08 0)
(1.28096 -3.63405e-09 0)
(1.28096 8.7249e-08 0)
(1.28096 1.54503e-07 0)
(1.28096 1.64138e-07 0)
(1.28096 1.20664e-07 0)
(1.28096 6.13701e-08 0)
(1.28096 1.45349e-08 0)
(1.28096 -2.57392e-08 0)
(1.28096 -8.32292e-08 0)
(1.28096 -1.60937e-07 0)
(1.28096 -2.27205e-07 0)
(1.28096 -2.45368e-07 0)
(1.28096 -2.09752e-07 0)
(1.28096 -1.4667e-07 0)
(1.28096 -8.39202e-08 0)
(1.28096 -2.55873e-08 0)
(1.28096 4.06464e-08 0)
(1.28096 1.20378e-07 0)
(1.28096 1.94863e-07 0)
(1.28096 2.27683e-07 0)
(1.28096 2.00212e-07 0)
(1.28096 1.36045e-07 0)
(1.28096 8.67127e-08 0)
(1.28096 8.43089e-08 0)
(1.28096 1.13714e-07 0)
(1.28096 1.33229e-07 0)
(1.28096 1.17761e-07 0)
(1.28096 7.98832e-08 0)
(1.28096 5.04672e-08 0)
(1.28096 4.86308e-08 0)
(1.28096 6.66652e-08 0)
(1.28096 8.55165e-08 0)
(1.28096 9.83567e-08 0)
(1.28096 1.157e-07 0)
(1.28096 1.44172e-07 0)
(1.28096 1.67694e-07 0)
(1.28096 1.56436e-07 0)
(1.28096 9.76383e-08 0)
(1.28096 1.33819e-08 0)
(1.28096 -5.32506e-08 0)
(1.28096 -7.58805e-08 0)
(1.28096 -6.79967e-08 0)
(1.28096 -6.98419e-08 0)
(1.28096 -1.03338e-07 0)
(1.28096 -1.4796e-07 0)
(1.28096 -1.64781e-07 0)
(1.28096 -1.38886e-07 0)
(1.28096 -9.38763e-08 0)
(1.28096 -6.5858e-08 0)
(1.28096 -6.8793e-08 0)
(1.28096 -8.48385e-08 0)
(1.28096 -8.63947e-08 0)
(1.28096 -6.62847e-08 0)
(1.28096 -4.30563e-08 0)
(1.28096 -3.3403e-08 0)
(1.28096 -3.19021e-08 0)
(1.28096 -1.69446e-08 0)
(1.28096 2.43948e-08 0)
(1.28096 7.48538e-08 0)
(1.28096 9.64647e-08 0)
(1.28096 6.82777e-08 0)
(1.28096 9.18358e-09 0)
(1.28096 -4.15641e-08 0)
(1.28096 -5.97356e-08 0)
(1.28096 -5.43771e-08 0)
(1.28096 -5.16577e-08 0)
(1.28096 -6.53657e-08 0)
(1.28096 -8.37603e-08 0)
(1.28096 -8.40044e-08 0)
(1.28096 -5.66872e-08 0)
(1.28096 -2.18238e-08 0)
(1.28096 -4.36268e-09 0)
(1.28096 -4.39244e-09 0)
(1.28096 -4.36692e-09 0)
(1.28096 7.25269e-09 0)
(1.28096 2.48801e-08 0)
(1.28096 2.85335e-08 0)
(1.28096 5.94834e-09 0)
(1.28096 -3.65713e-08 0)
(1.28096 -7.7378e-08 0)
(1.28096 -9.37573e-08 0)
(1.28096 -8.94851e-08 0)
(1.28096 -8.65055e-08 0)
(1.28096 -8.87085e-08 0)
(1.28096 -8.9749e-08 0)
(1.28096 -8.63869e-08 0)
(1.28096 -7.32798e-08 0)
(1.28096 -5.95468e-08 0)
(1.28096 -6.01459e-08 0)
(1.28096 -6.92213e-08 0)
(1.28096 -8.05795e-08 0)
(1.28096 -9.58954e-08 0)
(1.28096 -1.11181e-07 0)
(1.28096 -1.09224e-07 0)
(1.28096 -8.28983e-08 0)
(1.28096 -4.35342e-08 0)
(1.28096 -6.47711e-10 0)
(1.28096 3.61957e-08 0)
(1.28096 7.39698e-08 0)
(1.28096 8.22491e-08 0)
(1.28096 9.13541e-08 0)
(1.28096 1.20768e-07 0)
(1.28096 1.17961e-07 0)
(1.64558 1.89668e-07 0)
(1.64558 -5.43318e-09 0)
(1.64558 -1.19592e-07 0)
(1.64558 -1.52873e-07 0)
(1.64558 -1.37599e-07 0)
(1.64558 -2.02475e-07 0)
(1.64558 -1.35884e-07 0)
(1.64558 -6.16743e-08 0)
(1.64558 3.35495e-08 0)
(1.64558 9.26737e-08 0)
(1.64558 1.33094e-07 0)
(1.64558 1.82651e-07 0)
(1.64558 2.47723e-07 0)
(1.64558 3.03745e-07 0)
(1.64558 3.60025e-07 0)
(1.64558 4.13795e-07 0)
(1.64558 4.11593e-07 0)
(1.64558 3.37174e-07 0)
(1.64558 2.00199e-07 0)
(1.64558 7.87061e-08 0)
(1.64558 4.62673e-08 0)
(1.64558 7.2443e-08 0)
(1.64558 8.23912e-08 0)
(1.64558 6.31291e-08 0)
(1.64558 5.00411e-08 0)
(1.64557 3.84575e-08 0)
(1.64557 1.82305e-08 0)
(1.64557 9.0595e-09 0)
(1.64557 1.49088e-08 0)
(1.64557 2.79899e-08 0)
(1.64558 5.46516e-08 0)
(1.64558 1.02769e-07 0)
(1.64558 1.58303e-07 0)
(1.64558 1.78543e-07 0)
(1.64558 1.30613e-07 0)
(1.64558 3.98137e-08 0)
(1.64558 -3.18931e-08 0)
(1.64558 -5.51472e-08 0)
(1.64558 -4.46923e-08 0)
(1.64558 -3.31025e-08 0)
(1.64558 -5.30233e-08 0)
(1.64558 -1.02925e-07 0)
(1.64558 -1.42859e-07 0)
(1.64558 -1.44315e-07 0)
(1.64558 -1.10482e-07 0)
(1.64558 -5.61986e-08 0)
(1.64558 2.17192e-09 0)
(1.64558 5.59185e-08 0)
(1.64558 1.08433e-07 0)
(1.64558 1.57107e-07 0)
(1.64558 1.80537e-07 0)
(1.64558 1.57374e-07 0)
(1.64558 9.16233e-08 0)
(1.64558 1.40822e-08 0)
(1.64558 -4.77141e-08 0)
(1.64558 -9.41656e-08 0)
(1.64558 -1.42324e-07 0)
(1.64558 -1.97931e-07 0)
(1.64558 -2.42715e-07 0)
(1.64558 -2.46689e-07 0)
(1.64558 -1.99019e-07 0)
(1.64558 -1.13991e-07 0)
(1.64558 -2.11411e-08 0)
(1.64558 5.35028e-08 0)
(1.64558 1.02567e-07 0)
(1.64558 1.34232e-07 0)
(1.64558 1.5356e-07 0)
(1.64558 1.51787e-07 0)
(1.64558 1.20593e-07 0)
(1.64558 7.70647e-08 0)
(1.64558 5.58387e-08 0)
(1.64558 7.59502e-08 0)
(1.64558 1.16183e-07 0)
(1.64558 1.34942e-07 0)
(1.64558 1.0763e-07 0)
(1.64558 5.28997e-08 0)
(1.64558 1.59547e-08 0)
(1.64558 2.80136e-08 0)
(1.64558 8.07817e-08 0)
(1.64558 1.37963e-07 0)
(1.64558 1.67635e-07 0)
(1.64558 1.66845e-07 0)
(1.64558 1.52232e-07 0)
(1.64558 1.36043e-07 0)
(1.64558 1.13577e-07 0)
(1.64558 7.32216e-08 0)
(1.64558 1.74515e-08 0)
(1.64558 -3.16496e-08 0)
(1.64558 -5.39754e-08 0)
(1.64558 -5.31281e-08 0)
(1.64558 -5.36013e-08 0)
(1.64558 -7.39993e-08 0)
(1.64558 -1.03434e-07 0)
(1.64558 -1.151e-07 0)
(1.64558 -9.65678e-08 0)
(1.64558 -6.37862e-08 0)
(1.64558 -4.76085e-08 0)
(1.64558 -6.44137e-08 0)
(1.64557 -1.00411e-07 0)
(1.64557 -1.24994e-07 0)
(1.64557 -1.18058e-07 0)
(1.64557 -8.48723e-08 0)
(1.64557 -4.48757e-08 0)
(1.64557 -1.1313e-08 0)
(1.64557 1.63534e-08 0)
(1.64557 4.28089e-08 0)
(1.64557 5.95605e-08 0)
(1.64557 5.07053e-08 0)
(1.64557 9.83301e-09 0)
(1.64557 -4.68687e-08 0)
(1.64557 -9.00477e-08 0)
(1.64557 -1.01565e-07 0)
(1.64557 -9.07023e-08 0)
(1.64557 -8.00588e-08 0)
(1.64557 -8.36808e-08 0)
(1.64557 -9.60238e-08 0)
(1.64557 -9.61189e-08 0)
(1.64557 -7.55029e-08 0)
(1.64557 -4.93993e-08 0)
(1.64558 -3.34836e-08 0)
(1.64558 -3.00122e-08 0)
(1.64558 -3.02149e-08 0)
(1.64558 -2.62223e-08 0)
(1.64558 -2.13377e-08 0)
(1.64558 -2.41265e-08 0)
(1.64558 -4.01716e-08 0)
(1.64557 -6.85452e-08 0)
(1.64557 -9.28302e-08 0)
(1.64557 -9.64735e-08 0)
(1.64557 -8.60214e-08 0)
(1.64557 -7.39752e-08 0)
(1.64557 -6.49383e-08 0)
(1.64557 -5.87693e-08 0)
(1.64557 -4.55695e-08 0)
(1.64557 -2.62156e-08 0)
(1.64557 -1.93037e-08 0)
(1.64557 -3.14857e-08 0)
(1.64557 -5.18261e-08 0)
(1.64557 -7.48467e-08 0)
(1.64557 -9.4878e-08 0)
(1.64557 -8.40294e-08 0)
(1.64557 -4.26454e-08 0)
(1.64557 -8.24287e-09 0)
(1.64557 1.71328e-08 0)
(1.64557 2.64621e-08 0)
(1.64557 3.76992e-08 0)
(1.64557 3.82195e-08 0)
(1.64557 3.90374e-08 0)
(1.64557 7.21707e-08 0)
(1.64557 7.60119e-08 0)
(1.92874 3.63375e-07 0)
(1.92873 4.25775e-07 0)
(1.92873 3.7743e-07 0)
(1.92873 3.76299e-07 0)
(1.92873 3.67513e-07 0)
(1.92873 3.36148e-07 0)
(1.92873 3.63503e-07 0)
(1.92873 4.43244e-07 0)
(1.92873 5.05057e-07 0)
(1.92873 5.52447e-07 0)
(1.92873 5.55661e-07 0)
(1.92873 5.6082e-07 0)
(1.92873 6.03691e-07 0)
(1.92873 6.47262e-07 0)
(1.92873 6.5768e-07 0)
(1.92873 6.35093e-07 0)
(1.92873 5.51942e-07 0)
(1.92873 4.37545e-07 0)
(1.92873 3.41851e-07 0)
(1.92873 2.84607e-07 0)
(1.92873 2.58396e-07 0)
(1.92873 2.47987e-07 0)
(1.92873 2.3194e-07 0)
(1.92873 1.88273e-07 0)
(1.92873 1.31477e-07 0)
(1.92873 7.88665e-08 0)
(1.92873 3.76009e-08 0)
(1.92873 2.52985e-08 0)
(1.92873 4.0138e-08 0)
(1.92873 5.51797e-08 0)
(1.92873 5.67239e-08 0)
(1.92873 5.35259e-08 0)
(1.92873 5.89183e-08 0)
(1.92873 7.28724e-08 0)
(1.92873 6.76936e-08 0)
(1.92873 1.8407e-08 0)
(1.92873 -5.01724e-08 0)
(1.92873 -9.41266e-08 0)
(1.92873 -1.01418e-07 0)
(1.92873 -8.76952e-08 0)
(1.92873 -8.00285e-08 0)
(1.92873 -9.56762e-08 0)
(1.92873 -1.12264e-07 0)
(1.92873 -9.5924e-08 0)
(1.92873 -4.28254e-08 0)
(1.92873 2.79128e-08 0)
(1.92873 8.48239e-08 0)
(1.92873 1.04726e-07 0)
(1.92873 9.38351e-08 0)
(1.92873 7.75831e-08 0)
(1.92873 7.01263e-08 0)
(1.92873 5.50059e-08 0)
(1.92873 8.63413e-09 0)
(1.92873 -6.67801e-08 0)
(1.92873 -1.41245e-07 0)
(1.92873 -1.87175e-07 0)
(1.92873 -2.04101e-07 0)
(1.92873 -2.10483e-07 0)
(1.92873 -2.17517e-07 0)
(1.92873 -2.18311e-07 0)
(1.92873 -1.93466e-07 0)
(1.92873 -1.33965e-07 0)
(1.92873 -5.39311e-08 0)
(1.92873 1.54752e-08 0)
(1.92873 4.8871e-08 0)
(1.92873 4.8663e-08 0)
(1.92873 4.08519e-08 0)
(1.92873 4.61717e-08 0)
(1.92873 6.15361e-08 0)
(1.92873 6.92218e-08 0)
(1.92873 6.45532e-08 0)
(1.92873 5.91889e-08 0)
(1.92873 6.42252e-08 0)
(1.92873 7.06758e-08 0)
(1.92873 5.84627e-08 0)
(1.92873 2.17942e-08 0)
(1.92873 -1.67739e-08 0)
(1.92873 -2.24427e-08 0)
(1.92873 1.92372e-08 0)
(1.92873 8.7384e-08 0)
(1.92873 1.41598e-07 0)
(1.92873 1.55292e-07 0)
(1.92873 1.36173e-07 0)
(1.92873 1.12342e-07 0)
(1.92873 1.03433e-07 0)
(1.92873 1.03833e-07 0)
(1.92873 9.33571e-08 0)
(1.92873 6.49528e-08 0)
(1.92873 3.29548e-08 0)
(1.92873 1.93354e-08 0)
(1.92873 2.64286e-08 0)
(1.92873 3.34368e-08 0)
(1.92873 1.9606e-08 0)
(1.92873 -1.3845e-08 0)
(1.92873 -4.78753e-08 0)
(1.92873 -6.63563e-08 0)
(1.92873 -7.22905e-08 0)
(1.92873 -8.33415e-08 0)
(1.92873 -1.08044e-07 0)
(1.92873 -1.32189e-07 0)
(1.92873 -1.30135e-07 0)
(1.92873 -8.9383e-08 0)
(1.92873 -2.51389e-08 0)
(1.92873 2.96003e-08 0)
(1.92873 5.24954e-08 0)
(1.92873 4.76639e-08 0)
(1.92873 3.34404e-08 0)
(1.92873 2.2899e-08 0)
(1.92873 1.45591e-08 0)
(1.92873 -1.64655e-09 0)
(1.92873 -2.67312e-08 0)
(1.92873 -4.86751e-08 0)
(1.92873 -5.77924e-08 0)
(1.92873 -5.47403e-08 0)
(1.92873 -4.9838e-08 0)
(1.92873 -5.52588e-08 0)
(1.92873 -6.99824e-08 0)
(1.92873 -7.81624e-08 0)
(1.92873 -7.24403e-08 0)
(1.92873 -5.89298e-08 0)
(1.92873 -4.92593e-08 0)
(1.92873 -5.14209e-08 0)
(1.92873 -6.11609e-08 0)
(1.92873 -7.01554e-08 0)
(1.92873 -7.29999e-08 0)
(1.92873 -6.59196e-08 0)
(1.92873 -5.59864e-08 0)
(1.92873 -5.26159e-08 0)
(1.92873 -5.10991e-08 0)
(1.92873 -4.56734e-08 0)
(1.92873 -3.81382e-08 0)
(1.92873 -3.12674e-08 0)
(1.92873 -2.63397e-08 0)
(1.92873 -2.0221e-08 0)
(1.92873 -1.24893e-08 0)
(1.92873 -8.69128e-09 0)
(1.92873 -1.35773e-08 0)
(1.92873 -2.60037e-08 0)
(1.92873 -3.73119e-08 0)
(1.92873 -4.49738e-08 0)
(1.92873 -4.31362e-08 0)
(1.92873 -3.41358e-08 0)
(1.92873 -2.78561e-08 0)
(1.92873 -1.73267e-08 0)
(1.92873 -9.3908e-09 0)
(1.92873 -1.66335e-09 0)
(1.92873 1.46911e-09 0)
(1.92873 5.7584e-09 0)
(1.92873 2.10046e-08 0)
(1.92873 3.01076e-08 0)
(2.13075 7.02658e-07 0)
(2.13075 8.50199e-07 0)
(2.13075 9.18939e-07 0)
(2.13075 9.5415e-07 0)
(2.13075 1.01329e-06 0)
(2.13075 1.04092e-06 0)
(2.13074 1.05253e-06 0)
(2.13074 1.11821e-06 0)
(2.13074 1.14267e-06 0)
(2.13074 1.13456e-06 0)
(2.13074 1.11054e-06 0)
(2.13074 1.06108e-06 0)
(2.13074 1.0297e-06 0)
(2.13074 1.02965e-06 0)
(2.13074 9.89498e-07 0)
(2.13074 8.93204e-07 0)
(2.13074 7.67679e-07 0)
(2.13074 6.68458e-07 0)
(2.13074 6.25898e-07 0)
(2.13074 5.93381e-07 0)
(2.13074 5.12804e-07 0)
(2.13074 4.00366e-07 0)
(2.13074 3.04496e-07 0)
(2.13074 2.26945e-07 0)
(2.13074 1.67668e-07 0)
(2.13074 1.38585e-07 0)
(2.13074 1.20205e-07 0)
(2.13074 9.74248e-08 0)
(2.13074 8.06649e-08 0)
(2.13074 8.0282e-08 0)
(2.13074 9.65663e-08 0)
(2.13074 1.1238e-07 0)
(2.13074 1.02812e-07 0)
(2.13074 7.13693e-08 0)
(2.13074 3.6066e-08 0)
(2.13074 -1.31771e-08 0)
(2.13074 -8.27183e-08 0)
(2.13074 -1.42557e-07 0)
(2.13074 -1.67531e-07 0)
(2.13074 -1.57507e-07 0)
(2.13074 -1.26039e-07 0)
(2.13074 -9.27452e-08 0)
(2.13074 -5.99599e-08 0)
(2.13074 -1.6518e-08 0)
(2.13074 3.65991e-08 0)
(2.13074 8.59382e-08 0)
(2.13074 1.19662e-07 0)
(2.13074 1.26689e-07 0)
(2.13074 1.02269e-07 0)
(2.13074 5.92459e-08 0)
(2.13074 2.04677e-08 0)
(2.13074 -5.16194e-09 0)
(2.13074 -3.1144e-08 0)
(2.13074 -7.19543e-08 0)
(2.13074 -1.21325e-07 0)
(2.13074 -1.5737e-07 0)
(2.13074 -1.6823e-07 0)
(2.13074 -1.60589e-07 0)
(2.13074 -1.49712e-07 0)
(2.13074 -1.42206e-07 0)
(2.13074 -1.31557e-07 0)
(2.13074 -1.06935e-07 0)
(2.13074 -6.36515e-08 0)
(2.13074 -1.03948e-08 0)
(2.13074 3.32386e-08 0)
(2.13074 5.13372e-08 0)
(2.13074 4.65037e-08 0)
(2.13074 4.11593e-08 0)
(2.13074 5.56041e-08 0)
(2.13074 8.59773e-08 0)
(2.13074 1.09262e-07 0)
(2.13074 1.07152e-07 0)
(2.13074 8.27243e-08 0)
(2.13074 5.09991e-08 0)
(2.13074 2.39203e-08 0)
(2.13074 2.31968e-09 0)
(2.13074 -1.47028e-08 0)
(2.13074 -2.05698e-08 0)
(2.13074 -5.78044e-09 0)
(2.13074 3.0177e-08 0)
(2.13074 7.20806e-08 0)
(2.13074 9.83467e-08 0)
(2.13074 9.78209e-08 0)
(2.13074 7.72018e-08 0)
(2.13074 5.51833e-08 0)
(2.13074 4.63792e-08 0)
(2.13074 4.80564e-08 0)
(2.13074 4.66903e-08 0)
(2.13074 3.34439e-08 0)
(2.13074 1.40375e-08 0)
(2.13074 1.63758e-09 0)
(2.13074 -1.58052e-09 0)
(2.13074 -7.45212e-09 0)
(2.13074 -2.69356e-08 0)
(2.13074 -5.81113e-08 0)
(2.13074 -8.73411e-08 0)
(2.13074 -1.01102e-07 0)
(2.13074 -9.97743e-08 0)
(2.13074 -9.29646e-08 0)
(2.13074 -8.85792e-08 0)
(2.13074 -8.37164e-08 0)
(2.13074 -6.68118e-08 0)
(2.13074 -3.38112e-08 0)
(2.13074 1.6563e-09 0)
(2.13074 1.91585e-08 0)
(2.13074 1.16458e-08 0)
(2.13074 -9.19886e-09 0)
(2.13074 -2.44051e-08 0)
(2.13074 -2.2741e-08 0)
(2.13074 -1.04172e-08 0)
(2.13074 -3.75443e-09 0)
(2.13074 -9.35949e-09 0)
(2.13074 -2.08088e-08 0)
(2.13074 -2.72389e-08 0)
(2.13074 -2.36972e-08 0)
(2.13074 -2.05958e-08 0)
(2.13074 -3.22034e-08 0)
(2.13074 -5.22262e-08 0)
(2.13074 -6.27761e-08 0)
(2.13074 -5.60252e-08 0)
(2.13074 -3.79619e-08 0)
(2.13074 -2.37138e-08 0)
(2.13074 -2.34399e-08 0)
(2.13074 -3.47967e-08 0)
(2.13074 -4.84655e-08 0)
(2.13074 -4.84496e-08 0)
(2.13074 -3.06984e-08 0)
(2.13074 -1.34436e-08 0)
(2.13074 -1.11129e-08 0)
(2.13074 -2.02608e-08 0)
(2.13074 -3.00516e-08 0)
(2.13074 -3.18117e-08 0)
(2.13074 -2.7347e-08 0)
(2.13074 -2.21511e-08 0)
(2.13074 -2.07152e-08 0)
(2.13074 -1.50615e-08 0)
(2.13074 -3.53764e-09 0)
(2.13074 -4.8006e-09 0)
(2.13074 -1.29331e-08 0)
(2.13074 -1.02773e-08 0)
(2.13074 -3.42726e-09 0)
(2.13074 -3.50444e-09 0)
(2.13074 -4.75966e-09 0)
(2.13074 -1.45318e-08 0)
(2.13074 -7.40565e-09 0)
(2.13074 -1.05674e-08 0)
(2.13074 3.96638e-09 0)
(2.13074 1.35206e-08 0)
(2.13074 -2.73608e-09 0)
(2.13074 -1.79029e-08 0)
(2.25186 1.05159e-06 0)
(2.25186 1.20239e-06 0)
(2.25186 1.29685e-06 0)
(2.25186 1.37613e-06 0)
(2.25186 1.56873e-06 0)
(2.25186 1.71382e-06 0)
(2.25185 1.75545e-06 0)
(2.25185 1.80053e-06 0)
(2.25185 1.7874e-06 0)
(2.25185 1.7401e-06 0)
(2.25185 1.72616e-06 0)
(2.25185 1.70012e-06 0)
(2.25185 1.62819e-06 0)
(2.25185 1.51366e-06 0)
(2.25185 1.35077e-06 0)
(2.25185 1.17888e-06 0)
(2.25185 1.04069e-06 0)
(2.25185 9.49038e-07 0)
(2.25185 8.9114e-07 0)
(2.25185 8.2762e-07 0)
(2.25185 7.11158e-07 0)
(2.25185 5.46075e-07 0)
(2.25185 3.93062e-07 0)
(2.25185 2.82774e-07 0)
(2.25185 2.14915e-07 0)
(2.25185 1.80322e-07 0)
(2.25185 1.52636e-07 0)
(2.25185 1.22117e-07 0)
(2.25185 1.05719e-07 0)
(2.25185 1.10748e-07 0)
(2.25185 1.27699e-07 0)
(2.25185 1.43543e-07 0)
(2.25185 1.26106e-07 0)
(2.25185 5.79921e-08 0)
(2.25185 -2.03207e-08 0)
(2.25185 -6.98655e-08 0)
(2.25185 -9.79419e-08 0)
(2.25185 -1.17329e-07 0)
(2.25185 -1.30581e-07 0)
(2.25185 -1.36747e-07 0)
(2.25185 -1.28839e-07 0)
(2.25185 -1.02037e-07 0)
(2.25185 -6.09932e-08 0)
(2.25185 -1.1799e-08 0)
(2.25185 3.29003e-08 0)
(2.25185 5.85293e-08 0)
(2.25185 6.80874e-08 0)
(2.25185 7.19393e-08 0)
(2.25185 6.77717e-08 0)
(2.25185 4.38648e-08 0)
(2.25185 2.82819e-09 0)
(2.25185 -3.41656e-08 0)
(2.25185 -5.20628e-08 0)
(2.25185 -5.82985e-08 0)
(2.25185 -6.73707e-08 0)
(2.25185 -8.3009e-08 0)
(2.25185 -9.64484e-08 0)
(2.25185 -1.00713e-07 0)
(2.25185 -9.72244e-08 0)
(2.25185 -8.91233e-08 0)
(2.25185 -7.7724e-08 0)
(2.25185 -5.94422e-08 0)
(2.25185 -3.24049e-08 0)
(2.25185 3.75563e-09 0)
(2.25185 4.34524e-08 0)
(2.25185 7.27171e-08 0)
(2.25185 8.11349e-08 0)
(2.25185 7.29875e-08 0)
(2.25185 6.65853e-08 0)
(2.25185 7.6474e-08 0)
(2.25185 9.5018e-08 0)
(2.25185 9.9187e-08 0)
(2.25185 7.33487e-08 0)
(2.25185 2.67564e-08 0)
(2.25185 -1.5893e-08 0)
(2.25185 -3.53964e-08 0)
(2.25185 -3.16898e-08 0)
(2.25185 -1.8079e-08 0)
(2.25185 -5.88728e-09 0)
(2.25185 3.86501e-09 0)
(2.25185 1.62225e-08 0)
(2.25185 3.18346e-08 0)
(2.25185 4.20995e-08 0)
(2.25185 3.91958e-08 0)
(2.25185 2.35144e-08 0)
(2.25185 6.48197e-09 0)
(2.25185 6.33476e-10 0)
(2.25185 6.36302e-09 0)
(2.25185 1.03683e-08 0)
(2.25185 3.52321e-10 0)
(2.25185 -2.20384e-08 0)
(2.25185 -4.34614e-08 0)
(2.25185 -5.45499e-08 0)
(2.25185 -5.57809e-08 0)
(2.25185 -5.63022e-08 0)
(2.25185 -6.25996e-08 0)
(2.25185 -7.24376e-08 0)
(2.25185 -7.78578e-08 0)
(2.25185 -7.38889e-08 0)
(2.25185 -6.20747e-08 0)
(2.25185 -4.90803e-08 0)
(2.25185 -3.96007e-08 0)
(2.25185 -3.12728e-08 0)
(2.25185 -2.02082e-08 0)
(2.25185 -1.0154e-08 0)
(2.25185 -8.48734e-09 0)
(2.25185 -1.62808e-08 0)
(2.25185 -2.8529e-08 0)
(2.25185 -3.56129e-08 0)
(2.25185 -3.18507e-08 0)
(2.25185 -2.24949e-08 0)
(2.25185 -1.6288e-08 0)
(2.25185 -1.66627e-08 0)
(2.25185 -2.29863e-08 0)
(2.25185 -2.95009e-08 0)
(2.25185 -3.21995e-08 0)
(2.25185 -3.66267e-08 0)
(2.25185 -4.36897e-08 0)
(2.25185 -4.36707e-08 0)
(2.25185 -3.06637e-08 0)
(2.25185 -7.17814e-09 0)
(2.25185 1.47944e-08 0)
(2.25185 2.17536e-08 0)
(2.25185 1.35544e-08 0)
(2.25185 -3.219e-09 0)
(2.25185 -1.98575e-08 0)
(2.25185 -2.80125e-08 0)
(2.25185 -3.06098e-08 0)
(2.25185 -3.46866e-08 0)
(2.25185 -4.2501e-08 0)
(2.25185 -4.8365e-08 0)
(2.25185 -4.46049e-08 0)
(2.25185 -3.4253e-08 0)
(2.25185 -2.53942e-08 0)
(2.25185 -2.06726e-08 0)
(2.25185 -1.2873e-08 0)
(2.25185 -2.45625e-09 0)
(2.25185 -3.54371e-09 0)
(2.25185 1.35505e-09 0)
(2.25185 2.61106e-08 0)
(2.25185 5.30967e-08 0)
(2.25185 6.83011e-08 0)
(2.25185 6.50444e-08 0)
(2.25185 3.70838e-08 0)
(2.25185 1.54341e-08 0)
(2.25185 -2.06985e-09 0)
(2.25185 7.53598e-09 0)
(2.25185 2.8376e-08 0)
(2.25185 3.90687e-10 0)
(2.25185 -2.56696e-08 0)
(2.29221 1.24197e-06 0)
(2.29221 1.31437e-06 0)
(2.29221 1.50083e-06 0)
(2.29221 1.69673e-06 0)
(2.29221 1.93453e-06 0)
(2.29221 2.20324e-06 0)
(2.29221 2.35679e-06 0)
(2.29221 2.42288e-06 0)
(2.29221 2.41842e-06 0)
(2.29221 2.36825e-06 0)
(2.29221 2.31462e-06 0)
(2.29221 2.24053e-06 0)
(2.29221 2.09604e-06 0)
(2.29221 1.89624e-06 0)
(2.29221 1.69187e-06 0)
(2.29221 1.51783e-06 0)
(2.29221 1.38267e-06 0)
(2.29221 1.26757e-06 0)
(2.29221 1.1363e-06 0)
(2.29221 9.85477e-07 0)
(2.29221 8.30015e-07 0)
(2.29221 6.70919e-07 0)
(2.29221 5.24072e-07 0)
(2.29221 4.02946e-07 0)
(2.29221 3.02109e-07 0)
(2.29221 2.13842e-07 0)
(2.29221 1.2609e-07 0)
(2.29221 4.24358e-08 0)
(2.29221 -7.97696e-09 0)
(2.29221 -2.08672e-08 0)
(2.29221 -2.25866e-08 0)
(2.29221 -1.48979e-08 0)
(2.29221 4.90766e-09 0)
(2.29221 6.46315e-09 0)
(2.29221 -1.17937e-08 0)
(2.29221 -1.08377e-08 0)
(2.29221 1.56593e-08 0)
(2.29221 4.03895e-08 0)
(2.29221 4.4417e-08 0)
(2.29221 2.74485e-08 0)
(2.29221 7.46827e-09 0)
(2.29221 2.25925e-09 0)
(2.29221 9.99294e-09 0)
(2.29221 1.60394e-08 0)
(2.29221 1.0718e-08 0)
(2.29221 -8.29811e-09 0)
(2.29221 -3.53582e-08 0)
(2.29221 -5.78487e-08 0)
(2.29221 -7.05727e-08 0)
(2.29221 -8.45753e-08 0)
(2.29221 -1.13617e-07 0)
(2.29221 -1.49447e-07 0)
(2.29221 -1.67373e-07 0)
(2.29221 -1.5481e-07 0)
(2.29221 -1.24104e-07 0)
(2.29221 -9.60745e-08 0)
(2.29221 -8.06354e-08 0)
(2.29221 -7.42556e-08 0)
(2.29221 -6.95376e-08 0)
(2.29221 -6.36519e-08 0)
(2.29221 -5.64818e-08 0)
(2.29221 -5.04339e-08 0)
(2.29221 -4.80517e-08 0)
(2.29221 -4.72504e-08 0)
(2.29221 -4.38724e-08 0)
(2.29221 -3.48974e-08 0)
(2.29221 -2.43587e-08 0)
(2.29221 -2.16121e-08 0)
(2.29221 -2.97003e-08 0)
(2.29221 -4.14687e-08 0)
(2.29221 -4.81157e-08 0)
(2.29221 -5.05576e-08 0)
(2.29221 -5.8306e-08 0)
(2.29221 -7.46491e-08 0)
(2.29221 -9.05651e-08 0)
(2.29221 -9.25201e-08 0)
(2.29221 -7.49862e-08 0)
(2.29221 -4.66256e-08 0)
(2.29221 -2.31151e-08 0)
(2.29221 -1.37006e-08 0)
(2.29221 -1.34771e-08 0)
(2.29221 -1.12402e-08 0)
(2.29221 -2.40345e-09 0)
(2.29221 7.59735e-09 0)
(2.29221 1.15875e-08 0)
(2.29221 9.04865e-09 0)
(2.29221 9.05408e-09 0)
(2.29221 1.91794e-08 0)
(2.29221 3.62951e-08 0)
(2.29221 4.51736e-08 0)
(2.29221 3.52651e-08 0)
(2.29221 1.2603e-08 0)
(2.29221 -6.16725e-09 0)
(2.29221 -1.05658e-08 0)
(2.29221 -4.6978e-09 0)
(2.29221 -1.8367e-09 0)
(2.29221 -1.03651e-08 0)
(2.29221 -2.56573e-08 0)
(2.29221 -3.5571e-08 0)
(2.29221 -3.15347e-08 0)
(2.29221 -1.67808e-08 0)
(2.29221 -4.48944e-09 0)
(2.29221 -3.16607e-09 0)
(2.29221 -7.13774e-09 0)
(2.29221 -7.19565e-09 0)
(2.29221 -7.83767e-10 0)
(2.29221 7.4142e-09 0)
(2.29221 1.00021e-08 0)
(2.29221 4.94267e-09 0)
(2.29221 -1.18264e-09 0)
(2.29221 -1.03227e-09 0)
(2.29221 5.65186e-09 0)
(2.29221 1.40019e-08 0)
(2.29221 1.34045e-08 0)
(2.29221 1.7693e-10 0)
(2.29221 -1.34274e-08 0)
(2.29221 -1.57776e-08 0)
(2.29221 -8.76695e-09 0)
(2.29221 3.03184e-09 0)
(2.29221 1.56863e-08 0)
(2.29221 2.53062e-08 0)
(2.29221 2.95904e-08 0)
(2.29221 2.65519e-08 0)
(2.29221 2.25249e-08 0)
(2.29221 2.211e-08 0)
(2.29221 1.68479e-08 0)
(2.29221 5.58793e-09 0)
(2.29221 -4.44905e-09 0)
(2.29221 -1.01655e-08 0)
(2.29221 -1.36066e-08 0)
(2.29221 -1.37572e-08 0)
(2.29221 -4.16252e-09 0)
(2.29221 1.04486e-08 0)
(2.29221 2.00031e-08 0)
(2.29221 2.65978e-08 0)
(2.29221 3.381e-08 0)
(2.29221 3.60665e-08 0)
(2.29221 2.25302e-08 0)
(2.29221 1.74265e-08 0)
(2.29221 3.78619e-08 0)
(2.29221 6.15909e-08 0)
(2.29221 7.5175e-08 0)
(2.29221 6.3261e-08 0)
(2.2922 5.5251e-08 0)
(2.2922 4.50655e-08 0)
(2.2922 3.67396e-08 0)
(2.2922 3.17147e-08 0)
(2.2922 2.3772e-08 0)
(2.2922 5.00957e-09 0)
(2.2922 -5.41158e-09 0)
(2.25186 1.34677e-06 0)
(2.25186 1.40755e-06 0)
(2.25186 1.70855e-06 0)
(2.25186 2.0213e-06 0)
(2.25186 2.30348e-06 0)
(2.25186 2.55787e-06 0)
(2.25186 2.76048e-06 0)
(2.25186 2.88558e-06 0)
(2.25186 2.92687e-06 0)
(2.25186 2.86756e-06 0)
(2.25186 2.73918e-06 0)
(2.25186 2.56223e-06 0)
(2.25186 2.33303e-06 0)
(2.25186 2.10248e-06 0)
(2.25186 1.91131e-06 0)
(2.25186 1.73852e-06 0)
(2.25186 1.57048e-06 0)
(2.25186 1.41097e-06 0)
(2.25186 1.22551e-06 0)
(2.25186 1.00612e-06 0)
(2.25186 8.08751e-07 0)
(2.25186 6.63134e-07 0)
(2.25186 5.56997e-07 0)
(2.25186 4.60067e-07 0)
(2.25186 3.45276e-07 0)
(2.25186 2.217e-07 0)
(2.25186 1.07183e-07 0)
(2.25186 2.11273e-09 0)
(2.25186 -7.67908e-08 0)
(2.25186 -1.08971e-07 0)
(2.25186 -1.14898e-07 0)
(2.25186 -1.09252e-07 0)
(2.25186 -6.75904e-08 0)
(2.25186 2.38163e-09 0)
(2.25186 6.16935e-08 0)
(2.25186 1.0797e-07 0)
(2.25186 1.4906e-07 0)
(2.25186 1.70227e-07 0)
(2.25186 1.63069e-07 0)
(2.25186 1.35409e-07 0)
(2.25186 9.99756e-08 0)
(2.25186 6.71788e-08 0)
(2.25186 3.72533e-08 0)
(2.25186 3.30021e-09 0)
(2.25186 -3.54987e-08 0)
(2.25186 -7.31704e-08 0)
(2.25186 -1.08239e-07 0)
(2.25186 -1.43402e-07 0)
(2.25186 -1.76154e-07 0)
(2.25186 -2.01612e-07 0)
(2.25186 -2.20584e-07 0)
(2.25186 -2.34838e-07 0)
(2.25186 -2.36128e-07 0)
(2.25186 -2.1221e-07 0)
(2.25186 -1.6331e-07 0)
(2.25186 -1.04937e-07 0)
(2.25186 -5.7561e-08 0)
(2.25186 -3.3392e-08 0)
(2.25186 -2.94602e-08 0)
(2.25186 -3.54904e-08 0)
(2.25186 -4.39501e-08 0)
(2.25186 -5.61421e-08 0)
(2.25186 -7.64922e-08 0)
(2.25186 -1.06754e-07 0)
(2.25186 -1.40191e-07 0)
(2.25186 -1.63627e-07 0)
(2.25186 -1.69677e-07 0)
(2.25186 -1.64476e-07 0)
(2.25186 -1.63185e-07 0)
(2.25186 -1.73001e-07 0)
(2.25186 -1.86309e-07 0)
(2.25186 -1.88837e-07 0)
(2.25186 -1.74949e-07 0)
(2.25186 -1.5012e-07 0)
(2.25186 -1.21815e-07 0)
(2.25186 -9.34928e-08 0)
(2.25186 -6.3788e-08 0)
(2.25186 -3.18849e-08 0)
(2.25186 -2.20134e-09 0)
(2.25186 1.59727e-08 0)
(2.25186 1.52342e-08 0)
(2.25186 6.47755e-10 0)
(2.25186 -1.53198e-08 0)
(2.25186 -2.32092e-08 0)
(2.25186 -2.07767e-08 0)
(2.25186 -1.19504e-08 0)
(2.25186 -1.78565e-09 0)
(2.25186 9.36231e-09 0)
(2.25186 2.38589e-08 0)
(2.25186 3.95645e-08 0)
(2.25186 4.84714e-08 0)
(2.25186 4.63e-08 0)
(2.25186 3.86253e-08 0)
(2.25186 3.43826e-08 0)
(2.25186 3.79296e-08 0)
(2.25186 4.5342e-08 0)
(2.25186 4.86236e-08 0)
(2.25186 4.43458e-08 0)
(2.25186 3.61009e-08 0)
(2.25186 3.00011e-08 0)
(2.25186 2.93666e-08 0)
(2.25186 2.96803e-08 0)
(2.25186 2.299e-08 0)
(2.25186 1.04298e-08 0)
(2.25186 1.06855e-09 0)
(2.25186 2.02341e-09 0)
(2.25186 1.23841e-08 0)
(2.25186 2.39631e-08 0)
(2.25186 2.78792e-08 0)
(2.25186 2.60589e-08 0)
(2.25186 2.62869e-08 0)
(2.25186 3.18003e-08 0)
(2.25186 4.09226e-08 0)
(2.25186 4.70928e-08 0)
(2.25186 4.18987e-08 0)
(2.25186 3.04829e-08 0)
(2.25186 2.87786e-08 0)
(2.25186 3.99364e-08 0)
(2.25186 5.46572e-08 0)
(2.25186 6.06524e-08 0)
(2.25186 5.2817e-08 0)
(2.25186 3.86341e-08 0)
(2.25186 2.71521e-08 0)
(2.25186 2.39305e-08 0)
(2.25186 3.0661e-08 0)
(2.25186 3.68102e-08 0)
(2.25186 3.63892e-08 0)
(2.25186 3.60201e-08 0)
(2.25186 3.84872e-08 0)
(2.25186 4.10972e-08 0)
(2.25186 4.35044e-08 0)
(2.25186 4.91595e-08 0)
(2.25186 5.24763e-08 0)
(2.25186 5.10885e-08 0)
(2.25186 5.43629e-08 0)
(2.25186 5.84236e-08 0)
(2.25186 6.4306e-08 0)
(2.25186 7.33252e-08 0)
(2.25186 6.95679e-08 0)
(2.25186 6.24827e-08 0)
(2.25186 4.42186e-08 0)
(2.25186 4.04931e-08 0)
(2.25186 4.86003e-08 0)
(2.25186 5.69982e-08 0)
(2.25186 5.92592e-08 0)
(2.25186 4.37091e-08 0)
(2.25186 3.87632e-08 0)
(2.25186 2.39786e-08 0)
(2.25186 1.87777e-08 0)
(2.25186 2.60016e-08 0)
(2.13076 1.44392e-06 0)
(2.13076 1.55074e-06 0)
(2.13076 1.85711e-06 0)
(2.13075 2.21751e-06 0)
(2.13075 2.4993e-06 0)
(2.13075 2.7171e-06 0)
(2.13075 2.90046e-06 0)
(2.13076 3.01446e-06 0)
(2.13076 3.02906e-06 0)
(2.13076 2.91305e-06 0)
(2.13076 2.72431e-06 0)
(2.13076 2.52883e-06 0)
(2.13076 2.32673e-06 0)
(2.13076 2.11835e-06 0)
(2.13076 1.91432e-06 0)
(2.13076 1.71228e-06 0)
(2.13076 1.50274e-06 0)
(2.13076 1.29994e-06 0)
(2.13076 1.10455e-06 0)
(2.13076 9.03449e-07 0)
(2.13076 7.19633e-07 0)
(2.13076 5.73694e-07 0)
(2.13076 4.65823e-07 0)
(2.13076 3.80743e-07 0)
(2.13076 2.87055e-07 0)
(2.13076 1.84896e-07 0)
(2.13076 1.0676e-07 0)
(2.13076 4.92245e-08 0)
(2.13076 -6.23191e-09 0)
(2.13076 -4.02639e-08 0)
(2.13076 -4.76613e-08 0)
(2.13076 -5.30958e-08 0)
(2.13076 -3.98942e-08 0)
(2.13076 1.79314e-08 0)
(2.13076 9.34061e-08 0)
(2.13076 1.51587e-07 0)
(2.13076 1.82551e-07 0)
(2.13076 1.79522e-07 0)
(2.13076 1.47322e-07 0)
(2.13076 1.07723e-07 0)
(2.13076 7.24406e-08 0)
(2.13076 3.66111e-08 0)
(2.13076 -6.71238e-09 0)
(2.13076 -5.53105e-08 0)
(2.13076 -9.71433e-08 0)
(2.13076 -1.21297e-07 0)
(2.13076 -1.31356e-07 0)
(2.13076 -1.44214e-07 0)
(2.13076 -1.71226e-07 0)
(2.13076 -2.02504e-07 0)
(2.13076 -2.16443e-07 0)
(2.13076 -2.01349e-07 0)
(2.13076 -1.61797e-07 0)
(2.13076 -1.09543e-07 0)
(2.13076 -5.34828e-08 0)
(2.13076 1.16528e-09 0)
(2.13076 4.8586e-08 0)
(2.13076 7.9743e-08 0)
(2.13076 8.66418e-08 0)
(2.13076 6.81239e-08 0)
(2.13076 2.96993e-08 0)
(2.13076 -1.83589e-08 0)
(2.13076 -6.64329e-08 0)
(2.13076 -1.09977e-07 0)
(2.13076 -1.47198e-07 0)
(2.13076 -1.77001e-07 0)
(2.13076 -1.94252e-07 0)
(2.13076 -1.96348e-07 0)
(2.13076 -1.89386e-07 0)
(2.13076 -1.84255e-07 0)
(2.13076 -1.8609e-07 0)
(2.13076 -1.89156e-07 0)
(2.13076 -1.81179e-07 0)
(2.13076 -1.55362e-07 0)
(2.13076 -1.14822e-07 0)
(2.13076 -7.07925e-08 0)
(2.13076 -3.56867e-08 0)
(2.13076 -1.58102e-08 0)
(2.13076 -8.15173e-09 0)
(2.13076 -9.06274e-09 0)
(2.13076 -2.0292e-08 0)
(2.13076 -4.28737e-08 0)
(2.13076 -7.04058e-08 0)
(2.13076 -9.08442e-08 0)
(2.13076 -9.32344e-08 0)
(2.13076 -7.56697e-08 0)
(2.13076 -4.88268e-08 0)
(2.13076 -2.80185e-08 0)
(2.13076 -1.88879e-08 0)
(2.13076 -1.41253e-08 0)
(2.13076 -3.73567e-09 0)
(2.13076 1.3959e-08 0)
(2.13076 3.26583e-08 0)
(2.13076 4.49454e-08 0)
(2.13076 4.88853e-08 0)
(2.13076 4.98618e-08 0)
(2.13076 5.47999e-08 0)
(2.13076 6.52424e-08 0)
(2.13076 7.53502e-08 0)
(2.13076 7.67545e-08 0)
(2.13076 6.83386e-08 0)
(2.13076 5.59945e-08 0)
(2.13076 4.41931e-08 0)
(2.13076 3.31031e-08 0)
(2.13076 2.28611e-08 0)
(2.13076 1.39379e-08 0)
(2.13076 7.89305e-09 0)
(2.13076 6.81721e-09 0)
(2.13076 8.99846e-09 0)
(2.13076 1.15301e-08 0)
(2.13076 1.34051e-08 0)
(2.13076 1.18157e-08 0)
(2.13076 8.21331e-09 0)
(2.13076 1.10006e-08 0)
(2.13076 2.17443e-08 0)
(2.13076 3.54915e-08 0)
(2.13076 5.15267e-08 0)
(2.13076 6.72016e-08 0)
(2.13076 7.56049e-08 0)
(2.13076 7.36542e-08 0)
(2.13076 6.32192e-08 0)
(2.13076 5.2299e-08 0)
(2.13076 4.47567e-08 0)
(2.13076 3.59276e-08 0)
(2.13076 2.86748e-08 0)
(2.13076 2.57044e-08 0)
(2.13076 2.19975e-08 0)
(2.13076 2.12778e-08 0)
(2.13076 2.85355e-08 0)
(2.13076 4.29088e-08 0)
(2.13076 5.65223e-08 0)
(2.13076 5.76596e-08 0)
(2.13076 4.40453e-08 0)
(2.13076 3.41567e-08 0)
(2.13076 4.68325e-08 0)
(2.13076 6.01695e-08 0)
(2.13076 7.54317e-08 0)
(2.13076 1.06792e-07 0)
(2.13076 1.1039e-07 0)
(2.13076 9.82277e-08 0)
(2.13076 6.82126e-08 0)
(2.13076 4.66282e-08 0)
(2.13076 6.25459e-08 0)
(2.13076 7.04852e-08 0)
(2.13076 6.8968e-08 0)
(2.13076 5.8023e-08 0)
(2.13076 4.85229e-08 0)
(2.13076 4.49745e-08 0)
(2.13076 3.76489e-08 0)
(2.13076 5.93648e-08 0)
(1.92874 1.41897e-06 0)
(1.92874 1.57499e-06 0)
(1.92874 1.85655e-06 0)
(1.92874 2.17969e-06 0)
(1.92875 2.42365e-06 0)
(1.92875 2.61313e-06 0)
(1.92875 2.75332e-06 0)
(1.92875 2.79436e-06 0)
(1.92875 2.7324e-06 0)
(1.92875 2.59372e-06 0)
(1.92875 2.41903e-06 0)
(1.92875 2.26912e-06 0)
(1.92875 2.12664e-06 0)
(1.92875 1.93899e-06 0)
(1.92875 1.71585e-06 0)
(1.92875 1.50645e-06 0)
(1.92875 1.29961e-06 0)
(1.92875 1.0815e-06 0)
(1.92875 8.87386e-07 0)
(1.92875 7.30401e-07 0)
(1.92875 5.9473e-07 0)
(1.92875 4.60749e-07 0)
(1.92875 3.29984e-07 0)
(1.92875 2.31403e-07 0)
(1.92875 1.65782e-07 0)
(1.92875 1.11588e-07 0)
(1.92875 7.73702e-08 0)
(1.92875 6.56246e-08 0)
(1.92875 4.17701e-08 0)
(1.92875 4.0543e-09 0)
(1.92875 -1.65563e-08 0)
(1.92875 -2.76469e-08 0)
(1.92875 -3.54566e-08 0)
(1.92875 -1.1581e-08 0)
(1.92875 4.33104e-08 0)
(1.92875 9.47387e-08 0)
(1.92875 1.2363e-07 0)
(1.92875 1.23615e-07 0)
(1.92875 9.27846e-08 0)
(1.92875 4.5648e-08 0)
(1.92875 1.88293e-09 0)
(1.92875 -3.57092e-08 0)
(1.92875 -7.29506e-08 0)
(1.92875 -1.09722e-07 0)
(1.92875 -1.36593e-07 0)
(1.92875 -1.45824e-07 0)
(1.92875 -1.40568e-07 0)
(1.92875 -1.3348e-07 0)
(1.92875 -1.36551e-07 0)
(1.92875 -1.48424e-07 0)
(1.92875 -1.52217e-07 0)
(1.92875 -1.29259e-07 0)
(1.92875 -7.56045e-08 0)
(1.92875 -4.51793e-09 0)
(1.92875 6.19498e-08 0)
(1.92875 1.09046e-07 0)
(1.92875 1.36604e-07 0)
(1.92875 1.52406e-07 0)
(1.92875 1.56044e-07 0)
(1.92875 1.36418e-07 0)
(1.92875 8.51627e-08 0)
(1.92875 7.88137e-09 0)
(1.92875 -7.41597e-08 0)
(1.92875 -1.36428e-07 0)
(1.92875 -1.68062e-07 0)
(1.92875 -1.7617e-07 0)
(1.92875 -1.74968e-07 0)
(1.92875 -1.70732e-07 0)
(1.92875 -1.62443e-07 0)
(1.92875 -1.5073e-07 0)
(1.92875 -1.4049e-07 0)
(1.92875 -1.36449e-07 0)
(1.92875 -1.36867e-07 0)
(1.92875 -1.31733e-07 0)
(1.92875 -1.10708e-07 0)
(1.92875 -7.34561e-08 0)
(1.92875 -3.48922e-08 0)
(1.92875 -1.68347e-08 0)
(1.92875 -2.89205e-08 0)
(1.92875 -6.05419e-08 0)
(1.92875 -9.24695e-08 0)
(1.92875 -1.12549e-07 0)
(1.92875 -1.18094e-07 0)
(1.92875 -1.12253e-07 0)
(1.92875 -9.75999e-08 0)
(1.92875 -7.3335e-08 0)
(1.92875 -4.14553e-08 0)
(1.92875 -1.2502e-08 0)
(1.92875 1.82121e-09 0)
(1.92875 3.28308e-10 0)
(1.92875 -4.13098e-09 0)
(1.92875 1.59045e-09 0)
(1.92875 1.94007e-08 0)
(1.92875 4.03565e-08 0)
(1.92875 5.3947e-08 0)
(1.92875 5.7788e-08 0)
(1.92875 6.06347e-08 0)
(1.92875 7.35732e-08 0)
(1.92875 9.60152e-08 0)
(1.92875 1.13192e-07 0)
(1.92875 1.09851e-07 0)
(1.92875 8.60035e-08 0)
(1.92875 5.48824e-08 0)
(1.92875 2.9518e-08 0)
(1.92875 1.49591e-08 0)
(1.92875 5.71738e-09 0)
(1.92875 -5.77046e-09 0)
(1.92875 -1.77127e-08 0)
(1.92875 -2.393e-08 0)
(1.92875 -2.41022e-08 0)
(1.92875 -2.16508e-08 0)
(1.92875 -2.24437e-08 0)
(1.92875 -2.93915e-08 0)
(1.92875 -3.20817e-08 0)
(1.92875 -1.69287e-08 0)
(1.92875 1.44301e-08 0)
(1.92875 4.7952e-08 0)
(1.92875 6.82862e-08 0)
(1.92875 7.10688e-08 0)
(1.92875 6.80755e-08 0)
(1.92875 6.87598e-08 0)
(1.92875 7.30039e-08 0)
(1.92875 7.70167e-08 0)
(1.92875 6.72253e-08 0)
(1.92875 3.99569e-08 0)
(1.92875 1.14154e-08 0)
(1.92875 -6.18221e-09 0)
(1.92875 -1.01444e-08 0)
(1.92875 -2.93987e-09 0)
(1.92875 1.24525e-08 0)
(1.92875 2.66242e-08 0)
(1.92875 2.71282e-08 0)
(1.92875 2.01813e-08 0)
(1.92875 2.24376e-08 0)
(1.92875 4.54689e-08 0)
(1.92875 7.12211e-08 0)
(1.92875 8.78776e-08 0)
(1.92875 1.10023e-07 0)
(1.92875 1.06551e-07 0)
(1.92875 8.81777e-08 0)
(1.92875 6.82685e-08 0)
(1.92875 5.11812e-08 0)
(1.92875 6.15457e-08 0)
(1.92875 6.79437e-08 0)
(1.92875 6.80432e-08 0)
(1.92875 6.35971e-08 0)
(1.92875 5.43441e-08 0)
(1.92875 6.06883e-08 0)
(1.92875 7.00937e-08 0)
(1.92875 7.4982e-08 0)
(1.64559 1.24279e-06 0)
(1.64559 1.42266e-06 0)
(1.64559 1.65706e-06 0)
(1.64559 1.90377e-06 0)
(1.64559 2.14608e-06 0)
(1.64559 2.30127e-06 0)
(1.64559 2.34698e-06 0)
(1.64559 2.2771e-06 0)
(1.64559 2.15717e-06 0)
(1.6456 2.04061e-06 0)
(1.6456 1.89559e-06 0)
(1.6456 1.74797e-06 0)
(1.6456 1.61851e-06 0)
(1.6456 1.47036e-06 0)
(1.6456 1.28491e-06 0)
(1.6456 1.10618e-06 0)
(1.6456 9.48767e-07 0)
(1.6456 7.89851e-07 0)
(1.6456 6.46228e-07 0)
(1.6456 5.31988e-07 0)
(1.6456 4.38696e-07 0)
(1.6456 3.48559e-07 0)
(1.6456 2.42277e-07 0)
(1.6456 1.38355e-07 0)
(1.6456 7.28369e-08 0)
(1.6456 4.28985e-08 0)
(1.6456 3.6456e-08 0)
(1.6456 5.41365e-08 0)
(1.6456 6.50939e-08 0)
(1.6456 4.19382e-08 0)
(1.6456 1.93109e-08 0)
(1.6456 2.45357e-08 0)
(1.6456 4.38586e-08 0)
(1.6456 7.36883e-08 0)
(1.6456 1.09548e-07 0)
(1.6456 1.25955e-07 0)
(1.6456 1.16746e-07 0)
(1.6456 9.79677e-08 0)
(1.6456 7.24693e-08 0)
(1.6456 3.0969e-08 0)
(1.6456 -2.59596e-08 0)
(1.6456 -8.4413e-08 0)
(1.6456 -1.31985e-07 0)
(1.6456 -1.62397e-07 0)
(1.6456 -1.78259e-07 0)
(1.6456 -1.88229e-07 0)
(1.6456 -1.99793e-07 0)
(1.6456 -2.10803e-07 0)
(1.6456 -2.09854e-07 0)
(1.6456 -1.86913e-07 0)
(1.6456 -1.40456e-07 0)
(1.6456 -7.77661e-08 0)
(1.6456 -6.50864e-09 0)
(1.6456 6.84208e-08 0)
(1.6456 1.3908e-07 0)
(1.6456 1.89333e-07 0)
(1.6456 2.05719e-07 0)
(1.6456 1.8815e-07 0)
(1.6456 1.46297e-07 0)
(1.6456 8.88006e-08 0)
(1.6456 1.85674e-08 0)
(1.6456 -6.2863e-08 0)
(1.6456 -1.46359e-07 0)
(1.6456 -2.14244e-07 0)
(1.6456 -2.49397e-07 0)
(1.6456 -2.48781e-07 0)
(1.6456 -2.27328e-07 0)
(1.6456 -2.0438e-07 0)
(1.6456 -1.89952e-07 0)
(1.6456 -1.84286e-07 0)
(1.6456 -1.81522e-07 0)
(1.6456 -1.75076e-07 0)
(1.6456 -1.63225e-07 0)
(1.6456 -1.46707e-07 0)
(1.6456 -1.26499e-07 0)
(1.6456 -1.01414e-07 0)
(1.6456 -7.30346e-08 0)
(1.6456 -5.31437e-08 0)
(1.6456 -5.57994e-08 0)
(1.6456 -8.07123e-08 0)
(1.6456 -1.10993e-07 0)
(1.6456 -1.25862e-07 0)
(1.6456 -1.13247e-07 0)
(1.6456 -7.67013e-08 0)
(1.6456 -3.34914e-08 0)
(1.6456 -1.31864e-09 0)
(1.6456 1.49603e-08 0)
(1.6456 2.11996e-08 0)
(1.6456 2.24947e-08 0)
(1.6456 1.96976e-08 0)
(1.6456 1.28063e-08 0)
(1.6456 5.06879e-09 0)
(1.6456 1.99077e-09 0)
(1.6456 8.25709e-09 0)
(1.6456 2.53147e-08 0)
(1.6456 4.85988e-08 0)
(1.6456 7.10784e-08 0)
(1.6456 9.03857e-08 0)
(1.6456 1.08332e-07 0)
(1.6456 1.23583e-07 0)
(1.6456 1.277e-07 0)
(1.6456 1.1447e-07 0)
(1.6456 8.78334e-08 0)
(1.6456 5.85409e-08 0)
(1.6456 3.81083e-08 0)
(1.6456 3.04576e-08 0)
(1.6456 2.85661e-08 0)
(1.6456 2.53019e-08 0)
(1.6456 1.88563e-08 0)
(1.6456 8.32139e-09 0)
(1.6456 -3.74928e-09 0)
(1.6456 -1.13146e-08 0)
(1.6456 -1.5029e-08 0)
(1.6456 -1.56392e-08 0)
(1.6456 -7.14892e-09 0)
(1.6456 1.10954e-08 0)
(1.6456 3.09854e-08 0)
(1.6456 4.75729e-08 0)
(1.6456 6.222e-08 0)
(1.6456 8.10879e-08 0)
(1.6456 1.02068e-07 0)
(1.6456 1.16763e-07 0)
(1.6456 1.26194e-07 0)
(1.6456 1.21937e-07 0)
(1.6456 8.88763e-08 0)
(1.6456 4.2084e-08 0)
(1.6456 1.04267e-08 0)
(1.6456 1.43752e-09 0)
(1.6456 4.12594e-09 0)
(1.6456 1.06596e-08 0)
(1.6456 2.00462e-08 0)
(1.6456 2.70713e-08 0)
(1.6456 4.01601e-08 0)
(1.6456 6.13762e-08 0)
(1.6456 8.25541e-08 0)
(1.6456 1.03642e-07 0)
(1.6456 1.05877e-07 0)
(1.6456 9.84252e-08 0)
(1.6456 9.36427e-08 0)
(1.6456 8.08143e-08 0)
(1.6456 7.89662e-08 0)
(1.6456 6.74189e-08 0)
(1.6456 6.48521e-08 0)
(1.6456 5.48057e-08 0)
(1.6456 4.82345e-08 0)
(1.6456 3.89449e-08 0)
(1.6456 3.05421e-08 0)
(1.6456 4.80784e-08 0)
(1.6456 5.54737e-08 0)
(1.6456 1.3907e-08 0)
(1.28097 9.61894e-07 0)
(1.28097 1.12351e-06 0)
(1.28098 1.27482e-06 0)
(1.28098 1.42365e-06 0)
(1.28098 1.58841e-06 0)
(1.28098 1.68798e-06 0)
(1.28098 1.67203e-06 0)
(1.28098 1.56519e-06 0)
(1.28098 1.44033e-06 0)
(1.28098 1.35593e-06 0)
(1.28098 1.26207e-06 0)
(1.28098 1.13501e-06 0)
(1.28098 1.00957e-06 0)
(1.28098 9.01417e-07 0)
(1.28098 7.79316e-07 0)
(1.28098 6.46927e-07 0)
(1.28098 5.43124e-07 0)
(1.28098 4.64733e-07 0)
(1.28098 3.94564e-07 0)
(1.28098 3.23111e-07 0)
(1.28098 2.49405e-07 0)
(1.28099 1.83595e-07 0)
(1.28099 1.16656e-07 0)
(1.28099 4.37407e-08 0)
(1.28099 -1.17917e-09 0)
(1.28099 6.97118e-10 0)
(1.28099 2.65322e-08 0)
(1.28099 6.29509e-08 0)
(1.28099 9.57809e-08 0)
(1.28099 9.6153e-08 0)
(1.28099 7.64878e-08 0)
(1.28099 7.94609e-08 0)
(1.28099 1.05161e-07 0)
(1.28099 1.3319e-07 0)
(1.28099 1.54886e-07 0)
(1.28099 1.53005e-07 0)
(1.28099 1.18196e-07 0)
(1.28099 7.05513e-08 0)
(1.28099 3.23984e-08 0)
(1.28099 9.33944e-10 0)
(1.28099 -3.7653e-08 0)
(1.28099 -8.09355e-08 0)
(1.28099 -1.14716e-07 0)
(1.28099 -1.29556e-07 0)
(1.28099 -1.30486e-07 0)
(1.28099 -1.33327e-07 0)
(1.28099 -1.50835e-07 0)
(1.28099 -1.7977e-07 0)
(1.28099 -1.99747e-07 0)
(1.28099 -1.84915e-07 0)
(1.28099 -1.24025e-07 0)
(1.28099 -3.21348e-08 0)
(1.28099 6.11623e-08 0)
(1.28099 1.34821e-07 0)
(1.28099 1.85832e-07 0)
(1.28099 2.16475e-07 0)
(1.28099 2.21978e-07 0)
(1.28099 1.93451e-07 0)
(1.28099 1.29379e-07 0)
(1.28099 4.13265e-08 0)
(1.28099 -5.06358e-08 0)
(1.28099 -1.29302e-07 0)
(1.28099 -1.87183e-07 0)
(1.28099 -2.24364e-07 0)
(1.28099 -2.41469e-07 0)
(1.28099 -2.37393e-07 0)
(1.28099 -2.15799e-07 0)
(1.28099 -1.88541e-07 0)
(1.28099 -1.67768e-07 0)
(1.28099 -1.61281e-07 0)
(1.28099 -1.69665e-07 0)
(1.28099 -1.82335e-07 0)
(1.28099 -1.84165e-07 0)
(1.28099 -1.67523e-07 0)
(1.28099 -1.39918e-07 0)
(1.28099 -1.16855e-07 0)
(1.28099 -1.05584e-07 0)
(1.28099 -1.02849e-07 0)
(1.28099 -1.04017e-07 0)
(1.28099 -1.05991e-07 0)
(1.28099 -1.04423e-07 0)
(1.28099 -9.347e-08 0)
(1.28099 -6.73921e-08 0)
(1.28099 -2.41309e-08 0)
(1.28099 2.8081e-08 0)
(1.28099 7.07172e-08 0)
(1.28099 8.6524e-08 0)
(1.28099 7.40999e-08 0)
(1.28099 4.54339e-08 0)
(1.28099 1.50131e-08 0)
(1.28099 -8.72668e-09 0)
(1.28099 -2.41388e-08 0)
(1.28099 -3.22909e-08 0)
(1.28099 -3.17748e-08 0)
(1.28099 -1.71767e-08 0)
(1.28099 1.44536e-08 0)
(1.28099 5.48226e-08 0)
(1.28099 8.73368e-08 0)
(1.28099 1.00447e-07 0)
(1.28099 9.48938e-08 0)
(1.28099 7.93481e-08 0)
(1.28099 6.13789e-08 0)
(1.28099 4.44423e-08 0)
(1.28099 2.80577e-08 0)
(1.28099 1.30644e-08 0)
(1.28098 4.98005e-09 0)
(1.28098 7.24199e-09 0)
(1.28099 1.58867e-08 0)
(1.28099 2.3495e-08 0)
(1.28099 2.11624e-08 0)
(1.28099 6.44162e-09 0)
(1.28099 -9.39189e-09 0)
(1.28099 -1.38313e-08 0)
(1.28099 -5.34098e-09 0)
(1.28099 1.06952e-08 0)
(1.28099 2.42099e-08 0)
(1.28099 2.9893e-08 0)
(1.28099 3.69684e-08 0)
(1.28099 5.4389e-08 0)
(1.28099 8.02229e-08 0)
(1.28099 1.06734e-07 0)
(1.28099 1.2303e-07 0)
(1.28099 1.26328e-07 0)
(1.28099 1.18965e-07 0)
(1.28099 9.54299e-08 0)
(1.28099 6.26401e-08 0)
(1.28099 3.84508e-08 0)
(1.28099 2.75144e-08 0)
(1.28099 2.33064e-08 0)
(1.28099 2.51726e-08 0)
(1.28099 3.76591e-08 0)
(1.28099 5.62635e-08 0)
(1.28099 8.25923e-08 0)
(1.28099 1.09866e-07 0)
(1.28099 1.22646e-07 0)
(1.28099 1.27085e-07 0)
(1.28099 1.16582e-07 0)
(1.28099 8.98563e-08 0)
(1.28099 8.78278e-08 0)
(1.28099 8.23287e-08 0)
(1.28099 1.05257e-07 0)
(1.28099 1.05822e-07 0)
(1.28099 6.74479e-08 0)
(1.28099 3.10235e-08 0)
(1.28099 1.74672e-08 0)
(1.28099 1.08903e-08 0)
(1.28099 2.43846e-08 0)
(1.28099 2.06712e-08 0)
(1.28099 -2.51901e-08 0)
(1.28099 -1.05314e-07 0)
(0.834508 5.56202e-07 0)
(0.834508 6.15731e-07 0)
(0.834509 6.83841e-07 0)
(0.834509 7.04128e-07 0)
(0.83451 6.8415e-07 0)
(0.834511 6.74813e-07 0)
(0.834511 6.62915e-07 0)
(0.834512 6.39553e-07 0)
(0.834513 5.97156e-07 0)
(0.834514 5.83605e-07 0)
(0.834514 5.88611e-07 0)
(0.834515 5.50374e-07 0)
(0.834516 4.56765e-07 0)
(0.834516 3.57741e-07 0)
(0.834516 2.77136e-07 0)
(0.834517 2.08978e-07 0)
(0.834517 1.67135e-07 0)
(0.834517 1.46669e-07 0)
(0.834517 1.35682e-07 0)
(0.834517 1.31864e-07 0)
(0.834517 1.17774e-07 0)
(0.834517 8.61124e-08 0)
(0.834518 5.02951e-08 0)
(0.834518 2.36642e-08 0)
(0.834518 2.41842e-08 0)
(0.834518 6.12146e-08 0)
(0.834518 1.03652e-07 0)
(0.834518 1.20587e-07 0)
(0.834518 1.16496e-07 0)
(0.834518 9.35094e-08 0)
(0.834519 5.65672e-08 0)
(0.834519 3.70224e-08 0)
(0.834519 4.42317e-08 0)
(0.834519 5.84502e-08 0)
(0.834519 7.15002e-08 0)
(0.834519 8.3134e-08 0)
(0.834519 7.89558e-08 0)
(0.834519 5.00171e-08 0)
(0.834519 8.09589e-09 0)
(0.834519 -2.81575e-08 0)
(0.834519 -5.10751e-08 0)
(0.834519 -6.09984e-08 0)
(0.834519 -5.90558e-08 0)
(0.834519 -4.93681e-08 0)
(0.834519 -4.10443e-08 0)
(0.834519 -4.43331e-08 0)
(0.834519 -6.1726e-08 0)
(0.834519 -8.53656e-08 0)
(0.834519 -1.01566e-07 0)
(0.834519 -9.63782e-08 0)
(0.834519 -6.05314e-08 0)
(0.834519 3.2202e-09 0)
(0.834519 7.52551e-08 0)
(0.834519 1.30399e-07 0)
(0.834519 1.54912e-07 0)
(0.834519 1.54406e-07 0)
(0.834519 1.41275e-07 0)
(0.834519 1.21196e-07 0)
(0.834519 9.06034e-08 0)
(0.834519 4.52643e-08 0)
(0.834519 -9.16749e-09 0)
(0.83452 -5.872e-08 0)
(0.83452 -9.24249e-08 0)
(0.83452 -1.09862e-07 0)
(0.83452 -1.18603e-07 0)
(0.83452 -1.23566e-07 0)
(0.83452 -1.24087e-07 0)
(0.834519 -1.20813e-07 0)
(0.834519 -1.16859e-07 0)
(0.834519 -1.16195e-07 0)
(0.834519 -1.2278e-07 0)
(0.834519 -1.35508e-07 0)
(0.834519 -1.43947e-07 0)
(0.834519 -1.34408e-07 0)
(0.834519 -1.0326e-07 0)
(0.834519 -6.46042e-08 0)
(0.834519 -3.89077e-08 0)
(0.834519 -3.35894e-08 0)
(0.834519 -4.0876e-08 0)
(0.834519 -4.82058e-08 0)
(0.834518 -4.63326e-08 0)
(0.834518 -3.27675e-08 0)
(0.834518 -1.21295e-08 0)
(0.834518 1.14031e-08 0)
(0.834518 3.62231e-08 0)
(0.834518 5.85293e-08 0)
(0.834518 6.86871e-08 0)
(0.834518 5.7856e-08 0)
(0.834518 2.68819e-08 0)
(0.834518 -1.30579e-08 0)
(0.834518 -4.66939e-08 0)
(0.834518 -6.28442e-08 0)
(0.834518 -5.92004e-08 0)
(0.834518 -4.13631e-08 0)
(0.834518 -1.66274e-08 0)
(0.834518 1.16977e-08 0)
(0.834518 4.11495e-08 0)
(0.834518 6.37123e-08 0)
(0.834518 6.90524e-08 0)
(0.834518 5.38315e-08 0)
(0.834517 2.58425e-08 0)
(0.834517 -2.61921e-09 0)
(0.834517 -2.27589e-08 0)
(0.834517 -3.29565e-08 0)
(0.834517 -3.70129e-08 0)
(0.834517 -3.66581e-08 0)
(0.834517 -3.08945e-08 0)
(0.834517 -2.14567e-08 0)
(0.834517 -1.05238e-08 0)
(0.834517 -7.2368e-10 0)
(0.834517 1.84708e-09 0)
(0.834517 -1.48453e-09 0)
(0.834517 4.79652e-10 0)
(0.834518 1.22819e-08 0)
(0.834518 2.53889e-08 0)
(0.834518 3.02999e-08 0)
(0.834518 2.57425e-08 0)
(0.834518 1.99407e-08 0)
(0.834518 1.98925e-08 0)
(0.834518 2.69466e-08 0)
(0.834518 4.38471e-08 0)
(0.834518 5.94433e-08 0)
(0.834518 5.3807e-08 0)
(0.834518 3.17013e-08 0)
(0.834518 1.26889e-08 0)
(0.834518 3.84992e-09 0)
(0.834518 9.72264e-10 0)
(0.834518 -6.72522e-10 0)
(0.834518 3.79001e-09 0)
(0.834518 1.71185e-08 0)
(0.834518 3.53279e-08 0)
(0.834518 6.19551e-08 0)
(0.834518 9.41981e-08 0)
(0.834518 1.16985e-07 0)
(0.834518 1.1906e-07 0)
(0.834518 1.0811e-07 0)
(0.834518 9.59635e-08 0)
(0.834518 7.74564e-08 0)
(0.834518 8.79019e-08 0)
(0.834518 8.40688e-08 0)
(0.834518 7.07046e-08 0)
(0.834518 5.96519e-08 0)
(0.834518 1.32099e-08 0)
(0.834518 -2.27506e-08 0)
(0.834518 -1.48323e-08 0)
(0.834518 1.2304e-08 0)
(0.834518 2.15015e-08 0)
(0.834518 -8.63358e-09 0)
(0.834518 -4.44406e-08 0)
(0.834518 -7.49318e-08 0)
(0.305754 1.53573e-07 0)
(0.305754 1.48203e-07 0)
(0.305755 1.62362e-07 0)
(0.305755 1.41522e-07 0)
(0.305755 9.19557e-08 0)
(0.305756 6.36212e-08 0)
(0.305756 6.10536e-08 0)
(0.305756 6.89092e-08 0)
(0.305757 7.23263e-08 0)
(0.305757 8.31935e-08 0)
(0.305758 9.90191e-08 0)
(0.305758 9.05478e-08 0)
(0.305758 5.23034e-08 0)
(0.305758 1.23581e-08 0)
(0.305758 -8.49289e-09 0)
(0.305759 -1.30002e-08 0)
(0.305759 -6.53641e-09 0)
(0.305759 2.5593e-09 0)
(0.305759 1.09147e-08 0)
(0.305759 2.53757e-08 0)
(0.305759 4.31375e-08 0)
(0.305759 5.17507e-08 0)
(0.305759 5.14734e-08 0)
(0.305759 5.16674e-08 0)
(0.305759 5.8327e-08 0)
(0.305759 7.19844e-08 0)
(0.305759 8.22954e-08 0)
(0.305759 7.64651e-08 0)
(0.305759 5.81846e-08 0)
(0.305759 3.601e-08 0)
(0.305759 1.52413e-08 0)
(0.30576 4.6445e-09 0)
(0.30576 7.37834e-09 0)
(0.30576 1.38116e-08 0)
(0.30576 1.72095e-08 0)
(0.30576 2.07931e-08 0)
(0.30576 2.41376e-08 0)
(0.30576 2.14539e-08 0)
(0.30576 1.03272e-08 0)
(0.30576 -3.59592e-09 0)
(0.30576 -1.27225e-08 0)
(0.30576 -1.41577e-08 0)
(0.30576 -1.05871e-08 0)
(0.30576 -7.25953e-09 0)
(0.30576 -8.5766e-09 0)
(0.30576 -1.65925e-08 0)
(0.30576 -2.88561e-08 0)
(0.30576 -3.91788e-08 0)
(0.30576 -4.15551e-08 0)
(0.30576 -3.42627e-08 0)
(0.30576 -1.84611e-08 0)
(0.30576 3.37196e-09 0)
(0.30576 2.68783e-08 0)
(0.30576 4.64999e-08 0)
(0.30576 5.70503e-08 0)
(0.30576 5.78852e-08 0)
(0.30576 5.2899e-08 0)
(0.30576 4.66766e-08 0)
(0.30576 4.03157e-08 0)
(0.30576 3.14835e-08 0)
(0.305761 1.8729e-08 0)
(0.305761 4.86751e-09 0)
(0.305761 -6.81313e-09 0)
(0.305761 -1.57415e-08 0)
(0.305761 -2.43005e-08 0)
(0.305761 -3.33855e-08 0)
(0.305761 -4.17295e-08 0)
(0.30576 -4.87673e-08 0)
(0.30576 -5.56514e-08 0)
(0.30576 -6.22133e-08 0)
(0.30576 -6.70465e-08 0)
(0.30576 -6.88285e-08 0)
(0.30576 -6.59628e-08 0)
(0.30576 -5.6357e-08 0)
(0.30576 -3.92367e-08 0)
(0.30576 -1.85037e-08 0)
(0.30576 -1.98134e-09 0)
(0.30576 4.9086e-09 0)
(0.30576 3.33789e-09 0)
(0.30576 -1.71366e-09 0)
(0.30576 -5.16311e-09 0)
(0.30576 -4.89376e-09 0)
(0.30576 -2.22797e-09 0)
(0.30576 7.18835e-10 0)
(0.30576 2.90672e-09 0)
(0.30576 4.14891e-09 0)
(0.305759 3.91787e-09 0)
(0.305759 -1.11355e-10 0)
(0.305759 -9.01326e-09 0)
(0.305759 -2.09966e-08 0)
(0.305759 -3.13386e-08 0)
(0.305759 -3.53408e-08 0)
(0.305759 -3.04188e-08 0)
(0.305759 -1.82741e-08 0)
(0.305759 -3.4272e-09 0)
(0.305759 9.65394e-09 0)
(0.305759 1.8692e-08 0)
(0.305759 2.23848e-08 0)
(0.305759 2.0411e-08 0)
(0.305759 1.36642e-08 0)
(0.305759 4.55304e-09 0)
(0.305759 -3.65477e-09 0)
(0.305759 -8.74581e-09 0)
(0.305759 -1.05244e-08 0)
(0.305759 -9.94374e-09 0)
(0.305759 -7.47099e-09 0)
(0.305759 -3.38067e-09 0)
(0.305759 7.53735e-10 0)
(0.305759 4.3223e-09 0)
(0.305759 8.60688e-09 0)
(0.305759 1.32448e-08 0)
(0.305759 1.73216e-08 0)
(0.305759 2.22365e-08 0)
(0.305759 2.73384e-08 0)
(0.305759 2.80435e-08 0)
(0.305759 2.26463e-08 0)
(0.305759 1.39155e-08 0)
(0.305759 6.66285e-09 0)
(0.305759 3.37994e-09 0)
(0.305759 3.71384e-09 0)
(0.305759 7.46666e-09 0)
(0.305759 1.08704e-08 0)
(0.305759 6.47801e-09 0)
(0.305759 -4.64899e-09 0)
(0.305759 -1.29412e-08 0)
(0.305759 -1.45715e-08 0)
(0.305759 -1.31579e-08 0)
(0.305759 -1.11924e-08 0)
(0.305759 -6.95641e-09 0)
(0.305759 3.17802e-10 0)
(0.305759 1.17125e-08 0)
(0.305759 3.05847e-08 0)
(0.305759 5.10449e-08 0)
(0.305759 6.35469e-08 0)
(0.305759 6.27934e-08 0)
(0.305759 4.84615e-08 0)
(0.305759 3.37261e-08 0)
(0.305759 2.62953e-08 0)
(0.305759 4.04682e-08 0)
(0.305759 4.73096e-08 0)
(0.305759 3.05542e-08 0)
(0.305759 1.22428e-08 0)
(0.305759 -9.87295e-09 0)
(0.305759 -2.39812e-08 0)
(0.305759 -9.68622e-09 0)
(0.305759 1.25427e-08 0)
(0.305759 6.25556e-09 0)
(0.305759 -2.11717e-09 0)
(0.305759 -5.93683e-11 0)
(0.305759 -1.34582e-08 0)
)
;

boundaryField
{
    inlet
    {
        type            zeroGradient;
    }
    outlet
    {
        type            zeroGradient;
    }
    walls
    {
        type            noSlip;
    }
    frontAndBack
    {
        type            empty;
    }
}


// ************************************************************************* //
