/*--------------------------------*- C++ -*----------------------------------*\
| =========                 |                                                 |
| \\      /  F ield         | OpenFOAM: The Open Source CFD Toolbox           |
|  \\    /   O peration     | Version:  2406                                  |
|   \\  /    A nd           | Website:  www.openfoam.com                      |
|    \\/     M anipulation  |                                                 |
\*---------------------------------------------------------------------------*/
FoamFile
{
    version     2.0;
    format      ascii;
    arch        "LSB;label=32;scalar=64";
    class       volScalarField;
    location    "0.3";
    object      p;
}
// * * * * * * * * * * * * * * * * * * * * * * * * * * * * * * * * * * * * * //

dimensions      [0 2 -2 0 0 0 0];

internalField   nonuniform List<scalar> 
2250
(
119.938
119.813
119.689
119.564
119.44
119.315
119.191
119.066
118.942
118.817
118.693
118.568
118.444
118.319
118.195
118.07
117.946
117.821
117.697
117.572
117.448
117.323
117.199
117.074
116.95
116.825
116.701
116.576
116.452
116.327
116.203
116.078
115.954
115.829
115.705
115.58
115.456
115.331
115.207
115.082
114.958
114.833
114.709
114.584
114.46
114.335
114.211
114.086
113.962
113.837
113.713
113.588
113.464
113.339
113.215
113.09
112.966
112.841
112.717
112.592
112.468
112.343
112.219
112.094
111.97
111.845
111.721
111.596
111.472
111.347
111.223
111.098
110.974
110.849
110.725
110.6
110.476
110.351
110.227
110.102
109.978
109.853
109.729
109.604
109.48
109.355
109.231
109.106
108.982
108.857
108.733
108.608
108.484
108.359
108.235
108.11
107.986
107.861
107.737
107.612
107.488
107.363
107.239
107.114
106.99
106.865
106.741
106.616
106.492
106.367
106.243
106.118
105.994
105.869
105.745
105.62
105.496
105.371
105.247
105.122
104.998
104.873
104.749
104.624
104.5
104.375
104.251
104.126
104.002
103.877
103.753
103.628
103.504
103.379
103.255
103.13
103.006
102.881
102.757
102.632
102.508
102.383
102.259
102.134
102.01
101.885
101.761
101.636
101.512
101.387
119.938
119.813
119.689
119.564
119.44
119.315
119.191
119.066
118.942
118.817
118.693
118.568
118.444
118.319
118.195
118.07
117.946
117.821
117.697
117.572
117.448
117.323
117.199
117.074
116.95
116.825
116.701
116.576
116.452
116.327
116.203
116.078
115.954
115.829
115.705
115.58
115.456
115.331
115.207
115.082
114.958
114.833
114.709
114.584
114.46
114.335
114.211
114.086
113.962
113.837
113.713
113.588
113.464
113.339
113.215
113.09
112.966
112.841
112.717
112.592
112.468
112.343
112.219
112.094
111.97
111.845
111.721
111.596
111.472
111.347
111.223
111.098
110.974
110.849
110.725
110.6
110.476
110.351
110.227
110.102
109.978
109.853
109.729
109.604
109.48
109.355
109.231
109.106
108.982
108.857
108.733
108.608
108.484
108.359
108.235
108.11
107.986
107.861
107.737
107.612
107.488
107.363
107.239
107.114
106.99
106.865
106.741
106.616
106.492
106.367
106.243
106.118
105.994
105.869
105.745
105.62
105.496
105.371
105.247
105.122
104.998
104.873
104.749
104.624
104.5
104.375
104.251
104.126
104.002
103.877
103.753
103.628
103.504
103.379
103.255
103.13
103.006
102.881
102.757
102.632
102.508
102.383
102.259
102.134
102.01
101.885
101.761
101.636
101.512
101.387
119.938
119.813
119.689
119.564
119.44
119.315
119.191
119.066
118.942
118.817
118.693
118.568
118.444
118.319
118.195
118.07
117.946
117.821
117.697
117.572
117.448
117.323
117.199
117.074
116.95
116.825
116.701
116.576
116.452
116.327
116.203
116.078
115.954
115.829
115.705
115.58
115.456
115.331
115.207
115.082
114.958
114.833
114.709
114.584
114.46
114.335
114.211
114.086
113.962
113.837
113.713
113.588
113.464
113.339
113.215
113.09
112.966
112.841
112.717
112.592
112.468
112.343
112.219
112.094
111.97
111.845
111.721
111.596
111.472
111.347
111.223
111.098
110.974
110.849
110.725
110.6
110.476
110.351
110.227
110.102
109.978
109.853
109.729
109.604
109.48
109.355
109.231
109.106
108.982
108.857
108.733
108.608
108.484
108.359
108.235
108.11
107.986
107.861
107.737
107.612
107.488
107.363
107.239
107.114
106.99
106.865
106.741
106.616
106.492
106.367
106.243
106.118
105.994
105.869
105.745
105.62
105.496
105.371
105.247
105.122
104.998
104.873
104.749
104.624
104.5
104.375
104.251
104.126
104.002
103.877
103.753
103.628
103.504
103.379
103.255
103.13
103.006
102.881
102.757
102.632
102.508
102.383
102.259
102.134
102.01
101.885
101.761
101.636
101.512
101.387
119.938
119.813
119.689
119.564
119.44
119.315
119.191
119.066
118.942
118.817
118.693
118.568
118.444
118.319
118.195
118.07
117.946
117.821
117.697
117.572
117.448
117.323
117.199
117.074
116.95
116.825
116.701
116.576
116.452
116.327
116.203
116.078
115.954
115.829
115.705
115.58
115.456
115.331
115.207
115.082
114.958
114.833
114.709
114.584
114.46
114.335
114.211
114.086
113.962
113.837
113.713
113.588
113.464
113.339
113.215
113.09
112.966
112.841
112.717
112.592
112.468
112.343
112.219
112.094
111.97
111.845
111.721
111.596
111.472
111.347
111.223
111.098
110.974
110.849
110.725
110.6
110.476
110.351
110.227
110.102
109.978
109.853
109.729
109.604
109.48
109.355
109.231
109.106
108.982
108.857
108.733
108.608
108.484
108.359
108.235
108.11
107.986
107.861
107.737
107.612
107.488
107.363
107.239
107.114
106.99
106.865
106.741
106.616
106.492
106.367
106.243
106.118
105.994
105.869
105.745
105.62
105.496
105.371
105.247
105.122
104.998
104.873
104.749
104.624
104.5
104.375
104.251
104.126
104.002
103.877
103.753
103.628
103.504
103.379
103.255
103.13
103.006
102.881
102.757
102.632
102.508
102.383
102.259
102.134
102.01
101.885
101.761
101.636
101.512
101.387
119.938
119.813
119.689
119.564
119.44
119.315
119.191
119.066
118.942
118.817
118.693
118.568
118.444
118.319
118.195
118.07
117.946
117.821
117.697
117.572
117.448
117.323
117.199
117.074
116.95
116.825
116.701
116.576
116.452
116.327
116.203
116.078
115.954
115.829
115.705
115.58
115.456
115.331
115.207
115.082
114.958
114.833
114.709
114.584
114.46
114.335
114.211
114.086
113.962
113.837
113.713
113.588
113.464
113.339
113.215
113.09
112.966
112.841
112.717
112.592
112.468
112.343
112.219
112.094
111.97
111.845
111.721
111.596
111.472
111.347
111.223
111.098
110.974
110.849
110.725
110.6
110.476
110.351
110.227
110.102
109.978
109.853
109.729
109.604
109.48
109.355
109.231
109.106
108.982
108.857
108.733
108.608
108.484
108.359
108.235
108.11
107.986
107.861
107.737
107.612
107.488
107.363
107.239
107.114
106.99
106.865
106.741
106.616
106.492
106.367
106.243
106.118
105.994
105.869
105.745
105.62
105.496
105.371
105.247
105.122
104.998
104.873
104.749
104.624
104.5
104.375
104.251
104.126
104.002
103.877
103.753
103.628
103.504
103.379
103.255
103.13
103.006
102.881
102.757
102.632
102.508
102.383
102.259
102.134
102.01
101.885
101.761
101.636
101.512
101.387
119.938
119.813
119.689
119.564
119.44
119.315
119.191
119.066
118.942
118.817
118.693
118.568
118.444
118.319
118.195
118.07
117.946
117.821
117.697
117.572
117.448
117.323
117.199
117.074
116.95
116.825
116.701
116.576
116.452
116.327
116.203
116.078
115.954
115.829
115.705
115.58
115.456
115.331
115.207
115.082
114.958
114.833
114.709
114.584
114.46
114.335
114.211
114.086
113.962
113.837
113.713
113.588
113.464
113.339
113.215
113.09
112.966
112.841
112.717
112.592
112.468
112.343
112.219
112.094
111.97
111.845
111.721
111.596
111.472
111.347
111.223
111.098
110.974
110.849
110.725
110.6
110.476
110.351
110.227
110.102
109.978
109.853
109.729
109.604
109.48
109.355
109.231
109.106
108.982
108.857
108.733
108.608
108.484
108.359
108.235
108.11
107.986
107.861
107.737
107.612
107.488
107.363
107.239
107.114
106.99
106.865
106.741
106.616
106.492
106.367
106.243
106.118
105.994
105.869
105.745
105.62
105.496
105.371
105.247
105.122
104.998
104.873
104.749
104.624
104.5
104.375
104.251
104.126
104.002
103.877
103.753
103.628
103.504
103.379
103.255
103.13
103.006
102.881
102.757
102.632
102.508
102.383
102.259
102.134
102.01
101.885
101.761
101.636
101.512
101.387
119.938
119.813
119.689
119.564
119.44
119.315
119.191
119.066
118.942
118.817
118.693
118.568
118.444
118.319
118.195
118.07
117.946
117.821
117.697
117.572
117.448
117.323
117.199
117.074
116.95
116.825
116.701
116.576
116.452
116.327
116.203
116.078
115.954
115.829
115.705
115.58
115.456
115.331
115.207
115.082
114.958
114.833
114.709
114.584
114.46
114.335
114.211
114.086
113.962
113.837
113.713
113.588
113.464
113.339
113.215
113.09
112.966
112.841
112.717
112.592
112.468
112.343
112.219
112.094
111.97
111.845
111.721
111.596
111.472
111.347
111.223
111.098
110.974
110.849
110.725
110.6
110.476
110.351
110.227
110.102
109.978
109.853
109.729
109.604
109.48
109.355
109.231
109.106
108.982
108.857
108.733
108.608
108.484
108.359
108.235
108.11
107.986
107.861
107.737
107.612
107.488
107.363
107.239
107.114
106.99
106.865
106.741
106.616
106.492
106.367
106.243
106.118
105.994
105.869
105.745
105.62
105.496
105.371
105.247
105.122
104.998
104.873
104.749
104.624
104.5
104.375
104.251
104.126
104.002
103.877
103.753
103.628
103.504
103.379
103.255
103.13
103.006
102.881
102.757
102.632
102.508
102.383
102.259
102.134
102.01
101.885
101.761
101.636
101.512
101.387
119.938
119.813
119.689
119.564
119.44
119.315
119.191
119.066
118.942
118.817
118.693
118.568
118.444
118.319
118.195
118.07
117.946
117.821
117.697
117.572
117.448
117.323
117.199
117.074
116.95
116.825
116.701
116.576
116.452
116.327
116.203
116.078
115.954
115.829
115.705
115.58
115.456
115.331
115.207
115.082
114.958
114.833
114.709
114.584
114.46
114.335
114.211
114.086
113.962
113.837
113.713
113.588
113.464
113.339
113.215
113.09
112.966
112.841
112.717
112.592
112.468
112.343
112.219
112.094
111.97
111.845
111.721
111.596
111.472
111.347
111.223
111.098
110.974
110.849
110.725
110.6
110.476
110.351
110.227
110.102
109.978
109.853
109.729
109.604
109.48
109.355
109.231
109.106
108.982
108.857
108.733
108.608
108.484
108.359
108.235
108.11
107.986
107.861
107.737
107.612
107.488
107.363
107.239
107.114
106.99
106.865
106.741
106.616
106.492
106.367
106.243
106.118
105.994
105.869
105.745
105.62
105.496
105.371
105.247
105.122
104.998
104.873
104.749
104.624
104.5
104.375
104.251
104.126
104.002
103.877
103.753
103.628
103.504
103.379
103.255
103.13
103.006
102.881
102.757
102.632
102.508
102.383
102.259
102.134
102.01
101.885
101.761
101.636
101.512
101.387
119.938
119.813
119.689
119.564
119.44
119.315
119.191
119.066
118.942
118.817
118.693
118.568
118.444
118.319
118.195
118.07
117.946
117.821
117.697
117.572
117.448
117.323
117.199
117.074
116.95
116.825
116.701
116.576
116.452
116.327
116.203
116.078
115.954
115.829
115.705
115.58
115.456
115.331
115.207
115.082
114.958
114.833
114.709
114.584
114.46
114.335
114.211
114.086
113.962
113.837
113.713
113.588
113.464
113.339
113.215
113.09
112.966
112.841
112.717
112.592
112.468
112.343
112.219
112.094
111.97
111.845
111.721
111.596
111.472
111.347
111.223
111.098
110.974
110.849
110.725
110.6
110.476
110.351
110.227
110.102
109.978
109.853
109.729
109.604
109.48
109.355
109.231
109.106
108.982
108.857
108.733
108.608
108.484
108.359
108.235
108.11
107.986
107.861
107.737
107.612
107.488
107.363
107.239
107.114
106.99
106.865
106.741
106.616
106.492
106.367
106.243
106.118
105.994
105.869
105.745
105.62
105.496
105.371
105.247
105.122
104.998
104.873
104.749
104.624
104.5
104.375
104.251
104.126
104.002
103.877
103.753
103.628
103.504
103.379
103.255
103.13
103.006
102.881
102.757
102.632
102.508
102.383
102.259
102.134
102.01
101.885
101.761
101.636
101.512
101.387
119.938
119.813
119.689
119.564
119.44
119.315
119.191
119.066
118.942
118.817
118.693
118.568
118.444
118.319
118.195
118.07
117.946
117.821
117.697
117.572
117.448
117.323
117.199
117.074
116.95
116.825
116.701
116.576
116.452
116.327
116.203
116.078
115.954
115.829
115.705
115.58
115.456
115.331
115.207
115.082
114.958
114.833
114.709
114.584
114.46
114.335
114.211
114.086
113.962
113.837
113.713
113.588
113.464
113.339
113.215
113.09
112.966
112.841
112.717
112.592
112.468
112.343
112.219
112.094
111.97
111.845
111.721
111.596
111.472
111.347
111.223
111.098
110.974
110.849
110.725
110.6
110.476
110.351
110.227
110.102
109.978
109.853
109.729
109.604
109.48
109.355
109.231
109.106
108.982
108.857
108.733
108.608
108.484
108.359
108.235
108.11
107.986
107.861
107.737
107.612
107.488
107.363
107.239
107.114
106.99
106.865
106.741
106.616
106.492
106.367
106.243
106.118
105.994
105.869
105.745
105.62
105.496
105.371
105.247
105.122
104.998
104.873
104.749
104.624
104.5
104.375
104.251
104.126
104.002
103.877
103.753
103.628
103.504
103.379
103.255
103.13
103.006
102.881
102.757
102.632
102.508
102.383
102.259
102.134
102.01
101.885
101.761
101.636
101.512
101.387
119.938
119.813
119.689
119.564
119.44
119.315
119.191
119.066
118.942
118.817
118.693
118.568
118.444
118.319
118.195
118.07
117.946
117.821
117.697
117.572
117.448
117.323
117.199
117.074
116.95
116.825
116.701
116.576
116.452
116.327
116.203
116.078
115.954
115.829
115.705
115.58
115.456
115.331
115.207
115.082
114.958
114.833
114.709
114.584
114.46
114.335
114.211
114.086
113.962
113.837
113.713
113.588
113.464
113.339
113.215
113.09
112.966
112.841
112.717
112.592
112.468
112.343
112.219
112.094
111.97
111.845
111.721
111.596
111.472
111.347
111.223
111.098
110.974
110.849
110.725
110.6
110.476
110.351
110.227
110.102
109.978
109.853
109.729
109.604
109.48
109.355
109.231
109.106
108.982
108.857
108.733
108.608
108.484
108.359
108.235
108.11
107.986
107.861
107.737
107.612
107.488
107.363
107.239
107.114
106.99
106.865
106.741
106.616
106.492
106.367
106.243
106.118
105.994
105.869
105.745
105.62
105.496
105.371
105.247
105.122
104.998
104.873
104.749
104.624
104.5
104.375
104.251
104.126
104.002
103.877
103.753
103.628
103.504
103.379
103.255
103.13
103.006
102.881
102.757
102.632
102.508
102.383
102.259
102.134
102.01
101.885
101.761
101.636
101.512
101.387
119.938
119.813
119.689
119.564
119.44
119.315
119.191
119.066
118.942
118.817
118.693
118.568
118.444
118.319
118.195
118.07
117.946
117.821
117.697
117.572
117.448
117.323
117.199
117.074
116.95
116.825
116.701
116.576
116.452
116.327
116.203
116.078
115.954
115.829
115.705
115.58
115.456
115.331
115.207
115.082
114.958
114.833
114.709
114.584
114.46
114.335
114.211
114.086
113.962
113.837
113.713
113.588
113.464
113.339
113.215
113.09
112.966
112.841
112.717
112.592
112.468
112.343
112.219
112.094
111.97
111.845
111.721
111.596
111.472
111.347
111.223
111.098
110.974
110.849
110.725
110.6
110.476
110.351
110.227
110.102
109.978
109.853
109.729
109.604
109.48
109.355
109.231
109.106
108.982
108.857
108.733
108.608
108.484
108.359
108.235
108.11
107.986
107.861
107.737
107.612
107.488
107.363
107.239
107.114
106.99
106.865
106.741
106.616
106.492
106.367
106.243
106.118
105.994
105.869
105.745
105.62
105.496
105.371
105.247
105.122
104.998
104.873
104.749
104.624
104.5
104.375
104.251
104.126
104.002
103.877
103.753
103.628
103.504
103.379
103.255
103.13
103.006
102.881
102.757
102.632
102.508
102.383
102.259
102.134
102.01
101.885
101.761
101.636
101.512
101.387
119.938
119.813
119.689
119.564
119.44
119.315
119.191
119.066
118.942
118.817
118.693
118.568
118.444
118.319
118.195
118.07
117.946
117.821
117.697
117.572
117.448
117.323
117.199
117.074
116.95
116.825
116.701
116.576
116.452
116.327
116.203
116.078
115.954
115.829
115.705
115.58
115.456
115.331
115.207
115.082
114.958
114.833
114.709
114.584
114.46
114.335
114.211
114.086
113.962
113.837
113.713
113.588
113.464
113.339
113.215
113.09
112.966
112.841
112.717
112.592
112.468
112.343
112.219
112.094
111.97
111.845
111.721
111.596
111.472
111.347
111.223
111.098
110.974
110.849
110.725
110.6
110.476
110.351
110.227
110.102
109.978
109.853
109.729
109.604
109.48
109.355
109.231
109.106
108.982
108.857
108.733
108.608
108.484
108.359
108.235
108.11
107.986
107.861
107.737
107.612
107.488
107.363
107.239
107.114
106.99
106.865
106.741
106.616
106.492
106.367
106.243
106.118
105.994
105.869
105.745
105.62
105.496
105.371
105.247
105.122
104.998
104.873
104.749
104.624
104.5
104.375
104.251
104.126
104.002
103.877
103.753
103.628
103.504
103.379
103.255
103.13
103.006
102.881
102.757
102.632
102.508
102.383
102.259
102.134
102.01
101.885
101.761
101.636
101.512
101.387
119.938
119.813
119.689
119.564
119.44
119.315
119.191
119.066
118.942
118.817
118.693
118.568
118.444
118.319
118.195
118.07
117.946
117.821
117.697
117.572
117.448
117.323
117.199
117.074
116.95
116.825
116.701
116.576
116.452
116.327
116.203
116.078
115.954
115.829
115.705
115.58
115.456
115.331
115.207
115.082
114.958
114.833
114.709
114.584
114.46
114.335
114.211
114.086
113.962
113.837
113.713
113.588
113.464
113.339
113.215
113.09
112.966
112.841
112.717
112.592
112.468
112.343
112.219
112.094
111.97
111.845
111.721
111.596
111.472
111.347
111.223
111.098
110.974
110.849
110.725
110.6
110.476
110.351
110.227
110.102
109.978
109.853
109.729
109.604
109.48
109.355
109.231
109.106
108.982
108.857
108.733
108.608
108.484
108.359
108.235
108.11
107.986
107.861
107.737
107.612
107.488
107.363
107.239
107.114
106.99
106.865
106.741
106.616
106.492
106.367
106.243
106.118
105.994
105.869
105.745
105.62
105.496
105.371
105.247
105.122
104.998
104.873
104.749
104.624
104.5
104.375
104.251
104.126
104.002
103.877
103.753
103.628
103.504
103.379
103.255
103.13
103.006
102.881
102.757
102.632
102.508
102.383
102.259
102.134
102.01
101.885
101.761
101.636
101.512
101.387
119.938
119.813
119.689
119.564
119.44
119.315
119.191
119.066
118.942
118.817
118.693
118.568
118.444
118.319
118.195
118.07
117.946
117.821
117.697
117.572
117.448
117.323
117.199
117.074
116.95
116.825
116.701
116.576
116.452
116.327
116.203
116.078
115.954
115.829
115.705
115.58
115.456
115.331
115.207
115.082
114.958
114.833
114.709
114.584
114.46
114.335
114.211
114.086
113.962
113.837
113.713
113.588
113.464
113.339
113.215
113.09
112.966
112.841
112.717
112.592
112.468
112.343
112.219
112.094
111.97
111.845
111.721
111.596
111.472
111.347
111.223
111.098
110.974
110.849
110.725
110.6
110.476
110.351
110.227
110.102
109.978
109.853
109.729
109.604
109.48
109.355
109.231
109.106
108.982
108.857
108.733
108.608
108.484
108.359
108.235
108.11
107.986
107.861
107.737
107.612
107.488
107.363
107.239
107.114
106.99
106.865
106.741
106.616
106.492
106.367
106.243
106.118
105.994
105.869
105.745
105.62
105.496
105.371
105.247
105.122
104.998
104.873
104.749
104.624
104.5
104.375
104.251
104.126
104.002
103.877
103.753
103.628
103.504
103.379
103.255
103.13
103.006
102.881
102.757
102.632
102.508
102.383
102.259
102.134
102.01
101.885
101.761
101.636
101.512
101.387
)
;

boundaryField
{
    inlet
    {
        type            fixedValue;
        value           uniform 120;
    }
    outlet
    {
        type            fixedValue;
        value           uniform 101.325;
    }
    walls
    {
        type            zeroGradient;
    }
    frontAndBack
    {
        type            empty;
    }
}


// ************************************************************************* //
