/*--------------------------------*- C++ -*----------------------------------*\
| =========                 |                                                 |
| \\      /  F ield         | OpenFOAM: The Open Source CFD Toolbox           |
|  \\    /   O peration     | Version:  2406                                  |
|   \\  /    A nd           | Website:  www.openfoam.com                      |
|    \\/     M anipulation  |                                                 |
\*---------------------------------------------------------------------------*/
FoamFile
{
    version     2.0;
    format      ascii;
    arch        "LSB;label=32;scalar=64";
    class       surfaceScalarField;
    location    "0.2";
    object      phi;
}
// * * * * * * * * * * * * * * * * * * * * * * * * * * * * * * * * * * * * * //

dimensions      [0 3 -1 0 0 0 0];

oriented        oriented;

internalField   nonuniform List<scalar> 
7780
(
8.4181e-07
1.05377e-10
8.41729e-07
8.0191e-11
8.41671e-07
5.92354e-11
8.41624e-07
4.61478e-11
8.41585e-07
3.84252e-11
8.41552e-07
3.26837e-11
8.41525e-07
2.82186e-11
8.415e-07
2.41231e-11
8.41479e-07
2.11685e-11
8.41461e-07
1.82775e-11
8.41445e-07
1.56661e-11
8.41432e-07
1.31627e-11
8.41421e-07
1.08791e-11
8.41412e-07
8.89981e-12
8.41405e-07
7.12586e-12
8.414e-07
5.48197e-12
8.41396e-07
3.99458e-12
8.41394e-07
2.45643e-12
8.41392e-07
1.0597e-12
8.41392e-07
1.90166e-13
8.41393e-07
-8.42794e-13
8.41394e-07
-1.85925e-12
8.41397e-07
-2.48692e-12
8.414e-07
-2.91862e-12
8.41404e-07
-3.43327e-12
8.41408e-07
-4.21398e-12
8.41413e-07
-5.14511e-12
8.41419e-07
-5.84929e-12
8.41425e-07
-6.36632e-12
8.41432e-07
-6.93845e-12
8.41439e-07
-7.44508e-12
8.41447e-07
-7.77714e-12
8.41455e-07
-8.10331e-12
8.41463e-07
-8.49781e-12
8.41472e-07
-8.79725e-12
8.4148e-07
-8.93972e-12
8.41489e-07
-9.09852e-12
8.41499e-07
-9.33388e-12
8.41508e-07
-9.44521e-12
8.41517e-07
-9.30779e-12
8.41526e-07
-9.04694e-12
8.41535e-07
-8.79556e-12
8.41543e-07
-8.48941e-12
8.41551e-07
-7.96512e-12
8.41559e-07
-7.20735e-12
8.41565e-07
-6.40311e-12
8.41571e-07
-5.6738e-12
8.41575e-07
-4.88361e-12
8.41579e-07
-3.81198e-12
8.41581e-07
-2.40719e-12
8.41582e-07
-8.43061e-13
8.41582e-07
6.43023e-13
8.4158e-07
1.9796e-12
8.41576e-07
3.33927e-12
8.41571e-07
4.90043e-12
8.41565e-07
6.62838e-12
8.41557e-07
8.31319e-12
8.41548e-07
9.77515e-12
8.41537e-07
1.09812e-11
8.41525e-07
1.19912e-11
8.41512e-07
1.28651e-11
8.41498e-07
1.36115e-11
8.41484e-07
1.41501e-11
8.4147e-07
1.43276e-11
8.41456e-07
1.40351e-11
8.41442e-07
1.33135e-11
8.41429e-07
1.23025e-11
8.41418e-07
1.10839e-11
8.41409e-07
9.61466e-12
8.41401e-07
7.8162e-12
8.41395e-07
5.67451e-12
8.41392e-07
3.23883e-12
8.41391e-07
5.91027e-13
8.41393e-07
-2.13534e-12
8.41398e-07
-4.75739e-12
8.41405e-07
-7.13362e-12
8.41414e-07
-9.24419e-12
8.41426e-07
-1.11467e-11
8.41439e-07
-1.2858e-11
8.41453e-07
-1.42987e-11
8.41468e-07
-1.53468e-11
8.41484e-07
-1.59227e-11
8.415e-07
-1.60182e-11
8.41516e-07
-1.56637e-11
8.41531e-07
-1.4901e-11
8.41545e-07
-1.37855e-11
8.41558e-07
-1.23744e-11
8.41568e-07
-1.06957e-11
8.41577e-07
-8.76895e-12
8.41584e-07
-6.67536e-12
8.41588e-07
-4.56706e-12
8.41591e-07
-2.57485e-12
8.41592e-07
-7.39719e-13
8.41591e-07
9.37668e-13
8.41589e-07
2.41714e-12
8.41585e-07
3.63461e-12
8.41581e-07
4.56466e-12
8.41575e-07
5.23399e-12
8.4157e-07
5.694e-12
8.41564e-07
6.00988e-12
8.41558e-07
6.25209e-12
8.41551e-07
6.46921e-12
8.41545e-07
6.68203e-12
8.41538e-07
6.91573e-12
8.41531e-07
7.21177e-12
8.41523e-07
7.58682e-12
8.41515e-07
7.99601e-12
8.41507e-07
8.36449e-12
8.41498e-07
8.66256e-12
8.41489e-07
8.92858e-12
8.4148e-07
9.18853e-12
8.41471e-07
9.35948e-12
8.41462e-07
9.28981e-12
8.41453e-07
8.92253e-12
8.41444e-07
8.35114e-12
8.41436e-07
7.65503e-12
8.41429e-07
6.74755e-12
8.41424e-07
5.47966e-12
8.4142e-07
3.84299e-12
8.41418e-07
1.96078e-12
8.41417e-07
-8.44716e-14
8.41419e-07
-2.27509e-12
8.41424e-07
-4.55813e-12
8.4143e-07
-6.8177e-12
8.41439e-07
-8.97281e-12
8.4145e-07
-1.09817e-11
8.41463e-07
-1.27507e-11
8.41477e-07
-1.41424e-11
8.41492e-07
-1.50902e-11
8.41508e-07
-1.56238e-11
8.41524e-07
-1.57818e-11
8.41539e-07
-1.55663e-11
8.41554e-07
-1.49704e-11
8.41569e-07
-1.39769e-11
8.41581e-07
-1.25432e-11
8.41592e-07
-1.06632e-11
8.416e-07
-8.4393e-12
8.41607e-07
-6.03643e-12
8.4161e-07
-3.57627e-12
8.41612e-07
-1.12203e-12
8.4161e-07
1.2686e-12
8.41607e-07
3.53703e-12
8.41601e-07
5.66192e-12
8.41593e-07
7.63887e-12
8.41584e-07
9.43272e-12
8.41573e-07
1.09667e-11
8.41561e-07
1.21468e-11
8.41548e-07
1.29094e-11
8.41535e-07
1.32849e-11
8.41521e-07
1.33802e-11
8.41508e-07
1.32318e-11
8.41496e-07
1.27274e-11
8.41484e-07
1.17772e-11
8.41473e-07
1.0505e-11
8.41464e-07
9.12959e-12
8.41456e-07
7.71169e-12
8.4145e-07
6.17011e-12
8.41445e-07
4.49679e-12
8.41443e-07
2.79127e-12
8.41442e-07
1.12181e-12
8.41442e-07
-4.8933e-13
8.41444e-07
-1.97082e-12
8.41447e-07
-3.26237e-12
8.41452e-07
-4.4008e-12
8.41457e-07
-5.42874e-12
8.41464e-07
-6.27933e-12
8.41471e-07
-6.89143e-12
8.41478e-07
-7.33165e-12
8.41486e-07
-7.64599e-12
8.41493e-07
-7.72221e-12
8.41501e-07
-7.49411e-12
8.41508e-07
-7.1258e-12
8.41515e-07
-6.75661e-12
8.41521e-07
-6.26023e-12
8.41527e-07
-5.51019e-12
8.41532e-07
-4.63034e-12
8.41535e-07
-3.78087e-12
8.41538e-07
-2.98928e-12
8.41541e-07
-2.25177e-12
8.41542e-07
-1.532e-12
8.41543e-07
-7.73223e-13
8.41543e-07
-1.94081e-14
8.41542e-07
6.83041e-13
8.41541e-07
1.41662e-12
8.41538e-07
2.265e-12
8.41535e-07
3.2414e-12
8.41531e-07
4.2685e-12
8.41526e-07
5.25774e-12
8.4152e-07
6.35155e-12
8.41512e-07
7.77048e-12
8.41503e-07
9.37318e-12
8.41493e-07
1.08649e-11
8.4148e-07
1.23974e-11
8.41465e-07
1.44227e-11
8.41448e-07
1.70503e-11
8.41427e-07
2.02171e-11
8.41403e-07
2.43995e-11
8.41371e-07
3.0932e-11
8.41329e-07
4.20941e-11
5.57259e-11
2.33674e-06
2.61064e-10
2.3366e-06
2.27362e-10
2.33647e-06
1.92018e-10
2.33635e-06
1.63381e-10
2.33625e-06
1.41286e-10
2.33616e-06
1.2284e-10
2.33608e-06
1.07668e-10
2.33601e-06
9.43343e-11
2.33595e-06
8.23393e-11
2.33589e-06
7.11956e-11
2.33585e-06
6.10704e-11
2.33581e-06
5.18392e-11
2.33578e-06
4.33951e-11
2.33575e-06
3.56777e-11
2.33573e-06
2.8564e-11
2.33571e-06
2.21165e-11
2.3357e-06
1.61374e-11
2.33569e-06
1.09531e-11
2.33568e-06
6.12209e-12
2.33568e-06
1.71639e-12
2.33568e-06
-2.02963e-12
2.33569e-06
-5.13405e-12
2.33569e-06
-8.02377e-12
2.3357e-06
-1.09149e-11
2.33571e-06
-1.36438e-11
2.33572e-06
-1.62179e-11
2.33574e-06
-1.8731e-11
2.33575e-06
-2.10968e-11
2.33577e-06
-2.32713e-11
2.33579e-06
-2.53316e-11
2.33581e-06
-2.73086e-11
2.33583e-06
-2.91024e-11
2.33585e-06
-3.06099e-11
2.33587e-06
-3.18982e-11
2.3359e-06
-3.30632e-11
2.33592e-06
-3.40332e-11
2.33595e-06
-3.46786e-11
2.33597e-06
-3.49263e-11
2.336e-06
-3.47732e-11
2.33602e-06
-3.43427e-11
2.33605e-06
-3.37437e-11
2.33607e-06
-3.28332e-11
2.3361e-06
-3.13697e-11
2.33612e-06
-2.93289e-11
2.33614e-06
-2.68702e-11
2.33615e-06
-2.41031e-11
2.33617e-06
-2.09597e-11
2.33618e-06
-1.72569e-11
2.33619e-06
-1.29015e-11
2.33619e-06
-8.0045e-12
2.3362e-06
-2.77399e-12
2.33619e-06
2.63664e-12
2.33619e-06
8.20077e-12
2.33618e-06
1.39846e-11
2.33616e-06
1.99861e-11
2.33614e-06
2.60116e-11
2.33612e-06
3.1746e-11
2.33609e-06
3.69495e-11
2.33606e-06
4.15719e-11
2.33603e-06
4.56595e-11
2.33599e-06
4.91669e-11
2.33596e-06
5.18833e-11
2.33592e-06
5.35093e-11
2.33588e-06
5.37899e-11
2.33584e-06
5.26281e-11
2.3358e-06
5.01122e-11
2.33577e-06
4.64095e-11
2.33574e-06
4.16005e-11
2.33571e-06
3.56318e-11
2.33569e-06
2.8464e-11
2.33568e-06
2.02437e-11
2.33567e-06
1.12828e-11
2.33567e-06
1.8926e-12
2.33567e-06
-7.68469e-12
2.33568e-06
-1.7189e-11
2.3357e-06
-2.6279e-11
2.33573e-06
-3.4615e-11
2.33576e-06
-4.19679e-11
2.33579e-06
-4.82122e-11
2.33583e-06
-5.32295e-11
2.33587e-06
-5.68519e-11
2.33592e-06
-5.8909e-11
2.33596e-06
-5.93106e-11
2.336e-06
-5.80688e-11
2.33604e-06
-5.52662e-11
2.33608e-06
-5.10551e-11
2.33612e-06
-4.56813e-11
2.33614e-06
-3.94401e-11
2.33617e-06
-3.25831e-11
2.33619e-06
-2.53093e-11
2.3362e-06
-1.78572e-11
2.33621e-06
-1.05442e-11
2.33621e-06
-3.67834e-12
2.33621e-06
2.53202e-12
2.3362e-06
7.9654e-12
2.3362e-06
1.25483e-11
2.33618e-06
1.62673e-11
2.33617e-06
1.9183e-11
2.33615e-06
2.13983e-11
2.33614e-06
2.30311e-11
2.33612e-06
2.42256e-11
2.3361e-06
2.5149e-11
2.33608e-06
2.59558e-11
2.33606e-06
2.6766e-11
2.33604e-06
2.76743e-11
2.33602e-06
2.87464e-11
2.336e-06
2.99812e-11
2.33597e-06
3.12811e-11
2.33595e-06
3.24843e-11
2.33592e-06
3.34547e-11
2.3359e-06
3.41346e-11
2.33587e-06
3.44624e-11
2.33585e-06
3.42414e-11
2.33583e-06
3.31814e-11
2.3358e-06
3.11149e-11
2.33578e-06
2.80912e-11
2.33577e-06
2.41957e-11
2.33575e-06
1.93744e-11
2.33574e-06
1.35377e-11
2.33574e-06
6.74923e-12
2.33574e-06
-7.96124e-13
2.33574e-06
-8.893e-12
2.33576e-06
-1.73006e-11
2.33577e-06
-2.56485e-11
2.3358e-06
-3.35253e-11
2.33583e-06
-4.06435e-11
2.33586e-06
-4.68331e-11
2.3359e-06
-5.19134e-11
2.33594e-06
-5.56736e-11
2.33598e-06
-5.79522e-11
2.33603e-06
-5.86606e-11
2.33607e-06
-5.77572e-11
2.33611e-06
-5.5263e-11
2.33615e-06
-5.127e-11
2.33618e-06
-4.58842e-11
2.33621e-06
-3.92076e-11
2.33623e-06
-3.14265e-11
2.33625e-06
-2.28628e-11
2.33626e-06
-1.38809e-11
2.33626e-06
-4.7771e-12
2.33626e-06
4.21347e-12
2.33625e-06
1.28626e-11
2.33623e-06
2.09518e-11
2.33621e-06
2.82924e-11
2.33619e-06
3.47234e-11
2.33616e-06
4.01148e-11
2.33613e-06
4.43574e-11
2.33609e-06
4.73185e-11
2.33606e-06
4.88704e-11
2.33602e-06
4.90313e-11
2.33599e-06
4.79931e-11
2.33595e-06
4.59176e-11
2.33592e-06
4.2804e-11
2.33589e-06
3.86751e-11
2.33587e-06
3.3771e-11
2.33585e-06
2.84033e-11
2.33583e-06
2.27209e-11
2.33582e-06
1.67733e-11
2.33581e-06
1.06946e-11
2.33581e-06
4.66603e-12
2.33581e-06
-1.19627e-12
2.33582e-06
-6.76158e-12
2.33582e-06
-1.18053e-11
2.33584e-06
-1.61601e-11
2.33585e-06
-1.98451e-11
2.33587e-06
-2.29172e-11
2.33589e-06
-2.53225e-11
2.33591e-06
-2.70012e-11
2.33593e-06
-2.79725e-11
2.33595e-06
-2.81963e-11
2.33597e-06
-2.75747e-11
2.33599e-06
-2.62352e-11
2.336e-06
-2.45292e-11
2.33602e-06
-2.26068e-11
2.33604e-06
-2.03465e-11
2.33605e-06
-1.77527e-11
2.33606e-06
-1.49772e-11
2.33607e-06
-1.20356e-11
2.33608e-06
-8.93453e-12
2.33608e-06
-5.84415e-12
2.33608e-06
-2.87475e-12
2.33608e-06
4.5547e-14
2.33608e-06
3.04084e-12
2.33607e-06
6.22004e-12
2.33607e-06
9.6186e-12
2.33606e-06
1.32437e-11
2.33604e-06
1.71264e-11
2.33603e-06
2.1231e-11
2.33601e-06
2.5577e-11
2.33599e-06
3.03965e-11
2.33596e-06
3.58274e-11
2.33593e-06
4.17807e-11
2.33589e-06
4.83396e-11
2.33585e-06
5.57395e-11
2.33581e-06
6.41896e-11
2.33575e-06
7.41973e-11
2.33569e-06
8.636e-11
2.33562e-06
1.01429e-10
2.33554e-06
1.20275e-10
1.37997e-10
3.64862e-06
4.36867e-10
3.64845e-06
4.04596e-10
3.64827e-06
3.62979e-10
3.64811e-06
3.23454e-10
3.64797e-06
2.87241e-10
3.64783e-06
2.55493e-10
3.64772e-06
2.26661e-10
3.64761e-06
2.00359e-10
3.64752e-06
1.7605e-10
3.64743e-06
1.53474e-10
3.64736e-06
1.32424e-10
3.6473e-06
1.12784e-10
3.64725e-06
9.49256e-11
3.64721e-06
7.87029e-11
3.64717e-06
6.32445e-11
3.64714e-06
4.92032e-11
3.64712e-06
3.68684e-11
3.64711e-06
2.56184e-11
3.6471e-06
1.5504e-11
3.64709e-06
6.43631e-12
3.64709e-06
-1.86807e-12
3.6471e-06
-9.37405e-12
3.64711e-06
-1.61221e-11
3.64712e-06
-2.23833e-11
3.64713e-06
-2.81848e-11
3.64715e-06
-3.37225e-11
3.64717e-06
-3.91939e-11
3.64719e-06
-4.43593e-11
3.64722e-06
-4.90656e-11
3.64725e-06
-5.34732e-11
3.64728e-06
-5.76385e-11
3.64731e-06
-6.13945e-11
3.64734e-06
-6.45948e-11
3.64738e-06
-6.73325e-11
3.64741e-06
-6.97785e-11
3.64745e-06
-7.18068e-11
3.64749e-06
-7.30936e-11
3.64753e-06
-7.35376e-11
3.64757e-06
-7.32863e-11
3.6476e-06
-7.24494e-11
3.64764e-06
-7.09464e-11
3.64768e-06
-6.85717e-11
3.64771e-06
-6.52055e-11
3.64774e-06
-6.0922e-11
3.64777e-06
-5.58088e-11
3.6478e-06
-4.97944e-11
3.64782e-06
-4.27281e-11
3.64784e-06
-3.45409e-11
3.64785e-06
-2.53347e-11
3.64786e-06
-1.53264e-11
3.64786e-06
-4.66412e-12
3.64785e-06
6.63497e-12
3.64784e-06
1.85384e-11
3.64783e-06
3.08731e-11
3.6478e-06
4.33448e-11
3.64777e-06
5.56162e-11
3.64774e-06
6.73561e-11
3.6477e-06
7.82668e-11
3.64765e-06
8.81193e-11
3.6476e-06
9.67299e-11
3.64755e-06
1.03845e-10
3.64749e-06
1.09082e-10
3.64743e-06
1.12033e-10
3.64737e-06
1.12413e-10
3.64731e-06
1.10098e-10
3.64726e-06
1.05077e-10
3.64721e-06
9.7391e-11
3.64716e-06
8.711e-11
3.64712e-06
7.43338e-11
3.64709e-06
5.9232e-11
3.64707e-06
4.2123e-11
3.64706e-06
2.35046e-11
3.64706e-06
3.96804e-12
3.64707e-06
-1.59167e-11
3.64708e-06
-3.56123e-11
3.64711e-06
-5.45489e-11
3.64715e-06
-7.2114e-11
3.6472e-06
-8.773e-11
3.64725e-06
-1.00929e-10
3.64731e-06
-1.11357e-10
3.64737e-06
-1.18735e-10
3.64743e-06
-1.22848e-10
3.6475e-06
-1.23598e-10
3.64756e-06
-1.21042e-10
3.64762e-06
-1.1536e-10
3.64768e-06
-1.0682e-10
3.64773e-06
-9.58136e-11
3.64777e-06
-8.28779e-11
3.64781e-06
-6.86254e-11
3.64783e-06
-5.36196e-11
3.64785e-06
-3.83588e-11
3.64787e-06
-2.33502e-11
3.64787e-06
-9.11564e-12
3.64787e-06
3.90612e-12
3.64786e-06
1.54322e-11
3.64785e-06
2.53216e-11
3.64783e-06
3.35429e-11
3.64781e-06
4.01659e-11
3.64779e-06
4.53401e-11
3.64776e-06
4.92674e-11
3.64774e-06
5.2203e-11
3.64771e-06
5.44582e-11
3.64768e-06
5.63539e-11
3.64764e-06
5.81489e-11
3.64761e-06
6.00051e-11
3.64758e-06
6.20022e-11
3.64754e-06
6.41573e-11
3.64751e-06
6.64087e-11
3.64747e-06
6.85762e-11
3.64744e-06
7.0369e-11
3.6474e-06
7.14844e-11
3.64736e-06
7.1693e-11
3.64733e-06
7.07734e-11
3.64729e-06
6.83916e-11
3.64726e-06
6.41614e-11
3.64723e-06
5.78635e-11
3.6472e-06
4.95132e-11
3.64718e-06
3.91919e-11
3.64717e-06
2.69412e-11
3.64716e-06
1.28849e-11
3.64716e-06
-2.65217e-12
3.64717e-06
-1.92146e-11
3.64719e-06
-3.63019e-11
3.64722e-06
-5.33191e-11
3.64726e-06
-6.95617e-11
3.6473e-06
-8.43637e-11
3.64735e-06
-9.72272e-11
3.64741e-06
-1.07771e-10
3.64747e-06
-1.15632e-10
3.64753e-06
-1.20487e-10
3.64759e-06
-1.22106e-10
3.64765e-06
-1.20362e-10
3.64771e-06
-1.15242e-10
3.64777e-06
-1.06893e-10
3.64782e-06
-9.56118e-11
3.64786e-06
-8.17692e-11
3.6479e-06
-6.57957e-11
3.64792e-06
-4.82269e-11
3.64794e-06
-2.96845e-11
3.64794e-06
-1.07711e-11
3.64794e-06
7.98284e-12
3.64793e-06
2.60815e-11
3.6479e-06
4.304e-11
3.64787e-06
5.84101e-11
3.64784e-06
7.18071e-11
3.64779e-06
8.29382e-11
3.64775e-06
9.16243e-11
3.6477e-06
9.77432e-11
3.64764e-06
1.01144e-10
3.64759e-06
1.01723e-10
3.64754e-06
9.96126e-11
3.64749e-06
9.51649e-11
3.64745e-06
8.86967e-11
3.6474e-06
8.03855e-11
3.64737e-06
7.04673e-11
3.64734e-06
5.93524e-11
3.64731e-06
4.74524e-11
3.64729e-06
3.50468e-11
3.64728e-06
2.24053e-11
3.64728e-06
9.8822e-12
3.64728e-06
-2.19489e-12
3.64728e-06
-1.35833e-11
3.6473e-06
-2.40181e-11
3.64731e-06
-3.32191e-11
3.64734e-06
-4.1064e-11
3.64736e-06
-4.75698e-11
3.64739e-06
-5.26619e-11
3.64742e-06
-5.61652e-11
3.64745e-06
-5.8063e-11
3.64748e-06
-5.85245e-11
3.64751e-06
-5.76389e-11
3.64754e-06
-5.54147e-11
3.64756e-06
-5.20538e-11
3.64759e-06
-4.78778e-11
3.64761e-06
-4.303e-11
3.64763e-06
-3.7569e-11
3.64765e-06
-3.16541e-11
3.64766e-06
-2.54144e-11
3.64767e-06
-1.89405e-11
3.64768e-06
-1.24094e-11
3.64768e-06
-5.90645e-12
3.64768e-06
6.93795e-13
3.64768e-06
7.52659e-12
3.64767e-06
1.46294e-11
3.64766e-06
2.19644e-11
3.64764e-06
2.95435e-11
3.64762e-06
3.75722e-11
3.64759e-06
4.62366e-11
3.64757e-06
5.55216e-11
3.64753e-06
6.54732e-11
3.64749e-06
7.63454e-11
3.64744e-06
8.84295e-11
3.64739e-06
1.01742e-10
3.64733e-06
1.16184e-10
3.64726e-06
1.32182e-10
3.64718e-06
1.50116e-10
3.6471e-06
1.70051e-10
3.64701e-06
1.92018e-10
3.64692e-06
2.14401e-10
2.31792e-10
4.78285e-06
6.21917e-10
4.78266e-06
5.92548e-10
4.78248e-06
5.50577e-10
4.7823e-06
5.0467e-10
4.78213e-06
4.58588e-10
4.78197e-06
4.13991e-10
4.78182e-06
3.71274e-10
4.78169e-06
3.31022e-10
4.78157e-06
2.92579e-10
4.78147e-06
2.56332e-10
4.78138e-06
2.22339e-10
4.7813e-06
1.90574e-10
4.78124e-06
1.60694e-10
4.78118e-06
1.33412e-10
4.78114e-06
1.08422e-10
4.7811e-06
8.54713e-11
4.78107e-06
6.4752e-11
4.78105e-06
4.57483e-11
4.78104e-06
2.86303e-11
4.78103e-06
1.34501e-11
4.78103e-06
-4.67698e-13
4.78104e-06
-1.33084e-11
4.78104e-06
-2.48732e-11
4.78106e-06
-3.54286e-11
4.78108e-06
-4.54789e-11
4.7811e-06
-5.51039e-11
4.78112e-06
-6.40832e-11
4.78115e-06
-7.24423e-11
4.78118e-06
-8.03432e-11
4.78121e-06
-8.77352e-11
4.78125e-06
-9.44736e-11
4.78129e-06
-1.00539e-10
4.78133e-06
-1.05945e-10
4.78138e-06
-1.10647e-10
4.78142e-06
-1.14564e-10
4.78147e-06
-1.17538e-10
4.78151e-06
-1.19426e-10
4.78156e-06
-1.20257e-10
4.78161e-06
-1.20078e-10
4.78165e-06
-1.18749e-10
4.7817e-06
-1.16065e-10
4.78174e-06
-1.11905e-10
4.78178e-06
-1.06248e-10
4.78182e-06
-9.91385e-11
4.78186e-06
-9.0598e-11
4.78189e-06
-8.05217e-11
4.78191e-06
-6.87647e-11
4.78193e-06
-5.53001e-11
4.78195e-06
-4.02729e-11
4.78196e-06
-2.39275e-11
4.78196e-06
-6.44779e-12
4.78195e-06
1.20954e-11
4.78194e-06
3.15855e-11
4.78192e-06
5.17046e-11
4.78189e-06
7.19658e-11
4.78186e-06
9.18559e-11
4.78181e-06
1.10925e-10
4.78176e-06
1.28765e-10
4.7817e-06
1.44951e-10
4.78164e-06
1.59024e-10
4.78158e-06
1.70466e-10
4.78151e-06
1.78705e-10
4.78144e-06
1.83215e-10
4.78136e-06
1.83644e-10
4.78129e-06
1.79805e-10
4.78123e-06
1.71591e-10
4.78117e-06
1.58951e-10
4.78111e-06
1.41967e-10
4.78106e-06
1.20922e-10
4.78103e-06
9.6249e-11
4.781e-06
6.84746e-11
4.78099e-06
3.82568e-11
4.78098e-06
6.43777e-12
4.78099e-06
-2.60061e-11
4.78102e-06
-5.80839e-11
4.78105e-06
-8.88562e-11
4.7811e-06
-1.17424e-10
4.78115e-06
-1.42911e-10
4.78121e-06
-1.64506e-10
4.78128e-06
-1.81535e-10
4.78136e-06
-1.93507e-10
4.78144e-06
-2.00119e-10
4.78151e-06
-2.01263e-10
4.78159e-06
-1.97054e-10
4.78166e-06
-1.8783e-10
4.78173e-06
-1.74086e-10
4.78179e-06
-1.56429e-10
4.78185e-06
-1.3562e-10
4.78189e-06
-1.12576e-10
4.78193e-06
-8.82673e-11
4.78195e-06
-6.35907e-11
4.78197e-06
-3.9346e-11
4.78197e-06
-1.62742e-11
4.78197e-06
4.97599e-12
4.78196e-06
2.39372e-11
4.78195e-06
4.03568e-11
4.78193e-06
5.41624e-11
4.7819e-06
6.5426e-11
4.78188e-06
7.43455e-11
4.78184e-06
8.12227e-11
4.78181e-06
8.64472e-11
4.78177e-06
9.04825e-11
4.78173e-06
9.38175e-11
4.7817e-06
9.68749e-11
4.78166e-06
9.99307e-11
4.78161e-06
1.03096e-10
4.78157e-06
1.06362e-10
4.78153e-06
1.09644e-10
4.78148e-06
1.12768e-10
4.78144e-06
1.15394e-10
4.78139e-06
1.17011e-10
4.78135e-06
1.17076e-10
4.7813e-06
1.15153e-10
4.78126e-06
1.10862e-10
4.78122e-06
1.03775e-10
4.78119e-06
9.34888e-11
4.78116e-06
7.98231e-11
4.78113e-06
6.28472e-11
4.78112e-06
4.27514e-11
4.78111e-06
1.98281e-11
4.78111e-06
-5.40247e-12
4.78112e-06
-3.21749e-11
4.78115e-06
-5.96252e-11
4.78118e-06
-8.68777e-11
4.78122e-06
-1.12999e-10
4.78128e-06
-1.37008e-10
4.78134e-06
-1.57996e-10
4.7814e-06
-1.75205e-10
4.78148e-06
-1.88004e-10
4.78155e-06
-1.95878e-10
4.78163e-06
-1.98483e-10
4.7817e-06
-1.95656e-10
4.78178e-06
-1.87402e-10
4.78184e-06
-1.73921e-10
4.7819e-06
-1.55659e-10
4.78196e-06
-1.33252e-10
4.782e-06
-1.07444e-10
4.78203e-06
-7.90614e-11
4.78205e-06
-4.90225e-11
4.78206e-06
-1.82813e-11
4.78205e-06
1.22505e-11
4.78204e-06
4.17213e-11
4.78201e-06
6.93362e-11
4.78197e-06
9.43849e-11
4.78193e-06
1.16256e-10
4.78188e-06
1.34434e-10
4.78182e-06
1.48537e-10
4.78176e-06
1.58378e-10
4.7817e-06
1.63883e-10
4.78163e-06
1.65012e-10
4.78157e-06
1.61843e-10
4.78151e-06
1.54735e-10
4.78146e-06
1.44237e-10
4.78141e-06
1.30837e-10
4.78136e-06
1.14932e-10
4.78132e-06
9.70021e-11
4.78129e-06
7.76385e-11
4.78127e-06
5.73873e-11
4.78126e-06
3.67421e-11
4.78125e-06
1.62743e-11
4.78125e-06
-3.40775e-12
4.78126e-06
-2.18455e-11
4.78127e-06
-3.87355e-11
4.78129e-06
-5.37853e-11
4.78132e-06
-6.67204e-11
4.78135e-06
-7.73813e-11
4.78138e-06
-8.56508e-11
4.78142e-06
-9.1362e-11
4.78145e-06
-9.44731e-11
4.78149e-06
-9.52345e-11
4.78153e-06
-9.39468e-11
4.78156e-06
-9.06876e-11
4.7816e-06
-8.55326e-11
4.78163e-06
-7.88106e-11
4.78166e-06
-7.08701e-11
4.78168e-06
-6.18962e-11
4.7817e-06
-5.21169e-11
4.78172e-06
-4.18382e-11
4.78173e-06
-3.12512e-11
4.78174e-06
-2.04264e-11
4.78174e-06
-9.37639e-12
4.78174e-06
1.91818e-12
4.78173e-06
1.34712e-11
4.78172e-06
2.53307e-11
4.78171e-06
3.75448e-11
4.78169e-06
5.01379e-11
4.78166e-06
6.33406e-11
4.78163e-06
7.75659e-11
4.78159e-06
9.29877e-11
4.78155e-06
1.09508e-10
4.7815e-06
1.27181e-10
4.78144e-06
1.46296e-10
4.78138e-06
1.6698e-10
4.7813e-06
1.89237e-10
4.78122e-06
2.13128e-10
4.78113e-06
2.38407e-10
4.78104e-06
2.64526e-10
4.78094e-06
2.90515e-10
4.78084e-06
3.13774e-10
3.30041e-10
5.7445e-06
8.02536e-10
5.74432e-06
7.764e-10
5.74413e-06
7.37417e-10
5.74394e-06
6.8898e-10
5.74377e-06
6.35935e-10
5.7436e-06
5.80933e-10
5.74345e-06
5.26592e-10
5.74331e-06
4.72332e-10
5.74318e-06
4.19964e-10
5.74306e-06
3.70056e-10
5.74296e-06
3.2205e-10
5.74288e-06
2.76948e-10
5.7428e-06
2.34834e-10
5.74274e-06
1.9573e-10
5.74269e-06
1.59783e-10
5.74265e-06
1.26743e-10
5.74262e-06
9.66934e-11
5.74259e-06
6.95793e-11
5.74258e-06
4.48862e-11
5.74257e-06
2.24863e-11
5.74256e-06
2.14119e-12
5.74257e-06
-1.63209e-11
5.74258e-06
-3.31776e-11
5.74259e-06
-4.90491e-11
5.74261e-06
-6.4046e-11
5.74263e-06
-7.78206e-11
5.74266e-06
-9.0567e-11
5.74269e-06
-1.02732e-10
5.74272e-06
-1.14291e-10
5.74276e-06
-1.24952e-10
5.7428e-06
-1.34591e-10
5.74284e-06
-1.43334e-10
5.74288e-06
-1.51265e-10
5.74293e-06
-1.58153e-10
5.74298e-06
-1.63673e-10
5.74303e-06
-1.67738e-10
5.74308e-06
-1.70397e-10
5.74313e-06
-1.71619e-10
5.74318e-06
-1.71245e-10
5.74323e-06
-1.69071e-10
5.74328e-06
-1.64968e-10
5.74333e-06
-1.58892e-10
5.74338e-06
-1.50791e-10
5.74342e-06
-1.4059e-10
5.74345e-06
-1.28208e-10
5.74349e-06
-1.13558e-10
5.74351e-06
-9.66067e-11
5.74354e-06
-7.74189e-11
5.74355e-06
-5.61135e-11
5.74356e-06
-3.28546e-11
5.74356e-06
-7.86551e-12
5.74356e-06
1.85971e-11
5.74354e-06
4.62299e-11
5.74352e-06
7.46118e-11
5.74349e-06
1.03174e-10
5.74345e-06
1.31261e-10
5.7434e-06
1.58236e-10
5.74335e-06
1.83496e-10
5.74329e-06
2.064e-10
5.74322e-06
2.26229e-10
5.74315e-06
2.42232e-10
5.74307e-06
2.53674e-10
5.74299e-06
2.59901e-10
5.74292e-06
2.60413e-10
5.74284e-06
2.54885e-10
5.74277e-06
2.43139e-10
5.74271e-06
2.25125e-10
5.74265e-06
2.00976e-10
5.7426e-06
1.71092e-10
5.74256e-06
1.36115e-10
5.74253e-06
9.68373e-11
5.74251e-06
5.41836e-11
5.74251e-06
9.26893e-12
5.74252e-06
-3.65882e-11
5.74254e-06
-8.19737e-11
5.74258e-06
-1.25511e-10
5.74263e-06
-1.65912e-10
5.74269e-06
-2.01964e-10
5.74276e-06
-2.32542e-10
5.74283e-06
-2.56679e-10
5.74291e-06
-2.73667e-10
5.743e-06
-2.83093e-10
5.74308e-06
-2.84818e-10
5.74316e-06
-2.78983e-10
5.74324e-06
-2.66051e-10
5.74331e-06
-2.46769e-10
5.74338e-06
-2.22069e-10
5.74343e-06
-1.92997e-10
5.74348e-06
-1.60729e-10
5.74352e-06
-1.26554e-10
5.74355e-06
-9.1767e-11
5.74357e-06
-5.75454e-11
5.74358e-06
-2.49095e-11
5.74357e-06
5.28916e-12
5.74357e-06
3.24093e-11
5.74355e-06
5.60573e-11
5.74353e-06
7.60757e-11
5.7435e-06
9.2519e-11
5.74347e-06
1.05643e-10
5.74344e-06
1.1588e-10
5.7434e-06
1.23781e-10
5.74336e-06
1.29958e-10
5.74332e-06
1.35022e-10
5.74328e-06
1.39519e-10
5.74323e-06
1.43858e-10
5.74319e-06
1.4826e-10
5.74314e-06
1.52738e-10
5.74309e-06
1.57137e-10
5.74304e-06
1.61191e-10
5.74299e-06
1.64502e-10
5.74295e-06
1.66469e-10
5.7429e-06
1.66312e-10
5.74285e-06
1.63269e-10
5.7428e-06
1.56749e-10
5.74276e-06
1.46285e-10
5.74272e-06
1.31458e-10
5.74269e-06
1.11984e-10
5.74267e-06
8.78646e-11
5.74265e-06
5.93773e-11
5.74264e-06
2.70003e-11
5.74264e-06
-8.54814e-12
5.74266e-06
-4.62407e-11
5.74268e-06
-8.4842e-11
5.74272e-06
-1.23093e-10
5.74277e-06
-1.59761e-10
5.74282e-06
-1.93579e-10
5.74289e-06
-2.23276e-10
5.74296e-06
-2.47683e-10
5.74304e-06
-2.65823e-10
5.74312e-06
-2.76937e-10
5.7432e-06
-2.80551e-10
5.74328e-06
-2.7649e-10
5.74336e-06
-2.64839e-10
5.74343e-06
-2.45903e-10
5.7435e-06
-2.20259e-10
5.74355e-06
-1.88767e-10
5.7436e-06
-1.52488e-10
5.74363e-06
-1.12578e-10
5.74365e-06
-7.02709e-11
5.74366e-06
-2.68702e-11
5.74366e-06
1.6304e-11
5.74364e-06
5.79869e-11
5.74361e-06
9.70232e-11
5.74357e-06
1.32425e-10
5.74353e-06
1.63385e-10
5.74347e-06
1.89208e-10
5.74341e-06
2.09293e-10
5.74335e-06
2.23252e-10
5.74328e-06
2.31019e-10
5.74321e-06
2.32727e-10
5.74314e-06
2.28575e-10
5.74308e-06
2.189e-10
5.74302e-06
2.04293e-10
5.74297e-06
1.85478e-10
5.74292e-06
1.63126e-10
5.74288e-06
1.37899e-10
5.74284e-06
1.10567e-10
5.74282e-06
8.196e-11
5.7428e-06
5.28471e-11
5.7428e-06
2.398e-11
5.7428e-06
-3.85525e-12
5.74281e-06
-2.99758e-11
5.74282e-06
-5.39165e-11
5.74284e-06
-7.53029e-11
5.74287e-06
-9.37313e-11
5.7429e-06
-1.08886e-10
5.74294e-06
-1.2064e-10
5.74297e-06
-1.28918e-10
5.74301e-06
-1.33643e-10
5.74305e-06
-1.34939e-10
5.74309e-06
-1.3318e-10
5.74313e-06
-1.2867e-10
5.74317e-06
-1.21565e-10
5.7432e-06
-1.12171e-10
5.74323e-06
-1.00957e-10
5.74326e-06
-8.82823e-11
5.74328e-06
-7.44465e-11
5.7433e-06
-5.98019e-11
5.74331e-06
-4.45913e-11
5.74332e-06
-2.89028e-11
5.74332e-06
-1.28014e-11
5.74332e-06
3.62711e-12
5.74331e-06
2.03065e-11
5.7433e-06
3.72935e-11
5.74328e-06
5.48006e-11
5.74326e-06
7.30072e-11
5.74323e-06
9.21232e-11
5.7432e-06
1.12494e-10
5.74316e-06
1.34271e-10
5.74311e-06
1.57461e-10
5.74305e-06
1.82281e-10
5.74299e-06
2.08848e-10
5.74292e-06
2.37151e-10
5.74284e-06
2.67058e-10
5.74276e-06
2.97963e-10
5.74267e-06
3.29319e-10
5.74257e-06
3.6027e-10
5.74247e-06
3.88391e-10
5.74238e-06
4.11193e-10
4.26009e-10
6.53817e-06
9.67641e-10
6.538e-06
9.45034e-10
6.53783e-06
9.09124e-10
6.53766e-06
8.60803e-10
6.53749e-06
8.03958e-10
6.53733e-06
7.41584e-10
6.53718e-06
6.76669e-10
6.53704e-06
6.11202e-10
6.53691e-06
5.46414e-10
6.5368e-06
4.82859e-10
6.5367e-06
4.22004e-10
6.53661e-06
3.64204e-10
6.53654e-06
3.0976e-10
6.53648e-06
2.59102e-10
6.53642e-06
2.12365e-10
6.53638e-06
1.69528e-10
6.53635e-06
1.30363e-10
6.53632e-06
9.46224e-11
6.5363e-06
6.19989e-11
6.53629e-06
3.26125e-11
6.53629e-06
6.13829e-12
6.53629e-06
-1.83267e-11
6.5363e-06
-4.10244e-11
6.53631e-06
-6.18806e-11
6.53633e-06
-8.11454e-11
6.53635e-06
-9.91792e-11
6.53638e-06
-1.16268e-10
6.5364e-06
-1.32416e-10
6.53644e-06
-1.47396e-10
6.53647e-06
-1.61132e-10
6.53651e-06
-1.73734e-10
6.53655e-06
-1.85244e-10
6.5366e-06
-1.9552e-10
6.53665e-06
-2.04274e-10
6.53669e-06
-2.11322e-10
6.53674e-06
-2.16679e-10
6.53679e-06
-2.20287e-10
6.53684e-06
-2.21895e-10
6.53689e-06
-2.21281e-10
6.53694e-06
-2.18324e-10
6.53699e-06
-2.12926e-10
6.53704e-06
-2.05002e-10
6.53708e-06
-1.94462e-10
6.53712e-06
-1.81177e-10
6.53716e-06
-1.65007e-10
6.53719e-06
-1.45868e-10
6.53722e-06
-1.23797e-10
6.53724e-06
-9.8934e-11
6.53725e-06
-7.14197e-11
6.53726e-06
-4.1399e-11
6.53726e-06
-9.11926e-12
6.53726e-06
2.50468e-11
6.53724e-06
6.06376e-11
6.53722e-06
9.71005e-11
6.53719e-06
1.33768e-10
6.53715e-06
1.69871e-10
6.5371e-06
2.04593e-10
6.53705e-06
2.37111e-10
6.53699e-06
2.6654e-10
6.53692e-06
2.91925e-10
6.53685e-06
3.12305e-10
6.53678e-06
3.268e-10
6.53671e-06
3.34635e-10
6.53663e-06
3.35156e-10
6.53656e-06
3.27897e-10
6.53649e-06
3.12633e-10
6.53642e-06
2.89366e-10
6.53637e-06
2.58302e-10
6.53632e-06
2.19891e-10
6.53628e-06
1.74884e-10
6.53625e-06
1.24331e-10
6.53624e-06
6.95107e-11
6.53623e-06
1.18891e-11
6.53624e-06
-4.69056e-11
6.53627e-06
-1.05138e-10
6.5363e-06
-1.61056e-10
6.53635e-06
-2.12961e-10
6.53641e-06
-2.59256e-10
6.53647e-06
-2.98493e-10
6.53655e-06
-3.29456e-10
6.53662e-06
-3.51261e-10
6.5367e-06
-3.63411e-10
6.53679e-06
-3.65761e-10
6.53687e-06
-3.58482e-10
6.53694e-06
-3.42098e-10
6.53701e-06
-3.17522e-10
6.53708e-06
-2.85984e-10
6.53713e-06
-2.48886e-10
6.53718e-06
-2.07714e-10
6.53722e-06
-1.64034e-10
6.53724e-06
-1.19456e-10
6.53726e-06
-7.55075e-11
6.53727e-06
-3.35222e-11
6.53727e-06
5.41335e-12
6.53726e-06
4.04846e-11
6.53725e-06
7.11737e-11
6.53723e-06
9.72571e-11
6.5372e-06
1.18786e-10
6.53717e-06
1.36072e-10
6.53714e-06
1.49666e-10
6.5371e-06
1.60276e-10
6.53706e-06
1.68664e-10
6.53702e-06
1.75557e-10
6.53698e-06
1.81584e-10
6.53694e-06
1.87243e-10
6.53689e-06
1.92855e-10
6.53685e-06
1.98509e-10
6.5368e-06
2.04027e-10
6.53675e-06
2.09002e-10
6.5367e-06
2.12879e-10
6.53665e-06
2.1496e-10
6.53661e-06
2.14369e-10
6.53656e-06
2.10139e-10
6.53651e-06
2.01422e-10
6.53647e-06
1.87601e-10
6.53644e-06
1.68226e-10
6.5364e-06
1.42991e-10
6.53638e-06
1.11865e-10
6.53636e-06
7.51991e-11
6.53636e-06
3.36662e-11
6.53636e-06
-1.1809e-11
6.53637e-06
-6.00157e-11
6.5364e-06
-1.09454e-10
6.53643e-06
-1.5848e-10
6.53648e-06
-2.0545e-10
6.53654e-06
-2.48742e-10
6.5366e-06
-2.86757e-10
6.53667e-06
-3.18012e-10
6.53674e-06
-3.41255e-10
6.53682e-06
-3.55522e-10
6.5369e-06
-3.6018e-10
6.53698e-06
-3.54978e-10
6.53706e-06
-3.40048e-10
6.53713e-06
-3.15832e-10
6.53719e-06
-2.83069e-10
6.53724e-06
-2.42808e-10
6.53729e-06
-1.96379e-10
6.53732e-06
-1.45271e-10
6.53734e-06
-9.10633e-11
6.53735e-06
-3.54104e-11
6.53735e-06
1.99972e-11
6.53733e-06
7.35298e-11
6.5373e-06
1.237e-10
6.53727e-06
1.69217e-10
6.53722e-06
2.09025e-10
6.53717e-06
2.42259e-10
6.53711e-06
2.68186e-10
6.53705e-06
2.86271e-10
6.53698e-06
2.96349e-10
6.53692e-06
2.98635e-10
6.53685e-06
2.93499e-10
6.53679e-06
2.81361e-10
6.53673e-06
2.62824e-10
6.53668e-06
2.38742e-10
6.53663e-06
2.10063e-10
6.53659e-06
1.77694e-10
6.53656e-06
1.426e-10
6.53653e-06
1.0586e-10
6.53652e-06
6.85395e-11
6.53651e-06
3.15791e-11
6.53651e-06
-4.14153e-12
6.53652e-06
-3.77859e-11
6.53653e-06
-6.86663e-11
6.53655e-06
-9.62461e-11
6.53658e-06
-1.20022e-10
6.53661e-06
-1.39567e-10
6.53665e-06
-1.54701e-10
6.53668e-06
-1.65446e-10
6.53672e-06
-1.71794e-10
6.53676e-06
-1.73765e-10
6.5368e-06
-1.7164e-10
6.53683e-06
-1.65858e-10
6.53687e-06
-1.56767e-10
6.5369e-06
-1.44744e-10
6.53693e-06
-1.30347e-10
6.53696e-06
-1.14104e-10
6.53698e-06
-9.63652e-11
6.537e-06
-7.74104e-11
6.53701e-06
-5.75143e-11
6.53702e-06
-3.69462e-11
6.53702e-06
-1.59203e-11
6.53702e-06
5.48858e-12
6.53701e-06
2.725e-11
6.537e-06
4.94027e-11
6.53698e-06
7.22605e-11
6.53696e-06
9.61831e-11
6.53693e-06
1.21269e-10
6.5369e-06
1.47572e-10
6.53686e-06
1.75351e-10
6.53681e-06
2.05048e-10
6.53675e-06
2.36867e-10
6.53669e-06
2.70532e-10
6.53662e-06
3.05755e-10
6.53655e-06
3.42238e-10
6.53647e-06
3.79084e-10
6.53638e-06
4.15144e-10
6.53629e-06
4.49202e-10
6.5362e-06
4.78503e-10
6.53611e-06
5.00113e-10
5.13298e-10
7.16789e-06
1.10729e-09
7.16775e-06
1.0872e-09
7.1676e-06
1.056e-09
7.16745e-06
1.00894e-09
7.1673e-06
9.49319e-10
7.16716e-06
8.82143e-10
7.16703e-06
8.09357e-10
7.16691e-06
7.3473e-10
7.1668e-06
6.59488e-10
7.16669e-06
5.84789e-10
7.1666e-06
5.12502e-10
7.16652e-06
4.43515e-10
7.16646e-06
3.78227e-10
7.1664e-06
3.17297e-10
7.16635e-06
2.61158e-10
7.16631e-06
2.09353e-10
7.16628e-06
1.6163e-10
7.16625e-06
1.18233e-10
7.16624e-06
7.89442e-11
7.16623e-06
4.33116e-11
7.16622e-06
1.07353e-11
7.16622e-06
-1.93363e-11
7.16623e-06
-4.69271e-11
7.16624e-06
-7.22126e-11
7.16625e-06
-9.57917e-11
7.16627e-06
-1.1803e-10
7.16629e-06
-1.38925e-10
7.16632e-06
-1.58381e-10
7.16635e-06
-1.76383e-10
7.16638e-06
-1.93102e-10
7.16641e-06
-2.08642e-10
7.16645e-06
-2.2275e-10
7.16649e-06
-2.35073e-10
7.16653e-06
-2.45471e-10
7.16658e-06
-2.5395e-10
7.16662e-06
-2.60454e-10
7.16666e-06
-2.64768e-10
7.16671e-06
-2.66615e-10
7.16675e-06
-2.65815e-10
7.1668e-06
-2.62249e-10
7.16684e-06
-2.55766e-10
7.16688e-06
-2.46204e-10
7.16692e-06
-2.33418e-10
7.16695e-06
-2.1726e-10
7.16699e-06
-1.97615e-10
7.16702e-06
-1.74455e-10
7.16704e-06
-1.47838e-10
7.16706e-06
-1.17899e-10
7.16707e-06
-8.48122e-11
7.16708e-06
-4.87667e-11
7.16708e-06
-1.0038e-11
7.16707e-06
3.09444e-11
7.16706e-06
7.35991e-11
7.16704e-06
1.17233e-10
7.16701e-06
1.61078e-10
7.16698e-06
2.04281e-10
7.16694e-06
2.45878e-10
7.16689e-06
2.84816e-10
7.16684e-06
3.19978e-10
7.16678e-06
3.50222e-10
7.16672e-06
3.74433e-10
7.16665e-06
3.91597e-10
7.16659e-06
4.00814e-10
7.16652e-06
4.01312e-10
7.16646e-06
3.92515e-10
7.16639e-06
3.74138e-10
7.16634e-06
3.46208e-10
7.16629e-06
3.09002e-10
7.16624e-06
2.63042e-10
7.16621e-06
2.09188e-10
7.16618e-06
1.487e-10
7.16617e-06
8.3166e-11
7.16617e-06
1.43665e-11
7.16618e-06
-5.58036e-11
7.1662e-06
-1.25348e-10
7.16623e-06
-1.92188e-10
7.16627e-06
-2.54251e-10
7.16632e-06
-3.09584e-10
7.16638e-06
-3.56469e-10
7.16644e-06
-3.93496e-10
7.16651e-06
-4.19625e-10
7.16658e-06
-4.34247e-10
7.16665e-06
-4.37202e-10
7.16672e-06
-4.28728e-10
7.16679e-06
-4.09436e-10
7.16685e-06
-3.80341e-10
7.16691e-06
-3.42852e-10
7.16696e-06
-2.9866e-10
7.167e-06
-2.4958e-10
7.16704e-06
-1.97478e-10
7.16706e-06
-1.44238e-10
7.16708e-06
-9.16758e-11
7.16708e-06
-4.14004e-11
7.16708e-06
5.28121e-12
7.16708e-06
4.73963e-11
7.16706e-06
8.43226e-11
7.16705e-06
1.15793e-10
7.16702e-06
1.41876e-10
7.167e-06
1.62944e-10
7.16697e-06
1.79634e-10
7.16693e-06
1.92763e-10
7.1669e-06
2.03217e-10
7.16686e-06
2.11829e-10
7.16683e-06
2.19313e-10
7.16679e-06
2.26225e-10
7.16675e-06
2.32939e-10
7.16671e-06
2.39605e-10
7.16666e-06
2.46069e-10
7.16662e-06
2.51843e-10
7.16658e-06
2.56193e-10
7.16653e-06
2.58264e-10
7.16649e-06
2.57106e-10
7.16645e-06
2.51677e-10
7.16641e-06
2.40961e-10
7.16637e-06
2.2416e-10
7.16634e-06
2.00737e-10
7.16631e-06
1.70375e-10
7.16629e-06
1.33028e-10
7.16628e-06
8.90806e-11
7.16627e-06
3.9379e-11
7.16628e-06
-1.49053e-11
7.16629e-06
-7.23596e-11
7.16631e-06
-1.31305e-10
7.16634e-06
-1.89827e-10
7.16638e-06
-2.45912e-10
7.16643e-06
-2.97574e-10
7.16649e-06
-3.42904e-10
7.16655e-06
-3.80154e-10
7.16661e-06
-4.07852e-10
7.16668e-06
-4.24876e-10
7.16675e-06
-4.30476e-10
7.16682e-06
-4.24316e-10
7.16689e-06
-4.06526e-10
7.16695e-06
-3.77666e-10
7.16701e-06
-3.38649e-10
7.16706e-06
-2.90701e-10
7.16709e-06
-2.3535e-10
7.16712e-06
-1.74364e-10
7.16714e-06
-1.09655e-10
7.16715e-06
-4.32179e-11
7.16715e-06
2.29412e-11
7.16713e-06
8.69089e-11
7.16711e-06
1.46938e-10
7.16708e-06
2.01461e-10
7.16704e-06
2.49126e-10
7.16699e-06
2.88867e-10
7.16694e-06
3.199e-10
7.16689e-06
3.41676e-10
7.16683e-06
3.53952e-10
7.16677e-06
3.56874e-10
7.16671e-06
3.50891e-10
7.16666e-06
3.36568e-10
7.16661e-06
3.14598e-10
7.16656e-06
2.85925e-10
7.16652e-06
2.51697e-10
7.16648e-06
2.13079e-10
7.16645e-06
1.71217e-10
7.16643e-06
1.27353e-10
7.16642e-06
8.27825e-11
7.16641e-06
3.86586e-11
7.16641e-06
-4.03394e-12
7.16642e-06
-4.43553e-11
7.16643e-06
-8.14186e-11
7.16645e-06
-1.14509e-10
7.16647e-06
-1.43065e-10
7.1665e-06
-1.66607e-10
7.16653e-06
-1.84837e-10
7.16656e-06
-1.97754e-10
7.16659e-06
-2.05481e-10
7.16663e-06
-2.08081e-10
7.16666e-06
-2.05716e-10
7.1667e-06
-1.98844e-10
7.16673e-06
-1.88035e-10
7.16676e-06
-1.73797e-10
7.16678e-06
-1.5666e-10
7.1668e-06
-1.37174e-10
7.16682e-06
-1.1581e-10
7.16684e-06
-9.29501e-11
7.16685e-06
-6.89271e-11
7.16686e-06
-4.40672e-11
7.16686e-06
-1.86731e-11
7.16686e-06
7.15293e-12
7.16685e-06
3.34939e-11
7.16684e-06
6.04496e-11
7.16683e-06
8.82237e-11
7.16681e-06
1.17129e-10
7.16678e-06
1.47337e-10
7.16675e-06
1.78968e-10
7.16671e-06
2.12429e-10
7.16667e-06
2.48102e-10
7.16662e-06
2.85864e-10
7.16657e-06
3.25471e-10
7.16651e-06
3.66508e-10
7.16644e-06
4.08152e-10
7.16637e-06
4.49635e-10
7.16629e-06
4.89584e-10
7.16622e-06
5.25565e-10
7.16614e-06
5.5506e-10
7.16607e-06
5.75136e-10
5.87191e-10
7.63701e-06
1.214e-09
7.6369e-06
1.1967e-09
7.63679e-06
1.16858e-09
7.63667e-06
1.12272e-09
7.63656e-06
1.06243e-09
7.63645e-06
9.91899e-10
7.63635e-06
9.14495e-10
7.63625e-06
8.3239e-10
7.63616e-06
7.48709e-10
7.63608e-06
6.66079e-10
7.636e-06
5.8529e-10
7.63594e-06
5.07384e-10
7.63589e-06
4.3384e-10
7.63584e-06
3.6481e-10
7.6358e-06
3.00698e-10
7.63577e-06
2.4154e-10
7.63574e-06
1.87398e-10
7.63572e-06
1.3839e-10
7.63571e-06
9.36463e-11
7.6357e-06
5.23745e-11
7.63569e-06
1.47477e-11
7.63569e-06
-1.93621e-11
7.6357e-06
-5.07228e-11
7.6357e-06
-7.98985e-11
7.63571e-06
-1.07177e-10
7.63573e-06
-1.32666e-10
7.63575e-06
-1.56348e-10
7.63577e-06
-1.7836e-10
7.63579e-06
-1.98936e-10
7.63581e-06
-2.1814e-10
7.63584e-06
-2.3582e-10
7.63587e-06
-2.51716e-10
7.6359e-06
-2.65647e-10
7.63593e-06
-2.77554e-10
7.63596e-06
-2.87329e-10
7.636e-06
-2.94757e-10
7.63603e-06
-2.99602e-10
7.63607e-06
-3.01641e-10
7.6361e-06
-3.00685e-10
7.63614e-06
-2.96583e-10
7.63617e-06
-2.89174e-10
7.6362e-06
-2.78272e-10
7.63623e-06
-2.63686e-10
7.63626e-06
-2.45262e-10
7.63629e-06
-2.22932e-10
7.63631e-06
-1.96702e-10
7.63633e-06
-1.66598e-10
7.63634e-06
-1.32716e-10
7.63635e-06
-9.52595e-11
7.63636e-06
-5.44836e-11
7.63636e-06
-1.07061e-11
7.63636e-06
3.56081e-11
7.63635e-06
8.38024e-11
7.63633e-06
1.33076e-10
7.63631e-06
1.8256e-10
7.63628e-06
2.3131e-10
7.63625e-06
2.78245e-10
7.63621e-06
3.22147e-10
7.63617e-06
3.61751e-10
7.63612e-06
3.95798e-10
7.63608e-06
4.23051e-10
7.63602e-06
4.42336e-10
7.63597e-06
4.52622e-10
7.63592e-06
4.53075e-10
7.63587e-06
4.43089e-10
7.63582e-06
4.22325e-10
7.63578e-06
3.90763e-10
7.63574e-06
3.48713e-10
7.6357e-06
2.96813e-10
7.63568e-06
2.36064e-10
7.63566e-06
1.67869e-10
7.63565e-06
9.39964e-11
7.63564e-06
1.64479e-11
7.63565e-06
-6.26406e-11
7.63567e-06
-1.41027e-10
7.63569e-06
-2.16373e-10
7.63572e-06
-2.86326e-10
7.63576e-06
-3.48682e-10
7.63581e-06
-4.01533e-10
7.63586e-06
-4.43342e-10
7.63591e-06
-4.72948e-10
7.63597e-06
-4.89609e-10
7.63602e-06
-4.93083e-10
7.63608e-06
-4.83647e-10
7.63613e-06
-4.6204e-10
7.63618e-06
-4.29406e-10
7.63622e-06
-3.8728e-10
7.63626e-06
-3.37539e-10
7.63629e-06
-2.82261e-10
7.63632e-06
-2.23581e-10
7.63634e-06
-1.63604e-10
7.63635e-06
-1.04341e-10
7.63636e-06
-4.75959e-11
7.63636e-06
5.14783e-12
7.63635e-06
5.27825e-11
7.63634e-06
9.45997e-11
7.63633e-06
1.303e-10
7.63631e-06
1.59973e-10
7.63629e-06
1.84049e-10
7.63627e-06
2.03225e-10
7.63624e-06
2.18381e-10
7.63621e-06
2.30475e-10
7.63619e-06
2.40435e-10
7.63616e-06
2.49062e-10
7.63613e-06
2.56975e-10
7.63609e-06
2.64566e-10
7.63606e-06
2.71994e-10
7.63603e-06
2.79123e-10
7.63599e-06
2.85454e-10
7.63596e-06
2.90152e-10
7.63593e-06
2.92199e-10
7.63589e-06
2.90546e-10
7.63586e-06
2.84122e-10
7.63583e-06
2.71834e-10
7.6358e-06
2.52719e-10
7.63578e-06
2.26118e-10
7.63575e-06
1.91716e-10
7.63574e-06
1.49521e-10
7.63573e-06
9.99499e-11
7.63572e-06
4.3914e-11
7.63572e-06
-1.72498e-11
7.63573e-06
-8.19306e-11
7.63575e-06
-1.48286e-10
7.63578e-06
-2.14214e-10
7.63581e-06
-2.77431e-10
7.63584e-06
-3.35642e-10
7.63589e-06
-3.86679e-10
7.63594e-06
-4.28595e-10
7.63599e-06
-4.59754e-10
7.63604e-06
-4.78919e-10
7.6361e-06
-4.8527e-10
7.63615e-06
-4.78423e-10
7.6362e-06
-4.58483e-10
7.63625e-06
-4.26064e-10
7.6363e-06
-3.82206e-10
7.63633e-06
-3.28288e-10
7.63636e-06
-2.65997e-10
7.63639e-06
-1.97304e-10
7.6364e-06
-1.24386e-10
7.63641e-06
-4.95138e-11
7.63641e-06
2.5055e-11
7.6364e-06
9.71836e-11
7.63638e-06
1.64923e-10
7.63635e-06
2.265e-10
7.63632e-06
2.80334e-10
7.63629e-06
3.25174e-10
7.63624e-06
3.60186e-10
7.6362e-06
3.8487e-10
7.63616e-06
3.98949e-10
7.63611e-06
4.02445e-10
7.63607e-06
3.95787e-10
7.63602e-06
3.79703e-10
7.63598e-06
3.55057e-10
7.63595e-06
3.22855e-10
7.63591e-06
2.8432e-10
7.63589e-06
2.40818e-10
7.63586e-06
1.93706e-10
7.63585e-06
1.44339e-10
7.63583e-06
9.40989e-11
7.63583e-06
4.42982e-11
7.63583e-06
-3.91434e-12
7.63583e-06
-4.94755e-11
7.63584e-06
-9.13625e-11
7.63586e-06
-1.28731e-10
7.63588e-06
-1.60993e-10
7.6359e-06
-1.87695e-10
7.63592e-06
-2.08458e-10
7.63595e-06
-2.23154e-10
7.63597e-06
-2.31929e-10
7.636e-06
-2.34961e-10
7.63603e-06
-2.32426e-10
7.63605e-06
-2.24765e-10
7.63608e-06
-2.12656e-10
7.6361e-06
-1.96716e-10
7.63612e-06
-1.77449e-10
7.63614e-06
-1.5538e-10
7.63615e-06
-1.31082e-10
7.63617e-06
-1.05114e-10
7.63618e-06
-7.78981e-11
7.63618e-06
-4.97257e-11
7.63618e-06
-2.08918e-11
7.63618e-06
8.46627e-12
7.63618e-06
3.85274e-11
7.63617e-06
6.94081e-11
7.63616e-06
1.0105e-10
7.63614e-06
1.33701e-10
7.63612e-06
1.67894e-10
7.63609e-06
2.03998e-10
7.63607e-06
2.42158e-10
7.63603e-06
2.8234e-10
7.63599e-06
3.24454e-10
7.63595e-06
3.68467e-10
7.6359e-06
4.13864e-10
7.63585e-06
4.59672e-10
7.6358e-06
5.04601e-10
7.63574e-06
5.46713e-10
7.63568e-06
5.8379e-10
7.63562e-06
6.13138e-10
7.63556e-06
6.32396e-10
6.43551e-10
7.94813e-06
1.28237e-09
7.94806e-06
1.26653e-09
7.94799e-06
1.24025e-09
7.94792e-06
1.19632e-09
7.94785e-06
1.13618e-09
7.94778e-06
1.06317e-09
7.94771e-06
9.82183e-10
7.94764e-06
8.96288e-10
7.94758e-06
8.08021e-10
7.94753e-06
7.19603e-10
7.94748e-06
6.32921e-10
7.94744e-06
5.49604e-10
7.9474e-06
4.70633e-10
7.94737e-06
3.96165e-10
7.94734e-06
3.2688e-10
7.94732e-06
2.63356e-10
7.9473e-06
2.05286e-10
7.94729e-06
1.52088e-10
7.94728e-06
1.03406e-10
7.94727e-06
5.89388e-11
7.94727e-06
1.84984e-11
7.94727e-06
-1.84135e-11
7.94727e-06
-5.25478e-11
7.94728e-06
-8.42837e-11
7.94728e-06
-1.13775e-10
7.94729e-06
-1.41199e-10
7.9473e-06
-1.66749e-10
7.94731e-06
-1.907e-10
7.94733e-06
-2.13176e-10
7.94734e-06
-2.33964e-10
7.94736e-06
-2.52847e-10
7.94738e-06
-2.69799e-10
7.9474e-06
-2.8481e-10
7.94742e-06
-2.97753e-10
7.94744e-06
-3.08392e-10
7.94746e-06
-3.16454e-10
7.94748e-06
-3.21687e-10
7.94751e-06
-3.23869e-10
7.94753e-06
-3.22813e-10
7.94755e-06
-3.18375e-10
7.94757e-06
-3.10383e-10
7.94759e-06
-2.98612e-10
7.94761e-06
-2.82843e-10
7.94763e-06
-2.62938e-10
7.94764e-06
-2.38875e-10
7.94766e-06
-2.10704e-10
7.94767e-06
-1.78454e-10
7.94768e-06
-1.42156e-10
7.94769e-06
-1.01942e-10
7.94769e-06
-5.80884e-11
7.94769e-06
-1.10182e-11
7.94769e-06
3.86987e-11
7.94768e-06
9.03685e-11
7.94767e-06
1.43198e-10
7.94766e-06
1.96291e-10
7.94764e-06
2.48613e-10
7.94762e-06
2.98964e-10
7.94759e-06
3.46015e-10
7.94757e-06
3.88417e-10
7.94754e-06
4.2485e-10
7.94751e-06
4.54007e-10
7.94748e-06
4.74615e-10
7.94744e-06
4.85557e-10
7.94741e-06
4.85976e-10
7.94738e-06
4.75266e-10
7.94735e-06
4.53045e-10
7.94732e-06
4.19211e-10
7.94729e-06
3.74063e-10
7.94727e-06
3.18349e-10
7.94725e-06
2.53226e-10
7.94724e-06
1.80197e-10
7.94723e-06
1.01076e-10
7.94723e-06
1.79615e-11
7.94724e-06
-6.68312e-11
7.94725e-06
-1.50839e-10
7.94726e-06
-2.31535e-10
7.94728e-06
-3.06436e-10
7.94731e-06
-3.73223e-10
7.94734e-06
-4.29876e-10
7.94737e-06
-4.74753e-10
7.9474e-06
-5.06606e-10
7.94744e-06
-5.24602e-10
7.94747e-06
-5.28421e-10
7.94751e-06
-5.18342e-10
7.94754e-06
-4.95211e-10
7.94757e-06
-4.60312e-10
7.9476e-06
-4.15275e-10
7.94762e-06
-3.62049e-10
7.94764e-06
-3.02846e-10
7.94766e-06
-2.39993e-10
7.94767e-06
-1.75772e-10
7.94768e-06
-1.12309e-10
7.94768e-06
-5.14992e-11
7.94768e-06
5.0813e-12
7.94768e-06
5.62337e-11
7.94767e-06
1.01179e-10
7.94767e-06
1.39582e-10
7.94765e-06
1.71545e-10
7.94764e-06
1.97538e-10
7.94763e-06
2.18303e-10
7.94761e-06
2.34752e-10
7.94759e-06
2.4788e-10
7.94757e-06
2.58667e-10
7.94755e-06
2.68001e-10
7.94753e-06
2.7657e-10
7.94751e-06
2.84787e-10
7.94749e-06
2.9276e-10
7.94747e-06
3.00309e-10
7.94745e-06
3.06948e-10
7.94743e-06
3.11851e-10
7.94741e-06
3.13923e-10
7.94739e-06
3.11988e-10
7.94736e-06
3.04904e-10
7.94734e-06
2.91564e-10
7.94733e-06
2.70949e-10
7.94731e-06
2.42308e-10
7.9473e-06
2.05312e-10
7.94729e-06
1.60037e-10
7.94728e-06
1.0694e-10
7.94728e-06
4.69207e-11
7.94728e-06
-1.86408e-11
7.94728e-06
-8.79785e-11
7.94729e-06
-1.59067e-10
7.94731e-06
-2.29664e-10
7.94733e-06
-2.97357e-10
7.94735e-06
-3.59697e-10
7.94738e-06
-4.14363e-10
7.94741e-06
-4.59272e-10
7.94744e-06
-4.92668e-10
7.94748e-06
-5.13216e-10
7.94751e-06
-5.20049e-10
7.94755e-06
-5.12775e-10
7.94758e-06
-4.91491e-10
7.94761e-06
-4.5682e-10
7.94764e-06
-4.09872e-10
7.94766e-06
-3.52143e-10
7.94768e-06
-2.85447e-10
7.9477e-06
-2.11891e-10
7.94771e-06
-1.33801e-10
7.94771e-06
-5.36027e-11
7.94771e-06
2.62938e-11
7.9477e-06
1.0359e-10
7.94769e-06
1.76183e-10
7.94768e-06
2.4219e-10
7.94766e-06
2.99944e-10
7.94763e-06
3.48069e-10
7.94761e-06
3.85624e-10
7.94758e-06
4.12105e-10
7.94755e-06
4.27286e-10
7.94752e-06
4.31172e-10
7.9475e-06
4.24133e-10
7.94747e-06
4.06949e-10
7.94744e-06
3.80616e-10
7.94742e-06
3.46217e-10
7.9474e-06
3.04992e-10
7.94738e-06
2.58399e-10
7.94737e-06
2.07962e-10
7.94736e-06
1.55122e-10
7.94735e-06
1.01274e-10
7.94735e-06
4.78164e-11
7.94735e-06
-3.93032e-12
7.94735e-06
-5.2788e-11
7.94735e-06
-9.7699e-11
7.94736e-06
-1.37771e-10
7.94738e-06
-1.72374e-10
7.94739e-06
-2.01074e-10
7.9474e-06
-2.23494e-10
7.94742e-06
-2.39389e-10
7.94744e-06
-2.48822e-10
7.94745e-06
-2.52079e-10
7.94747e-06
-2.49479e-10
7.94749e-06
-2.41438e-10
7.9475e-06
-2.28548e-10
7.94752e-06
-2.11457e-10
7.94753e-06
-1.90784e-10
7.94754e-06
-1.6711e-10
7.94755e-06
-1.40988e-10
7.94756e-06
-1.13014e-10
7.94757e-06
-8.37289e-11
7.94757e-06
-5.34295e-11
7.94757e-06
-2.23195e-11
7.94757e-06
9.40141e-12
7.94757e-06
4.17746e-11
7.94756e-06
7.50047e-11
7.94756e-06
1.0922e-10
7.94755e-06
1.44597e-10
7.94753e-06
1.81483e-10
7.94752e-06
2.20312e-10
7.9475e-06
2.613e-10
7.94747e-06
3.04379e-10
7.94745e-06
3.49505e-10
7.94742e-06
3.9648e-10
7.94739e-06
4.4463e-10
7.94736e-06
4.92743e-10
7.94732e-06
5.39435e-10
7.94729e-06
5.82836e-10
7.94725e-06
6.20711e-10
7.94721e-06
6.49936e-10
7.94718e-06
6.68088e-10
6.78384e-10
8.10304e-06
1.30761e-09
8.10301e-06
1.2924e-09
8.10299e-06
1.26793e-09
8.10296e-06
1.22403e-09
8.10293e-06
1.16316e-09
8.1029e-06
1.09034e-09
8.10288e-06
1.00857e-09
8.10285e-06
9.20957e-10
8.10283e-06
8.30797e-10
8.10281e-06
7.40514e-10
8.10279e-06
6.51682e-10
8.10277e-06
5.6631e-10
8.10276e-06
4.85143e-10
8.10275e-06
4.08836e-10
8.10273e-06
3.38002e-10
8.10273e-06
2.72752e-10
8.10272e-06
2.12771e-10
8.10271e-06
1.5792e-10
8.10271e-06
1.08029e-10
8.1027e-06
6.24878e-11
8.1027e-06
2.07857e-11
8.1027e-06
-1.74043e-11
8.1027e-06
-5.25684e-11
8.1027e-06
-8.5104e-11
8.1027e-06
-1.15276e-10
8.1027e-06
-1.43439e-10
8.10271e-06
-1.69859e-10
8.10271e-06
-1.94587e-10
8.10272e-06
-2.176e-10
8.10272e-06
-2.38864e-10
8.10273e-06
-2.5833e-10
8.10273e-06
-2.75907e-10
8.10274e-06
-2.91427e-10
8.10275e-06
-3.04702e-10
8.10275e-06
-3.15539e-10
8.10276e-06
-3.23709e-10
8.10277e-06
-3.28991e-10
8.10277e-06
-3.31206e-10
8.10278e-06
-3.30176e-10
8.10279e-06
-3.25677e-10
8.1028e-06
-3.17456e-10
8.1028e-06
-3.05298e-10
8.10281e-06
-2.89085e-10
8.10282e-06
-2.68741e-10
8.10282e-06
-2.44194e-10
8.10283e-06
-2.15416e-10
8.10283e-06
-1.82415e-10
8.10283e-06
-1.45228e-10
8.10283e-06
-1.03995e-10
8.10284e-06
-5.90396e-11
8.10284e-06
-1.08559e-11
8.10283e-06
3.99579e-11
8.10283e-06
9.27546e-11
8.10283e-06
1.46799e-10
8.10282e-06
2.01171e-10
8.10282e-06
2.54742e-10
8.10281e-06
3.06239e-10
8.1028e-06
3.54328e-10
8.10279e-06
3.97665e-10
8.10278e-06
4.34912e-10
8.10277e-06
4.64728e-10
8.10276e-06
4.85814e-10
8.10275e-06
4.97019e-10
8.10274e-06
4.97451e-10
8.10273e-06
4.86485e-10
8.10272e-06
4.63734e-10
8.10271e-06
4.29096e-10
8.1027e-06
3.82883e-10
8.10269e-06
3.25881e-10
8.10268e-06
2.59296e-10
8.10268e-06
1.84644e-10
8.10268e-06
1.03734e-10
8.10268e-06
1.86842e-11
8.10268e-06
-6.81027e-11
8.10268e-06
-1.54052e-10
8.10269e-06
-2.36566e-10
8.10269e-06
-3.13146e-10
8.1027e-06
-3.81465e-10
8.10271e-06
-4.39451e-10
8.10272e-06
-4.85379e-10
8.10273e-06
-5.17958e-10
8.10274e-06
-5.36368e-10
8.10276e-06
-5.40298e-10
8.10277e-06
-5.30004e-10
8.10278e-06
-5.06332e-10
8.10279e-06
-4.70622e-10
8.1028e-06
-4.2458e-10
8.10281e-06
-3.70193e-10
8.10281e-06
-3.09684e-10
8.10282e-06
-2.45414e-10
8.10282e-06
-1.79727e-10
8.10283e-06
-1.14812e-10
8.10283e-06
-5.26025e-11
8.10283e-06
5.29522e-12
8.10283e-06
5.76603e-11
8.10282e-06
1.03695e-10
8.10282e-06
1.43049e-10
8.10282e-06
1.75812e-10
8.10281e-06
2.02461e-10
8.10281e-06
2.23755e-10
8.1028e-06
2.40629e-10
8.10279e-06
2.54095e-10
8.10279e-06
2.65153e-10
8.10278e-06
2.74707e-10
8.10277e-06
2.83482e-10
8.10277e-06
2.91922e-10
8.10276e-06
3.00122e-10
8.10275e-06
3.07838e-10
8.10274e-06
3.14546e-10
8.10274e-06
3.1945e-10
8.10273e-06
3.21492e-10
8.10272e-06
3.19455e-10
8.10271e-06
3.12134e-10
8.10271e-06
2.98411e-10
8.1027e-06
2.77275e-10
8.10269e-06
2.47942e-10
8.10269e-06
2.1004e-10
8.10269e-06
1.63678e-10
8.10268e-06
1.09376e-10
8.10268e-06
4.80303e-11
8.10268e-06
-1.90187e-11
8.10268e-06
-8.99825e-11
8.10269e-06
-1.62733e-10
8.10269e-06
-2.34932e-10
8.1027e-06
-3.04121e-10
8.10271e-06
-3.6783e-10
8.10272e-06
-4.23722e-10
8.10273e-06
-4.69684e-10
8.10274e-06
-5.03902e-10
8.10275e-06
-5.24964e-10
8.10276e-06
-5.31968e-10
8.10277e-06
-5.24544e-10
8.10278e-06
-5.02823e-10
8.1028e-06
-4.67421e-10
8.1028e-06
-4.19435e-10
8.10281e-06
-3.60394e-10
8.10282e-06
-2.92176e-10
8.10282e-06
-2.16949e-10
8.10283e-06
-1.37092e-10
8.10283e-06
-5.50728e-11
8.10283e-06
2.66556e-11
8.10283e-06
1.05726e-10
8.10282e-06
1.79946e-10
8.10282e-06
2.47398e-10
8.10281e-06
3.06449e-10
8.1028e-06
3.55735e-10
8.1028e-06
3.94223e-10
8.10279e-06
4.2132e-10
8.10278e-06
4.36841e-10
8.10277e-06
4.40871e-10
8.10276e-06
4.3377e-10
8.10275e-06
4.16249e-10
8.10274e-06
3.89321e-10
8.10273e-06
3.54151e-10
8.10272e-06
3.12011e-10
8.10272e-06
2.64349e-10
8.10271e-06
2.12727e-10
8.10271e-06
1.58661e-10
8.10271e-06
1.03579e-10
8.10271e-06
4.88979e-11
8.10271e-06
-4.02633e-12
8.10271e-06
-5.40053e-11
8.10271e-06
-9.99996e-11
8.10271e-06
-1.41069e-10
8.10272e-06
-1.7648e-10
8.10272e-06
-2.05798e-10
8.10273e-06
-2.28758e-10
8.10273e-06
-2.45131e-10
8.10274e-06
-2.54867e-10
8.10275e-06
-2.58227e-10
8.10275e-06
-2.55631e-10
8.10276e-06
-2.4751e-10
8.10276e-06
-2.34367e-10
8.10277e-06
-2.16833e-10
8.10277e-06
-1.95627e-10
8.10278e-06
-1.71412e-10
8.10278e-06
-1.44698e-10
8.10279e-06
-1.16003e-10
8.10279e-06
-8.59225e-11
8.10279e-06
-5.48336e-11
8.10279e-06
-2.28692e-11
8.10279e-06
9.79375e-12
8.10279e-06
4.30502e-11
8.10279e-06
7.7107e-11
8.10278e-06
1.12236e-10
8.10278e-06
1.48605e-10
8.10278e-06
1.86498e-10
8.10277e-06
2.26351e-10
8.10276e-06
2.68318e-10
8.10275e-06
3.12353e-10
8.10275e-06
3.58671e-10
8.10274e-06
4.06691e-10
8.10272e-06
4.5558e-10
8.10271e-06
5.04636e-10
8.1027e-06
5.52021e-10
8.10269e-06
5.95773e-10
8.10267e-06
6.33801e-10
8.10266e-06
6.62928e-10
8.10265e-06
6.80629e-10
6.90893e-10
8.10264e-06
1.28879e-09
8.10266e-06
1.27334e-09
8.10268e-06
1.24808e-09
8.1027e-06
1.20398e-09
8.10272e-06
1.14351e-09
8.10274e-06
1.07111e-09
8.10275e-06
9.90243e-10
8.10277e-06
9.04008e-10
8.10279e-06
8.15079e-10
8.1028e-06
7.2635e-10
8.10281e-06
6.39507e-10
8.10282e-06
5.55648e-10
8.10283e-06
4.76066e-10
8.10284e-06
4.0143e-10
8.10285e-06
3.31898e-10
8.10285e-06
2.67726e-10
8.10286e-06
2.08932e-10
8.10286e-06
1.55236e-10
8.10286e-06
1.06368e-10
8.10286e-06
6.18803e-11
8.10286e-06
2.11634e-11
8.10286e-06
-1.61925e-11
8.10286e-06
-5.05549e-11
8.10285e-06
-8.2343e-11
8.10285e-06
-1.11899e-10
8.10285e-06
-1.3953e-10
8.10284e-06
-1.65392e-10
8.10284e-06
-1.8946e-10
8.10283e-06
-2.1181e-10
8.10282e-06
-2.32591e-10
8.10282e-06
-2.51755e-10
8.10281e-06
-2.69057e-10
8.1028e-06
-2.8426e-10
8.1028e-06
-2.97217e-10
8.10279e-06
-3.0778e-10
8.10278e-06
-3.1576e-10
8.10277e-06
-3.20964e-10
8.10276e-06
-3.23191e-10
8.10276e-06
-3.22204e-10
8.10275e-06
-3.17753e-10
8.10274e-06
-3.09637e-10
8.10273e-06
-2.97726e-10
8.10273e-06
-2.81949e-10
8.10272e-06
-2.62224e-10
8.10271e-06
-2.38409e-10
8.10271e-06
-2.10388e-10
8.1027e-06
-1.7814e-10
8.1027e-06
-1.41746e-10
8.1027e-06
-1.01415e-10
8.1027e-06
-5.75152e-11
8.1027e-06
-1.05197e-11
8.1027e-06
3.90538e-11
8.1027e-06
9.06322e-11
8.1027e-06
1.43493e-10
8.10271e-06
1.96675e-10
8.10271e-06
2.49023e-10
8.10272e-06
2.99309e-10
8.10273e-06
3.46295e-10
8.10274e-06
3.8869e-10
8.10275e-06
4.25148e-10
8.10276e-06
4.54327e-10
8.10277e-06
4.74978e-10
8.10278e-06
4.85994e-10
8.10279e-06
4.86473e-10
8.1028e-06
4.75761e-10
8.10281e-06
4.53499e-10
8.10282e-06
4.19643e-10
8.10283e-06
3.74515e-10
8.10284e-06
3.18848e-10
8.10284e-06
2.5377e-10
8.10285e-06
1.80756e-10
8.10285e-06
1.01598e-10
8.10285e-06
1.8399e-11
8.10285e-06
-6.64654e-11
8.10284e-06
-1.50468e-10
8.10284e-06
-2.31085e-10
8.10283e-06
-3.0591e-10
8.10282e-06
-3.72705e-10
8.10281e-06
-4.2943e-10
8.1028e-06
-4.7434e-10
8.10279e-06
-5.06128e-10
8.10278e-06
-5.24021e-10
8.10276e-06
-5.27776e-10
8.10275e-06
-5.17664e-10
8.10274e-06
-4.94473e-10
8.10273e-06
-4.59491e-10
8.10272e-06
-4.14409e-10
8.10271e-06
-3.61203e-10
8.1027e-06
-3.02046e-10
8.1027e-06
-2.39223e-10
8.10269e-06
-1.75015e-10
8.10269e-06
-1.1156e-10
8.10269e-06
-5.07594e-11
8.10269e-06
5.80864e-12
8.10269e-06
5.69511e-11
8.10269e-06
1.01898e-10
8.10269e-06
1.40309e-10
8.10269e-06
1.72264e-10
8.1027e-06
1.98221e-10
8.1027e-06
2.18931e-10
8.10271e-06
2.3533e-10
8.10271e-06
2.48422e-10
8.10272e-06
2.59184e-10
8.10273e-06
2.68487e-10
8.10273e-06
2.77033e-10
8.10274e-06
2.85274e-10
8.10275e-06
2.93321e-10
8.10275e-06
3.00907e-10
8.10276e-06
3.07472e-10
8.10277e-06
3.12245e-10
8.10277e-06
3.14248e-10
8.10278e-06
3.12318e-10
8.10279e-06
3.05229e-10
8.1028e-06
2.91853e-10
8.1028e-06
2.71232e-10
8.10281e-06
2.42622e-10
8.10281e-06
2.05625e-10
8.10281e-06
1.60316e-10
8.10282e-06
1.07229e-10
8.10282e-06
4.72773e-11
8.10282e-06
-1.8247e-11
8.10281e-06
-8.76292e-11
8.10281e-06
-1.58782e-10
8.1028e-06
-2.29393e-10
8.1028e-06
-2.97056e-10
8.10279e-06
-3.59369e-10
8.10278e-06
-4.14044e-10
8.10277e-06
-4.59016e-10
8.10276e-06
-4.92514e-10
8.10275e-06
-5.13148e-10
8.10273e-06
-5.20019e-10
8.10272e-06
-5.12772e-10
8.10271e-06
-4.91561e-10
8.1027e-06
-4.56988e-10
8.10269e-06
-4.10089e-10
8.10268e-06
-3.5234e-10
8.10267e-06
-2.85602e-10
8.10267e-06
-2.12025e-10
8.10267e-06
-1.33945e-10
8.10267e-06
-5.37689e-11
8.10267e-06
2.61195e-11
8.10267e-06
1.03414e-10
8.10267e-06
1.7595e-10
8.10268e-06
2.41831e-10
8.10269e-06
2.99497e-10
8.10269e-06
3.47672e-10
8.1027e-06
3.85327e-10
8.10271e-06
4.11802e-10
8.10272e-06
4.26907e-10
8.10273e-06
4.30816e-10
8.10274e-06
4.23904e-10
8.10275e-06
4.06784e-10
8.10276e-06
3.80389e-10
8.10277e-06
3.45917e-10
8.10278e-06
3.04681e-10
8.10278e-06
2.58064e-10
8.10279e-06
2.07556e-10
8.10279e-06
1.54668e-10
8.10279e-06
1.00828e-10
8.10279e-06
4.7391e-11
8.1028e-06
-4.33581e-12
8.10279e-06
-5.31682e-11
8.10279e-06
-9.80996e-11
8.10279e-06
-1.3825e-10
8.10279e-06
-1.7288e-10
8.10278e-06
-2.0151e-10
8.10278e-06
-2.23917e-10
8.10277e-06
-2.3996e-10
8.10277e-06
-2.49556e-10
8.10276e-06
-2.52856e-10
8.10276e-06
-2.50267e-10
8.10275e-06
-2.42318e-10
8.10275e-06
-2.29547e-10
8.10274e-06
-2.12473e-10
8.10274e-06
-1.91682e-10
8.10273e-06
-1.67905e-10
8.10273e-06
-1.41795e-10
8.10273e-06
-1.13782e-10
8.10273e-06
-8.43219e-11
8.10273e-06
-5.38824e-11
8.10273e-06
-2.26245e-11
8.10273e-06
9.39511e-12
8.10273e-06
4.19706e-11
8.10273e-06
7.51675e-11
8.10273e-06
1.09436e-10
8.10274e-06
1.45143e-10
8.10274e-06
1.82438e-10
8.10275e-06
2.21465e-10
8.10275e-06
2.62532e-10
8.10276e-06
3.05803e-10
8.10277e-06
3.51026e-10
8.10278e-06
3.9799e-10
8.10278e-06
4.46001e-10
8.1028e-06
4.94157e-10
8.10281e-06
5.40832e-10
8.10282e-06
5.84231e-10
8.10283e-06
6.2184e-10
8.10284e-06
6.50755e-10
8.10285e-06
6.69021e-10
6.79217e-10
7.94697e-06
1.22689e-09
7.94703e-06
1.21008e-09
7.9471e-06
1.18251e-09
7.94716e-06
1.13764e-09
7.94723e-06
1.07778e-09
7.94729e-06
1.00707e-09
7.94735e-06
9.28738e-10
7.94741e-06
8.46451e-10
7.94746e-06
7.62454e-10
7.94751e-06
6.78565e-10
7.94755e-06
5.96893e-10
7.94759e-06
5.18192e-10
7.94762e-06
4.43558e-10
7.94765e-06
3.73804e-10
7.94767e-06
3.09069e-10
7.94769e-06
2.49386e-10
7.94771e-06
1.94609e-10
7.94772e-06
1.44446e-10
7.94772e-06
9.88324e-11
7.94773e-06
5.7471e-11
7.94773e-06
1.96687e-11
7.94773e-06
-1.50485e-11
7.94773e-06
-4.69815e-11
7.94772e-06
-7.65343e-11
7.94771e-06
-1.04015e-10
7.9477e-06
-1.2962e-10
7.94769e-06
-1.53554e-10
7.94768e-06
-1.75956e-10
7.94766e-06
-1.96881e-10
7.94764e-06
-2.16303e-10
7.94763e-06
-2.34075e-10
7.94761e-06
-2.50021e-10
7.94759e-06
-2.64045e-10
7.94757e-06
-2.76071e-10
7.94754e-06
-2.85949e-10
7.94752e-06
-2.93455e-10
7.9475e-06
-2.98357e-10
7.94748e-06
-3.00432e-10
7.94745e-06
-2.99473e-10
7.94743e-06
-2.95321e-10
7.94741e-06
-2.87845e-10
7.94739e-06
-2.76893e-10
7.94737e-06
-2.62321e-10
7.94735e-06
-2.44025e-10
7.94733e-06
-2.21891e-10
7.94732e-06
-1.95806e-10
7.94731e-06
-1.6575e-10
7.9473e-06
-1.31848e-10
7.94729e-06
-9.43485e-11
7.94729e-06
-5.35832e-11
7.94729e-06
-9.9126e-12
7.94729e-06
3.62532e-11
7.94729e-06
8.43665e-11
7.9473e-06
1.33676e-10
7.94732e-06
1.83237e-10
7.94734e-06
2.31994e-10
7.94736e-06
2.78865e-10
7.94738e-06
3.22729e-10
7.94741e-06
3.62366e-10
7.94744e-06
3.96459e-10
7.94747e-06
4.23724e-10
7.9475e-06
4.43017e-10
7.94753e-06
4.53345e-10
7.94756e-06
4.53857e-10
7.9476e-06
4.43909e-10
7.94763e-06
4.23161e-10
7.94765e-06
3.91615e-10
7.94768e-06
3.49591e-10
7.9477e-06
2.97726e-10
7.94772e-06
2.37006e-10
7.94773e-06
1.68804e-10
7.94774e-06
9.48563e-11
7.94774e-06
1.71866e-11
7.94773e-06
-6.19858e-11
7.94772e-06
-1.40343e-10
7.94771e-06
-2.1556e-10
7.94769e-06
-2.85388e-10
7.94766e-06
-3.47724e-10
7.94763e-06
-4.00651e-10
7.9476e-06
-4.42523e-10
7.94757e-06
-4.72097e-10
7.94753e-06
-4.88656e-10
7.94749e-06
-4.92018e-10
7.94746e-06
-4.82474e-10
7.94743e-06
-4.60745e-10
7.94739e-06
-4.27986e-10
7.94736e-06
-3.85768e-10
7.94734e-06
-3.35972e-10
7.94732e-06
-2.8066e-10
7.9473e-06
-2.21972e-10
7.94729e-06
-1.62028e-10
7.94728e-06
-1.02824e-10
7.94728e-06
-4.61386e-11
7.94727e-06
6.54965e-12
7.94728e-06
5.41304e-11
7.94728e-06
9.59005e-11
7.94729e-06
1.31563e-10
7.9473e-06
1.612e-10
7.94732e-06
1.85237e-10
7.94733e-06
2.04376e-10
7.94735e-06
2.19494e-10
7.94736e-06
2.31547e-10
7.94738e-06
2.41469e-10
7.9474e-06
2.50073e-10
7.94742e-06
2.57992e-10
7.94744e-06
2.65628e-10
7.94746e-06
2.73101e-10
7.94748e-06
2.80187e-10
7.9475e-06
2.86349e-10
7.94752e-06
2.90848e-10
7.94754e-06
2.92791e-10
7.94756e-06
2.91123e-10
7.94758e-06
2.84678e-10
7.9476e-06
2.72345e-10
7.94762e-06
2.53225e-10
7.94764e-06
2.26671e-10
7.94765e-06
1.92309e-10
7.94766e-06
1.50147e-10
7.94767e-06
1.00642e-10
7.94767e-06
4.46763e-11
7.94767e-06
-1.65026e-11
7.94766e-06
-8.12851e-11
7.94765e-06
-1.47728e-10
7.94764e-06
-2.13671e-10
7.94762e-06
-2.76871e-10
7.94759e-06
-3.3509e-10
7.94756e-06
-3.86176e-10
7.94753e-06
-4.28179e-10
7.9475e-06
-4.59455e-10
7.94746e-06
-4.78737e-10
7.94743e-06
-4.85192e-10
7.94739e-06
-4.78462e-10
7.94736e-06
-4.58671e-10
7.94733e-06
-4.26375e-10
7.9473e-06
-3.82546e-10
7.94728e-06
-3.28573e-10
7.94726e-06
-2.66213e-10
7.94725e-06
-1.97495e-10
7.94724e-06
-1.24612e-10
7.94723e-06
-4.98187e-11
7.94723e-06
2.46726e-11
7.94724e-06
9.67557e-11
7.94725e-06
1.64444e-10
7.94727e-06
2.25929e-10
7.94729e-06
2.79699e-10
7.94731e-06
3.24572e-10
7.94734e-06
3.59645e-10
7.94736e-06
3.84301e-10
7.94739e-06
3.98316e-10
7.94742e-06
4.01857e-10
7.94745e-06
3.95323e-10
7.94748e-06
3.79272e-10
7.9475e-06
3.54523e-10
7.94753e-06
3.2221e-10
7.94755e-06
2.83634e-10
7.94757e-06
2.40113e-10
7.94758e-06
1.92987e-10
7.94759e-06
1.43631e-10
7.9476e-06
9.33797e-11
7.9476e-06
4.34991e-11
7.9476e-06
-4.76978e-12
7.9476e-06
-5.02765e-11
7.9476e-06
-9.20975e-11
7.94759e-06
-1.29509e-10
7.94758e-06
-1.61859e-10
7.94756e-06
-1.88611e-10
7.94755e-06
-2.09476e-10
7.94753e-06
-2.24364e-10
7.94752e-06
-2.33266e-10
7.9475e-06
-2.36306e-10
7.94748e-06
-2.3383e-10
7.94747e-06
-2.26363e-10
7.94745e-06
-2.14467e-10
7.94744e-06
-1.98591e-10
7.94743e-06
-1.79168e-10
7.94742e-06
-1.56886e-10
7.94741e-06
-1.32511e-10
7.9474e-06
-1.06474e-10
7.94739e-06
-7.90574e-11
7.94739e-06
-5.06544e-11
7.94739e-06
-2.14972e-11
7.94739e-06
8.33591e-12
7.94739e-06
3.86776e-11
7.9474e-06
6.96374e-11
7.94741e-06
1.01682e-10
7.94742e-06
1.35046e-10
7.94743e-06
1.69816e-10
7.94745e-06
2.06125e-10
7.94747e-06
2.44295e-10
7.94749e-06
2.84839e-10
7.94751e-06
3.27309e-10
7.94754e-06
3.71278e-10
7.94757e-06
4.16675e-10
7.9476e-06
4.62245e-10
7.94763e-06
5.06622e-10
7.94767e-06
5.48566e-10
7.9477e-06
5.85498e-10
7.94774e-06
6.14631e-10
7.94778e-06
6.33518e-10
6.44665e-10
7.63516e-06
1.12413e-09
7.63527e-06
1.10546e-09
7.63538e-06
1.0754e-09
7.63549e-06
1.02888e-09
7.63559e-06
9.69557e-10
7.6357e-06
9.01653e-10
7.6358e-06
8.28745e-10
7.63589e-06
7.53319e-10
7.63598e-06
6.76954e-10
7.63605e-06
6.01312e-10
7.63612e-06
5.27885e-10
7.63618e-06
4.57558e-10
7.63624e-06
3.91312e-10
7.63628e-06
3.29692e-10
7.63632e-06
2.72345e-10
7.63635e-06
2.1925e-10
7.63637e-06
1.70761e-10
7.63639e-06
1.26701e-10
7.6364e-06
8.66221e-11
7.63641e-06
5.01634e-11
7.63641e-06
1.68515e-11
7.63641e-06
-1.37567e-11
7.63641e-06
-4.19033e-11
7.6364e-06
-6.78358e-11
7.63639e-06
-9.18513e-11
7.63637e-06
-1.14235e-10
7.63635e-06
-1.35261e-10
7.63633e-06
-1.55074e-10
7.63631e-06
-1.73614e-10
7.63628e-06
-1.90734e-10
7.63625e-06
-2.06334e-10
7.63623e-06
-2.20374e-10
7.63619e-06
-2.32803e-10
7.63616e-06
-2.43504e-10
7.63613e-06
-2.52282e-10
7.63609e-06
-2.58899e-10
7.63606e-06
-2.63165e-10
7.63602e-06
-2.64959e-10
7.63599e-06
-2.64164e-10
7.63595e-06
-2.60626e-10
7.63592e-06
-2.54169e-10
7.63589e-06
-2.44612e-10
7.63586e-06
-2.31804e-10
7.63583e-06
-2.15657e-10
7.6358e-06
-1.96097e-10
7.63578e-06
-1.73045e-10
7.63576e-06
-1.46509e-10
7.63574e-06
-1.16627e-10
7.63573e-06
-8.36071e-11
7.63573e-06
-4.7672e-11
7.63573e-06
-9.07134e-12
7.63573e-06
3.18276e-11
7.63574e-06
7.446e-11
7.63576e-06
1.18088e-10
7.63578e-06
1.61895e-10
7.6358e-06
2.05028e-10
7.63584e-06
2.4658e-10
7.63587e-06
2.85542e-10
7.63591e-06
3.20787e-10
7.63596e-06
3.51118e-10
7.63601e-06
3.75385e-10
7.63606e-06
3.92574e-10
7.63611e-06
4.01819e-10
7.63616e-06
4.02372e-10
7.63621e-06
3.93649e-10
7.63626e-06
3.75332e-10
7.63631e-06
3.47427e-10
7.63635e-06
3.10225e-10
7.63638e-06
2.6428e-10
7.63641e-06
2.10443e-10
7.63642e-06
1.49933e-10
7.63643e-06
8.43285e-11
7.63644e-06
1.54543e-11
7.63643e-06
-5.47377e-11
7.63641e-06
-1.24243e-10
7.63639e-06
-1.91025e-10
7.63636e-06
-2.53051e-10
7.63632e-06
-3.08385e-10
7.63627e-06
-3.553e-10
7.63622e-06
-3.92362e-10
7.63617e-06
-4.18502e-10
7.63611e-06
-4.33086e-10
7.63606e-06
-4.3595e-10
7.636e-06
-4.27358e-10
7.63595e-06
-4.07953e-10
7.6359e-06
-3.78742e-10
7.63585e-06
-3.41111e-10
7.63582e-06
-2.96753e-10
7.63578e-06
-2.47539e-10
7.63576e-06
-1.9539e-10
7.63574e-06
-1.4219e-10
7.63572e-06
-8.97043e-11
7.63572e-06
-3.95091e-11
7.63572e-06
7.08717e-12
7.63572e-06
4.91054e-11
7.63573e-06
8.59359e-11
7.63574e-06
1.17335e-10
7.63576e-06
1.4339e-10
7.63578e-06
1.6448e-10
7.63581e-06
1.81225e-10
7.63583e-06
1.94405e-10
7.63586e-06
2.04881e-10
7.63589e-06
2.13495e-10
7.63591e-06
2.20986e-10
7.63594e-06
2.27908e-10
7.63598e-06
2.34597e-10
7.63601e-06
2.41165e-10
7.63604e-06
2.47456e-10
7.63607e-06
2.53019e-10
7.63611e-06
2.57168e-10
7.63614e-06
2.59075e-10
7.63617e-06
2.57811e-10
7.63621e-06
2.52347e-10
7.63624e-06
2.41663e-10
7.63627e-06
2.24919e-10
7.63629e-06
2.0155e-10
7.63631e-06
1.7125e-10
7.63633e-06
1.33997e-10
7.63634e-06
9.01476e-11
7.63634e-06
4.04851e-11
7.63634e-06
-1.38326e-11
7.63633e-06
-7.13458e-11
7.63631e-06
-1.30339e-10
7.63629e-06
-1.88911e-10
7.63626e-06
-2.45073e-10
7.63622e-06
-2.96831e-10
7.63617e-06
-3.42255e-10
7.63613e-06
-3.79591e-10
7.63607e-06
-4.07378e-10
7.63602e-06
-4.24523e-10
7.63596e-06
-4.303e-10
7.63591e-06
-4.24368e-10
7.63586e-06
-4.06799e-10
7.63581e-06
-3.78085e-10
7.63577e-06
-3.3912e-10
7.63573e-06
-2.91163e-10
7.6357e-06
-2.35786e-10
7.63568e-06
-1.7479e-10
7.63566e-06
-1.10117e-10
7.63566e-06
-4.37743e-11
7.63566e-06
2.22703e-11
7.63567e-06
8.6171e-11
7.63569e-06
1.46203e-10
7.63571e-06
2.00745e-10
7.63574e-06
2.48381e-10
7.63578e-06
2.88042e-10
7.63582e-06
3.19006e-10
7.63586e-06
3.40797e-10
7.63591e-06
3.53169e-10
7.63595e-06
3.56184e-10
7.636e-06
3.50207e-10
7.63604e-06
3.35804e-10
7.63608e-06
3.13729e-10
7.63612e-06
2.84965e-10
7.63615e-06
2.50677e-10
7.63618e-06
2.12058e-10
7.6362e-06
1.70268e-10
7.63622e-06
1.26483e-10
7.63623e-06
8.19036e-11
7.63624e-06
3.76891e-11
7.63624e-06
-5.06906e-12
7.63623e-06
-4.53738e-11
7.63622e-06
-8.24078e-11
7.63621e-06
-1.15545e-10
7.63619e-06
-1.44237e-10
7.63617e-06
-1.67976e-10
7.63615e-06
-1.86415e-10
7.63612e-06
-1.99461e-10
7.6361e-06
-2.07218e-10
7.63607e-06
-2.09903e-10
7.63605e-06
-2.0776e-10
7.63602e-06
-2.01081e-10
7.636e-06
-1.90348e-10
7.63597e-06
-1.76164e-10
7.63595e-06
-1.59011e-10
7.63594e-06
-1.39335e-10
7.63592e-06
-1.17716e-10
7.63591e-06
-9.46391e-11
7.6359e-06
-7.03843e-11
7.6359e-06
-4.52972e-11
7.63589e-06
-1.97044e-11
7.6359e-06
6.47754e-12
7.6359e-06
3.34232e-11
7.63591e-06
6.10155e-11
7.63592e-06
8.92815e-11
7.63594e-06
1.18562e-10
7.63596e-06
1.49254e-10
7.63598e-06
1.81547e-10
7.63601e-06
2.15546e-10
7.63605e-06
2.51353e-10
7.63608e-06
2.892e-10
7.63613e-06
3.28845e-10
7.63617e-06
3.69763e-10
7.63622e-06
4.11163e-10
7.63628e-06
4.5246e-10
7.63634e-06
4.91661e-10
7.63639e-06
5.27285e-10
7.63645e-06
5.56514e-10
7.63651e-06
5.76443e-10
5.88613e-10
7.1655e-06
9.8679e-10
7.16564e-06
9.65409e-10
7.16579e-06
9.31137e-10
7.16593e-06
8.83229e-10
7.16608e-06
8.26209e-10
7.16622e-06
7.63849e-10
7.16635e-06
6.98371e-10
7.16647e-06
6.31562e-10
7.16658e-06
5.65214e-10
7.16668e-06
5.00474e-10
7.16677e-06
4.38375e-10
7.16685e-06
3.796e-10
7.16691e-06
3.24166e-10
7.16697e-06
2.72218e-10
7.16702e-06
2.24101e-10
7.16706e-06
1.80068e-10
7.16709e-06
1.40092e-10
7.16711e-06
1.03711e-10
7.16713e-06
7.04409e-11
7.16714e-06
4.01263e-11
7.16714e-06
1.25445e-11
7.16714e-06
-1.26722e-11
7.16713e-06
-3.57645e-11
7.16712e-06
-5.69975e-11
7.16711e-06
-7.67442e-11
7.16709e-06
-9.5258e-11
7.16707e-06
-1.12646e-10
7.16704e-06
-1.28962e-10
7.16701e-06
-1.44187e-10
7.16698e-06
-1.58253e-10
7.16694e-06
-1.71122e-10
7.1669e-06
-1.82776e-10
7.16687e-06
-1.93136e-10
7.16682e-06
-2.02056e-10
7.16678e-06
-2.0936e-10
7.16674e-06
-2.14867e-10
7.16669e-06
-2.18442e-10
7.16665e-06
-2.20001e-10
7.1666e-06
-2.1943e-10
7.16656e-06
-2.16545e-10
7.16652e-06
-2.11198e-10
7.16647e-06
-2.03295e-10
7.16644e-06
-1.92733e-10
7.1664e-06
-1.79389e-10
7.16637e-06
-1.63172e-10
7.16634e-06
-1.44053e-10
7.16631e-06
-1.22079e-10
7.16629e-06
-9.73469e-11
7.16628e-06
-6.99589e-11
7.16627e-06
-4.0038e-11
7.16627e-06
-7.81134e-12
7.16628e-06
2.63328e-11
7.16629e-06
6.186e-11
7.16631e-06
9.81684e-11
7.16634e-06
1.34653e-10
7.16637e-06
1.7067e-10
7.16641e-06
2.0546e-10
7.16646e-06
2.38119e-10
7.16651e-06
2.67667e-10
7.16657e-06
2.93117e-10
7.16663e-06
3.13515e-10
7.1667e-06
3.27989e-10
7.16676e-06
3.3579e-10
7.16683e-06
3.36312e-10
7.16689e-06
3.29104e-10
7.16695e-06
3.13898e-10
7.16701e-06
2.90655e-10
7.16706e-06
2.59584e-10
7.16711e-06
2.21153e-10
7.16714e-06
1.76109e-10
7.16716e-06
1.25494e-10
7.16718e-06
7.06238e-11
7.16718e-06
1.30077e-11
7.16717e-06
-4.57423e-11
7.16715e-06
-1.03961e-10
7.16712e-06
-1.59933e-10
7.16708e-06
-2.11916e-10
7.16703e-06
-2.58235e-10
7.16697e-06
-2.97422e-10
7.16691e-06
-3.28318e-10
7.16684e-06
-3.50083e-10
7.16677e-06
-3.62187e-10
7.16669e-06
-3.64446e-10
7.16662e-06
-3.5705e-10
7.16656e-06
-3.40557e-10
7.16649e-06
-3.15854e-10
7.16644e-06
-2.8412e-10
7.16639e-06
-2.46779e-10
7.16635e-06
-2.05408e-10
7.16631e-06
-1.6164e-10
7.16629e-06
-1.1707e-10
7.16627e-06
-7.3183e-11
7.16626e-06
-3.12886e-11
7.16626e-06
7.5318e-12
7.16627e-06
4.24653e-11
7.16628e-06
7.30026e-11
7.1663e-06
9.89517e-11
7.16632e-06
1.20414e-10
7.16635e-06
1.37735e-10
7.16638e-06
1.51444e-10
7.16641e-06
1.62191e-10
7.16645e-06
1.70683e-10
7.16648e-06
1.77633e-10
7.16652e-06
1.83691e-10
7.16656e-06
1.89351e-10
7.1666e-06
1.94888e-10
7.16664e-06
2.00365e-10
7.16668e-06
2.05655e-10
7.16672e-06
2.1042e-10
7.16676e-06
2.14095e-10
7.16681e-06
2.15948e-10
7.16685e-06
2.15168e-10
7.16689e-06
2.10895e-10
7.16693e-06
2.02266e-10
7.16697e-06
1.88533e-10
7.167e-06
1.69187e-10
7.16703e-06
1.4399e-10
7.16705e-06
1.12944e-10
7.16706e-06
7.63332e-11
7.16707e-06
3.47942e-11
7.16706e-06
-1.06899e-11
7.16705e-06
-5.88729e-11
7.16703e-06
-1.08318e-10
7.167e-06
-1.5744e-10
7.16696e-06
-2.04567e-10
7.16691e-06
-2.48007e-10
7.16685e-06
-2.86134e-10
7.16679e-06
-3.17468e-10
7.16672e-06
-3.40784e-10
7.16665e-06
-3.55173e-10
7.16658e-06
-3.60032e-10
7.16651e-06
-3.55062e-10
7.16645e-06
-3.40303e-10
7.16639e-06
-3.16174e-10
7.16633e-06
-2.83456e-10
7.16628e-06
-2.4323e-10
7.16624e-06
-1.96816e-10
7.16621e-06
-1.45716e-10
7.1662e-06
-9.15425e-11
7.16619e-06
-3.59733e-11
7.16619e-06
1.93236e-11
7.16621e-06
7.27809e-11
7.16623e-06
1.22971e-10
7.16626e-06
1.68569e-10
7.1663e-06
2.08371e-10
7.16635e-06
2.41437e-10
7.1664e-06
2.67177e-10
7.16646e-06
2.8526e-10
7.16651e-06
2.95491e-10
7.16657e-06
2.97856e-10
7.16663e-06
2.9263e-10
7.16668e-06
2.8036e-10
7.16674e-06
2.61746e-10
7.16678e-06
2.37595e-10
7.16683e-06
2.08838e-10
7.16686e-06
1.76463e-10
7.16689e-06
1.41445e-10
7.16691e-06
1.04769e-10
7.16693e-06
6.74672e-11
7.16693e-06
3.05294e-11
7.16693e-06
-5.18097e-12
7.16693e-06
-3.88865e-11
7.16691e-06
-6.98687e-11
7.1669e-06
-9.75362e-11
7.16687e-06
-1.21444e-10
7.16685e-06
-1.41217e-10
7.16682e-06
-1.56554e-10
7.16679e-06
-1.67343e-10
7.16675e-06
-1.73695e-10
7.16672e-06
-1.75855e-10
7.16668e-06
-1.74043e-10
7.16665e-06
-1.68401e-10
7.16662e-06
-1.59253e-10
7.16659e-06
-1.47249e-10
7.16657e-06
-1.32977e-10
7.16654e-06
-1.16678e-10
7.16653e-06
-9.86057e-11
7.16651e-06
-7.92662e-11
7.1665e-06
-5.9118e-11
7.16649e-06
-3.8382e-11
7.16649e-06
-1.71634e-11
7.16649e-06
4.59434e-12
7.1665e-06
2.69972e-11
7.16651e-06
4.99383e-11
7.16652e-06
7.33476e-11
7.16654e-06
9.75807e-11
7.16657e-06
1.23115e-10
7.1666e-06
1.50144e-10
7.16664e-06
1.787e-10
7.16668e-06
2.08635e-10
7.16673e-06
2.4031e-10
7.16679e-06
2.74048e-10
7.16685e-06
3.09007e-10
7.16691e-06
3.44951e-10
7.16698e-06
3.81499e-10
7.16706e-06
4.17264e-10
7.16713e-06
4.50721e-10
7.16721e-06
4.79331e-10
7.16729e-06
5.01023e-10
5.14932e-10
6.53544e-06
8.22448e-10
6.5356e-06
7.97351e-10
6.53578e-06
7.59063e-10
6.53595e-06
7.11308e-10
6.53612e-06
6.57959e-10
6.53628e-06
6.02647e-10
6.53643e-06
5.47106e-10
6.53657e-06
4.91988e-10
6.53669e-06
4.38364e-10
6.53681e-06
3.86818e-10
6.53691e-06
3.37802e-10
6.537e-06
2.91619e-10
6.53707e-06
2.48171e-10
6.53714e-06
2.07718e-10
6.53719e-06
1.70656e-10
6.53723e-06
1.36884e-10
6.53727e-06
1.06164e-10
6.53729e-06
7.82217e-11
6.53731e-06
5.26788e-11
6.53732e-06
2.93712e-11
6.53733e-06
8.27978e-12
6.53732e-06
-1.07982e-11
6.53732e-06
-2.82324e-11
6.5373e-06
-4.44172e-11
6.53729e-06
-5.96175e-11
6.53727e-06
-7.38711e-11
6.53724e-06
-8.71668e-11
6.53721e-06
-9.95953e-11
6.53718e-06
-1.1123e-10
6.53714e-06
-1.22034e-10
6.5371e-06
-1.31958e-10
6.53706e-06
-1.40987e-10
6.53702e-06
-1.49037e-10
6.53697e-06
-1.5593e-10
6.53692e-06
-1.61512e-10
6.53687e-06
-1.65708e-10
6.53682e-06
-1.68484e-10
6.53677e-06
-1.69778e-10
6.53672e-06
-1.69452e-10
6.53667e-06
-1.6731e-10
6.53663e-06
-1.63213e-10
6.53658e-06
-1.57114e-10
6.53654e-06
-1.48963e-10
6.53649e-06
-1.38675e-10
6.53646e-06
-1.26202e-10
6.53643e-06
-1.11543e-10
6.5364e-06
-9.47008e-11
6.53638e-06
-7.56655e-11
6.53636e-06
-5.44601e-11
6.53635e-06
-3.12102e-11
6.53635e-06
-6.1833e-12
6.53636e-06
2.02546e-11
6.53637e-06
4.77113e-11
6.53639e-06
7.57992e-11
6.53642e-06
1.04109e-10
6.53646e-06
1.32147e-10
6.53651e-06
1.59277e-10
6.53656e-06
1.84751e-10
6.53662e-06
2.07792e-10
6.53669e-06
2.27654e-10
6.53676e-06
2.43619e-10
6.53683e-06
2.54992e-10
6.5369e-06
2.61157e-10
6.53698e-06
2.61642e-10
6.53705e-06
2.56129e-10
6.53712e-06
2.44418e-10
6.53719e-06
2.26441e-10
6.53724e-06
2.02321e-10
6.53729e-06
1.72426e-10
6.53733e-06
1.37373e-10
6.53736e-06
9.7993e-11
6.53737e-06
5.52856e-11
6.53738e-06
1.0384e-11
6.53737e-06
-3.54665e-11
6.53734e-06
-8.09372e-11
6.53731e-06
-1.24649e-10
6.53726e-06
-1.65215e-10
6.5372e-06
-2.0131e-10
6.53714e-06
-2.31787e-10
6.53707e-06
-2.5576e-10
6.53699e-06
-2.72609e-10
6.53691e-06
-2.8194e-10
6.53683e-06
-2.83585e-10
6.53675e-06
-2.77662e-10
6.53667e-06
-2.64612e-10
6.5366e-06
-2.45161e-10
6.53654e-06
-2.2025e-10
6.53648e-06
-1.90987e-10
6.53644e-06
-1.58592e-10
6.5364e-06
-1.24351e-10
6.53637e-06
-8.95325e-11
6.53635e-06
-5.53214e-11
6.53634e-06
-2.27503e-11
6.53634e-06
7.34262e-12
6.53635e-06
3.43363e-11
6.53637e-06
5.78455e-11
6.53639e-06
7.77348e-11
6.53641e-06
9.41055e-11
6.53645e-06
1.07251e-10
6.53648e-06
1.17604e-10
6.53652e-06
1.25686e-10
6.53655e-06
1.32058e-10
6.53659e-06
1.37277e-10
6.53664e-06
1.41854e-10
6.53668e-06
1.46191e-10
6.53672e-06
1.50506e-10
6.53677e-06
1.54826e-10
6.53682e-06
1.59032e-10
6.53686e-06
1.62876e-10
6.53691e-06
1.65935e-10
6.53696e-06
1.67611e-10
6.53701e-06
1.67226e-10
6.53706e-06
1.64106e-10
6.5371e-06
1.57612e-10
6.53714e-06
1.47161e-10
6.53718e-06
1.32316e-10
6.53721e-06
1.12859e-10
6.53723e-06
8.87992e-11
6.53725e-06
6.03709e-11
6.53726e-06
2.80634e-11
6.53725e-06
-7.3653e-12
6.53724e-06
-4.49427e-11
6.53721e-06
-8.35504e-11
6.53718e-06
-1.21953e-10
6.53713e-06
-1.58823e-10
6.53708e-06
-1.9281e-10
6.53701e-06
-2.22634e-10
6.53694e-06
-2.47152e-10
6.53687e-06
-2.65413e-10
6.53679e-06
-2.76688e-10
6.53671e-06
-2.80494e-10
6.53663e-06
-2.76599e-10
6.53656e-06
-2.65046e-10
6.53649e-06
-2.46175e-10
6.53642e-06
-2.20598e-10
6.53637e-06
-1.89163e-10
6.53632e-06
-1.52915e-10
6.53629e-06
-1.13046e-10
6.53627e-06
-7.08179e-11
6.53626e-06
-2.75083e-11
6.53627e-06
1.56034e-11
6.53628e-06
5.72653e-11
6.53631e-06
9.63264e-11
6.53635e-06
1.31772e-10
6.53639e-06
1.62705e-10
6.53644e-06
1.88384e-10
6.5365e-06
2.08313e-10
6.53657e-06
2.22242e-10
6.53663e-06
2.30062e-10
6.5367e-06
2.31759e-10
6.53676e-06
2.27517e-10
6.53683e-06
2.17776e-10
6.53688e-06
2.03142e-10
6.53694e-06
1.84259e-10
6.53698e-06
1.61803e-10
6.53702e-06
1.36513e-10
6.53706e-06
1.09169e-10
6.53708e-06
8.05647e-11
6.5371e-06
5.15136e-11
6.5371e-06
2.27882e-11
6.5371e-06
-4.96241e-12
6.5371e-06
-3.11772e-11
6.53708e-06
-5.53024e-11
6.53706e-06
-7.68252e-11
6.53704e-06
-9.5352e-11
6.537e-06
-1.10614e-10
6.53697e-06
-1.22454e-10
6.53693e-06
-1.3082e-10
6.5369e-06
-1.3571e-10
6.53686e-06
-1.37226e-10
6.53682e-06
-1.3563e-10
6.53678e-06
-1.31174e-10
6.53675e-06
-1.24053e-10
6.53672e-06
-1.14669e-10
6.53669e-06
-1.03524e-10
6.53666e-06
-9.08418e-11
6.53664e-06
-7.68126e-11
6.53662e-06
-6.18934e-11
6.53661e-06
-4.63986e-11
6.5366e-06
-3.0337e-11
6.5366e-06
-1.38584e-11
6.5366e-06
2.82946e-12
6.53661e-06
1.98811e-11
6.53662e-06
3.75175e-11
6.53664e-06
5.57686e-11
6.53666e-06
7.458e-11
6.53669e-06
9.41306e-11
6.53672e-06
1.14817e-10
6.53676e-06
1.36898e-10
6.53681e-06
1.60459e-10
6.53687e-06
1.85429e-10
6.53693e-06
2.11735e-10
6.537e-06
2.39662e-10
6.53707e-06
2.69366e-10
6.53716e-06
2.99579e-10
6.53724e-06
3.30508e-10
6.53733e-06
3.60939e-10
6.53742e-06
3.88993e-10
6.53751e-06
4.11649e-10
4.26975e-10
5.74164e-06
6.39712e-10
5.74183e-06
6.10946e-10
5.74202e-06
5.70022e-10
5.7422e-06
5.24078e-10
5.74238e-06
4.77725e-10
5.74255e-06
4.32369e-10
5.74271e-06
3.88708e-10
5.74286e-06
3.47316e-10
5.74299e-06
3.08142e-10
5.7431e-06
2.70808e-10
5.74321e-06
2.35407e-10
5.74329e-06
2.02284e-10
5.74337e-06
1.71549e-10
5.74344e-06
1.43294e-10
5.74349e-06
1.17498e-10
5.74353e-06
9.38704e-11
5.74357e-06
7.22712e-11
5.74359e-06
5.27177e-11
5.74361e-06
3.50484e-11
5.74362e-06
1.90775e-11
5.74362e-06
4.69585e-12
5.74362e-06
-8.37432e-12
5.74361e-06
-2.04861e-11
5.7436e-06
-3.17916e-11
5.74358e-06
-4.22928e-11
5.74356e-06
-5.20313e-11
5.74353e-06
-6.11352e-11
5.7435e-06
-6.97285e-11
5.74347e-06
-7.78379e-11
5.74343e-06
-8.54158e-11
5.74339e-06
-9.24197e-11
5.74335e-06
-9.88053e-11
5.74331e-06
-1.04447e-10
5.74326e-06
-1.09176e-10
5.74321e-06
-1.12936e-10
5.74316e-06
-1.158e-10
5.74311e-06
-1.17785e-10
5.74306e-06
-1.1877e-10
5.74301e-06
-1.18586e-10
5.74296e-06
-1.17099e-10
5.74291e-06
-1.14237e-10
5.74286e-06
-1.09983e-10
5.74282e-06
-1.04318e-10
5.74278e-06
-9.71981e-11
5.74274e-06
-8.85844e-11
5.74271e-06
-7.84415e-11
5.74268e-06
-6.67086e-11
5.74266e-06
-5.33368e-11
5.74264e-06
-3.83676e-11
5.74263e-06
-2.19677e-11
5.74263e-06
-4.38735e-12
5.74264e-06
1.41218e-11
5.74265e-06
3.33496e-11
5.74267e-06
5.30873e-11
5.7427e-06
7.30592e-11
5.74274e-06
9.28914e-11
5.74279e-06
1.12115e-10
5.74285e-06
1.30194e-10
5.74291e-06
1.46566e-10
5.74297e-06
1.60696e-10
5.74305e-06
1.72076e-10
5.74312e-06
1.8022e-10
5.7432e-06
1.84689e-10
5.74327e-06
1.85136e-10
5.74335e-06
1.81332e-10
5.74342e-06
1.73144e-10
5.74349e-06
1.60522e-10
5.74355e-06
1.43545e-10
5.7436e-06
1.22464e-10
5.74364e-06
9.77189e-11
5.74366e-06
6.9885e-11
5.74368e-06
3.96362e-11
5.74368e-06
7.74231e-12
5.74367e-06
-2.49062e-11
5.74365e-06
-5.7305e-11
5.74361e-06
-8.84002e-11
5.74356e-06
-1.17176e-10
5.7435e-06
-1.42718e-10
5.74344e-06
-1.64248e-10
5.74336e-06
-1.81157e-10
5.74328e-06
-1.93013e-10
5.7432e-06
-1.99543e-10
5.74312e-06
-2.00624e-10
5.74304e-06
-1.96323e-10
5.74296e-06
-1.86941e-10
5.74289e-06
-1.72998e-10
5.74282e-06
-1.55177e-10
5.74276e-06
-1.34268e-10
5.74272e-06
-1.11138e-10
5.74268e-06
-8.67084e-11
5.74265e-06
-6.19099e-11
5.74263e-06
-3.76198e-11
5.74263e-06
-1.46004e-11
5.74263e-06
6.54793e-12
5.74264e-06
2.54061e-11
5.74265e-06
4.1737e-11
5.74267e-06
5.54793e-11
5.7427e-06
6.6731e-11
5.74273e-06
7.57169e-11
5.74277e-06
8.27557e-11
5.7428e-06
8.82336e-11
5.74284e-06
9.25668e-11
5.74289e-06
9.61544e-11
5.74293e-06
9.93432e-11
5.74297e-06
1.02402e-10
5.74302e-06
1.05486e-10
5.74306e-06
1.0861e-10
5.74311e-06
1.11673e-10
5.74316e-06
1.1449e-10
5.74321e-06
1.16781e-10
5.74326e-06
1.18135e-10
5.74331e-06
1.18045e-10
5.74335e-06
1.16016e-10
5.7434e-06
1.1161e-10
5.74344e-06
1.04434e-10
5.74348e-06
9.41514e-11
5.74351e-06
8.0562e-11
5.74354e-06
6.3658e-11
5.74355e-06
4.36225e-11
5.74356e-06
2.08107e-11
5.74356e-06
-4.2532e-12
5.74355e-06
-3.08926e-11
5.74352e-06
-5.83148e-11
5.74348e-06
-8.56353e-11
5.74344e-06
-1.11897e-10
5.74338e-06
-1.36123e-10
5.74332e-06
-1.57399e-10
5.74324e-06
-1.74917e-10
5.74317e-06
-1.87991e-10
5.74308e-06
-1.96069e-10
5.743e-06
-1.98788e-10
5.74292e-06
-1.96e-10
5.74284e-06
-1.87773e-10
5.74277e-06
-1.74367e-10
5.74271e-06
-1.56207e-10
5.74265e-06
-1.33876e-10
5.74261e-06
-1.08115e-10
5.74257e-06
-7.98013e-11
5.74255e-06
-4.98574e-11
5.74254e-06
-1.91753e-11
5.74255e-06
1.13764e-11
5.74256e-06
4.09116e-11
5.74259e-06
6.85709e-11
5.74263e-06
9.36203e-11
5.74268e-06
1.15469e-10
5.74273e-06
1.33619e-10
5.74279e-06
1.4768e-10
5.74286e-06
1.57435e-10
5.74293e-06
1.62832e-10
5.74299e-06
1.63907e-10
5.74306e-06
1.60784e-10
5.74312e-06
1.53746e-10
5.74318e-06
1.43236e-10
5.74324e-06
1.29751e-10
5.74329e-06
1.13775e-10
5.74333e-06
9.58159e-11
5.74336e-06
7.64295e-11
5.74338e-06
5.61788e-11
5.7434e-06
3.56249e-11
5.74341e-06
1.53149e-11
5.74341e-06
-4.28622e-12
5.7434e-06
-2.28131e-11
5.74338e-06
-3.99034e-11
5.74336e-06
-5.51475e-11
5.74333e-06
-6.81923e-11
5.7433e-06
-7.88577e-11
5.74327e-06
-8.7124e-11
5.74323e-06
-9.30058e-11
5.74319e-06
-9.6428e-11
5.74315e-06
-9.73389e-11
5.74311e-06
-9.59759e-11
5.74307e-06
-9.27467e-11
5.74304e-06
-8.78325e-11
5.743e-06
-8.1254e-11
5.74297e-06
-7.32265e-11
5.74295e-06
-6.41611e-11
5.74293e-06
-5.44184e-11
5.74291e-06
-4.41295e-11
5.74289e-06
-3.32721e-11
5.74289e-06
-2.19115e-11
5.74288e-06
-1.0295e-11
5.74288e-06
1.33497e-12
5.74289e-06
1.31299e-11
5.7429e-06
2.53744e-11
5.74292e-06
3.81448e-11
5.74294e-06
5.13143e-11
5.74297e-06
6.49519e-11
5.74301e-06
7.9447e-11
5.74305e-06
9.49574e-11
5.7431e-06
1.11486e-10
5.74315e-06
1.29241e-10
5.74322e-06
1.48191e-10
5.74329e-06
1.68645e-10
5.74337e-06
1.90314e-10
5.74345e-06
2.1373e-10
5.74355e-06
2.38407e-10
5.74364e-06
2.64055e-10
5.74374e-06
2.89795e-10
5.74384e-06
3.13612e-10
3.30573e-10
4.78012e-06
4.51106e-10
4.78031e-06
4.18853e-10
4.7805e-06
3.77642e-10
4.78069e-06
3.37703e-10
4.78087e-06
3.01472e-10
4.78103e-06
2.68877e-10
4.78118e-06
2.39343e-10
4.78131e-06
2.12251e-10
4.78144e-06
1.86968e-10
4.78154e-06
1.63354e-10
4.78164e-06
1.41557e-10
4.78172e-06
1.21445e-10
4.78179e-06
1.02717e-10
4.78185e-06
8.54199e-11
4.78189e-06
6.97438e-11
4.78193e-06
5.54715e-11
4.78196e-06
4.23557e-11
4.78198e-06
3.05395e-11
4.782e-06
2.0114e-11
4.78201e-06
1.0837e-11
4.78201e-06
2.37772e-12
4.78201e-06
-5.5237e-12
4.782e-06
-1.29459e-11
4.78199e-06
-1.97754e-11
4.78197e-06
-2.59763e-11
4.78195e-06
-3.17138e-11
4.78193e-06
-3.71548e-11
4.7819e-06
-4.23395e-11
4.78187e-06
-4.72684e-11
4.78184e-06
-5.1947e-11
4.7818e-06
-5.63053e-11
4.78176e-06
-6.01899e-11
4.78172e-06
-6.34772e-11
4.78168e-06
-6.61664e-11
4.78163e-06
-6.83671e-11
4.78159e-06
-7.01722e-11
4.78154e-06
-7.15076e-11
4.78149e-06
-7.21669e-11
4.78145e-06
-7.20081e-11
4.7814e-06
-7.10257e-11
4.78135e-06
-6.92533e-11
4.78131e-06
-6.66933e-11
4.78127e-06
-6.3321e-11
4.78123e-06
-5.90922e-11
4.7812e-06
-5.39497e-11
4.78117e-06
-4.78282e-11
4.78114e-06
-4.06655e-11
4.78112e-06
-3.24492e-11
4.7811e-06
-2.3258e-11
4.7811e-06
-1.32403e-11
4.78109e-06
-2.55304e-12
4.7811e-06
8.68285e-12
4.78111e-06
2.03774e-11
4.78113e-06
3.24208e-11
4.78116e-06
4.46361e-11
4.7812e-06
5.67824e-11
4.78124e-06
6.85835e-11
4.78129e-06
7.97308e-11
4.78135e-06
8.98747e-11
4.78141e-06
9.86476e-11
4.78148e-06
1.0571e-10
4.78155e-06
1.1077e-10
4.78162e-06
1.1358e-10
4.78169e-06
1.13934e-10
4.78176e-06
1.1168e-10
4.78183e-06
1.0673e-10
4.78189e-06
9.90606e-11
4.78195e-06
8.87204e-11
4.78199e-06
7.58473e-11
4.78203e-06
6.06804e-11
4.78206e-06
4.35511e-11
4.78207e-06
2.48645e-11
4.78207e-06
5.09988e-12
4.78206e-06
-1.51683e-11
4.78204e-06
-3.5269e-11
4.78201e-06
-5.44961e-11
4.78196e-06
-7.22079e-11
4.78191e-06
-8.78835e-11
4.78185e-06
-1.01104e-10
4.78178e-06
-1.11514e-10
4.7817e-06
-1.18824e-10
4.78162e-06
-1.2284e-10
4.78155e-06
-1.23487e-10
4.78147e-06
-1.20807e-10
4.7814e-06
-1.14969e-10
4.78133e-06
-1.06275e-10
4.78127e-06
-9.51391e-11
4.78122e-06
-8.2065e-11
4.78118e-06
-6.76157e-11
4.78114e-06
-5.23929e-11
4.78112e-06
-3.70017e-11
4.7811e-06
-2.20077e-11
4.78109e-06
-7.89547e-12
4.7811e-06
4.96496e-12
4.7811e-06
1.63337e-11
4.78112e-06
2.60987e-11
4.78114e-06
3.42631e-11
4.78117e-06
4.09246e-11
4.7812e-06
4.62457e-11
4.78123e-06
5.04273e-11
4.78126e-06
5.37023e-11
4.7813e-06
5.6326e-11
4.78134e-06
5.85414e-11
4.78138e-06
6.05402e-11
4.78142e-06
6.2458e-11
4.78146e-06
6.43805e-11
4.7815e-06
6.63279e-11
4.78154e-06
6.82382e-11
4.78159e-06
6.99878e-11
4.78163e-06
7.14147e-11
4.78168e-06
7.23003e-11
4.78172e-06
7.23523e-11
4.78177e-06
7.12478e-11
4.78181e-06
6.86973e-11
4.78185e-06
6.44558e-11
4.78189e-06
5.83084e-11
4.78192e-06
5.0104e-11
4.78194e-06
3.98197e-11
4.78196e-06
2.75762e-11
4.78197e-06
1.36014e-11
4.78196e-06
-1.79633e-12
4.78195e-06
-1.82222e-11
4.78193e-06
-3.51904e-11
4.78189e-06
-5.2139e-11
4.78185e-06
-6.84585e-11
4.7818e-06
-8.35322e-11
4.78174e-06
-9.6783e-11
4.78167e-06
-1.07702e-10
4.7816e-06
-1.15852e-10
4.78152e-06
-1.20884e-10
4.78145e-06
-1.22574e-10
4.78137e-06
-1.20848e-10
4.7813e-06
-1.15761e-10
4.78123e-06
-1.07475e-10
4.78117e-06
-9.62493e-11
4.78112e-06
-8.24461e-11
4.78108e-06
-6.65291e-11
4.78105e-06
-4.90465e-11
4.78103e-06
-3.05814e-11
4.78102e-06
-1.1686e-11
4.78102e-06
7.13014e-12
4.78104e-06
2.5343e-11
4.78106e-06
4.23984e-11
4.7811e-06
5.78015e-11
4.78114e-06
7.1197e-11
4.7812e-06
8.23293e-11
4.78125e-06
9.09696e-11
4.78131e-06
9.69382e-11
4.78138e-06
1.0017e-10
4.78144e-06
1.00709e-10
4.7815e-06
9.86641e-11
4.78156e-06
9.4213e-11
4.78162e-06
8.76302e-11
4.78167e-06
7.9244e-11
4.78171e-06
6.93651e-11
4.78175e-06
5.82916e-11
4.78178e-06
4.63533e-11
4.7818e-06
3.39032e-11
4.78182e-06
2.1286e-11
4.78182e-06
8.82091e-12
4.78182e-06
-3.22452e-12
4.78181e-06
-1.46301e-11
4.7818e-06
-2.51534e-11
4.78178e-06
-3.4516e-11
4.78175e-06
-4.25078e-11
4.78172e-06
-4.90341e-11
4.78169e-06
-5.4058e-11
4.78165e-06
-5.75791e-11
4.78162e-06
-5.9601e-11
4.78158e-06
-6.00832e-11
4.78154e-06
-5.91083e-11
4.78151e-06
-5.69896e-11
4.78147e-06
-5.39405e-11
4.78144e-06
-4.99204e-11
4.78141e-06
-4.50113e-11
4.78139e-06
-3.9501e-11
4.78137e-06
-3.35631e-11
4.78135e-06
-2.72731e-11
4.78134e-06
-2.07352e-11
4.78133e-06
-1.39516e-11
4.78133e-06
-6.90513e-12
4.78133e-06
2.92568e-13
4.78133e-06
7.46561e-12
4.78134e-06
1.46549e-11
4.78136e-06
2.21676e-11
4.78138e-06
3.03052e-11
4.78141e-06
3.88679e-11
4.78144e-06
4.75586e-11
4.78148e-06
5.66908e-11
4.78152e-06
6.68154e-11
4.78157e-06
7.78086e-11
4.78163e-06
8.94918e-11
4.7817e-06
1.02463e-10
4.78177e-06
1.16401e-10
4.78185e-06
1.31999e-10
4.78194e-06
1.49298e-10
4.78204e-06
1.68962e-10
4.78214e-06
1.90614e-10
4.78224e-06
2.13371e-10
2.31602e-10
3.64629e-06
2.69202e-10
3.64647e-06
2.35699e-10
3.64665e-06
1.9968e-10
3.64681e-06
1.71264e-10
3.64696e-06
1.4868e-10
3.6471e-06
1.30194e-10
3.64723e-06
1.14441e-10
3.64734e-06
1.00329e-10
3.64744e-06
8.76773e-11
3.64753e-06
7.64001e-11
3.6476e-06
6.60085e-11
3.64767e-06
5.63157e-11
3.64772e-06
4.73587e-11
3.64777e-06
3.9122e-11
3.6478e-06
3.16646e-11
3.64783e-06
2.49674e-11
3.64786e-06
1.89245e-11
3.64787e-06
1.35862e-11
3.64789e-06
8.94969e-12
3.64789e-06
4.74502e-12
3.64789e-06
7.40181e-13
3.64789e-06
-3.04838e-12
3.64788e-06
-6.49541e-12
3.64787e-06
-9.5428e-12
3.64786e-06
-1.22856e-11
3.64784e-06
-1.48935e-11
3.64782e-06
-1.74553e-11
3.6478e-06
-1.99677e-11
3.64778e-06
-2.24175e-11
3.64775e-06
-2.47586e-11
3.64772e-06
-2.68463e-11
3.64769e-06
-2.85415e-11
3.64766e-06
-2.98821e-11
3.64762e-06
-3.10405e-11
3.64758e-06
-3.2124e-11
3.64755e-06
-3.30845e-11
3.64751e-06
-3.37811e-11
3.64747e-06
-3.40865e-11
3.64743e-06
-3.39702e-11
3.6474e-06
-3.34788e-11
3.64736e-06
-3.26394e-11
3.64732e-06
-3.1435e-11
3.64729e-06
-2.98554e-11
3.64726e-06
-2.78986e-11
3.64723e-06
-2.5525e-11
3.64721e-06
-2.26568e-11
3.64719e-06
-1.92311e-11
3.64717e-06
-1.52591e-11
3.64716e-06
-1.08308e-11
3.64715e-06
-6.0558e-12
3.64715e-06
-1.00379e-12
3.64715e-06
4.29874e-12
3.64716e-06
9.82807e-12
3.64718e-06
1.55361e-11
3.6472e-06
2.1334e-11
3.64723e-06
2.71095e-11
3.64727e-06
3.27478e-11
3.64731e-06
3.8122e-11
3.64736e-06
4.30616e-11
3.64741e-06
4.73551e-11
3.64746e-06
5.08007e-11
3.64752e-06
5.32522e-11
3.64758e-06
5.46135e-11
3.64764e-06
5.48082e-11
3.6477e-06
5.37673e-11
3.64775e-06
5.14448e-11
3.6478e-06
4.7832e-11
3.64785e-06
4.29536e-11
3.64789e-06
3.68586e-11
3.64792e-06
2.96235e-11
3.64794e-06
2.13712e-11
3.64795e-06
1.22893e-11
3.64796e-06
2.63826e-12
3.64795e-06
-7.25763e-12
3.64793e-06
-1.70331e-11
3.6479e-06
-2.63262e-11
3.64786e-06
-3.4833e-11
3.64782e-06
-4.23347e-11
3.64777e-06
-4.86675e-11
3.64771e-06
-5.36734e-11
3.64765e-06
-5.71946e-11
3.64758e-06
-5.91187e-11
3.64752e-06
-5.94123e-11
3.64746e-06
-5.81087e-11
3.6474e-06
-5.5281e-11
3.64734e-06
-5.10417e-11
3.64729e-06
-4.55665e-11
3.64725e-06
-3.91075e-11
3.64721e-06
-3.19769e-11
3.64719e-06
-2.45084e-11
3.64717e-06
-1.70182e-11
3.64716e-06
-9.78543e-12
3.64715e-06
-3.04843e-12
3.64715e-06
3.00891e-12
3.64716e-06
8.27762e-12
3.64717e-06
1.27358e-11
3.64719e-06
1.64272e-11
3.64721e-06
1.94312e-11
3.64724e-06
2.18408e-11
3.64726e-06
2.37557e-11
3.64729e-06
2.52862e-11
3.64732e-06
2.65551e-11
3.64735e-06
2.76759e-11
3.64738e-06
2.872e-11
3.64742e-06
2.97156e-11
3.64745e-06
3.06805e-11
3.64748e-06
3.16341e-11
3.64752e-06
3.25672e-11
3.64756e-06
3.34211e-11
3.64759e-06
3.41099e-11
3.64763e-06
3.45408e-11
3.64767e-06
3.45994e-11
3.6477e-06
3.41395e-11
3.64774e-06
3.30108e-11
3.64777e-06
3.10861e-11
3.6478e-06
2.82578e-11
3.64783e-06
2.44394e-11
3.64785e-06
1.95996e-11
3.64786e-06
1.37872e-11
3.64787e-06
7.11137e-12
3.64787e-06
-2.86637e-13
3.64786e-06
-8.22836e-12
3.64784e-06
-1.64796e-11
3.64781e-06
-2.47566e-11
3.64778e-06
-3.275e-11
3.64773e-06
-4.01472e-11
3.64768e-06
-4.66496e-11
3.64763e-06
-5.19911e-11
3.64757e-06
-5.59541e-11
3.6475e-06
-5.83801e-11
3.64744e-06
-5.91807e-11
3.64738e-06
-5.83345e-11
3.64732e-06
-5.58676e-11
3.64726e-06
-5.1843e-11
3.64721e-06
-4.63794e-11
3.64717e-06
-3.96668e-11
3.64714e-06
-3.19482e-11
3.64711e-06
-2.349e-11
3.64709e-06
-1.45687e-11
3.64709e-06
-5.45406e-12
3.64709e-06
3.61204e-12
3.6471e-06
1.23981e-11
3.64713e-06
2.06421e-11
3.64716e-06
2.80703e-11
3.64719e-06
3.44819e-11
3.64724e-06
3.97799e-11
3.64728e-06
4.39013e-11
3.64733e-06
4.67552e-11
3.64739e-06
4.82596e-11
3.64744e-06
4.84137e-11
3.64749e-06
4.73027e-11
3.64754e-06
4.5053e-11
3.64758e-06
4.18112e-11
3.64763e-06
3.77384e-11
3.64766e-06
3.2976e-11
3.64769e-06
2.76397e-11
3.64772e-06
2.18747e-11
3.64774e-06
1.58741e-11
3.64775e-06
9.81437e-12
3.64775e-06
3.81583e-12
3.64775e-06
-2.00781e-12
3.64774e-06
-7.50425e-12
3.64773e-06
-1.25179e-11
3.64771e-06
-1.69491e-11
3.64769e-06
-2.07623e-11
3.64767e-06
-2.39177e-11
3.64764e-06
-2.63103e-11
3.64761e-06
-2.78717e-11
3.64758e-06
-2.86952e-11
3.64755e-06
-2.88938e-11
3.64752e-06
-2.84437e-11
3.64749e-06
-2.73609e-11
3.64746e-06
-2.58082e-11
3.64743e-06
-2.38916e-11
3.64741e-06
-2.16277e-11
3.64739e-06
-1.90704e-11
3.64737e-06
-1.62247e-11
3.64736e-06
-1.31166e-11
3.64735e-06
-9.97164e-12
3.64734e-06
-6.92182e-12
3.64734e-06
-3.78063e-12
3.64734e-06
-3.52452e-13
3.64734e-06
3.20333e-12
3.64735e-06
6.66012e-12
3.64736e-06
1.01665e-11
3.64738e-06
1.38389e-11
3.6474e-06
1.77669e-11
3.64742e-06
2.19244e-11
3.64745e-06
2.63999e-11
3.64749e-06
3.12329e-11
3.64753e-06
3.63591e-11
3.64758e-06
4.20911e-11
3.64763e-06
4.82602e-11
3.64769e-06
5.53514e-11
3.64776e-06
6.34678e-11
3.64784e-06
7.34159e-11
3.64792e-06
8.51232e-11
3.64801e-06
1.00461e-10
3.64811e-06
1.19563e-10
1.38178e-10
2.33509e-06
1.08868e-10
2.33524e-06
8.28276e-11
2.33538e-06
6.13771e-11
2.3355e-06
4.89051e-11
2.33561e-06
4.09849e-11
2.3357e-06
3.50654e-11
2.33579e-06
3.02544e-11
2.33586e-06
2.61865e-11
2.33593e-06
2.28169e-11
2.33598e-06
1.99324e-11
2.33603e-06
1.71152e-11
2.33607e-06
1.44233e-11
2.33611e-06
1.20754e-11
2.33614e-06
9.9242e-12
2.33616e-06
7.87964e-12
2.33618e-06
6.12535e-12
2.33619e-06
4.70175e-12
2.3362e-06
3.45115e-12
2.33621e-06
2.25825e-12
2.33621e-06
1.07587e-12
2.33621e-06
-5.64834e-14
2.33621e-06
-1.03162e-12
2.33621e-06
-1.82915e-12
2.3362e-06
-2.53447e-12
2.33619e-06
-3.22227e-12
2.33618e-06
-3.91098e-12
2.33617e-06
-4.60303e-12
2.33615e-06
-5.30397e-12
2.33614e-06
-5.99675e-12
2.33612e-06
-6.62814e-12
2.3361e-06
-7.13603e-12
2.33608e-06
-7.50797e-12
2.33606e-06
-7.81524e-12
2.33603e-06
-8.14203e-12
2.33601e-06
-8.47977e-12
2.33599e-06
-8.7489e-12
2.33596e-06
-8.90604e-12
2.33594e-06
-8.96643e-12
2.33591e-06
-8.94878e-12
2.33589e-06
-8.84697e-12
2.33586e-06
-8.64015e-12
2.33584e-06
-8.31955e-12
2.33582e-06
-7.90553e-12
2.3358e-06
-7.41482e-12
2.33578e-06
-6.81673e-12
2.33576e-06
-6.05372e-12
2.33575e-06
-5.10292e-12
2.33574e-06
-4.0003e-12
2.33573e-06
-2.80483e-12
2.33572e-06
-1.54727e-12
2.33572e-06
-2.21023e-13
2.33573e-06
1.19432e-12
2.33573e-06
2.67702e-12
2.33574e-06
4.20963e-12
2.33576e-06
5.76354e-12
2.33578e-06
7.31444e-12
2.3358e-06
8.83737e-12
2.33583e-06
1.03066e-11
2.33586e-06
1.16853e-11
2.3359e-06
1.29115e-11
2.33593e-06
1.39073e-11
2.33597e-06
1.46104e-11
2.33601e-06
1.49929e-11
2.33605e-06
1.50507e-11
2.33609e-06
1.47802e-11
2.33613e-06
1.41719e-11
2.33616e-06
1.32217e-11
2.3362e-06
1.19347e-11
2.33622e-06
1.03177e-11
2.33624e-06
8.37313e-12
2.33626e-06
6.11329e-12
2.33627e-06
3.58546e-12
2.33627e-06
8.80051e-13
2.33626e-06
-1.88814e-12
2.33625e-06
-4.60457e-12
2.33623e-06
-7.16742e-12
2.33621e-06
-9.49266e-12
2.33618e-06
-1.15228e-11
2.33614e-06
-1.32259e-11
2.3361e-06
-1.45767e-11
2.33606e-06
-1.55398e-11
2.33602e-06
-1.60793e-11
2.33598e-06
-1.61804e-11
2.33593e-06
-1.585e-11
2.33589e-06
-1.51004e-11
2.33586e-06
-1.39458e-11
2.33582e-06
-1.2419e-11
2.33579e-06
-1.05878e-11
2.33577e-06
-8.55291e-12
2.33575e-06
-6.43044e-12
2.33574e-06
-4.33074e-12
2.33573e-06
-2.34401e-12
2.33573e-06
-5.38329e-13
2.33573e-06
1.04616e-12
2.33574e-06
2.3835e-12
2.33575e-06
3.48364e-12
2.33576e-06
4.37235e-12
2.33577e-06
5.08762e-12
2.33579e-06
5.67173e-12
2.33581e-06
6.16348e-12
2.33582e-06
6.59164e-12
2.33584e-06
6.97725e-12
2.33586e-06
7.33724e-12
2.33589e-06
7.67759e-12
2.33591e-06
7.98897e-12
2.33593e-06
8.2643e-12
2.33595e-06
8.51669e-12
2.33598e-06
8.76227e-12
2.336e-06
8.9887e-12
2.33602e-06
9.16151e-12
2.33605e-06
9.2597e-12
2.33607e-06
9.28001e-12
2.3361e-06
9.20138e-12
2.33612e-06
8.96855e-12
2.33615e-06
8.52051e-12
2.33617e-06
7.81934e-12
2.33618e-06
6.84712e-12
2.3362e-06
5.59433e-12
2.33621e-06
4.0634e-12
2.33621e-06
2.27461e-12
2.33621e-06
2.63599e-13
2.33621e-06
-1.92118e-12
2.33619e-06
-4.21173e-12
2.33618e-06
-6.52781e-12
2.33615e-06
-8.78489e-12
2.33612e-06
-1.08956e-11
2.33609e-06
-1.27635e-11
2.33605e-06
-1.429e-11
2.33601e-06
-1.54011e-11
2.33597e-06
-1.60663e-11
2.33592e-06
-1.62889e-11
2.33588e-06
-1.60748e-11
2.33584e-06
-1.54149e-11
2.3358e-06
-1.43035e-11
2.33577e-06
-1.27762e-11
2.33574e-06
-1.09167e-11
2.33572e-06
-8.81428e-12
2.3357e-06
-6.52214e-12
2.33569e-06
-4.07627e-12
2.33569e-06
-1.54253e-12
2.33569e-06
9.84519e-13
2.3357e-06
3.41659e-12
2.33571e-06
5.68338e-12
2.33573e-06
7.71046e-12
2.33576e-06
9.43908e-12
2.33579e-06
1.08603e-11
2.33582e-06
1.19858e-11
2.33585e-06
1.27813e-11
2.33589e-06
1.31766e-11
2.33592e-06
1.31523e-11
2.33596e-06
1.27759e-11
2.33599e-06
1.21336e-11
2.33602e-06
1.12652e-11
2.33605e-06
1.01755e-11
2.33607e-06
8.87174e-12
2.33609e-06
7.38437e-12
2.33611e-06
5.78436e-12
2.33612e-06
4.157e-12
2.33613e-06
2.53193e-12
2.33613e-06
8.90847e-13
2.33613e-06
-7.34447e-13
2.33613e-06
-2.24033e-12
2.33612e-06
-3.56508e-12
2.3361e-06
-4.72512e-12
2.33609e-06
-5.75235e-12
2.33607e-06
-6.63698e-12
2.33605e-06
-7.30135e-12
2.33603e-06
-7.66392e-12
2.33601e-06
-7.7927e-12
2.33599e-06
-7.83526e-12
2.33597e-06
-7.77095e-12
2.33595e-06
-7.49575e-12
2.33593e-06
-7.03414e-12
2.33591e-06
-6.44383e-12
2.3359e-06
-5.77224e-12
2.33588e-06
-5.0828e-12
2.33587e-06
-4.37553e-12
2.33586e-06
-3.63811e-12
2.33586e-06
-2.80304e-12
2.33585e-06
-1.87085e-12
2.33585e-06
-1.06761e-12
2.33585e-06
-3.55372e-13
2.33585e-06
6.42497e-13
2.33586e-06
1.66573e-12
2.33586e-06
2.57937e-12
2.33587e-06
3.48306e-12
2.33589e-06
4.37365e-12
2.3359e-06
5.49326e-12
2.33592e-06
6.82539e-12
2.33594e-06
8.08533e-12
2.33597e-06
9.41026e-12
2.336e-06
1.10533e-11
2.33604e-06
1.25455e-11
2.33608e-06
1.48074e-11
2.33613e-06
1.71001e-11
2.33618e-06
2.01181e-11
2.33624e-06
2.43311e-11
2.33631e-06
3.09707e-11
2.33639e-06
4.21103e-11
5.59381e-11
8.4114e-07
8.41223e-07
8.41284e-07
8.41333e-07
8.41374e-07
8.41409e-07
8.41439e-07
8.41466e-07
8.41489e-07
8.41508e-07
8.41525e-07
8.41539e-07
8.41551e-07
8.41561e-07
8.41569e-07
8.41575e-07
8.4158e-07
8.41583e-07
8.41585e-07
8.41586e-07
8.41586e-07
8.41585e-07
8.41583e-07
8.4158e-07
8.41577e-07
8.41573e-07
8.41568e-07
8.41563e-07
8.41557e-07
8.4155e-07
8.41543e-07
8.41536e-07
8.41528e-07
8.4152e-07
8.41511e-07
8.41503e-07
8.41494e-07
8.41485e-07
8.41476e-07
8.41467e-07
8.41459e-07
8.4145e-07
8.41443e-07
8.41435e-07
8.41429e-07
8.41423e-07
8.41418e-07
8.41414e-07
8.41411e-07
8.41409e-07
8.41409e-07
8.4141e-07
8.41413e-07
8.41417e-07
8.41423e-07
8.4143e-07
8.41439e-07
8.41449e-07
8.41461e-07
8.41474e-07
8.41487e-07
8.41502e-07
8.41517e-07
8.41532e-07
8.41547e-07
8.41561e-07
8.41574e-07
8.41586e-07
8.41596e-07
8.41604e-07
8.41611e-07
8.41614e-07
8.41615e-07
8.41613e-07
8.41609e-07
8.41602e-07
8.41592e-07
8.41581e-07
8.41568e-07
8.41553e-07
8.41538e-07
8.41522e-07
8.41506e-07
8.4149e-07
8.41475e-07
8.41461e-07
8.41448e-07
8.41438e-07
8.41429e-07
8.41423e-07
8.41419e-07
8.41417e-07
8.41416e-07
8.41417e-07
8.4142e-07
8.41423e-07
8.41427e-07
8.41433e-07
8.41438e-07
8.41444e-07
8.41451e-07
8.41458e-07
8.41465e-07
8.41472e-07
8.4148e-07
8.41488e-07
8.41496e-07
8.41505e-07
8.41514e-07
8.41523e-07
8.41532e-07
8.41541e-07
8.4155e-07
8.41559e-07
8.41568e-07
8.41575e-07
8.41582e-07
8.41588e-07
8.41592e-07
8.41594e-07
8.41595e-07
8.41593e-07
8.41588e-07
8.41582e-07
8.41573e-07
8.41562e-07
8.41549e-07
8.41535e-07
8.4152e-07
8.41504e-07
8.41487e-07
8.41471e-07
8.41456e-07
8.41442e-07
8.41429e-07
8.41418e-07
8.41409e-07
8.41402e-07
8.41399e-07
8.41397e-07
8.41398e-07
8.41402e-07
8.41408e-07
8.41416e-07
8.41425e-07
8.41436e-07
8.41448e-07
8.41461e-07
8.41474e-07
8.41487e-07
8.415e-07
8.41512e-07
8.41524e-07
8.41534e-07
8.41543e-07
8.4155e-07
8.41556e-07
8.4156e-07
8.41562e-07
8.41563e-07
8.41562e-07
8.4156e-07
8.41556e-07
8.41551e-07
8.41546e-07
8.41539e-07
8.41532e-07
8.41524e-07
8.41517e-07
8.41509e-07
8.41501e-07
8.41494e-07
8.41487e-07
8.41481e-07
8.41475e-07
8.4147e-07
8.41465e-07
8.41462e-07
8.41459e-07
8.41457e-07
8.41456e-07
8.41456e-07
8.41456e-07
8.41458e-07
8.4146e-07
8.41463e-07
8.41467e-07
8.41473e-07
8.4148e-07
8.41488e-07
8.41497e-07
8.41508e-07
8.41521e-07
8.41535e-07
8.41552e-07
8.41572e-07
8.41596e-07
8.41627e-07
8.41668e-07
)
;

boundaryField
{
    inlet
    {
        type            calculated;
        value           nonuniform List<scalar> 
20
(
-8.41916e-07
-2.3369e-06
-3.6488e-06
-4.78304e-06
-5.74468e-06
-6.53833e-06
-7.16803e-06
-7.63712e-06
-7.9482e-06
-8.10306e-06
-8.10262e-06
-7.9469e-06
-7.63506e-06
-7.16537e-06
-6.53527e-06
-5.74146e-06
-4.77993e-06
-3.6461e-06
-2.33493e-06
-8.4103e-07
)
;
    }
    outlet
    {
        type            calculated;
        value           nonuniform List<scalar> 
20
(
8.41273e-07
2.33546e-06
3.64682e-06
4.78074e-06
5.74228e-06
6.53603e-06
7.16599e-06
7.63551e-06
7.94714e-06
8.10264e-06
8.10286e-06
7.94781e-06
7.63657e-06
7.16736e-06
6.5376e-06
5.74393e-06
4.78234e-06
3.6482e-06
2.33647e-06
8.41724e-07
)
;
    }
    walls
    {
        type            calculated;
        value           uniform 0;
    }
    frontAndBack
    {
        type            empty;
    }
}


// ************************************************************************* //
