/*--------------------------------*- C++ -*----------------------------------*\
| =========                 |                                                 |
| \\      /  F ield         | OpenFOAM: The Open Source CFD Toolbox           |
|  \\    /   O peration     | Version:  2406                                  |
|   \\  /    A nd           | Website:  www.openfoam.com                      |
|    \\/     M anipulation  |                                                 |
\*---------------------------------------------------------------------------*/
FoamFile
{
    version     2.0;
    format      ascii;
    arch        "LSB;label=32;scalar=64";
    class       volScalarField;
    location    "1.75";
    object      p_rgh;
}
// * * * * * * * * * * * * * * * * * * * * * * * * * * * * * * * * * * * * * //

dimensions      [1 -1 -2 0 0 0 0];

internalField   nonuniform List<scalar> 
6250
(
-2.71869
-3225.63
-1036.74
540.038
495.362
26.2992
-134.367
-57.0741
19.3801
25.7582
5.60874
-3.97898
-1.70376
1.99275
2.73331
1.92152
1.38918
1.41466
1.569
1.61038
1.57266
1.53895
1.53126
1.52882
1.52051
1.51804
1.51326
1.50225
1.498
1.49017
1.47788
1.47892
1.47957
1.47061
1.4712
1.47585
1.46893
1.45866
1.44947
1.43531
1.42543
1.42488
1.42432
1.42616
1.43101
1.42641
1.41239
1.39734
1.38349
1.37657
1.37965
1.38907
1.39619
1.39164
1.38
1.36572
1.35075
1.3434
1.34337
1.344
1.34342
1.34196
1.33501
1.32314
1.31761
1.31746
1.31443
1.31243
1.31272
1.30733
1.29479
1.28095
1.26928
1.26146
1.25903
1.26051
1.25905
1.25274
1.24936
1.24582
1.23419
1.22154
1.21408
1.20857
1.20368
1.19936
1.19247
1.18363
1.17838
1.17674
1.17428
1.1708
1.16497
1.15307
1.13742
1.1212
1.10828
1.10235
1.10018
1.10408
1.11091
1.11164
1.11104
1.10627
1.09579
1.08786
1.07895
1.07215
1.07157
1.07033
1.06671
1.06065
1.05283
1.04323
1.03222
1.02147
1.00996
1.00188
0.997385
0.991727
0.985468
0.976503
0.966164
0.959989
0.954127
0.946587
0.941588
0.934827
0.925123
0.916987
0.906138
0.894427
0.887971
0.884499
0.880411
0.871838
0.861649
0.853846
0.84579
0.839445
0.836294
0.833239
0.829539
0.826103
0.821541
0.815691
0.812658
0.809347
0.800996
0.791588
0.78337
0.776557
0.771036
0.765175
0.758587
0.749518
0.739363
0.73179
0.724655
0.717729
0.713457
0.709194
0.703666
0.696942
0.689201
0.683618
0.678679
0.67221
0.665391
0.65654
0.645728
0.636604
0.631344
0.626278
0.618436
0.609429
0.597827
0.584019
0.570028
0.558176
0.549356
0.537821
0.525891
0.517738
0.509513
0.502359
0.496658
0.489515
0.479556
0.467006
0.456534
0.449259
0.442354
0.436314
0.431404
0.42468
0.416377
0.410612
0.405797
0.398243
0.388932
0.380641
0.373505
0.365204
0.35714
0.349485
0.338883
0.326867
0.31633
0.308259
0.302822
0.29728
0.288733
0.277588
0.266453
0.258408
0.254058
0.250908
0.245316
0.234818
0.223212
0.215538
0.210373
0.205732
0.198924
0.18785
0.177359
0.171491
0.167838
0.161036
0.150218
0.140569
0.133142
0.126842
0.12251
0.118243
0.113463
0.107341
0.0968037
0.084522
0.0749295
0.0678808
0.0620309
0.0551968
0.0465013
0.0378396
0.0296929
0.021373
0.0151909
0.00126728
-2.75187
-3225.7
-1036.78
540.052
495.38
26.2925
-134.379
-57.0721
19.3878
25.7633
5.609
-3.98585
-1.71256
1.99038
2.73577
1.92118
1.38577
1.41217
1.56822
1.61078
1.57303
1.53818
1.52745
1.52542
1.5227
1.52104
1.51484
1.50588
1.50005
1.48905
1.4754
1.47176
1.47394
1.47652
1.47845
1.47496
1.46571
1.45436
1.44665
1.43909
1.4299
1.42686
1.42485
1.42072
1.42015
1.41915
1.41564
1.4065
1.38881
1.37635
1.37723
1.38876
1.40105
1.39547
1.37737
1.35966
1.34581
1.34434
1.34872
1.34831
1.34309
1.33335
1.32601
1.32472
1.32498
1.32436
1.31972
1.31138
1.30538
1.29997
1.29092
1.28061
1.27026
1.26289
1.26111
1.26118
1.25958
1.25414
1.24837
1.24466
1.23646
1.22521
1.21697
1.20933
1.20061
1.19229
1.18653
1.18461
1.18138
1.17704
1.17526
1.17093
1.16426
1.15523
1.13961
1.12191
1.10717
1.10072
1.10147
1.10392
1.10929
1.11128
1.10716
1.10173
1.09558
1.09055
1.08411
1.07643
1.07245
1.07131
1.06805
1.05951
1.05129
1.04294
1.03079
1.01869
1.00578
0.9975
0.997607
0.995102
0.987563
0.978516
0.968254
0.961239
0.956836
0.948801
0.939457
0.931261
0.922137
0.913392
0.904465
0.896501
0.89127
0.886539
0.881049
0.871521
0.861046
0.85391
0.846917
0.841416
0.837217
0.833248
0.829488
0.823015
0.816882
0.8124
0.809145
0.808155
0.803881
0.795638
0.787329
0.778613
0.771448
0.76565
0.758148
0.749459
0.739129
0.728094
0.719878
0.714421
0.711085
0.70832
0.704062
0.69896
0.69365
0.689134
0.68351
0.67323
0.660533
0.650467
0.643613
0.636481
0.630983
0.627247
0.619459
0.610076
0.600318
0.587144
0.572544
0.559449
0.548876
0.537122
0.525273
0.516939
0.509036
0.501005
0.4927
0.484916
0.478402
0.470084
0.46167
0.454532
0.445591
0.434664
0.42637
0.42231
0.416825
0.409418
0.404661
0.400425
0.391758
0.380606
0.371295
0.362113
0.353459
0.34724
0.339971
0.330752
0.321433
0.312358
0.302709
0.291557
0.282316
0.277215
0.2709
0.261567
0.253599
0.247755
0.242587
0.235592
0.224944
0.215264
0.210306
0.207713
0.20244
0.19176
0.179083
0.168522
0.161618
0.155958
0.14853
0.142288
0.137554
0.131797
0.125897
0.117975
0.10955
0.10359
0.0954191
0.0855431
0.0780681
0.0702038
0.0613143
0.0526217
0.0437123
0.0361053
0.0283397
0.0193842
0.0100267
0.00448897
-2.75215
-3225.69
-1036.77
540.057
495.385
26.2968
-134.375
-57.0709
19.3806
25.7588
5.61456
-3.97939
-1.70797
1.99199
2.73396
1.91909
1.38514
1.41272
1.56729
1.61293
1.57923
1.5398
1.52798
1.52872
1.52133
1.51777
1.51514
1.50564
1.50044
1.49098
1.47685
1.47397
1.47469
1.47655
1.47844
1.47031
1.46476
1.46218
1.44956
1.43517
1.42804
1.42635
1.42497
1.42516
1.42789
1.42384
1.41292
1.3996
1.38149
1.37444
1.38686
1.39761
1.39636
1.38749
1.37576
1.36176
1.34788
1.34636
1.35082
1.34668
1.34089
1.3367
1.32942
1.32246
1.32053
1.32274
1.32216
1.31658
1.3103
1.30099
1.2873
1.27713
1.27164
1.26665
1.26364
1.26286
1.25967
1.25157
1.24488
1.24265
1.23626
1.22596
1.21793
1.20954
1.20094
1.19337
1.18644
1.18386
1.18235
1.17829
1.17695
1.17574
1.16633
1.1491
1.13307
1.12024
1.10638
1.10065
1.10366
1.10674
1.1135
1.11598
1.10782
1.09843
1.09214
1.08995
1.08486
1.07615
1.07344
1.07226
1.06694
1.05985
1.05305
1.04383
1.02978
1.01661
1.00546
0.99893
1.00046
0.997489
0.986262
0.976684
0.967335
0.958898
0.955707
0.949745
0.940205
0.932966
0.923933
0.913543
0.905566
0.898925
0.891572
0.883032
0.876719
0.869957
0.861007
0.854752
0.848557
0.841761
0.83741
0.833112
0.82803
0.823598
0.820165
0.816203
0.811865
0.807486
0.800807
0.793166
0.78491
0.77634
0.771566
0.767658
0.761046
0.753182
0.741467
0.727985
0.719032
0.713298
0.709659
0.707996
0.705582
0.701158
0.694226
0.687549
0.681317
0.671726
0.660616
0.652153
0.646677
0.640218
0.632695
0.626551
0.617996
0.606589
0.595258
0.584872
0.574183
0.560607
0.548344
0.537936
0.525955
0.516388
0.508967
0.501714
0.494721
0.48614
0.477921
0.469819
0.459629
0.451069
0.44494
0.436479
0.428361
0.425078
0.420078
0.409736
0.400727
0.395925
0.390575
0.381938
0.373317
0.365463
0.357055
0.348947
0.339312
0.32764
0.317294
0.309976
0.304013
0.295678
0.285188
0.275837
0.267436
0.259969
0.254662
0.249061
0.242617
0.23583
0.226851
0.217722
0.2109
0.204782
0.197458
0.188824
0.179948
0.170476
0.162487
0.157866
0.15159
0.142955
0.13562
0.129243
0.124507
0.119675
0.111851
0.10332
0.094149
0.0845111
0.0769497
0.0694389
0.0608857
0.0531127
0.0450705
0.0373666
0.0306569
0.0227634
0.012467
0.00420464
-2.75553
-3225.71
-1036.79
540.04
495.372
26.2946
-134.375
-57.0744
19.3788
25.7573
5.61153
-3.98331
-1.7095
1.99375
2.73551
1.91952
1.37892
1.40428
1.56741
1.61478
1.57556
1.53696
1.52642
1.52843
1.52563
1.52102
1.51593
1.50275
1.49015
1.48695
1.48385
1.47775
1.47594
1.47687
1.47238
1.4666
1.46705
1.46246
1.44765
1.43312
1.42413
1.4246
1.42918
1.42821
1.42552
1.4204
1.40813
1.39428
1.38289
1.38089
1.39209
1.40037
1.39453
1.38119
1.36957
1.36097
1.35146
1.34751
1.35064
1.34931
1.34159
1.33203
1.32562
1.32394
1.3231
1.32444
1.32347
1.31498
1.30785
1.3016
1.28837
1.275
1.26773
1.264
1.26281
1.26236
1.26159
1.25769
1.24699
1.23749
1.23281
1.22551
1.21706
1.20924
1.19989
1.19208
1.18676
1.18464
1.18421
1.18039
1.17635
1.17315
1.16379
1.14716
1.1303
1.11909
1.11022
1.1034
1.10317
1.10699
1.11277
1.11554
1.10994
1.1008
1.0923
1.08618
1.08235
1.07832
1.07481
1.07228
1.06824
1.0597
1.04996
1.04215
1.03061
1.01666
1.0062
0.998283
0.99486
0.994584
0.988896
0.979034
0.970031
0.960944
0.953841
0.948508
0.94101
0.932018
0.921297
0.909976
0.903689
0.901808
0.896379
0.885951
0.876591
0.868053
0.859508
0.853968
0.848679
0.842886
0.837669
0.830931
0.82516
0.822177
0.820405
0.818499
0.813264
0.806042
0.800097
0.79383
0.786633
0.779195
0.771919
0.765209
0.757735
0.749155
0.738999
0.728522
0.721933
0.717608
0.712326
0.707056
0.702333
0.698886
0.695473
0.689039
0.680276
0.670854
0.660221
0.649692
0.643458
0.639867
0.634313
0.628287
0.620789
0.607895
0.593554
0.583556
0.574436
0.560576
0.546477
0.536162
0.526176
0.517335
0.510807
0.503667
0.494976
0.484845
0.475489
0.4687
0.461635
0.453547
0.445968
0.436801
0.426709
0.421332
0.41914
0.412816
0.402887
0.395123
0.389399
0.382106
0.374101
0.365992
0.355954
0.34563
0.336479
0.328253
0.320552
0.311565
0.302288
0.293512
0.283784
0.275077
0.268257
0.261881
0.256249
0.249848
0.241617
0.233512
0.225674
0.21862
0.212482
0.204543
0.195416
0.188294
0.182236
0.173293
0.162704
0.155071
0.148876
0.142796
0.137559
0.130764
0.124469
0.119603
0.111294
0.101867
0.0945675
0.0862958
0.0774283
0.0691481
0.0602873
0.0526825
0.0457787
0.0374334
0.0285861
0.0199401
0.0111179
0.00362979
-2.75886
-3225.71
-1036.79
540.039
495.375
26.3011
-134.373
-57.0762
19.3814
25.7593
5.60948
-3.98415
-1.70646
1.9975
2.73534
1.91827
1.37948
1.40648
1.5699
1.61451
1.57426
1.53822
1.52733
1.52785
1.52973
1.52457
1.51219
1.5027
1.49543
1.48686
1.48354
1.48152
1.4757
1.47409
1.47301
1.46876
1.46999
1.46445
1.44554
1.43324
1.42777
1.42542
1.43079
1.43189
1.42645
1.41817
1.4026
1.39088
1.38981
1.39115
1.39426
1.39368
1.38562
1.3811
1.37582
1.36243
1.35215
1.34998
1.34958
1.34714
1.34206
1.33326
1.32525
1.32453
1.32684
1.32715
1.32305
1.31521
1.30784
1.29845
1.28741
1.27867
1.27106
1.26625
1.26461
1.26151
1.25744
1.25505
1.25007
1.23993
1.23037
1.22497
1.21993
1.21096
1.20012
1.19059
1.18379
1.18376
1.18663
1.18292
1.17693
1.1739
1.16484
1.14566
1.12752
1.11675
1.10869
1.10532
1.10883
1.11227
1.11325
1.11205
1.10715
1.10087
1.09424
1.08753
1.0824
1.07925
1.07722
1.07365
1.06843
1.06083
1.04878
1.03698
1.02672
1.01621
1.00996
1.00453
0.996124
0.990559
0.985706
0.979474
0.97366
0.963676
0.952699
0.946901
0.941794
0.93272
0.920899
0.910794
0.904467
0.90018
0.895181
0.886737
0.877308
0.869702
0.861166
0.852769
0.847304
0.84295
0.838581
0.832765
0.825723
0.821052
0.818158
0.816223
0.814451
0.808362
0.800251
0.794435
0.787801
0.779685
0.773589
0.767153
0.757522
0.748
0.738205
0.727642
0.721087
0.717174
0.712773
0.708775
0.704388
0.700689
0.6975
0.689761
0.678109
0.667763
0.659078
0.65127
0.645768
0.641668
0.63512
0.626147
0.618026
0.608117
0.594756
0.583296
0.57355
0.560776
0.547075
0.536075
0.526154
0.517317
0.510232
0.502388
0.495007
0.486907
0.476169
0.468831
0.463108
0.453978
0.446493
0.439531
0.42782
0.417519
0.414707
0.413543
0.407199
0.39758
0.388329
0.379728
0.372822
0.367126
0.358428
0.346578
0.335258
0.326591
0.319614
0.311232
0.302855
0.295558
0.28549
0.274349
0.266414
0.26112
0.256896
0.251126
0.241908
0.232348
0.225748
0.220791
0.213943
0.204204
0.194319
0.186409
0.180378
0.173721
0.164797
0.157019
0.150432
0.143061
0.136834
0.13017
0.123345
0.118476
0.111108
0.101492
0.0938417
0.0859545
0.0771441
0.0698474
0.0622708
0.053248
0.0446457
0.0375696
0.0310367
0.0231789
0.0130054
0.00400081
-2.76197
-3225.72
-1036.79
540.036
495.375
26.2987
-134.375
-57.0803
19.3782
25.758
5.60856
-3.98189
-1.70722
1.99268
2.73314
1.91709
1.37661
1.40599
1.57192
1.61265
1.56964
1.53653
1.52791
1.5303
1.53116
1.51945
1.50722
1.5018
1.49477
1.48784
1.48693
1.48528
1.47419
1.46599
1.47075
1.47535
1.47212
1.45971
1.43894
1.42744
1.42939
1.43205
1.43199
1.42812
1.42334
1.41611
1.40206
1.39238
1.39263
1.39266
1.39184
1.39188
1.3858
1.37685
1.37066
1.36379
1.35546
1.35114
1.35194
1.34703
1.33663
1.33028
1.32629
1.32619
1.32835
1.32647
1.32259
1.31603
1.30664
1.29734
1.28708
1.27757
1.27208
1.2676
1.26376
1.26165
1.25566
1.2495
1.24713
1.24124
1.2336
1.22669
1.21696
1.20611
1.19695
1.19149
1.18782
1.18402
1.18444
1.18489
1.17861
1.17026
1.15972
1.14338
1.12746
1.11652
1.10915
1.10633
1.10999
1.11586
1.11575
1.11108
1.10664
1.09958
1.0923
1.08811
1.08331
1.07918
1.07725
1.07392
1.06731
1.05854
1.04888
1.038
1.0257
1.01427
1.00747
1.00316
0.997421
0.992234
0.986026
0.977873
0.971621
0.964548
0.954719
0.946667
0.939904
0.929477
0.919648
0.915199
0.908658
0.898999
0.891927
0.884507
0.876638
0.87038
0.862283
0.853821
0.847526
0.840949
0.835582
0.830951
0.825619
0.823811
0.821489
0.815817
0.812342
0.807458
0.799677
0.793945
0.787827
0.779735
0.772991
0.767251
0.758554
0.747063
0.736832
0.728826
0.722677
0.71822
0.713479
0.707844
0.703344
0.700128
0.695733
0.688066
0.67764
0.667365
0.659002
0.652031
0.645757
0.641734
0.636981
0.62558
0.613839
0.605743
0.595046
0.583421
0.572923
0.560521
0.546856
0.535238
0.526823
0.519527
0.512036
0.502791
0.493186
0.48508
0.475923
0.468991
0.464208
0.455027
0.444975
0.438486
0.43113
0.420833
0.413406
0.4103
0.405284
0.397665
0.389928
0.381256
0.373113
0.365915
0.356122
0.344509
0.334447
0.326547
0.320267
0.3124
0.302407
0.293503
0.284328
0.274792
0.267515
0.261316
0.256098
0.251768
0.243878
0.233008
0.224748
0.218041
0.210381
0.203781
0.197159
0.188466
0.180727
0.173848
0.16461
0.156295
0.149843
0.142236
0.136088
0.130811
0.123556
0.116665
0.109929
0.101729
0.0940102
0.087089
0.078875
0.0701082
0.0621911
0.0545683
0.0457091
0.0359326
0.0279296
0.0213598
0.0130171
0.00416095
-2.76358
-3225.72
-1036.8
540.036
495.374
26.2981
-134.373
-57.0782
19.3758
25.7544
5.60804
-3.97733
-1.70212
1.99356
2.7298
1.91313
1.37902
1.40974
1.56817
1.60811
1.56931
1.53687
1.53177
1.53639
1.53312
1.51576
1.50191
1.50319
1.50153
1.49219
1.48676
1.47973
1.47051
1.47201
1.47789
1.47602
1.46767
1.45551
1.44198
1.4342
1.43359
1.43392
1.43257
1.42821
1.4196
1.40838
1.40047
1.39973
1.40068
1.39585
1.38766
1.38462
1.38451
1.38123
1.3736
1.3632
1.35601
1.35272
1.3502
1.34487
1.33813
1.33396
1.32923
1.32705
1.32766
1.32577
1.32454
1.31918
1.30643
1.29454
1.28621
1.28046
1.27558
1.26838
1.26276
1.26133
1.25683
1.25051
1.24689
1.23973
1.23155
1.22649
1.21816
1.20694
1.19759
1.19246
1.1904
1.18667
1.18247
1.18211
1.1795
1.16969
1.15797
1.14421
1.12772
1.11556
1.11
1.10953
1.11299
1.1164
1.11625
1.11264
1.10691
1.09977
1.09335
1.08769
1.08268
1.08076
1.07926
1.07471
1.06733
1.05825
1.04769
1.03503
1.02424
1.01619
1.00901
1.00361
0.996967
0.991234
0.987938
0.980833
0.971674
0.963525
0.954343
0.945784
0.938733
0.930319
0.922222
0.917056
0.909641
0.898821
0.890871
0.885533
0.878129
0.869848
0.862393
0.85358
0.845973
0.84111
0.835801
0.831379
0.827495
0.823395
0.820553
0.816924
0.812559
0.807866
0.801246
0.794145
0.788134
0.781423
0.77302
0.765352
0.757423
0.747426
0.738536
0.731157
0.723958
0.718172
0.71295
0.70824
0.705074
0.700665
0.694853
0.687983
0.677148
0.665748
0.658139
0.653166
0.648188
0.642181
0.635788
0.625672
0.613623
0.605124
0.595892
0.583385
0.571055
0.560083
0.547747
0.535024
0.526656
0.519506
0.512301
0.504951
0.494538
0.485682
0.477717
0.468863
0.46369
0.457095
0.445385
0.435574
0.429431
0.42245
0.41586
0.412265
0.407141
0.397986
0.387847
0.379247
0.372667
0.365863
0.356561
0.345919
0.334878
0.324583
0.318111
0.312572
0.303648
0.293605
0.283721
0.275221
0.270038
0.264899
0.257512
0.249198
0.2403
0.23233
0.226236
0.218969
0.210224
0.203445
0.19806
0.19044
0.181407
0.173588
0.165142
0.156588
0.149709
0.141863
0.134703
0.129876
0.123505
0.116217
0.11003
0.102414
0.0939035
0.0873943
0.0804118
0.0705965
0.0605837
0.052458
0.0456314
0.0384299
0.0308067
0.0222
0.0127907
0.00443145
-2.76523
-3225.72
-1036.8
540.038
495.373
26.2922
-134.378
-57.0803
19.3743
25.7562
5.61092
-3.97807
-1.70615
1.98851
2.72991
1.91763
1.37828
1.40401
1.5656
1.60574
1.56618
1.54048
1.53501
1.53215
1.52874
1.51713
1.50663
1.50301
1.49806
1.49305
1.48542
1.4778
1.47683
1.4771
1.4753
1.46892
1.45758
1.45112
1.44738
1.442
1.4381
1.43033
1.42449
1.42526
1.42008
1.4113
1.40606
1.39955
1.3944
1.39303
1.39045
1.38739
1.38148
1.37484
1.37229
1.36623
1.35812
1.35361
1.34836
1.34103
1.33607
1.33573
1.33272
1.32623
1.32517
1.32627
1.32381
1.31813
1.30844
1.29508
1.2848
1.28031
1.27542
1.26831
1.26201
1.25878
1.25494
1.24797
1.24569
1.24404
1.23379
1.22235
1.21249
1.20285
1.19803
1.19527
1.1907
1.18622
1.18364
1.18262
1.17736
1.16657
1.15512
1.14111
1.12672
1.11682
1.11105
1.11224
1.11571
1.11621
1.11652
1.11348
1.10649
1.09848
1.09147
1.08849
1.08556
1.08149
1.07823
1.07239
1.06481
1.05771
1.04785
1.03427
1.02299
1.0153
1.00782
1.00238
0.997682
0.991752
0.986501
0.980084
0.972018
0.964479
0.955498
0.944139
0.935627
0.930082
0.922955
0.917032
0.91077
0.899501
0.890199
0.885127
0.877081
0.868441
0.862631
0.853881
0.844843
0.840341
0.835574
0.830677
0.827059
0.823462
0.82043
0.816158
0.812166
0.8083
0.801245
0.79451
0.788663
0.781129
0.773338
0.76511
0.756378
0.747457
0.738121
0.730916
0.725233
0.718744
0.713171
0.709225
0.705443
0.699674
0.692433
0.685432
0.676574
0.666448
0.658204
0.653324
0.64892
0.640859
0.632816
0.624269
0.612933
0.604034
0.595797
0.584549
0.5716
0.558503
0.546132
0.534833
0.526971
0.520421
0.51255
0.503592
0.493209
0.486145
0.480563
0.471149
0.462487
0.455182
0.445299
0.435358
0.429571
0.424621
0.417161
0.411225
0.405773
0.396821
0.387512
0.379988
0.372497
0.364201
0.354919
0.345217
0.335318
0.324512
0.315904
0.311028
0.304584
0.294913
0.284564
0.274841
0.268524
0.264808
0.258751
0.249737
0.240419
0.232027
0.224587
0.21743
0.209853
0.203134
0.198481
0.192217
0.18228
0.172473
0.163759
0.156173
0.150024
0.142128
0.133749
0.128027
0.122875
0.116929
0.110833
0.103371
0.0941078
0.0857787
0.0783932
0.0703059
0.0623508
0.0539568
0.0452655
0.0378971
0.0307605
0.021571
0.0120782
0.00432993
-2.7638
-3225.72
-1036.8
540.034
495.372
26.2951
-134.378
-57.0823
19.373
25.7574
5.61301
-3.98115
-1.71108
1.98664
2.72993
1.91855
1.38108
1.40374
1.56295
1.6071
1.57069
1.54279
1.53557
1.52874
1.52158
1.5173
1.51169
1.5047
1.49769
1.49021
1.48252
1.48112
1.48418
1.48166
1.47353
1.46397
1.45497
1.45224
1.45335
1.44818
1.43877
1.42993
1.4236
1.42096
1.41671
1.41147
1.40943
1.40449
1.39656
1.39143
1.3872
1.38541
1.3837
1.37651
1.37019
1.36634
1.36064
1.3539
1.34828
1.34301
1.33701
1.33449
1.33361
1.32934
1.32688
1.32745
1.32488
1.31793
1.30817
1.29729
1.28668
1.27947
1.27559
1.26945
1.26158
1.25809
1.25614
1.24993
1.24511
1.24206
1.23436
1.22332
1.21178
1.20303
1.19883
1.19494
1.19134
1.18859
1.18475
1.1816
1.17662
1.1662
1.15367
1.14022
1.12663
1.11706
1.11347
1.11535
1.11797
1.1181
1.1169
1.11321
1.10777
1.09988
1.0911
1.08845
1.08765
1.08366
1.07897
1.07242
1.0643
1.05554
1.04515
1.03385
1.02393
1.01631
1.00848
1.00196
0.997945
0.992945
0.98728
0.980351
0.971583
0.964162
0.955853
0.944903
0.937078
0.931721
0.923488
0.915537
0.909295
0.901267
0.892847
0.88544
0.877424
0.869409
0.862351
0.853476
0.844068
0.839419
0.836689
0.832472
0.827769
0.822588
0.819091
0.816594
0.812857
0.808716
0.802841
0.796054
0.789613
0.781785
0.773405
0.764724
0.755784
0.74727
0.73877
0.732235
0.726583
0.720043
0.714631
0.709162
0.704233
0.70038
0.693603
0.684575
0.675371
0.666145
0.658329
0.653754
0.649385
0.6402
0.63109
0.624126
0.61453
0.604561
0.595188
0.584454
0.571413
0.557212
0.545407
0.535621
0.528299
0.522015
0.513746
0.504745
0.493848
0.484785
0.480507
0.473483
0.463467
0.455415
0.446624
0.436018
0.428932
0.425069
0.41927
0.412406
0.404882
0.395727
0.387813
0.380864
0.372611
0.363417
0.353501
0.343551
0.335195
0.326693
0.317009
0.309678
0.303177
0.294758
0.286298
0.27763
0.269786
0.264191
0.257694
0.249617
0.241114
0.231923
0.223551
0.217325
0.211354
0.204497
0.198832
0.192573
0.182736
0.17242
0.163382
0.155657
0.149801
0.142797
0.13422
0.127899
0.12337
0.117158
0.110461
0.104141
0.094993
0.0849929
0.0767121
0.0682685
0.0608581
0.0543528
0.0474364
0.0405636
0.03203
0.0212223
0.0116443
0.0042864
-2.76363
-3225.72
-1036.8
540.037
495.373
26.2901
-134.383
-57.0818
19.3767
25.7582
5.61118
-3.98326
-1.71019
1.98878
2.73073
1.91538
1.37359
1.39847
1.56146
1.61012
1.57584
1.54141
1.5297
1.52948
1.52771
1.51997
1.50944
1.50167
1.49684
1.49023
1.48381
1.48379
1.4842
1.47919
1.47066
1.46029
1.45518
1.45719
1.45544
1.44565
1.43549
1.42862
1.42364
1.42114
1.41806
1.41307
1.40914
1.40421
1.39639
1.38998
1.38616
1.38348
1.38012
1.37631
1.37372
1.36675
1.35677
1.35247
1.34938
1.34365
1.33833
1.33437
1.3324
1.32952
1.32689
1.3275
1.3241
1.31566
1.308
1.29703
1.28605
1.28142
1.27585
1.26827
1.26244
1.25581
1.25275
1.25139
1.24597
1.24014
1.2311
1.21996
1.21149
1.20345
1.19903
1.1945
1.18781
1.18798
1.18819
1.18078
1.17312
1.16489
1.15238
1.13814
1.12555
1.11733
1.11398
1.11634
1.12087
1.12043
1.11702
1.11267
1.10618
1.09919
1.09249
1.08936
1.08784
1.0832
1.07901
1.07296
1.062
1.05208
1.04305
1.03225
1.02316
1.0163
1.009
1.00305
0.998635
0.991705
0.984817
0.979775
0.97203
0.962606
0.954191
0.945481
0.937905
0.932014
0.923808
0.914406
0.907922
0.901872
0.893702
0.885115
0.876987
0.869142
0.861207
0.852452
0.844148
0.838719
0.834873
0.831417
0.827935
0.822864
0.818884
0.816659
0.813111
0.809122
0.803465
0.796395
0.789684
0.780924
0.772562
0.764476
0.754512
0.747145
0.740332
0.732053
0.725996
0.721081
0.716069
0.710311
0.704606
0.699949
0.692048
0.681302
0.672972
0.666088
0.658136
0.652649
0.648865
0.640228
0.630248
0.622794
0.614277
0.60493
0.594712
0.583247
0.570394
0.555842
0.544075
0.535822
0.52886
0.52193
0.513208
0.504838
0.496234
0.486633
0.479787
0.47282
0.462344
0.452814
0.446478
0.438602
0.430044
0.425655
0.420618
0.411677
0.402269
0.393921
0.387249
0.380996
0.373352
0.364036
0.352775
0.341111
0.332158
0.325565
0.318062
0.310607
0.30365
0.294887
0.286534
0.278417
0.269501
0.262474
0.256365
0.249562
0.241584
0.232317
0.223862
0.217356
0.211302
0.204003
0.19734
0.191118
0.182308
0.172912
0.164481
0.156633
0.149352
0.141277
0.133613
0.128032
0.123223
0.117009
0.109486
0.102002
0.0930211
0.0835018
0.0767105
0.0703207
0.0636607
0.0573339
0.0488996
0.0393403
0.0297287
0.0194794
0.0101161
0.00362613
-2.7658
-3225.72
-1036.8
540.033
495.371
26.2925
-134.381
-57.0785
19.3792
25.7545
5.60716
-3.98453
-1.71053
1.99129
2.73143
1.91242
1.37494
1.40208
1.56002
1.6112
1.57583
1.53425
1.52967
1.53557
1.52634
1.51664
1.5097
1.49961
1.49484
1.49459
1.49098
1.4854
1.47956
1.47378
1.46938
1.46466
1.46236
1.4608
1.45344
1.44279
1.43569
1.43039
1.42308
1.41914
1.4178
1.41299
1.41068
1.4075
1.39684
1.38795
1.38415
1.38281
1.38239
1.3777
1.37222
1.367
1.35722
1.35147
1.35034
1.3447
1.33903
1.336
1.33262
1.33038
1.33011
1.33023
1.32542
1.31467
1.30499
1.29793
1.28953
1.28182
1.27555
1.26901
1.26279
1.25662
1.25386
1.25313
1.24727
1.23814
1.22807
1.21851
1.21162
1.2045
1.2001
1.19631
1.18939
1.18772
1.18756
1.18115
1.17276
1.16319
1.15033
1.13708
1.12652
1.11974
1.11697
1.11871
1.12182
1.12163
1.11811
1.11281
1.10721
1.10133
1.09349
1.08896
1.08876
1.08551
1.08038
1.07287
1.06007
1.04913
1.04151
1.03251
1.02362
1.01742
1.01089
1.00306
0.998141
0.99332
0.986095
0.980012
0.97201
0.961559
0.953336
0.946014
0.938771
0.931914
0.92402
0.916153
0.90922
0.902367
0.894917
0.886392
0.877765
0.869233
0.859709
0.851392
0.84501
0.839132
0.834878
0.831243
0.827327
0.823699
0.820013
0.816859
0.813468
0.809769
0.804839
0.797628
0.790408
0.781917
0.772353
0.763391
0.754126
0.747411
0.741329
0.733826
0.728098
0.7224
0.716195
0.710362
0.704384
0.699109
0.692378
0.682695
0.673216
0.665585
0.657442
0.650478
0.646698
0.64064
0.63198
0.623756
0.614448
0.60472
0.594195
0.582137
0.569602
0.556233
0.544552
0.536514
0.530216
0.522962
0.513611
0.504769
0.496509
0.48727
0.480284
0.475176
0.465773
0.453677
0.445059
0.437985
0.43078
0.426257
0.421205
0.412434
0.402615
0.394128
0.387613
0.380823
0.37252
0.363124
0.352136
0.341096
0.332376
0.326054
0.319071
0.310862
0.30312
0.294079
0.286127
0.279832
0.271558
0.263573
0.25634
0.248172
0.240051
0.232406
0.22509
0.21782
0.211917
0.205854
0.198161
0.190321
0.18191
0.173332
0.16496
0.156632
0.148681
0.141137
0.135026
0.129128
0.123165
0.117096
0.108842
0.101049
0.0935461
0.0843478
0.0767146
0.0693261
0.0620663
0.0571349
0.0495324
0.0395631
0.0298101
0.0201283
0.0114165
0.00404058
-2.76657
-3225.73
-1036.8
540.033
495.373
26.2928
-134.379
-57.0785
19.3773
25.7533
5.60661
-3.98451
-1.70957
1.98903
2.72536
1.9088
1.37341
1.40453
1.56406
1.60719
1.57142
1.53482
1.52926
1.53816
1.52985
1.51511
1.50773
1.49989
1.49605
1.49572
1.49254
1.48553
1.47667
1.47237
1.46897
1.4635
1.46369
1.46206
1.4516
1.44303
1.43652
1.43022
1.42403
1.41827
1.41726
1.41462
1.40932
1.4055
1.39637
1.38604
1.38254
1.38168
1.38217
1.38091
1.37357
1.36425
1.3554
1.35106
1.35065
1.34572
1.34016
1.33566
1.33054
1.33113
1.33227
1.3286
1.32288
1.31427
1.30508
1.29722
1.28928
1.28323
1.27569
1.26677
1.26302
1.25869
1.25371
1.25326
1.24581
1.23344
1.22523
1.21734
1.21048
1.20461
1.19993
1.19594
1.1899
1.18758
1.18675
1.17942
1.17067
1.16154
1.14811
1.13516
1.12652
1.12118
1.11907
1.12077
1.1232
1.12158
1.11722
1.11243
1.10614
1.10103
1.09643
1.08998
1.08792
1.08678
1.0799
1.0709
1.05889
1.04587
1.03788
1.0311
1.02393
1.01855
1.0117
1.0027
0.996665
0.992077
0.985577
0.97957
0.971546
0.960645
0.952316
0.945753
0.938422
0.931095
0.924123
0.916987
0.909193
0.901877
0.895438
0.887556
0.877489
0.867364
0.857955
0.849978
0.844553
0.839648
0.83429
0.830379
0.828025
0.823926
0.818694
0.816879
0.814432
0.809288
0.804718
0.797604
0.789713
0.782023
0.77184
0.762516
0.754158
0.746742
0.741621
0.73608
0.729361
0.722112
0.71571
0.710731
0.704631
0.697102
0.690284
0.682371
0.671962
0.664096
0.657809
0.650063
0.645094
0.640371
0.631857
0.622306
0.613293
0.604385
0.593577
0.580527
0.567889
0.556623
0.546298
0.537254
0.529579
0.521542
0.512821
0.504982
0.497434
0.488948
0.480011
0.473337
0.46679
0.455653
0.444364
0.437266
0.430937
0.425406
0.42057
0.412984
0.403269
0.394234
0.386665
0.379371
0.371355
0.362019
0.351532
0.341728
0.332507
0.325213
0.319168
0.311142
0.302922
0.294073
0.285208
0.278698
0.271598
0.264017
0.256264
0.247341
0.239459
0.232662
0.225069
0.217004
0.210887
0.20553
0.198419
0.190676
0.182267
0.174175
0.165812
0.155807
0.146786
0.139527
0.133879
0.128765
0.123051
0.116676
0.107538
0.0984014
0.0914078
0.0843372
0.0780067
0.0713146
0.0635744
0.057064
0.0494133
0.0392913
0.0281697
0.0191211
0.0122801
0.0045739
-2.76606
-3225.72
-1036.8
540.034
495.372
26.2935
-134.378
-57.08
19.3742
25.7521
5.60718
-3.98256
-1.71153
1.98501
2.72614
1.90971
1.37317
1.40533
1.56405
1.6059
1.57107
1.53771
1.52913
1.5335
1.52882
1.51491
1.5044
1.50162
1.5003
1.49724
1.49192
1.48279
1.47489
1.47233
1.47167
1.46991
1.46561
1.45796
1.4507
1.44446
1.43602
1.42909
1.42455
1.42114
1.42005
1.41541
1.40826
1.40251
1.39407
1.38616
1.38401
1.3837
1.38194
1.37895
1.37369
1.36614
1.3567
1.35018
1.34923
1.3461
1.34177
1.3382
1.33239
1.33143
1.33303
1.32838
1.32165
1.31538
1.30695
1.29719
1.28912
1.28463
1.27843
1.26723
1.26116
1.25971
1.25548
1.25295
1.24676
1.23365
1.22293
1.21579
1.21032
1.20447
1.19852
1.19691
1.19386
1.18877
1.1857
1.17971
1.16847
1.15796
1.1478
1.13561
1.12798
1.12477
1.12181
1.12264
1.12443
1.12132
1.11688
1.11324
1.10746
1.1018
1.09809
1.09409
1.09051
1.08572
1.07757
1.0687
1.05835
1.04725
1.03808
1.02992
1.02372
1.01887
1.01252
1.00409
0.996278
0.99196
0.986445
0.979475
0.972512
0.961869
0.951393
0.944872
0.938495
0.931833
0.926541
0.919251
0.909891
0.901613
0.894351
0.88736
0.878873
0.868794
0.859287
0.850811
0.843761
0.838771
0.834433
0.830181
0.827224
0.824753
0.82038
0.817459
0.815477
0.80988
0.804009
0.798414
0.791264
0.782875
0.772709
0.763138
0.754216
0.746116
0.741359
0.736909
0.730777
0.724317
0.717861
0.711156
0.704319
0.696895
0.689409
0.681583
0.671307
0.662728
0.65777
0.651795
0.645817
0.639851
0.631363
0.621231
0.611649
0.603381
0.593844
0.581416
0.568433
0.557495
0.548153
0.538551
0.52964
0.520999
0.51176
0.504385
0.499174
0.492674
0.482662
0.472279
0.464811
0.456239
0.44631
0.438786
0.43201
0.425097
0.418996
0.412811
0.405418
0.395949
0.386885
0.378822
0.369729
0.360808
0.351999
0.34285
0.333318
0.325199
0.319141
0.311764
0.303702
0.294595
0.284354
0.277345
0.27165
0.264782
0.256987
0.248245
0.240047
0.232418
0.224748
0.217038
0.210864
0.205788
0.199036
0.191592
0.183958
0.175556
0.16609
0.155325
0.145722
0.138323
0.133147
0.128112
0.121904
0.117338
0.110648
0.100287
0.0918391
0.0842901
0.07687
0.0709036
0.0642525
0.0567526
0.048933
0.0396296
0.028489
0.0199258
0.0125523
0.00417212
-2.76843
-3225.72
-1036.8
540.034
495.372
26.2931
-134.382
-57.0844
19.374
25.7566
5.61149
-3.98323
-1.71477
1.98265
2.72455
1.91145
1.37509
1.3999
1.55757
1.60526
1.57424
1.54035
1.52872
1.53239
1.53034
1.51565
1.50598
1.50384
1.49911
1.49469
1.49106
1.48294
1.47503
1.47316
1.4731
1.46896
1.46283
1.45864
1.45258
1.44616
1.43901
1.42848
1.42112
1.41917
1.4193
1.4172
1.4084
1.39814
1.39069
1.38561
1.38557
1.38629
1.38218
1.37715
1.37215
1.366
1.35826
1.35107
1.34893
1.34559
1.34037
1.33827
1.33402
1.33086
1.33116
1.32674
1.32102
1.31625
1.30737
1.29775
1.28992
1.28328
1.27696
1.26821
1.26278
1.26045
1.25421
1.2495
1.24339
1.23196
1.22384
1.2162
1.2084
1.20413
1.19856
1.19441
1.19333
1.18884
1.18338
1.17826
1.16791
1.15499
1.14472
1.13612
1.12998
1.12659
1.12422
1.12338
1.12279
1.12039
1.11665
1.11316
1.10824
1.10199
1.09921
1.0963
1.0905
1.08564
1.07655
1.06506
1.05622
1.04595
1.03657
1.03107
1.02484
1.0183
1.01184
1.0024
0.994666
0.990969
0.985394
0.978421
0.971493
0.961962
0.952714
0.945088
0.937771
0.932144
0.92641
0.918561
0.909824
0.901355
0.893729
0.886977
0.878022
0.867112
0.858303
0.851024
0.844609
0.838999
0.834235
0.829874
0.825333
0.822727
0.820776
0.817802
0.814691
0.809962
0.804703
0.798894
0.791094
0.782462
0.772279
0.762227
0.754153
0.747391
0.74214
0.737176
0.730909
0.723991
0.71711
0.710782
0.705071
0.697113
0.687086
0.679185
0.670958
0.662207
0.657174
0.652465
0.645478
0.638005
0.630312
0.62117
0.610686
0.601756
0.592565
0.580769
0.568515
0.557545
0.548052
0.538509
0.529217
0.520997
0.512691
0.505063
0.498695
0.49268
0.483954
0.472443
0.463776
0.456172
0.4459
0.437563
0.431655
0.425688
0.419971
0.413813
0.405621
0.395299
0.385656
0.377004
0.368143
0.35987
0.3515
0.343063
0.334193
0.325543
0.318928
0.311195
0.302751
0.294286
0.284372
0.277205
0.271833
0.264378
0.256107
0.247678
0.238785
0.230477
0.224145
0.217927
0.211547
0.206427
0.200211
0.192903
0.184784
0.174936
0.164653
0.154011
0.144377
0.137349
0.132652
0.128307
0.121874
0.11531
0.108377
0.0993202
0.0908555
0.0833809
0.0767009
0.0710622
0.064894
0.0581305
0.0503789
0.0402464
0.0277245
0.0182879
0.0124795
0.00486037
-2.76537
-3225.72
-1036.8
540.036
495.373
26.293
-134.382
-57.0862
19.3714
25.754
5.60683
-3.98591
-1.71109
1.98625
2.72614
1.91392
1.37241
1.39692
1.56178
1.60758
1.57012
1.53885
1.52926
1.52951
1.52685
1.51657
1.51033
1.50833
1.50108
1.49267
1.48861
1.48274
1.47648
1.47591
1.47288
1.46583
1.46346
1.46165
1.4541
1.44552
1.43628
1.42753
1.42489
1.42518
1.42193
1.41326
1.40277
1.39642
1.39169
1.38792
1.38826
1.38571
1.37936
1.37802
1.37596
1.36723
1.35805
1.35127
1.34702
1.34502
1.34402
1.34104
1.33349
1.32916
1.3304
1.3279
1.32238
1.31691
1.30824
1.29868
1.29063
1.28353
1.2773
1.27049
1.26548
1.26125
1.25449
1.24872
1.2404
1.22977
1.22357
1.21624
1.20834
1.20519
1.20062
1.19577
1.1944
1.18983
1.18239
1.17528
1.1653
1.15346
1.14533
1.13887
1.13276
1.12889
1.12574
1.12382
1.12318
1.121
1.11756
1.1139
1.10908
1.10424
1.10172
1.0985
1.09188
1.0834
1.07434
1.06501
1.05547
1.04592
1.03836
1.03125
1.02451
1.01842
1.01099
1.00318
0.996636
0.991046
0.984964
0.977419
0.970476
0.963088
0.953275
0.944962
0.939066
0.933155
0.927542
0.920246
0.910062
0.901328
0.89433
0.886942
0.878407
0.868336
0.858764
0.850896
0.844429
0.83857
0.833647
0.830208
0.826621
0.82414
0.822272
0.817846
0.813745
0.810851
0.805792
0.799016
0.791729
0.782714
0.771996
0.762334
0.754626
0.748206
0.743261
0.738908
0.733145
0.725027
0.716851
0.710463
0.704229
0.696217
0.686915
0.678604
0.671081
0.663527
0.657534
0.652488
0.645761
0.636883
0.628349
0.620142
0.610571
0.602115
0.59307
0.580885
0.568818
0.557782
0.548199
0.53967
0.529791
0.520244
0.513043
0.507089
0.500814
0.493923
0.484838
0.47243
0.462365
0.455424
0.447343
0.439515
0.432466
0.426361
0.420871
0.413668
0.405772
0.396386
0.385616
0.375908
0.367283
0.359989
0.352442
0.343604
0.334496
0.325877
0.318748
0.310854
0.30206
0.293771
0.285358
0.278926
0.273013
0.264678
0.255818
0.247402
0.238261
0.229108
0.22304
0.218442
0.212525
0.207507
0.202093
0.194348
0.185321
0.175276
0.164115
0.152962
0.144442
0.137689
0.131466
0.126887
0.121174
0.114756
0.108928
0.100381
0.091368
0.0845194
0.0777402
0.071602
0.065454
0.0579257
0.0499661
0.0403377
0.0290824
0.0201556
0.0126414
0.00439261
-2.76604
-3225.72
-1036.8
540.036
495.372
26.2917
-134.379
-57.0819
19.3713
25.753
5.609
-3.98521
-1.7131
1.98551
2.72508
1.90979
1.37054
1.39743
1.56095
1.60899
1.57215
1.53794
1.52855
1.52622
1.52317
1.52014
1.51632
1.50847
1.49942
1.49107
1.48342
1.48134
1.48128
1.47652
1.4709
1.4673
1.46423
1.46048
1.4529
1.44413
1.43852
1.42903
1.42217
1.42351
1.42007
1.41157
1.40383
1.39499
1.38985
1.38802
1.38791
1.38795
1.38148
1.37459
1.37212
1.36683
1.35864
1.35225
1.34837
1.34493
1.34167
1.34007
1.33541
1.32846
1.32801
1.32798
1.32166
1.3165
1.31053
1.30009
1.29042
1.28172
1.27497
1.27087
1.26603
1.26081
1.25485
1.24671
1.23755
1.22924
1.22221
1.21448
1.20783
1.20439
1.20105
1.19643
1.19237
1.18787
1.18074
1.17255
1.16293
1.15245
1.14487
1.14023
1.13624
1.13115
1.12555
1.122
1.12091
1.12121
1.11928
1.11399
1.10951
1.10485
1.10027
1.09847
1.09317
1.08372
1.07442
1.06314
1.05211
1.04458
1.03766
1.03165
1.02529
1.01625
1.00811
1.00262
0.997423
0.99179
0.984874
0.976081
0.968277
0.961772
0.953946
0.946463
0.940644
0.934032
0.926263
0.917748
0.908695
0.901023
0.895294
0.887631
0.877349
0.867611
0.858374
0.850185
0.844551
0.837887
0.831858
0.83015
0.827561
0.82398
0.821928
0.816981
0.811817
0.809902
0.806268
0.800303
0.792963
0.782424
0.771134
0.761489
0.753813
0.749233
0.74543
0.739259
0.731649
0.724546
0.717668
0.710144
0.703029
0.695707
0.686158
0.677414
0.67114
0.663977
0.656688
0.651235
0.645047
0.636356
0.627263
0.618458
0.609168
0.600587
0.591802
0.581431
0.570099
0.557607
0.547072
0.539371
0.530142
0.521047
0.51406
0.507168
0.499686
0.492189
0.484835
0.47484
0.463449
0.454366
0.445633
0.438099
0.433589
0.428889
0.421543
0.412651
0.404262
0.395329
0.385553
0.375685
0.366637
0.359888
0.352064
0.342772
0.334224
0.325119
0.317768
0.310967
0.301428
0.293225
0.287375
0.280794
0.272821
0.263429
0.253171
0.244327
0.237279
0.229894
0.223556
0.218942
0.213393
0.207894
0.202135
0.194397
0.1861
0.175649
0.162408
0.151267
0.144208
0.137799
0.131546
0.127158
0.121324
0.113329
0.106084
0.0986622
0.0913004
0.0846295
0.0775151
0.0713699
0.0658354
0.0583826
0.0499319
0.039683
0.0284692
0.0199575
0.0124579
0.00432469
-2.76394
-3225.72
-1036.8
540.037
495.373
26.294
-134.38
-57.084
19.3707
25.7515
5.60673
-3.98368
-1.7096
1.98543
2.72232
1.90755
1.3718
1.40025
1.56016
1.60495
1.57116
1.53913
1.52769
1.5276
1.52617
1.52106
1.51828
1.51025
1.49775
1.48986
1.48512
1.48449
1.48239
1.47442
1.46959
1.46797
1.46744
1.46435
1.45404
1.44209
1.4365
1.43137
1.42688
1.42474
1.4182
1.40922
1.40313
1.39692
1.39117
1.38818
1.38824
1.38804
1.38299
1.37653
1.37116
1.36502
1.35992
1.35579
1.35003
1.34462
1.34242
1.33914
1.33296
1.32954
1.32905
1.32821
1.32621
1.31974
1.3079
1.29815
1.29161
1.28341
1.27664
1.27321
1.26859
1.26065
1.25205
1.24524
1.23615
1.22692
1.22294
1.21762
1.2095
1.20438
1.20082
1.19665
1.19303
1.18828
1.17914
1.16887
1.16151
1.15474
1.14757
1.14203
1.1377
1.13254
1.12675
1.12235
1.12096
1.1211
1.11986
1.11676
1.1114
1.10579
1.10311
1.09937
1.09222
1.0832
1.0726
1.06243
1.05376
1.04521
1.0386
1.03234
1.02376
1.01574
1.00851
1.00243
0.998209
0.991398
0.984008
0.97737
0.967968
0.960998
0.956338
0.948605
0.941211
0.934241
0.925573
0.918087
0.911053
0.902576
0.894556
0.886734
0.87739
0.868382
0.859682
0.850708
0.844008
0.838295
0.832577
0.829726
0.827652
0.823859
0.82107
0.818561
0.814012
0.810489
0.807352
0.800459
0.7918
0.782637
0.771681
0.76156
0.754721
0.750314
0.746313
0.740348
0.73255
0.7253
0.718085
0.709897
0.702597
0.695577
0.687063
0.677712
0.669513
0.663407
0.657172
0.65071
0.6448
0.636288
0.626108
0.618319
0.610601
0.601202
0.591275
0.579675
0.568234
0.558524
0.548777
0.539892
0.531483
0.521935
0.514009
0.508695
0.50176
0.492438
0.484215
0.47498
0.46384
0.454478
0.446242
0.439836
0.435415
0.42945
0.421664
0.412782
0.403631
0.39492
0.385834
0.376009
0.366777
0.359937
0.352831
0.343646
0.334114
0.324211
0.315663
0.309206
0.30253
0.295879
0.289473
0.281787
0.272674
0.263057
0.252976
0.243676
0.236898
0.230278
0.222987
0.217941
0.213789
0.208694
0.20352
0.196341
0.186357
0.174929
0.162673
0.152242
0.145652
0.139113
0.130503
0.124541
0.119623
0.11155
0.104063
0.0984279
0.0926207
0.0865811
0.0798049
0.0729101
0.0665525
0.0592895
0.0501249
0.038761
0.0279099
0.0191977
0.0117273
0.00445718
-2.7635
-3225.72
-1036.8
540.04
495.375
26.2949
-134.379
-57.0836
19.3701
25.7513
5.60668
-3.98727
-1.71163
1.98508
2.71808
1.90749
1.37392
1.39918
1.56207
1.60713
1.56892
1.53537
1.52667
1.52958
1.52671
1.51942
1.51712
1.50956
1.49681
1.48983
1.48406
1.4805
1.4797
1.47734
1.47546
1.47086
1.46138
1.45608
1.45177
1.44525
1.43965
1.43268
1.42361
1.41999
1.4174
1.4099
1.40321
1.39638
1.38889
1.38782
1.39107
1.3896
1.38149
1.37301
1.36781
1.36518
1.36232
1.35726
1.35051
1.34326
1.33987
1.33861
1.33324
1.32857
1.32891
1.32853
1.32504
1.31944
1.30933
1.2985
1.2911
1.283
1.27642
1.27341
1.26802
1.25894
1.25021
1.24329
1.23472
1.22575
1.22116
1.2171
1.21023
1.20462
1.20175
1.19768
1.19112
1.18391
1.17615
1.16846
1.16072
1.15342
1.1481
1.14319
1.13888
1.13433
1.12711
1.1213
1.11975
1.12042
1.12037
1.11701
1.11211
1.10747
1.10213
1.09786
1.09241
1.08161
1.07154
1.0634
1.05207
1.04364
1.0393
1.03135
1.02211
1.01567
1.00839
1.00155
0.997989
0.991809
0.982736
0.975195
0.966686
0.959751
0.956632
0.951133
0.94264
0.934282
0.925106
0.916195
0.909985
0.903497
0.894723
0.88598
0.876586
0.867132
0.858607
0.849878
0.843252
0.838368
0.833645
0.830575
0.827543
0.823709
0.820302
0.816296
0.81243
0.810497
0.807656
0.801596
0.793268
0.781942
0.770082
0.761615
0.755678
0.751175
0.746309
0.739498
0.732307
0.725624
0.718158
0.709422
0.701314
0.694218
0.686715
0.678337
0.670085
0.663375
0.656577
0.649448
0.642978
0.635221
0.626275
0.617477
0.608599
0.599731
0.590149
0.579136
0.568773
0.559233
0.548622
0.539018
0.531337
0.523404
0.51556
0.508374
0.500482
0.491112
0.482945
0.47608
0.465985
0.4545
0.446216
0.440282
0.43482
0.428679
0.421088
0.412867
0.404234
0.394547
0.385555
0.377019
0.367091
0.358352
0.350316
0.341023
0.333354
0.3261
0.316781
0.308541
0.302447
0.296196
0.289603
0.281908
0.272042
0.261934
0.252188
0.242974
0.236355
0.230401
0.222861
0.216993
0.212922
0.208238
0.204259
0.197722
0.186029
0.174226
0.163024
0.15209
0.144934
0.139171
0.131133
0.123936
0.117318
0.10967
0.103726
0.0988167
0.0933308
0.0872261
0.0798003
0.0727506
0.0660813
0.058027
0.0486496
0.0373761
0.0278106
0.0201562
0.0113936
0.00380715
-2.76046
-3225.71
-1036.79
540.039
495.374
26.2947
-134.38
-57.0826
19.371
25.7491
5.60605
-3.98501
-1.71398
1.98358
2.72101
1.90565
1.37515
1.40386
1.55993
1.60576
1.56796
1.53317
1.53128
1.53508
1.52873
1.52097
1.51493
1.50583
1.49544
1.49144
1.48813
1.48261
1.48213
1.48053
1.47435
1.46861
1.46428
1.45989
1.45275
1.44388
1.43784
1.43267
1.4268
1.42259
1.41635
1.40763
1.40244
1.39809
1.39332
1.39119
1.38954
1.38606
1.3812
1.3757
1.36979
1.36561
1.36206
1.35634
1.35148
1.34638
1.34044
1.33672
1.33278
1.33063
1.33148
1.3293
1.32514
1.31947
1.30798
1.29797
1.29311
1.28662
1.28066
1.27423
1.26403
1.25641
1.25125
1.24408
1.23389
1.22481
1.22242
1.21927
1.21123
1.20497
1.20084
1.1965
1.19164
1.18429
1.17412
1.16587
1.16132
1.15659
1.15078
1.14514
1.13952
1.13343
1.1277
1.12312
1.12011
1.12036
1.12076
1.11736
1.11328
1.10996
1.10543
1.09913
1.09046
1.08015
1.07073
1.06236
1.05362
1.04531
1.03758
1.02982
1.02255
1.01659
1.0105
1.00244
0.995687
0.990112
0.982562
0.975453
0.968668
0.961818
0.956993
0.951583
0.943038
0.933444
0.925188
0.917678
0.911101
0.904598
0.895312
0.885768
0.87721
0.867335
0.857981
0.850077
0.843236
0.838575
0.835166
0.830817
0.826597
0.82352
0.820032
0.817382
0.814955
0.811067
0.807589
0.801973
0.792509
0.781743
0.770591
0.762041
0.757261
0.751966
0.74549
0.740308
0.734134
0.726361
0.71908
0.710358
0.701335
0.693827
0.685887
0.677592
0.669129
0.662404
0.657438
0.650173
0.641867
0.634622
0.626634
0.618274
0.610098
0.599822
0.588156
0.577429
0.567643
0.559805
0.551164
0.539638
0.530512
0.524016
0.516523
0.509623
0.502353
0.492075
0.48222
0.474983
0.466652
0.457049
0.448686
0.440638
0.433171
0.427316
0.42152
0.414684
0.405806
0.394936
0.385132
0.376522
0.367413
0.358505
0.349331
0.340097
0.332448
0.32538
0.317599
0.310299
0.304068
0.297093
0.289
0.280591
0.271577
0.262541
0.253917
0.244731
0.235794
0.229158
0.222908
0.216376
0.212655
0.209487
0.20419
0.196743
0.185893
0.174782
0.165797
0.15595
0.144989
0.135938
0.128582
0.121372
0.115656
0.110986
0.105176
0.0987145
0.0929677
0.0871786
0.0813238
0.075603
0.0670285
0.056181
0.0468462
0.0369777
0.0279325
0.0203244
0.0115375
0.00394437
-2.75929
-3225.71
-1036.79
540.044
495.375
26.2932
-134.378
-57.0793
19.3705
25.7468
5.60346
-3.9891
-1.71605
1.98524
2.72222
1.90672
1.37476
1.40125
1.55809
1.60453
1.56978
1.53649
1.52768
1.5288
1.52626
1.51802
1.51215
1.50808
1.49921
1.49077
1.48429
1.48084
1.48373
1.48217
1.47454
1.46684
1.45975
1.45732
1.45478
1.44533
1.43609
1.42998
1.42458
1.42196
1.41746
1.40749
1.39961
1.3969
1.39488
1.392
1.38933
1.38463
1.37729
1.37443
1.37326
1.36656
1.36058
1.35615
1.34894
1.34294
1.34052
1.33813
1.33395
1.33223
1.33191
1.32733
1.32214
1.31829
1.30988
1.29897
1.29226
1.28744
1.2809
1.27234
1.26361
1.25647
1.24792
1.23964
1.23341
1.22647
1.22196
1.219
1.21271
1.206
1.20042
1.19406
1.18788
1.18252
1.17488
1.16592
1.1592
1.15476
1.15142
1.14702
1.14101
1.13361
1.12559
1.12242
1.12253
1.12061
1.11942
1.11811
1.11366
1.10934
1.10476
1.09792
1.09027
1.08109
1.07103
1.06151
1.05185
1.04413
1.03768
1.02942
1.02172
1.01598
1.00986
1.00241
0.995767
0.98928
0.980752
0.974011
0.969472
0.962898
0.956366
0.951021
0.94285
0.932907
0.925193
0.918369
0.911726
0.904937
0.895104
0.884459
0.874844
0.865872
0.85848
0.850511
0.843255
0.838655
0.833775
0.82975
0.827642
0.824615
0.820667
0.817332
0.813919
0.81043
0.806966
0.80089
0.791983
0.781828
0.771352
0.763141
0.757125
0.751284
0.74554
0.74024
0.734152
0.726063
0.717658
0.709612
0.70125
0.693155
0.686108
0.678894
0.669456
0.661518
0.656193
0.649198
0.642222
0.634763
0.62483
0.615965
0.607609
0.598056
0.588621
0.57876
0.568762
0.560082
0.550255
0.538826
0.530502
0.524561
0.517273
0.508775
0.500241
0.492508
0.484108
0.474756
0.466305
0.457546
0.449252
0.44197
0.433745
0.426699
0.420897
0.413451
0.404502
0.394605
0.385435
0.377404
0.367916
0.357179
0.347764
0.340221
0.333018
0.325435
0.317146
0.308948
0.302982
0.297389
0.290103
0.281538
0.271205
0.26082
0.25231
0.244292
0.23613
0.229515
0.223036
0.216125
0.21265
0.209927
0.204444
0.197084
0.185672
0.173605
0.165158
0.155605
0.144038
0.135004
0.128353
0.121495
0.115174
0.110407
0.106574
0.10104
0.093617
0.0867284
0.0807912
0.0747226
0.0652341
0.0538528
0.0451885
0.0356025
0.0267724
0.0197337
0.0113451
0.00375038
-2.75865
-3225.71
-1036.78
540.044
495.376
26.297
-134.377
-57.0786
19.372
25.7473
5.60428
-3.98737
-1.71411
1.9882
2.72555
1.90608
1.37249
1.39978
1.5583
1.60936
1.57392
1.53552
1.52768
1.53171
1.52941
1.52061
1.50989
1.50248
1.49801
1.49493
1.49226
1.48666
1.48137
1.4776
1.47297
1.46993
1.46665
1.46037
1.45148
1.44329
1.43706
1.43121
1.42732
1.42303
1.41405
1.40586
1.40258
1.40118
1.39846
1.39241
1.38597
1.38254
1.38032
1.37832
1.37287
1.36412
1.35974
1.35657
1.35065
1.3451
1.34035
1.33849
1.33649
1.33183
1.32979
1.32776
1.32346
1.31941
1.31114
1.30044
1.29436
1.28859
1.27956
1.27058
1.26308
1.25708
1.24902
1.23926
1.23278
1.22841
1.22446
1.21943
1.21204
1.20498
1.19957
1.19553
1.18991
1.18043
1.17137
1.16488
1.16073
1.15798
1.15389
1.14786
1.1409
1.13292
1.12658
1.12453
1.12295
1.12043
1.11955
1.11793
1.11485
1.11161
1.10563
1.09751
1.08953
1.08014
1.07007
1.06157
1.05358
1.04491
1.03615
1.02863
1.02267
1.01714
1.01037
1.00169
0.993794
0.98787
0.98199
0.976369
0.970585
0.963911
0.957022
0.949631
0.941873
0.933804
0.926439
0.920275
0.913082
0.904644
0.894974
0.883828
0.873733
0.865928
0.858813
0.851471
0.844766
0.838842
0.834195
0.830722
0.826711
0.823965
0.821876
0.817585
0.813947
0.811177
0.806931
0.801216
0.792255
0.781036
0.771529
0.763838
0.757661
0.753253
0.747422
0.740089
0.733432
0.72569
0.717751
0.710534
0.702218
0.69334
0.684717
0.677517
0.670368
0.662111
0.655827
0.64949
0.641309
0.633779
0.625997
0.617101
0.607641
0.597094
0.586235
0.577462
0.569997
0.561107
0.551413
0.540285
0.529627
0.523381
0.517921
0.510195
0.50187
0.493373
0.483838
0.474531
0.467274
0.459057
0.449261
0.440615
0.433304
0.428486
0.423747
0.415616
0.404947
0.392821
0.382616
0.375
0.366841
0.358392
0.349907
0.341175
0.332817
0.325055
0.317614
0.310199
0.303421
0.296502
0.288853
0.280719
0.27189
0.262698
0.252919
0.243716
0.235603
0.228352
0.223345
0.219038
0.214719
0.21016
0.203619
0.195484
0.185005
0.174042
0.16542
0.156047
0.144291
0.13409
0.12746
0.121482
0.115404
0.110346
0.106151
0.100701
0.0930296
0.0862965
0.0814485
0.0756327
0.0663553
0.0542399
0.0438995
0.035177
0.0274196
0.0203231
0.0113668
0.00334882
-2.75311
-3225.7
-1036.78
540.047
495.379
26.2947
-134.38
-57.081
19.3719
25.7486
5.60115
-3.99109
-1.71528
1.98656
2.72597
1.9064
1.36538
1.39417
1.56107
1.61219
1.57324
1.53347
1.52488
1.52781
1.52498
1.51797
1.51098
1.50547
1.49973
1.49467
1.49067
1.48434
1.48023
1.47741
1.47155
1.46801
1.46447
1.45902
1.45313
1.4434
1.43535
1.43036
1.42519
1.42196
1.41548
1.40604
1.40127
1.39897
1.39753
1.39498
1.38709
1.37973
1.37748
1.37721
1.37416
1.36601
1.3593
1.35412
1.34652
1.34404
1.34426
1.33974
1.33561
1.33323
1.32941
1.32566
1.32328
1.31859
1.30959
1.30108
1.29443
1.28655
1.27992
1.27384
1.26322
1.25254
1.24576
1.23967
1.23417
1.22886
1.22351
1.21882
1.21306
1.20633
1.19857
1.19121
1.18686
1.18172
1.17304
1.16448
1.15899
1.15655
1.15473
1.14914
1.14033
1.13294
1.12671
1.12296
1.12325
1.122
1.12003
1.11943
1.11456
1.10849
1.10519
1.09896
1.08978
1.08036
1.0696
1.05967
1.05233
1.04533
1.03706
1.02822
1.0211
1.01606
1.00987
1.00193
0.994365
0.986933
0.980869
0.976982
0.971444
0.963555
0.955316
0.947112
0.940289
0.934783
0.928909
0.922003
0.913742
0.904039
0.892853
0.882085
0.873589
0.86627
0.859436
0.851747
0.843438
0.837529
0.83347
0.830183
0.828426
0.82631
0.822229
0.818057
0.814595
0.809929
0.804619
0.799103
0.791362
0.782197
0.772793
0.763824
0.757432
0.75249
0.746724
0.740631
0.733793
0.725502
0.717512
0.709466
0.701122
0.69418
0.68647
0.677806
0.669247
0.660464
0.654751
0.649753
0.642085
0.633825
0.623986
0.614233
0.606172
0.597154
0.588096
0.57984
0.570121
0.55896
0.549049
0.539905
0.531159
0.523918
0.516441
0.509813
0.503155
0.494131
0.484582
0.474002
0.464712
0.45841
0.451623
0.443957
0.435617
0.427875
0.420837
0.4123
0.403171
0.393685
0.383974
0.374583
0.366252
0.359699
0.351961
0.342414
0.332704
0.322934
0.31446
0.308557
0.304214
0.297771
0.288866
0.280205
0.271137
0.261548
0.252849
0.245154
0.236643
0.227767
0.222199
0.21872
0.215531
0.211773
0.204158
0.194625
0.184989
0.17409
0.163535
0.153435
0.143736
0.135636
0.128534
0.121832
0.115942
0.110143
0.105129
0.100331
0.093624
0.0867297
0.08056
0.073842
0.0654287
0.0544669
0.0440411
0.0350493
0.0273032
0.0202769
0.010886
0.00303284
-2.75309
-3225.69
-1036.77
540.057
495.383
26.2974
-134.376
-57.0789
19.3721
25.7505
5.60567
-3.98844
-1.7119
1.98866
2.7231
1.90516
1.36754
1.39757
1.56544
1.61225
1.57147
1.53785
1.52901
1.52809
1.52651
1.51822
1.50809
1.504
1.50223
1.49847
1.4921
1.4835
1.48048
1.48067
1.47459
1.46916
1.46405
1.45588
1.45198
1.44732
1.43923
1.43146
1.42205
1.41735
1.41715
1.41135
1.40358
1.39946
1.39633
1.39327
1.38996
1.38491
1.37854
1.37351
1.37108
1.36622
1.35889
1.35388
1.34966
1.34665
1.34456
1.34034
1.33529
1.3307
1.32837
1.3278
1.32515
1.31951
1.31104
1.30209
1.29448
1.28623
1.27835
1.27208
1.2638
1.25401
1.24616
1.24013
1.23586
1.23107
1.22395
1.21647
1.21019
1.20666
1.20206
1.19293
1.18513
1.17931
1.17195
1.16596
1.16145
1.1572
1.15446
1.14942
1.14067
1.13394
1.12813
1.12242
1.122
1.12267
1.12085
1.11935
1.11548
1.10993
1.10485
1.09762
1.0891
1.07966
1.06927
1.06095
1.05274
1.04322
1.03641
1.03064
1.02219
1.0152
1.00942
1.00144
0.995397
0.989647
0.981113
0.975725
0.971511
0.963332
0.955253
0.94784
0.940272
0.935716
0.930729
0.921904
0.912834
0.903285
0.892219
0.883121
0.875139
0.866379
0.858796
0.851287
0.843659
0.838436
0.834402
0.831522
0.829476
0.825327
0.820686
0.816912
0.813636
0.811621
0.807675
0.8
0.790847
0.780989
0.771729
0.764552
0.758389
0.753058
0.747778
0.740543
0.732967
0.725808
0.717639
0.709237
0.701046
0.693575
0.686211
0.678184
0.67035
0.662086
0.654582
0.647867
0.640605
0.633676
0.625173
0.615421
0.606119
0.596608
0.587783
0.57931
0.569668
0.55831
0.547982
0.540428
0.533121
0.525822
0.518008
0.509517
0.501208
0.492784
0.484976
0.476302
0.467226
0.458685
0.450059
0.44323
0.436409
0.42916
0.422083
0.412567
0.402566
0.392515
0.381672
0.373044
0.366731
0.360555
0.352682
0.343109
0.333299
0.324284
0.316338
0.309059
0.302507
0.295227
0.287294
0.280178
0.271802
0.262279
0.253392
0.245019
0.236901
0.229007
0.223632
0.220806
0.21726
0.211163
0.202021
0.192594
0.184105
0.174481
0.163884
0.152609
0.14338
0.137076
0.12894
0.120783
0.115768
0.109772
0.1034
0.0991147
0.0943874
0.0886941
0.082006
0.0746769
0.0657422
0.0538428
0.042532
0.0337706
0.026961
0.0200196
0.0114821
0.00426307
-2.75061
-3225.7
-1036.78
540.052
495.382
26.2957
-134.378
-57.0801
19.3723
25.7512
5.60207
-3.99218
-1.71454
1.98475
2.72164
1.90463
1.36643
1.39686
1.5616
1.60902
1.57391
1.53937
1.52732
1.52491
1.52321
1.51993
1.51192
1.50443
1.50103
1.49507
1.48878
1.48534
1.48187
1.47807
1.47261
1.46811
1.46373
1.45778
1.45401
1.44638
1.43543
1.42817
1.4222
1.4203
1.41868
1.40979
1.40178
1.39874
1.3969
1.39451
1.38855
1.38163
1.37771
1.37513
1.37257
1.36635
1.3573
1.35209
1.34971
1.34775
1.34428
1.33942
1.33653
1.33215
1.328
1.32762
1.32457
1.31785
1.30946
1.29999
1.29353
1.28782
1.28
1.27189
1.2616
1.25208
1.24734
1.24213
1.23613
1.23051
1.223
1.21715
1.21205
1.20521
1.19856
1.19096
1.18508
1.18084
1.17247
1.16464
1.16146
1.15808
1.15432
1.14986
1.14164
1.13325
1.12701
1.12241
1.12247
1.12384
1.12216
1.11936
1.11429
1.10875
1.1051
1.09858
1.08927
1.07954
1.06892
1.05958
1.05202
1.04419
1.03659
1.02963
1.0218
1.01432
1.00861
1.00203
0.99452
0.987747
0.981776
0.977229
0.971703
0.962809
0.953592
0.946638
0.941307
0.936443
0.930485
0.922281
0.912441
0.902083
0.892148
0.883343
0.875301
0.867215
0.858761
0.850452
0.843699
0.838665
0.83436
0.831547
0.829558
0.826132
0.822371
0.818561
0.813771
0.809369
0.804803
0.798583
0.790507
0.781029
0.772022
0.763957
0.757309
0.752945
0.748445
0.742005
0.734402
0.725517
0.716569
0.708932
0.701339
0.694592
0.687142
0.676638
0.667808
0.661196
0.654109
0.647688
0.641264
0.633874
0.624774
0.614976
0.606416
0.597879
0.588866
0.578933
0.56748
0.556107
0.547639
0.541429
0.533869
0.52584
0.517693
0.509457
0.502205
0.49336
0.483973
0.475226
0.466284
0.459009
0.452575
0.445284
0.436862
0.428502
0.420369
0.411184
0.402511
0.392696
0.381436
0.373482
0.367973
0.361434
0.353087
0.343195
0.332291
0.322282
0.315335
0.309442
0.302666
0.295494
0.287633
0.279004
0.270288
0.262519
0.254605
0.245413
0.236635
0.229252
0.224391
0.221392
0.217023
0.210322
0.201905
0.193829
0.18552
0.174183
0.162792
0.153329
0.144217
0.135787
0.127667
0.12045
0.115195
0.110024
0.103759
0.0980481
0.0937557
0.0898847
0.0840453
0.074914
0.0646412
0.054222
0.0427356
0.0326721
0.0259755
0.019644
0.0112896
0.00500364
-2.72123
-3225.64
-1036.74
540.042
495.366
26.2984
-134.369
-57.0804
19.3709
25.7535
5.60561
-3.989
-1.71485
1.9825
2.72064
1.90778
1.37244
1.3987
1.56025
1.60989
1.57495
1.53839
1.52599
1.52518
1.52282
1.5177
1.51443
1.50996
1.50106
1.49302
1.48882
1.48626
1.48388
1.47954
1.47233
1.4668
1.46257
1.45734
1.45394
1.44805
1.43715
1.42713
1.42084
1.42018
1.41982
1.41211
1.40361
1.39927
1.39567
1.39382
1.39125
1.38295
1.37557
1.37435
1.37238
1.36506
1.35727
1.35328
1.35012
1.34772
1.34626
1.34047
1.3337
1.33164
1.33065
1.32785
1.32356
1.31702
1.30901
1.30201
1.29517
1.28659
1.27823
1.27127
1.26354
1.25409
1.24537
1.24014
1.23676
1.23083
1.22324
1.21753
1.21207
1.20631
1.20044
1.1918
1.18334
1.17836
1.1735
1.16747
1.16211
1.15735
1.15249
1.14795
1.14236
1.13436
1.12724
1.12427
1.12434
1.12327
1.12011
1.11809
1.11511
1.10948
1.10404
1.09681
1.08731
1.07882
1.07013
1.05987
1.05071
1.04426
1.03853
1.03164
1.02306
1.01412
1.00766
1.00258
0.996429
0.989437
0.981885
0.974919
0.969295
0.962899
0.954973
0.947633
0.941896
0.936675
0.930173
0.921255
0.911059
0.901577
0.893204
0.884741
0.875431
0.866359
0.85821
0.85055
0.843963
0.839209
0.835606
0.83252
0.829474
0.825237
0.820843
0.817949
0.815283
0.811923
0.806641
0.797915
0.788387
0.780541
0.772865
0.76487
0.758145
0.752633
0.747035
0.740705
0.733516
0.725094
0.716308
0.70913
0.70229
0.694625
0.686754
0.67783
0.669579
0.662465
0.65452
0.647117
0.640181
0.632354
0.623671
0.614481
0.605678
0.597584
0.589551
0.579526
0.567783
0.556862
0.547776
0.540931
0.534807
0.527491
0.518341
0.508466
0.49999
0.492292
0.484972
0.477218
0.467673
0.458332
0.450913
0.445049
0.43812
0.428691
0.418786
0.409261
0.400611
0.392421
0.383799
0.37595
0.368748
0.360985
0.352194
0.34265
0.333115
0.324043
0.315751
0.307992
0.301159
0.295411
0.28905
0.280554
0.270234
0.260854
0.253236
0.24524
0.237528
0.231487
0.226605
0.222008
0.216143
0.208408
0.199661
0.1915
0.183756
0.174152
0.16396
0.1548
0.145384
0.135909
0.127609
0.120974
0.114416
0.108306
0.104276
0.100106
0.0952771
0.0907369
0.0838948
0.0731482
0.0623778
0.0538407
0.0443709
0.0341928
0.0263723
0.020269
0.0163646
0.00227046
)
;

boundaryField
{
    inlet
    {
        type            fixedValue;
        value           uniform 5000;
    }
    outlet
    {
        type            fixedValue;
        value           uniform 0;
    }
    walls
    {
        type            zeroGradient;
    }
    frontAndBack
    {
        type            empty;
    }
}


// ************************************************************************* //
