/*--------------------------------*- C++ -*----------------------------------*\
| =========                 |                                                 |
| \\      /  F ield         | OpenFOAM: The Open Source CFD Toolbox           |
|  \\    /   O peration     | Version:  2406                                  |
|   \\  /    A nd           | Website:  www.openfoam.com                      |
|    \\/     M anipulation  |                                                 |
\*---------------------------------------------------------------------------*/
FoamFile
{
    version     2.0;
    format      ascii;
    arch        "LSB;label=32;scalar=64";
    class       volScalarField;
    location    "1.1";
    object      p;
}
// * * * * * * * * * * * * * * * * * * * * * * * * * * * * * * * * * * * * * //

dimensions      [1 -1 -2 0 0 0 0];

internalField   nonuniform List<scalar> 
6250
(
27.7932
-3164.62
-985.604
578.238
531.395
65.2257
-93.8769
-16.9951
58.6942
64.748
44.5548
34.8952
36.9985
40.5159
41.0815
40.1002
39.405
39.2679
39.2658
39.1568
38.9603
38.7587
38.5908
38.4331
38.2653
38.092
37.919
37.7458
37.5749
37.4119
37.2448
37.0671
36.8891
36.7218
36.5609
36.3918
36.2154
36.0447
35.8801
35.7117
35.5363
35.3611
35.1931
35.0297
34.863
34.6913
34.5185
34.3472
34.1801
34.0155
33.8438
33.6642
33.4913
33.33
33.1702
33.0015
32.822
32.6414
32.4708
32.3105
32.1519
31.9856
31.8113
31.6342
31.4569
31.2844
31.1227
30.9684
30.8108
30.6431
30.4662
30.2861
30.1096
29.942
29.7822
29.6237
29.463
29.2967
29.1216
28.9412
28.7627
28.5875
28.4175
28.2573
28.104
27.9458
27.7776
27.6035
27.4269
27.2458
27.0626
26.8864
26.7197
26.5563
26.3951
26.2378
26.0794
25.915
25.7458
25.573
25.3945
25.2116
25.0295
24.8505
24.6733
24.4985
24.3282
24.1637
24.0029
23.8415
23.6774
23.5104
23.3406
23.1705
23.0014
22.8291
22.6511
22.4712
22.2923
22.1126
21.9323
21.7535
21.5751
21.396
21.2187
21.0443
20.8718
20.7007
20.5314
20.3644
20.1991
20.0332
19.8673
19.7036
19.5411
19.3763
19.2107
19.046
18.8822
18.7185
18.5525
18.3826
18.2137
18.048
17.8813
17.7119
17.5434
17.3748
17.2031
17.0303
16.8602
16.6914
16.5216
16.3501
16.1777
16.0056
15.8345
15.6644
15.4946
15.3242
15.1529
14.9813
14.8101
14.6407
14.4725
14.302
14.1289
13.9586
13.7926
13.6242
13.4513
13.2795
13.1099
12.9405
12.7723
12.6059
12.4391
12.2715
12.1031
11.933
11.7634
11.5962
11.4293
11.2601
11.0897
10.9205
10.753
10.585
10.4157
10.2472
10.0782
9.90643
9.73542
9.56895
9.40332
9.23428
9.06383
8.8948
8.72664
8.55828
8.38965
8.22112
8.0529
7.88392
7.71368
7.54461
7.37814
7.21126
7.04112
6.86927
6.69915
6.53125
6.36262
6.19161
6.02066
5.85172
5.68277
5.51231
5.34291
5.17572
5.00709
4.8349
4.66286
4.49415
4.32583
4.15495
3.98444
3.81642
3.64755
3.47648
3.30616
3.13717
2.96766
2.79748
2.62661
2.45481
2.28451
2.11706
1.94934
1.77915
1.60883
1.44029
1.27116
1.09965
0.928754
0.760751
0.592974
0.42311
0.255826
0.0824583
27.7635
-3164.66
-985.629
578.25
531.412
65.2167
-93.8751
-16.9878
58.6909
64.7409
44.5434
34.8943
37.002
40.5087
41.076
40.1006
39.4092
39.2767
39.2752
39.159
38.959
38.7588
38.5856
38.4237
38.2609
38.091
37.9159
37.7431
37.5723
37.4056
37.2388
37.0696
36.8996
36.7299
36.5614
36.3891
36.2123
36.0407
35.8767
35.7114
35.5395
35.3667
35.1976
35.0292
34.8573
34.6848
34.5189
34.3551
34.1846
34.011
33.838
33.6636
33.4944
33.3337
33.1716
33.0003
32.8197
32.6381
32.4664
32.3082
32.1548
31.9916
31.8137
31.6312
31.4531
31.2822
31.1211
30.9684
30.8141
30.6473
30.4678
30.2852
30.1082
29.9413
29.7832
29.6258
29.4638
29.2974
29.1231
28.9409
28.7605
28.5871
28.4178
28.2542
28.0994
27.9462
27.7828
27.6067
27.4257
27.2443
27.0611
26.8815
26.7135
26.5538
26.3963
26.241
26.0852
25.9215
25.7485
25.5714
25.392
25.2087
25.0248
24.8453
24.6706
24.4995
24.3308
24.1645
24.0012
23.8397
23.6785
23.5159
23.3475
23.1728
22.9982
22.8263
22.6515
22.4721
22.2924
22.1123
21.9303
21.7495
21.5717
21.3947
21.2185
21.0453
20.8744
20.704
20.5335
20.3634
20.1962
20.032
19.8674
19.703
19.5408
19.3785
19.2139
19.0477
18.8804
18.7153
18.5528
18.387
18.217
18.0488
17.8818
17.7116
17.5408
17.373
17.2046
17.0329
16.8607
16.6896
16.5192
16.349
16.1785
16.0078
15.8371
15.6662
15.4948
15.3229
15.1516
14.9812
14.8105
14.6392
14.4702
14.3027
14.1312
13.9562
13.7857
13.6198
13.4517
13.282
13.1136
12.9446
12.7748
12.6063
12.4379
12.2693
12.1016
11.9332
11.7628
11.5936
11.4272
11.2604
11.091
10.9203
10.7514
10.5839
10.4143
10.2441
10.0771
9.9094
9.73755
9.56642
9.39932
9.23255
9.06364
8.89441
8.72607
8.55833
8.39062
8.22243
8.05456
7.88716
7.7179
7.5466
7.37674
7.20953
7.04191
6.87127
6.69916
6.52939
6.36226
6.19367
6.02208
5.85128
5.68283
5.51325
5.34172
5.17232
5.00597
4.83804
4.66643
4.49542
4.3275
4.15873
3.98727
3.81657
3.64707
3.47631
3.30527
3.13516
2.96489
2.79557
2.62812
2.45939
2.28805
2.11775
1.94955
1.77978
1.60742
1.43651
1.26858
1.09991
0.929527
0.761233
0.594785
0.42524
0.252631
0.0843892
27.768
-3164.66
-985.624
578.259
531.418
65.2199
-93.8737
-16.99
58.6894
64.7526
44.5529
34.8916
37.0091
40.5192
41.077
40.1012
39.4109
39.2704
39.2688
39.1606
38.9558
38.755
38.5933
38.4305
38.2562
38.0857
37.9218
37.7552
37.581
37.4051
37.2355
37.0714
36.9035
36.7272
36.5509
36.3838
36.2209
36.0507
35.8754
35.7037
35.5353
35.3681
35.2006
35.0304
34.8583
34.687
34.5206
34.3564
34.1838
34.0047
33.8326
33.6684
33.5055
33.3401
33.1676
32.9893
32.812
32.6406
32.4761
32.3158
32.1551
31.9865
31.8069
31.6255
31.4534
31.2912
31.1333
30.9747
30.8112
30.6389
30.4591
30.2798
30.1069
29.9428
29.7875
29.6327
29.4686
29.2961
29.1181
28.9349
28.7545
28.5857
28.4245
28.2638
28.1041
27.9457
27.7813
27.6048
27.4214
27.2406
27.0621
26.8847
26.7156
26.5564
26.3992
26.2411
26.0831
25.9207
25.749
25.5707
25.391
25.2093
25.0262
24.8456
24.6701
24.4996
24.3325
24.1671
24.0033
23.8398
23.6757
23.5123
23.3476
23.1768
23.0008
22.8254
22.6499
22.4711
22.2915
22.1127
21.9322
21.751
21.5724
21.3957
21.2194
21.0444
20.8717
20.7014
20.5327
20.3641
20.1968
20.0326
19.8684
19.7028
19.5389
19.3767
19.2138
19.0498
18.8828
18.7145
18.5499
18.3864
18.2183
18.0488
17.8815
17.7125
17.5406
17.3704
17.2026
17.0334
16.8625
16.6914
16.5204
16.3496
16.1786
16.0071
15.8353
15.6639
15.4932
15.3229
15.1525
14.9826
14.8121
14.6395
14.4673
14.3002
14.134
13.9622
13.7886
13.6191
13.4504
13.2804
13.1124
12.945
12.7758
12.6063
12.437
12.2672
12.0996
11.9339
11.766
11.5958
11.4266
11.2595
11.0923
10.9228
10.7525
10.5838
10.4144
10.2433
10.0753
9.91031
9.74187
9.56986
9.39956
9.23161
9.06351
8.89509
8.7268
8.55853
8.39029
8.22141
8.05251
7.88552
7.71887
7.54897
7.37674
7.20631
7.039
6.87182
6.70164
6.52973
6.35979
6.19165
6.02215
5.85176
5.68336
5.51539
5.34439
5.17216
5.00315
4.8365
4.66731
4.49551
4.32538
4.15643
3.98533
3.81419
3.64562
3.47696
3.30681
3.13688
2.9667
2.796
2.62712
2.45908
2.28833
2.11602
1.94614
1.7782
1.60853
1.4376
1.269
1.10143
0.93078
0.759247
0.591288
0.42429
0.254723
0.08495
27.7684
-3164.66
-985.632
578.248
531.415
65.2151
-93.8817
-16.9862
58.691
64.7421
44.5421
34.8819
37.0082
40.5244
41.0746
40.088
39.4065
39.2815
39.2689
39.1526
38.9594
38.7633
38.594
38.4264
38.2538
38.0874
37.9216
37.7473
37.5749
37.4064
37.2358
37.0657
36.8974
36.7297
36.5598
36.3868
36.2159
36.045
35.8736
35.7074
35.5403
35.3668
35.1931
35.0244
34.8602
34.695
34.5249
34.3527
34.1779
34.0007
33.8311
33.6712
33.5105
33.3415
33.1635
32.9821
32.8065
32.6419
32.4837
32.3229
32.1561
31.9827
31.8025
31.622
31.4511
31.2922
31.1375
30.9778
30.8098
30.6348
30.4554
30.2787
30.1096
29.9466
29.7891
29.633
29.4684
29.2942
29.1163
28.9353
28.7542
28.5829
28.4235
28.2674
28.108
27.9458
27.7799
27.6046
27.4195
27.2354
27.0583
26.8846
26.7165
26.5577
26.4022
26.2438
26.0828
25.9195
25.7492
25.5705
25.3887
25.2068
25.0247
24.8446
24.6685
24.4975
24.3314
24.1679
24.0057
23.8431
23.6775
23.5102
23.3444
23.1767
23.0031
22.8266
22.6502
22.4711
22.2901
22.1108
21.9315
21.7508
21.5713
21.3945
21.2191
21.0447
20.8717
20.7008
20.5324
20.3645
20.1967
20.0319
19.8693
19.7052
19.5402
19.3757
19.2113
19.0483
18.8846
18.717
18.5493
18.3847
18.2184
18.0487
17.8806
17.7136
17.5432
17.3716
17.2019
17.0325
16.862
16.6908
16.5195
16.3486
16.1781
16.0076
15.8366
15.6653
15.4941
15.323
15.1515
14.9809
14.8122
14.6423
14.469
14.2971
14.1301
13.9618
13.7899
13.6194
13.4508
13.2804
13.1106
12.943
12.7752
12.6073
12.4395
12.2696
12.0993
11.9317
11.7651
11.5967
11.427
11.258
11.0904
10.922
10.7521
10.5836
10.4162
10.2456
10.0737
9.90581
9.73937
9.57015
9.39997
9.2312
9.06291
8.89462
8.72662
8.55871
8.39106
8.22266
8.05246
7.88291
7.71616
7.54954
7.37998
7.20852
7.03833
6.8704
6.70215
6.53148
6.36045
6.1914
6.02233
5.85125
5.68098
5.51368
5.34606
5.175
5.00324
4.8345
4.6667
4.49641
4.32595
4.15756
3.98797
3.81611
3.64533
3.47584
3.30588
3.1365
2.96744
2.79657
2.62565
2.45733
2.2892
2.1184
1.94716
1.77832
1.60968
1.43853
1.26784
1.10027
0.932041
0.760761
0.590484
0.423003
0.25459
0.0853248
27.7736
-3164.65
-985.637
578.237
531.415
65.2177
-93.8908
-16.9851
58.7053
64.7511
44.5516
34.8846
37
40.513
41.0804
40.1059
39.4073
39.2745
39.2723
39.1587
38.9606
38.7553
38.5842
38.4304
38.2652
38.0909
37.9178
37.7449
37.5798
37.4161
37.2396
37.06
36.8924
36.7331
36.5653
36.3837
36.2075
36.0455
35.8843
35.7166
35.5415
35.3624
35.1886
35.0243
34.8646
34.6997
34.5234
34.3454
34.1748
34.0072
33.8403
33.6753
33.508
33.3355
33.1594
32.9827
32.8095
32.6449
32.4863
32.3238
32.153
31.9775
31.8005
31.6255
31.4569
31.2965
31.1397
30.9777
30.8068
30.6303
30.4517
30.2769
30.1113
29.9512
29.7925
29.6341
29.4687
29.2922
29.112
28.9336
28.7563
28.5849
28.4246
28.2704
28.1124
27.9467
27.7766
27.6021
27.4193
27.2341
27.0563
26.8854
26.7185
26.5587
26.4042
26.2474
26.0848
25.9184
25.7475
25.5696
25.3874
25.2054
25.0247
24.8459
24.6702
24.4985
24.3315
24.1677
24.0057
23.8447
23.6812
23.5128
23.3434
23.1748
23.0028
22.8267
22.6503
22.4723
22.291
22.11
21.9308
21.7511
21.5714
21.3941
21.2189
21.0453
20.8726
20.701
20.5319
20.365
20.1976
20.0311
19.8679
19.7051
19.5414
19.3773
19.2119
19.047
18.8841
18.7187
18.5501
18.3838
18.2186
18.0497
17.8797
17.7121
17.5436
17.3727
17.2018
17.0319
16.8619
16.6915
16.5206
16.3493
16.178
16.0069
15.8359
15.6649
15.494
15.3235
15.1522
14.9802
14.8103
14.6426
14.4721
14.2985
14.1282
13.9607
13.7904
13.6195
13.4511
13.2821
13.1121
12.9432
12.7745
12.6057
12.4384
12.2707
12.1008
11.9314
11.764
11.5969
11.4283
11.2588
11.0903
10.9225
10.7526
10.5825
10.4154
10.2477
10.0763
9.90574
9.73829
9.57043
9.40097
9.23189
9.06339
8.89492
8.72657
8.55814
8.39045
8.22373
8.05538
7.88472
7.71491
7.54737
7.37976
7.20992
7.03874
6.86898
6.70105
6.5321
6.36115
6.19109
6.02276
5.85304
5.68143
5.51155
5.3443
5.17604
5.00503
4.83457
4.66632
4.49681
4.32527
4.15543
3.98697
3.8168
3.64602
3.47615
3.3058
3.13563
2.96705
2.79773
2.62646
2.45627
2.28821
2.11903
1.94755
1.77698
1.60865
1.43908
1.2675
1.09813
0.931381
0.762616
0.591666
0.422316
0.254098
0.0851288
27.7664
-3164.65
-985.626
578.251
531.421
65.2244
-93.8902
-16.9957
58.6964
64.7511
44.5547
34.8827
37.0034
40.5227
41.0752
40.0918
39.4001
39.2764
39.2783
39.1537
38.9521
38.7613
38.5949
38.4323
38.2538
38.0775
37.9174
37.755
37.5816
37.4044
37.2302
37.0631
36.9021
36.7367
36.5596
36.3763
36.2042
36.0482
35.8888
35.7141
35.5329
35.3573
35.1925
35.0328
34.8695
34.6978
34.5164
34.3365
34.171
34.0131
33.8498
33.6787
33.5025
33.3257
33.1526
32.9834
32.8157
32.6502
32.4879
32.3224
32.149
31.9718
31.7974
31.6284
31.4637
31.3016
31.14
30.974
30.8011
30.6251
30.4497
30.2776
30.1138
29.9557
29.7959
29.6334
29.4661
29.2891
29.1074
28.9305
28.7586
28.5898
28.4269
28.2704
28.1131
27.9473
27.7738
27.5979
27.4177
27.2334
27.0547
26.8854
26.7211
26.5606
26.4046
26.2482
26.0855
25.9171
25.7453
25.5682
25.3862
25.2034
25.0224
24.8445
24.6704
24.4998
24.3328
24.1685
24.005
23.843
23.6811
23.5146
23.344
23.1737
23.0024
22.8267
22.6492
22.4715
22.2911
22.1093
21.9295
21.7508
21.5717
21.3937
21.2179
21.0444
20.8725
20.7009
20.5311
20.3646
20.1987
20.0321
19.8673
19.7041
19.5408
19.3777
19.2129
19.0465
18.8823
18.7188
18.5514
18.3833
18.2177
18.0505
17.8802
17.7109
17.5428
17.373
17.2023
17.0319
16.8615
16.6909
16.5202
16.3493
16.1781
16.0069
15.8359
15.6647
15.4935
15.3232
15.1533
14.9813
14.8088
14.64
14.4726
14.3011
14.1285
13.9594
13.79
13.619
13.4499
13.2818
13.1124
12.9435
12.7749
12.6053
12.437
12.2701
12.1017
11.932
11.7634
11.5962
11.4287
11.2594
11.0897
10.9218
10.7531
10.5822
10.4133
10.2468
10.0778
9.90651
9.73713
9.56928
9.40061
9.23158
9.06294
8.89464
8.72673
8.55829
8.38933
8.22176
8.05483
7.88588
7.71546
7.54618
7.37853
7.21053
7.04037
6.86923
6.69976
6.53142
6.36147
6.19058
6.02158
5.85347
5.68324
5.51192
5.3428
5.17533
5.00581
4.83453
4.6652
4.49699
4.32653
4.1555
3.9862
3.81655
3.64592
3.47616
3.30632
3.13555
2.96613
2.79789
2.62779
2.45645
2.28703
2.11892
1.94885
1.7773
1.60783
1.43974
1.26926
1.0979
0.929477
0.762246
0.592729
0.42242
0.253355
0.084845
27.7624
-3164.67
-985.632
578.244
531.413
65.221
-93.8871
-16.9907
58.6899
64.7346
44.5519
34.8948
37.0044
40.5113
41.0738
40.1064
39.4149
39.2725
39.2654
39.1531
38.9645
38.7708
38.5862
38.4172
38.2564
38.0968
37.9309
37.7511
37.5684
37.3984
37.2402
37.0768
36.902
36.7239
36.55
36.3824
36.2199
36.0568
35.8848
35.7035
35.525
35.3591
35.2027
35.0419
34.868
34.6886
34.5114
34.3393
34.1768
34.0181
33.852
33.6773
33.4991
33.3224
33.1512
32.9861
32.8223
32.6558
32.4879
32.3183
32.1446
31.9689
31.797
31.6316
31.4693
31.3061
31.1406
30.9716
30.7975
30.6216
30.4485
30.2789
30.1157
29.9588
29.7995
29.6342
29.4646
29.2881
29.1059
28.9277
28.7584
28.5942
28.4322
28.2727
28.1136
27.9479
27.7724
27.5934
27.4147
27.2338
27.0552
26.8858
26.7235
26.5637
26.4062
26.2492
26.0869
25.917
25.743
25.566
25.3856
25.2035
25.0223
24.844
24.6702
24.5007
24.3349
24.1716
24.0076
23.8431
23.6801
23.5155
23.3458
23.1741
23.0024
22.8272
22.649
22.4709
22.2915
22.1096
21.9287
21.7501
21.5722
21.3948
21.2184
21.044
20.8722
20.7016
20.5314
20.3641
20.1992
20.0336
19.8683
19.7042
19.5402
19.3773
19.2143
19.0481
18.8819
18.718
18.5523
18.3837
18.2169
18.0508
17.8817
17.7113
17.5422
17.3729
17.2027
17.0323
16.8617
16.691
16.5203
16.3494
16.1784
16.0071
15.8361
15.6651
15.4934
15.3223
15.1531
14.9834
14.8106
14.6386
14.4706
14.3016
14.1295
13.9593
13.7905
13.6198
13.4496
13.2813
13.1126
12.9439
12.7757
12.6063
12.4366
12.2691
12.1021
11.9335
11.764
11.5952
11.4278
11.2599
11.0903
10.9217
10.7542
10.584
10.4129
10.245
10.0778
9.90782
9.73744
9.56876
9.40047
9.232
9.0636
8.89513
8.72721
8.55932
8.39015
8.22118
8.05398
7.88668
7.71733
7.54694
7.37755
7.20963
7.0412
6.87072
6.70001
6.53109
6.36215
6.19127
6.02072
5.85247
5.68409
5.51337
5.34252
5.17425
5.00643
4.83602
4.6652
4.4963
4.32678
4.15574
3.98581
3.81656
3.6462
3.47618
3.30687
3.13627
2.96551
2.79682
2.62828
2.45758
2.28667
2.11787
1.94926
1.77831
1.60731
1.43878
1.27012
1.09903
0.928482
0.760684
0.592889
0.423351
0.253392
0.0846739
27.7682
-3164.65
-985.634
578.232
531.413
65.2353
-93.8799
-16.9985
58.6922
64.7523
44.5581
34.8863
36.9952
40.5099
41.0838
40.109
39.4002
39.2598
39.2687
39.165
38.9668
38.761
38.5772
38.4188
38.265
38.0971
37.9154
37.736
37.5698
37.4098
37.25
37.079
36.8944
36.7154
36.55
36.3897
36.2267
36.0559
35.8768
35.6963
35.5246
35.3649
35.2088
35.0427
34.8612
34.6783
34.5076
34.3456
34.1859
34.0221
33.8484
33.6699
33.4934
33.3207
33.1528
32.9891
32.8256
32.6574
32.4849
32.3123
32.1411
31.9704
31.801
31.6349
31.4712
31.3062
31.138
30.9672
30.7935
30.6193
30.4495
30.2831
30.1194
29.9598
29.7988
29.631
29.4596
29.2853
29.1064
28.9283
28.7584
28.596
28.4356
28.2742
28.112
27.9462
27.7711
27.59
27.4108
27.2332
27.0567
26.887
26.725
26.5658
26.4067
26.248
26.0863
25.917
25.7417
25.5635
25.3829
25.2017
25.0216
24.8441
24.6706
24.5008
24.3345
24.1718
24.0094
23.8443
23.6791
23.5143
23.346
23.174
23.0015
22.8271
22.6486
22.4694
22.2905
22.1098
21.9285
21.7488
21.571
21.3944
21.2187
21.0439
20.8717
20.7017
20.5317
20.3632
20.198
20.0335
19.8688
19.7049
19.5402
19.376
19.2134
19.049
18.882
18.7169
18.5523
18.3844
18.2158
18.0494
17.8818
17.7118
17.5419
17.3723
17.2023
17.0322
16.8619
16.691
16.5199
16.3487
16.1778
16.0067
15.8358
15.6653
15.4942
15.322
15.1513
14.9827
14.8122
14.6393
14.4692
14.3009
14.13
13.9588
13.79
13.6203
13.4497
13.2807
13.1119
12.9429
12.7753
12.6074
12.4374
12.2681
12.1005
11.9333
11.765
11.5958
11.4273
11.2597
11.0902
10.9204
10.7531
10.5851
10.4142
10.2442
10.0766
9.90801
9.73796
9.56854
9.39983
9.23132
9.06304
8.89453
8.72649
8.55943
8.39132
8.22156
8.05248
7.88487
7.71703
7.54772
7.37761
7.20848
7.0404
6.87118
6.70028
6.53022
6.36168
6.19201
6.02083
5.85103
5.68319
5.51438
5.34344
5.17316
5.0049
4.83582
4.66517
4.49575
4.32697
4.15644
3.98569
3.81608
3.64586
3.47538
3.30632
3.13693
2.96593
2.79583
2.62762
2.45851
2.28743
2.11708
1.94856
1.77896
1.60743
1.43734
1.26954
1.10058
0.929653
0.759907
0.59185
0.423269
0.253724
0.084585
27.7658
-3164.66
-985.637
578.246
531.419
65.2196
-93.8918
-16.9928
58.7005
64.7493
44.5452
34.8811
37.0085
40.5215
41.0746
40.0922
39.3991
39.2802
39.2868
39.1592
38.9432
38.7463
38.5892
38.4419
38.2737
38.0901
37.9047
37.736
37.5847
37.4208
37.242
37.0651
36.8893
36.7194
36.559
36.3966
36.225
36.0463
35.868
35.6978
35.5365
35.3766
35.2103
35.035
34.8529
34.675
34.5115
34.3539
34.1914
34.0216
33.844
33.6651
33.4922
33.3247
33.159
32.9938
32.8271
32.6565
32.4816
32.3071
32.1376
31.9719
31.8063
31.64
31.4735
31.3056
31.1355
30.9642
30.7914
30.6182
30.4496
30.2861
30.1236
29.9624
29.8001
29.6306
29.4558
29.2813
29.1066
28.9315
28.7612
28.5983
28.439
28.2773
28.1117
27.9437
27.7696
27.5884
27.4078
27.2321
27.0588
26.8896
26.7273
26.5689
26.4093
26.2478
26.0844
25.9157
25.7408
25.5624
25.3818
25.2008
25.0213
24.8445
24.672
24.5031
24.3363
24.1724
24.0105
23.8464
23.6799
23.514
23.3467
23.175
23.0015
22.8271
22.6492
22.4689
22.2895
22.11
21.9294
21.7495
21.571
21.3941
21.2188
21.0441
20.8713
20.7019
20.5333
20.3646
20.1982
20.0334
19.8688
19.7055
19.5417
19.3765
19.2128
19.0495
18.8831
18.7165
18.5519
18.3858
18.2169
18.0489
17.8815
17.7124
17.5424
17.3725
17.2023
17.0321
16.862
16.6916
16.5207
16.3494
16.1781
16.0068
15.8354
15.6648
15.4949
15.3235
15.1511
14.9815
14.8129
14.641
14.469
14.3001
14.1304
13.959
13.7895
13.6207
13.4507
13.2814
13.1127
12.9429
12.7741
12.6068
12.4386
12.2693
12.1007
11.9329
11.7652
11.5963
11.4272
11.2597
11.0915
10.9209
10.7519
10.5847
10.4155
10.2448
10.0758
9.90762
9.73824
9.56884
9.40011
9.23173
9.06371
8.89521
8.72617
8.55834
8.39134
8.22304
8.05367
7.88483
7.71679
7.54845
7.37882
7.20873
7.03984
6.87141
6.70129
6.53032
6.36106
6.19265
6.02251
5.85148
5.68214
5.51406
5.34459
5.17402
5.00497
4.8365
4.66603
4.49528
4.32612
4.15656
3.98607
3.81642
3.64665
3.47572
3.30574
3.13708
2.9672
2.79627
2.62676
2.45833
2.28848
2.11747
1.94802
1.77955
1.60894
1.43724
1.26783
1.09989
0.930498
0.760456
0.591657
0.423295
0.253921
0.0848248
27.7672
-3164.65
-985.634
578.237
531.406
65.2138
-93.8809
-16.9852
58.6918
64.7379
44.5458
34.8914
37.0158
40.5193
41.0733
40.0986
39.4051
39.2757
39.274
39.1541
38.9568
38.7642
38.5946
38.4284
38.2522
38.08
37.9142
37.7479
37.5849
37.4134
37.2308
37.0589
36.8968
36.7326
36.5653
36.3933
36.2161
36.0384
35.8668
35.7032
35.5428
35.3773
35.2034
35.0267
34.8507
34.6787
34.5166
34.3578
34.1913
34.0175
33.8384
33.6597
33.4904
33.3283
33.1656
32.9979
32.8253
32.6509
32.4771
32.3055
32.1379
31.9738
31.8091
31.6419
31.4735
31.304
31.1327
30.9608
30.7898
30.6191
30.4516
30.2889
30.1261
29.9618
29.7973
29.6284
29.4532
29.2778
29.1053
28.9338
28.7642
28.5995
28.4394
28.278
28.1106
27.9398
27.7663
27.5872
27.4066
27.231
27.0601
26.8919
26.7285
26.5697
26.4106
26.248
26.0828
25.9137
25.7389
25.5603
25.3798
25.1992
25.0204
24.8444
24.6722
24.5042
24.3378
24.1726
24.0099
23.8469
23.6806
23.5133
23.3461
23.1751
23.0007
22.8258
22.6488
22.4687
22.2882
22.1086
21.9289
21.7493
21.5705
21.3934
21.2186
21.0447
20.8712
20.7007
20.5328
20.3649
20.1983
20.0333
19.8684
19.7049
19.542
19.3769
19.2118
19.0485
18.8836
18.7163
18.5505
18.3854
18.2175
18.0486
17.8805
17.7117
17.542
17.3723
17.2023
17.0319
16.8615
16.6909
16.5201
16.3489
16.1778
16.0069
15.8353
15.6638
15.4941
15.3242
15.1519
14.9802
14.8115
14.6416
14.4694
14.2992
14.1302
13.9595
13.7891
13.62
13.4501
13.2807
13.1126
12.9437
12.7741
12.606
12.4382
12.2695
12.1006
11.9323
11.7649
11.5967
11.427
11.2585
11.0915
10.9222
10.7517
10.5835
10.4154
10.2453
10.0754
9.90694
9.73812
9.56883
9.39975
9.23095
9.06308
8.89562
8.72691
8.5579
8.39018
8.22265
8.05397
7.88462
7.71579
7.54775
7.37917
7.20915
7.03916
6.87057
6.70163
6.53077
6.35997
6.19104
6.0223
5.85211
5.68192
5.51336
5.34478
5.17421
5.00372
4.83511
4.66606
4.49565
4.3259
4.15634
3.98569
3.81565
3.64656
3.47617
3.30514
3.13582
2.96704
2.79681
2.62636
2.45755
2.28884
2.11808
1.94715
1.7783
1.6095
1.43844
1.26746
1.09884
0.930383
0.760726
0.591411
0.422949
0.25396
0.0848964
27.7702
-3164.65
-985.639
578.232
531.417
65.2309
-93.8768
-16.9958
58.6827
64.7463
44.5588
34.8882
36.9978
40.5067
41.0724
40.1061
39.4114
39.2736
39.2702
39.1517
38.9561
38.7639
38.5901
38.4234
38.2551
38.0882
37.9261
37.7565
37.5815
37.4057
37.2288
37.0605
36.9011
36.7373
36.5641
36.3856
36.2094
36.0403
35.8762
35.7121
35.5455
35.3737
35.1963
35.0207
34.8521
34.6867
34.5237
34.3599
34.1884
34.0115
33.8346
33.6609
33.4943
33.333
33.1696
32.9994
32.8235
32.6473
32.4749
32.3061
32.14
31.9758
31.8108
31.6426
31.4723
31.3019
31.1309
30.9596
30.7903
30.6219
30.4543
30.2907
30.128
29.9621
29.795
29.6265
29.4528
29.277
29.1046
28.9358
28.7686
28.6032
28.4407
28.2786
28.1109
27.9375
27.763
27.5861
27.4069
27.2311
27.0614
26.8951
26.7314
26.5712
26.4117
26.2485
26.0817
25.9116
25.737
25.5589
25.3789
25.1988
25.0206
24.8452
24.6732
24.5056
24.3402
24.1747
24.0105
23.8476
23.6821
23.5138
23.3458
23.1757
23.0013
22.8253
22.6485
22.4691
22.2882
22.1083
21.9289
21.7498
21.5711
21.3933
21.2181
21.0451
20.8723
20.7011
20.5331
20.3659
20.1991
20.0339
19.8689
19.7046
19.5422
19.3785
19.2127
19.0482
18.884
18.7173
18.5504
18.3849
18.2181
18.0494
17.8808
17.7121
17.5424
17.3726
17.2026
17.0322
16.8618
16.6912
16.5205
16.3493
16.178
16.0073
15.8362
15.6642
15.4932
15.3242
15.1537
14.981
14.8107
14.6417
14.4704
14.299
14.1298
13.9599
13.7895
13.6204
13.451
13.281
13.1123
12.9439
12.7745
12.6058
12.4381
12.2702
12.1017
11.9326
11.7645
11.5971
11.4279
11.2581
11.0906
10.9229
10.7528
10.5833
10.4152
10.2459
10.0757
9.90649
9.73784
9.56904
9.40033
9.23138
9.06289
8.89555
8.72776
8.55867
8.38987
8.22209
8.05433
7.88568
7.71633
7.54746
7.37925
7.21016
7.03983
6.87016
6.70162
6.53205
6.36109
6.19098
6.02218
5.85276
5.68217
5.51255
5.34459
5.17568
5.00511
4.83529
4.6661
4.49587
4.32578
4.15652
3.98634
3.81571
3.64639
3.47695
3.30608
3.13571
2.96687
2.79762
2.62702
2.45706
2.28865
2.11934
1.94815
1.77767
1.60905
1.43955
1.26833
1.09832
0.929895
0.760929
0.591602
0.422944
0.25422
0.0850276
27.7606
-3164.66
-985.632
578.24
531.413
65.2165
-93.8892
-16.9932
58.6929
64.749
44.5541
34.8862
36.999
40.5123
41.0809
40.1095
39.4101
39.2637
39.2622
39.1598
38.9672
38.7665
38.5905
38.4233
38.2533
38.0849
37.9217
37.7518
37.5746
37.4013
37.2328
37.0687
36.9057
36.7351
36.5565
36.3792
36.2099
36.0462
35.8814
35.7115
35.5395
35.369
35.1961
35.0218
34.8533
34.6891
34.5255
34.3591
34.1846
34.0057
33.8311
33.6631
33.4999
33.3374
33.1701
32.996
32.8184
32.6431
32.4735
32.3083
32.1436
31.9779
31.8111
31.6419
31.4701
31.2988
31.1285
30.9582
30.7905
30.6247
30.458
30.2925
30.1281
29.9606
29.7911
29.6224
29.4516
29.2776
29.1046
28.9358
28.7704
28.6055
28.4406
28.2765
28.109
27.9352
27.7595
27.5841
27.4074
27.2322
27.0624
26.8968
26.733
26.5713
26.4111
26.2484
26.0809
25.9097
25.7344
25.5562
25.3769
25.1978
25.0206
24.846
24.6738
24.5056
24.3408
24.176
24.0107
23.8469
23.6823
23.514
23.3448
23.1749
23.0012
22.8243
22.6471
22.4685
22.2879
22.1073
21.9277
21.7491
21.5713
21.3936
21.2174
21.0444
20.8725
20.7011
20.5323
20.3654
20.1992
20.0344
19.8698
19.7044
19.5408
19.3779
19.2128
19.0474
18.8833
18.7178
18.5503
18.3838
18.2174
18.0492
17.8802
17.7114
17.542
17.3721
17.2023
17.032
16.8616
16.6908
16.5199
16.3487
16.1772
16.0063
15.8364
15.6651
15.4927
15.3224
15.1533
14.9818
14.8101
14.6409
14.4708
14.2992
14.1292
13.9597
13.7892
13.6197
13.4507
13.2808
13.1117
12.9438
12.7751
12.6059
12.4373
12.2694
12.1016
11.9329
11.7639
11.5966
11.4285
11.2584
11.0894
10.9222
10.7534
10.5832
10.4144
10.2458
10.076
9.90627
9.73731
9.56859
9.40023
9.23156
9.06254
8.89458
8.72745
8.55932
8.39026
8.22148
8.05333
7.88527
7.71651
7.54732
7.37872
7.21016
7.04017
6.86956
6.70027
6.53151
6.36138
6.19071
6.02136
5.85289
5.68323
5.51248
5.34298
5.17447
5.00476
4.83479
4.66565
4.49591
4.32562
4.15613
3.98635
3.81544
3.6454
3.47649
3.30642
3.13543
2.96574
2.7972
2.62769
2.45712
2.28764
2.11905
1.9488
1.77741
1.60772
1.43895
1.26891
1.09847
0.929465
0.760791
0.591465
0.422381
0.253634
0.0849046
27.7673
-3164.66
-985.639
578.243
531.414
65.2136
-93.8857
-16.983
58.6972
64.7459
44.5466
34.8831
37.0066
40.5224
41.0807
40.0945
39.4019
39.2736
39.27
39.1561
38.962
38.7604
38.5852
38.4257
38.26
38.0898
37.9231
37.7519
37.5733
37.4006
37.2379
37.0742
36.9037
36.7281
36.552
36.3806
36.215
36.0505
35.8829
35.7107
35.536
35.3651
35.1964
35.0261
34.8583
34.6932
34.5262
34.3557
34.1799
34.0027
33.8316
33.6678
33.5056
33.3402
33.1694
32.994
32.8171
32.6428
32.4738
32.3095
32.1458
31.9792
31.8101
31.6401
31.4685
31.2974
31.1286
30.9599
30.7921
30.6269
30.4608
30.2936
30.1276
29.9604
29.7901
29.6201
29.4504
29.2788
29.1068
28.9376
28.7728
28.6087
28.4422
28.2751
28.1072
27.9342
27.758
27.5827
27.4081
27.2341
27.0641
26.8991
26.7362
26.5734
26.4112
26.2474
26.0796
25.9081
25.733
25.5548
25.3759
25.1974
25.021
24.8474
24.6759
24.5068
24.3416
24.1778
24.0126
23.8476
23.683
23.5153
23.345
23.1744
23.0015
22.8247
22.6464
22.4679
22.2884
22.108
21.9279
21.7487
21.5713
21.3944
21.2179
21.0444
20.8732
20.7023
20.533
20.3659
20.1994
20.0345
19.8708
19.7059
19.5411
19.378
19.2137
19.0476
18.8828
18.7183
18.5517
18.3842
18.2174
18.0495
17.8805
17.7116
17.5423
17.3725
17.2026
17.0323
16.8617
16.6909
16.5202
16.3496
16.178
16.0061
15.8358
15.6659
15.494
15.3223
15.1531
14.9829
14.8106
14.6403
14.4709
14.2999
14.1292
13.9597
13.7897
13.62
13.4513
13.2817
13.1117
12.9431
12.7752
12.6068
12.4381
12.2696
12.1017
11.9334
11.7641
11.5959
11.4289
11.2598
11.0897
10.9216
10.7537
10.584
10.4143
10.2455
10.0762
9.90656
9.73734
9.56839
9.40015
9.2323
9.06347
8.89453
8.72679
8.55928
8.3909
8.22199
8.05339
7.8854
7.71712
7.54786
7.37856
7.21013
7.04121
6.87069
6.7002
6.53111
6.36203
6.19166
6.02119
5.85216
5.68356
5.51369
5.34367
5.17474
5.00545
4.83516
4.66544
4.49603
4.3259
4.15617
3.98686
3.81633
3.64542
3.47607
3.30705
3.13664
2.96606
2.79683
2.62807
2.45798
2.28768
2.11882
1.94986
1.77898
1.60789
1.43834
1.26898
1.0988
0.929354
0.760978
0.59204
0.422693
0.253616
0.084865
27.7613
-3164.66
-985.632
578.243
531.413
65.2158
-93.8858
-16.9871
58.6907
64.7405
44.5496
34.8901
37.0069
40.512
41.0742
40.0998
39.4039
39.2753
39.2767
39.1574
38.958
38.759
38.5866
38.4298
38.2661
38.0911
37.916
37.7455
37.5731
37.4039
37.2404
37.0727
36.8983
36.7241
36.5536
36.3859
36.2187
36.0496
35.879
35.7078
35.5352
35.3645
35.1964
35.028
34.8605
34.6935
34.524
34.3516
34.1767
34.0029
33.834
33.6706
33.5075
33.3391
33.1657
32.9901
32.815
32.6434
32.4761
32.3116
32.1474
31.9799
31.809
31.6376
31.466
31.2949
31.1274
30.9613
30.7947
30.6294
30.4631
30.2936
30.125
29.9579
29.7886
29.6181
29.4486
29.2789
29.1086
28.9391
28.7725
28.6088
28.4426
28.2731
28.1032
27.9314
27.7561
27.5814
27.4086
27.2364
27.0658
26.8996
26.7368
26.5743
26.4112
26.2466
26.0779
25.9054
25.7302
25.5527
25.3745
25.1969
25.0209
24.8479
24.6772
24.5079
24.3416
24.1779
24.0134
23.8476
23.6826
23.5157
23.3449
23.173
23.0002
22.8243
22.6457
22.4666
22.2872
22.1074
21.9276
21.7483
21.5707
21.3944
21.2182
21.0436
20.8725
20.7024
20.5334
20.3663
20.1998
20.034
19.8701
19.7058
19.5405
19.3769
19.2137
19.0483
18.8823
18.7173
18.5513
18.3838
18.2166
18.0489
17.8801
17.711
17.5417
17.372
17.2021
17.0321
16.8617
16.6905
16.5194
16.3488
16.178
16.0061
15.8348
15.6653
15.4947
15.3223
15.1518
14.9825
14.811
14.6397
14.4702
14.3001
14.1293
13.9596
13.7895
13.6192
13.4503
13.2819
13.1123
12.9429
12.7745
12.6063
12.438
12.2695
12.1014
11.9337
11.7645
11.595
11.4277
11.2601
11.0902
10.9209
10.7529
10.584
10.4143
10.2451
10.0759
9.90653
9.73741
9.56825
9.39945
9.23169
9.06371
8.89484
8.72636
8.5587
8.3909
8.22225
8.05312
7.88455
7.7167
7.54822
7.37862
7.20935
7.04079
6.87118
6.70026
6.52998
6.36098
6.19178
6.02158
5.8517
5.68292
5.51361
5.3433
5.17378
5.0049
4.83513
4.66528
4.49584
4.32569
4.15538
3.98623
3.81672
3.64568
3.47508
3.30594
3.13651
2.96611
2.79625
2.62757
2.45846
2.2879
2.11771
1.94878
1.77922
1.60829
1.43799
1.26869
1.09887
0.928904
0.760303
0.591967
0.422749
0.253304
0.0846452
27.7642
-3164.66
-985.641
578.236
531.418
65.2255
-93.8885
-16.9945
58.693
64.7471
44.5552
34.8894
37.0031
40.5133
41.0746
40.0999
39.4075
39.2793
39.2802
39.1552
38.9485
38.753
38.5877
38.4334
38.2689
38.0901
37.9127
37.7461
37.5797
37.4087
37.2388
37.0685
36.8961
36.7247
36.5555
36.3872
36.2198
36.05
35.8779
35.7069
35.5352
35.3644
35.1979
35.0319
34.864
34.6941
34.5211
34.3473
34.1756
34.0062
33.8388
33.6732
33.5074
33.3379
33.1639
32.9887
32.8153
32.6454
32.4788
32.3133
32.1475
31.9794
31.8075
31.6356
31.4652
31.2955
31.1286
30.9638
30.7971
30.6302
30.4637
30.2945
30.1243
29.9563
29.7881
29.6182
29.4484
29.2794
29.1107
28.9419
28.774
28.6088
28.443
28.2732
28.102
27.9303
27.756
27.581
27.4086
27.2384
27.0692
26.9022
26.7384
26.5752
26.4111
26.2456
26.0767
25.904
25.7287
25.5515
25.3739
25.197
25.0213
24.8484
24.6787
24.5104
24.3432
24.1788
24.0149
23.8488
23.6824
23.5158
23.3458
23.1729
22.9994
22.824
22.6461
22.4669
22.2872
22.1075
21.9279
21.7484
21.5704
21.3946
21.2194
21.0447
20.8728
20.7029
20.5339
20.3668
20.2008
20.0348
19.8705
19.7069
19.5417
19.3767
19.2134
19.0491
18.883
18.7173
18.5515
18.3842
18.2166
18.0491
17.8806
17.7114
17.5421
17.3724
17.2023
17.032
16.8618
16.6912
16.52
16.3489
16.1784
16.007
15.8348
15.6646
15.4952
15.3237
15.1521
14.9825
14.812
14.6401
14.4698
14.3
14.1295
13.9599
13.7905
13.62
13.4501
13.2815
13.1127
12.9435
12.7748
12.6066
12.4386
12.2699
12.1011
11.9335
11.7654
11.5958
11.4271
11.26
11.0913
10.9216
10.7529
10.5842
10.4145
10.2449
10.0757
9.90648
9.73761
9.56873
9.39962
9.23143
9.0639
8.89558
8.72671
8.55836
8.39063
8.22277
8.05404
7.88482
7.71631
7.54827
7.37925
7.20948
7.04044
6.87163
6.70159
6.53086
6.36093
6.1917
6.02194
5.85184
5.68278
5.51409
5.34422
5.17418
5.00494
4.83526
4.66519
4.49591
4.32645
4.15593
3.98596
3.81688
3.6468
3.47584
3.30583
3.13661
2.9668
2.79654
2.62718
2.4587
2.2893
2.11862
1.94854
1.77919
1.60892
1.43832
1.26873
1.09933
0.929233
0.759972
0.591927
0.423398
0.253875
0.0848397
27.7581
-3164.67
-985.635
578.243
531.418
65.2208
-93.8873
-16.9899
58.694
64.7415
44.5496
34.8935
37.0079
40.5141
41.0759
40.0998
39.4051
39.2761
39.2742
39.1511
38.9507
38.7621
38.596
38.4289
38.2573
38.0841
37.9134
37.7502
37.5827
37.408
37.236
37.0669
36.8966
36.7255
36.5551
36.3868
36.2196
36.0498
35.8764
35.7049
35.5347
35.365
35.1986
35.0324
34.8635
34.6924
34.5189
34.3456
34.1754
34.0082
33.8415
33.6735
33.5046
33.3341
33.1614
32.9879
32.8159
32.6471
32.4811
32.3151
32.1476
31.9777
31.8047
31.6323
31.4635
31.2963
31.1304
30.9662
30.7997
30.6306
30.4624
30.2934
30.1228
29.954
29.7864
29.6178
29.4486
29.2796
29.1115
28.9434
28.7745
28.6071
28.4407
28.2713
28.0993
27.9276
27.7552
27.5816
27.4091
27.2391
27.0705
26.9034
26.739
26.5756
26.4107
26.244
26.0745
25.9017
25.7266
25.5497
25.3727
25.1967
25.0218
24.8487
24.679
24.5115
24.3442
24.1786
24.0147
23.8492
23.6823
23.5151
23.3456
23.1726
22.998
22.8226
22.6451
22.466
22.2864
22.1067
21.9276
21.7486
21.5699
21.3935
21.2191
21.0451
20.8729
20.7031
20.5341
20.3667
20.2009
20.0349
19.8697
19.7063
19.5421
19.3769
19.2126
19.0487
18.883
18.7168
18.5509
18.3839
18.2161
18.0484
17.8802
17.7111
17.5416
17.3718
17.2018
17.0316
16.8613
16.6909
16.5198
16.3483
16.1776
16.0071
15.8352
15.6636
15.4941
15.3238
15.152
14.9817
14.8118
14.6404
14.4694
14.2996
14.1293
13.9592
13.7899
13.6202
13.4502
13.2811
13.1124
12.9435
12.7746
12.606
12.4382
12.2702
12.1013
11.9328
11.7651
11.5961
11.4266
11.2589
11.0911
10.9217
10.7524
10.5838
10.4146
10.245
10.0755
9.9061
9.73715
9.56871
9.39991
9.23122
9.06333
8.89535
8.72675
8.55809
8.38988
8.22213
8.05416
7.88536
7.71643
7.54812
7.37943
7.2095
7.03958
6.87051
6.70116
6.53083
6.3606
6.19135
6.02217
5.85206
5.68212
5.5132
5.3439
5.17393
5.00456
4.83523
4.66508
4.4953
4.32612
4.15604
3.98547
3.81591
3.64645
3.47595
3.3054
3.13586
2.96674
2.7969
2.62676
2.45762
2.28891
2.11916
1.94874
1.77876
1.60853
1.43782
1.26808
1.0993
0.929728
0.75971
0.59101
0.422942
0.254014
0.0847711
27.7605
-3164.67
-985.637
578.239
531.412
65.2199
-93.8838
-16.9883
58.6953
64.746
44.5521
34.892
37.0032
40.5087
41.0756
40.104
39.407
39.2732
39.2727
39.1568
38.9579
38.7649
38.5944
38.4242
38.255
38.0891
37.9174
37.7466
37.5796
37.4095
37.2391
37.069
36.8968
36.7245
36.5558
36.3887
36.221
36.0505
35.8756
35.7029
35.5352
35.3679
35.2008
35.0326
34.8615
34.6905
34.5199
34.3485
34.178
34.0094
33.8415
33.673
33.5037
33.3329
33.1607
32.9881
32.8169
32.649
32.4835
32.3166
32.1473
31.9764
31.8039
31.6315
31.4633
31.2978
31.1323
30.9676
30.8015
30.6317
30.4617
30.2927
30.1228
29.9535
29.7859
29.6184
29.45
29.2811
29.1127
28.945
28.7762
28.6067
28.439
28.2706
28.0994
27.9274
27.7553
27.5825
27.4101
27.2402
27.0726
26.9061
26.741
26.5765
26.4105
26.2427
26.0726
25.8998
25.7251
25.5492
25.3728
25.1973
25.0231
24.8498
24.6795
24.5123
24.3459
24.18
24.0156
23.8504
23.6829
23.5148
23.3456
23.173
22.9978
22.8217
22.6446
22.4663
22.2868
22.1069
21.9276
21.7491
21.5706
21.3936
21.2192
21.0458
20.8736
20.7039
20.5353
20.3676
20.2016
20.036
19.8703
19.7061
19.5425
19.3776
19.2127
19.0487
18.8836
18.7172
18.5509
18.3842
18.2164
18.0484
17.8802
17.7114
17.542
17.3723
17.2023
17.0318
16.8612
16.6909
16.5204
16.3488
16.1775
16.0072
15.8362
15.6641
15.4937
15.3242
15.153
14.9818
14.8119
14.6411
14.4697
14.2994
14.1295
13.9595
13.7902
13.6209
13.4508
13.2811
13.1123
12.9439
12.7753
12.6065
12.4382
12.2704
12.1018
11.9328
11.7651
11.597
11.4275
11.2587
11.0911
10.9223
10.7527
10.5836
10.4144
10.2449
10.0756
9.90629
9.73717
9.56874
9.40025
9.23146
9.06328
8.89551
8.72732
8.55859
8.38985
8.22174
8.05414
7.8859
7.71675
7.54787
7.37946
7.2102
7.04005
6.87043
6.70145
6.53183
6.36127
6.19111
6.02194
5.85256
5.68263
5.5133
5.34414
5.17421
5.00445
4.83527
4.66553
4.49552
4.32625
4.1567
3.98609
3.81577
3.6463
3.47656
3.30621
3.13609
2.9668
2.79757
2.62763
2.45783
2.28862
2.11925
1.94918
1.77922
1.60934
1.4385
1.2679
1.09894
0.930305
0.76058
0.591041
0.422655
0.25409
0.0850705
27.7627
-3164.66
-985.633
578.239
531.415
65.2234
-93.8841
-16.9902
58.6941
64.7444
44.5473
34.8883
37.0069
40.5184
41.0827
40.1005
39.3985
39.268
39.2715
39.1616
38.962
38.7581
38.5874
38.4234
38.2551
38.0905
37.92
37.7477
37.5794
37.4087
37.2362
37.0647
36.8937
36.7255
36.5595
36.3911
36.2194
36.0466
35.8731
35.7022
35.5364
35.3697
35.2003
35.0302
34.8589
34.6884
34.5197
34.3497
34.1789
34.0098
33.8414
33.6722
33.5019
33.3303
33.1587
32.988
32.8181
32.6502
32.4843
32.3172
32.1468
31.9746
31.8021
31.6303
31.4626
31.2989
31.1346
30.9689
30.8018
30.6313
30.4598
30.2904
30.1217
29.953
29.7853
29.6181
29.4505
29.2818
29.1127
28.9446
28.7762
28.606
28.4363
28.2674
28.0973
27.926
27.7548
27.5835
27.4117
27.2412
27.0731
26.9064
26.7408
26.5761
26.41
26.2415
26.071
25.8979
25.7231
25.5475
25.3715
25.1966
25.0233
24.851
24.6804
24.5129
24.3468
24.1806
24.0153
23.8503
23.6829
23.5136
23.344
23.1725
22.998
22.8213
22.6435
22.4648
22.2856
22.1059
21.9268
21.7492
21.5714
21.3939
21.2188
21.0456
20.8735
20.7038
20.5355
20.3678
20.2014
20.036
19.8703
19.7054
19.5421
19.3781
19.213
19.0482
18.8832
18.7167
18.55
18.3833
18.2159
18.048
17.8799
17.7111
17.5416
17.3716
17.2016
17.0316
16.861
16.6905
16.5202
16.3488
16.1767
16.0061
15.8363
15.6648
15.4933
15.3234
15.1528
14.9813
14.8111
14.6411
14.4702
14.2996
14.1294
13.9589
13.7892
13.6204
13.4511
13.2814
13.1122
12.9435
12.7751
12.6064
12.4377
12.2699
12.1019
11.9327
11.7642
11.5967
11.4278
11.2585
11.0903
10.9222
10.753
10.5836
10.4143
10.2448
10.0755
9.90613
9.73673
9.56817
9.40019
9.23176
9.06314
8.89496
8.72706
8.55895
8.39024
8.22137
8.05321
7.88545
7.717
7.54802
7.37941
7.21055
7.0404
6.86969
6.69986
6.53084
6.36143
6.19146
6.02191
5.85253
5.68252
5.5127
5.34355
5.17406
5.00423
4.83489
4.66538
4.49522
4.32558
4.15648
3.98653
3.81589
3.64569
3.47588
3.30578
3.13549
2.96594
2.79721
2.62805
2.45822
2.28846
2.11884
1.94876
1.77868
1.60914
1.43885
1.26779
1.098
0.929767
0.761115
0.591491
0.422225
0.253433
0.08483
27.7612
-3164.66
-985.633
578.245
531.417
65.2181
-93.8844
-16.9823
58.7009
64.7431
44.5418
34.8848
37.0095
40.5205
41.0799
40.0984
39.4019
39.2768
39.2775
39.1588
38.9583
38.7553
38.5862
38.4276
38.258
38.0888
37.9203
37.7492
37.5804
37.4098
37.2363
37.0644
36.895
36.7279
36.5619
36.3929
36.2186
36.0447
35.8738
35.7048
35.5382
35.3706
35.1998
35.0293
34.8593
34.6894
34.5212
34.3518
34.1798
34.0088
33.84
33.6715
33.5024
33.331
33.1586
32.9883
32.8201
32.6526
32.4856
32.3167
32.1449
31.9725
31.8023
31.6333
31.4658
31.3004
31.1349
30.9683
30.8014
30.6322
30.4606
30.29
30.1211
29.9531
29.7857
29.619
29.4521
29.2839
29.1139
28.9442
28.7756
28.6061
28.4363
28.2671
28.0974
27.9261
27.7546
27.5836
27.4129
27.243
27.0754
26.909
26.7425
26.5763
26.4091
26.24
26.0692
25.8965
25.7224
25.5475
25.3721
25.1971
25.024
24.8522
24.6812
24.5131
24.3475
24.1821
24.0165
23.8512
23.6843
23.5143
23.3431
23.171
22.997
22.821
22.6437
22.4654
22.2865
22.1065
21.9264
21.7481
21.5714
21.3949
21.2198
21.0467
20.8745
20.7043
20.5362
20.3687
20.2021
20.0369
19.8716
19.706
19.5418
19.378
19.2133
19.0482
18.8833
18.7173
18.5505
18.3837
18.2164
18.0481
17.8795
17.7108
17.5417
17.3721
17.2022
17.032
16.8612
16.6901
16.5198
16.3496
16.1778
16.006
15.8357
15.6652
15.4939
15.3237
15.1536
14.9821
14.8108
14.6405
14.4699
14.2997
14.1302
13.9601
13.7898
13.6202
13.451
13.2816
13.1124
12.9437
12.7755
12.6073
12.4383
12.2699
12.1021
11.9333
11.7643
11.5965
11.4284
11.2592
11.0902
10.9218
10.7529
10.5835
10.4141
10.2446
10.0756
9.90681
9.73751
9.56824
9.39976
9.23161
9.06332
8.89501
8.72682
8.55881
8.39066
8.22211
8.05366
7.88566
7.71726
7.54789
7.37861
7.21004
7.04112
6.87112
6.70076
6.53091
6.36129
6.19134
6.02166
5.85259
5.68316
5.51327
5.34373
5.17415
5.00421
4.83483
4.66582
4.49594
4.32572
4.15624
3.98671
3.81633
3.64582
3.476
3.30661
3.13662
2.96623
2.79669
2.6279
2.45881
2.28924
2.11946
1.94909
1.77845
1.60882
1.43948
1.26886
1.09804
0.928939
0.760989
0.592339
0.42292
0.253559
0.0847746
27.7638
-3164.65
-985.627
578.247
531.416
65.221
-93.8853
-16.9917
58.6948
64.749
44.5524
34.8876
37.0053
40.5166
41.0774
40.0993
39.4044
39.2754
39.2728
39.1538
38.9592
38.7605
38.5872
38.427
38.2578
38.0874
37.9195
37.7483
37.5768
37.4057
37.2341
37.0648
36.898
36.7303
36.5605
36.3885
36.2143
36.0424
35.8749
35.7078
35.5388
35.3682
35.1968
35.0275
34.8596
34.6901
34.52
34.3505
34.1801
34.0098
33.8404
33.6705
33.5001
33.329
33.1575
32.9882
32.821
32.6536
32.4858
32.3166
32.1447
31.9713
31.8003
31.6325
31.4665
31.3021
31.1368
30.9686
30.7996
30.63
30.4591
30.2888
30.1206
29.9535
29.7864
29.619
29.4515
29.2837
29.1143
28.9438
28.7742
28.6045
28.4344
28.2651
28.096
27.9259
27.7547
27.584
27.4137
27.2438
27.0754
26.9089
26.7426
26.5759
26.4085
26.2392
26.0678
25.8947
25.7205
25.5462
25.3715
25.1968
25.0238
24.8527
24.6826
24.514
24.348
24.1827
24.0164
23.8501
23.6832
23.5141
23.3428
23.1703
22.9964
22.8205
22.6427
22.4637
22.2849
22.1063
21.9269
21.7482
21.5712
21.3948
21.2195
21.0466
20.8751
20.7049
20.5365
20.369
20.2018
20.0361
19.8713
19.7064
19.5419
19.3782
19.2136
19.0479
18.8824
18.7165
18.5498
18.3829
18.2159
18.0483
17.8798
17.7107
17.5411
17.3711
17.2011
17.0315
16.8616
16.6905
16.5191
16.3485
16.1775
16.0059
15.8354
15.6655
15.4942
15.323
15.1528
14.9821
14.811
14.6406
14.4701
14.2993
14.1293
13.9598
13.7899
13.6202
13.4509
13.2817
13.1124
12.9433
12.7749
12.607
12.4383
12.2694
12.1015
11.9334
11.7644
11.5959
11.4281
11.2596
11.0905
10.9217
10.7528
10.5835
10.4141
10.2445
10.075
9.9062
9.73755
9.56867
9.40008
9.23176
9.06332
8.89485
8.72654
8.55849
8.39046
8.22195
8.05317
7.88497
7.71719
7.54862
7.37913
7.20969
7.04039
6.8706
6.70038
6.53055
6.3613
6.19174
6.02171
5.85205
5.6826
5.5129
5.34345
5.17413
5.00415
4.83419
4.66512
4.49589
4.32579
4.15583
3.98637
3.81657
3.64599
3.47528
3.3055
3.13638
2.96681
2.79681
2.62726
2.45812
2.28892
2.11967
1.94971
1.77854
1.60783
1.43869
1.26941
1.09892
0.928706
0.760068
0.592026
0.423241
0.253752
0.0847574
27.7665
-3164.65
-985.628
578.247
531.422
65.2238
-93.8827
-16.9861
58.6978
64.7498
44.5553
34.8913
37.0042
40.5123
41.0769
40.1022
39.4062
39.2748
39.274
39.1552
38.959
38.7617
38.5878
38.4287
38.2619
38.0888
37.9185
37.7481
37.577
37.4063
37.2359
37.0674
36.9005
36.7316
36.5597
36.3877
36.2163
36.0457
35.8769
35.7082
35.5387
35.3685
35.1975
35.0275
34.8593
34.6907
34.5209
34.3512
34.181
34.0104
33.8402
33.6699
33.4994
33.329
33.1584
32.9894
32.8225
32.6552
32.4856
32.3148
32.1434
31.9718
31.8022
31.6353
31.4689
31.3028
31.1367
30.9685
30.7991
30.6297
30.4592
30.2887
30.1202
29.9539
29.7883
29.6216
29.4532
29.2839
29.1137
28.9429
28.7732
28.6046
28.4354
28.2655
28.0957
27.9256
27.7549
27.5845
27.4151
27.246
27.0774
26.9101
26.7431
26.5756
26.4074
26.2379
26.0668
25.894
25.72
25.5459
25.3719
25.1978
25.0246
24.8534
24.6835
24.5147
24.3483
24.1837
24.0181
23.8511
23.6833
23.5138
23.3423
23.1693
22.9952
22.82
22.6431
22.4643
22.2849
22.1061
21.9271
21.7483
21.5714
21.3958
21.2208
21.0474
20.8757
20.7054
20.537
20.37
20.2031
20.0368
19.8718
19.7071
19.5422
19.378
19.2137
19.0483
18.8824
18.7165
18.55
18.3831
18.2157
18.048
17.8795
17.7105
17.5413
17.3718
17.2015
17.0313
16.8614
16.6909
16.5196
16.3487
16.1779
16.006
15.8346
15.6649
15.495
15.3241
15.1533
14.9822
14.8107
14.6401
14.4702
14.3
14.1299
13.9601
13.7902
13.6203
13.4509
13.2819
13.1131
12.944
12.7752
12.6073
12.4391
12.2699
12.1012
11.9332
11.7646
11.5958
11.4278
11.2597
11.0908
10.9218
10.7527
10.5834
10.4141
10.2446
10.0749
9.90595
9.73748
9.5688
9.40005
9.23161
9.06338
8.8951
8.72667
8.55839
8.39063
8.22288
8.05435
7.88532
7.71659
7.54795
7.37883
7.20958
7.04058
6.87132
6.70121
6.53068
6.36079
6.19147
6.02202
5.85252
5.68304
5.51316
5.34335
5.17415
5.00474
4.83475
4.66513
4.49596
4.32627
4.1561
3.98614
3.8165
3.64665
3.47612
3.30547
3.13576
2.96688
2.79774
2.62815
2.45844
2.28859
2.11911
1.94992
1.77954
1.60815
1.43791
1.269
1.09976
0.929715
0.760071
0.591537
0.42321
0.254088
0.0849733
27.7691
-3164.65
-985.622
578.25
531.418
65.2193
-93.8874
-16.9889
58.6987
64.7493
44.55
34.886
37.0022
40.5127
41.0785
40.1022
39.4051
39.2737
39.2742
39.1549
38.956
38.7605
38.5883
38.4279
38.2616
38.0872
37.9145
37.7447
37.5761
37.4084
37.2391
37.0685
36.8979
36.7263
36.554
36.3839
36.216
36.0482
35.8793
35.7085
35.5374
35.3672
35.1971
35.027
34.8576
34.6885
34.5194
34.3506
34.1818
34.0119
33.8408
33.6691
33.4977
33.3274
33.1581
32.9895
32.8222
32.655
32.4856
32.3147
32.1436
31.9721
31.8018
31.6347
31.4691
31.3032
31.1368
30.9684
30.7981
30.6281
30.4585
30.2888
30.1201
29.953
29.7874
29.6217
29.4538
29.2843
29.1138
28.9424
28.7715
28.6025
28.4341
28.2651
28.0955
27.9255
27.7548
27.5843
27.4151
27.2465
27.0782
26.9105
26.7431
26.5752
26.4065
26.2366
26.0654
25.8929
25.7193
25.5451
25.3712
25.1976
25.0246
24.8535
24.6845
24.5162
24.349
24.1834
24.0176
23.8505
23.6825
23.5133
23.3422
23.1692
22.9946
22.8186
22.6417
22.4634
22.2843
22.1057
21.9274
21.7487
21.571
21.3951
21.2206
21.0478
20.8768
20.7065
20.5373
20.3697
20.2029
20.0366
19.8715
19.7071
19.5424
19.3779
19.2135
19.0483
18.8823
18.716
18.5495
18.3828
18.2156
18.0479
17.8795
17.7102
17.5407
17.3712
17.2013
17.031
16.8609
16.6906
16.5193
16.348
16.1778
16.0071
15.8354
15.6644
15.4941
15.3234
15.153
14.9826
14.8115
14.6402
14.4697
14.2995
14.1295
13.9599
13.7903
13.6205
13.4508
13.2814
13.1126
12.9437
12.7748
12.6066
12.4389
12.2704
12.1016
11.9334
11.7651
11.5961
11.4273
11.2591
11.0905
10.9217
10.7528
10.5836
10.4143
10.245
10.0753
9.90589
9.73719
9.56879
9.40028
9.2317
9.06322
8.89494
8.72664
8.55807
8.38963
8.22173
8.05394
7.88572
7.7173
7.54868
7.37931
7.20927
7.03945
6.87028
6.70116
6.53136
6.3613
6.1915
6.0217
5.85188
5.6824
5.51288
5.34307
5.1736
5.00442
4.83481
4.66498
4.49556
4.32611
4.1561
3.98579
3.81569
3.64604
3.47642
3.30623
3.1359
2.96626
2.79717
2.62809
2.45882
2.28891
2.11872
1.9493
1.77987
1.60907
1.43791
1.2681
1.09933
0.930312
0.760735
0.591484
0.422855
0.2539
0.0849089
27.7719
-3164.64
-985.614
578.26
531.425
65.2226
-93.8831
-16.9852
58.6996
64.7495
44.5537
34.8931
37.007
40.5132
41.0772
40.1016
39.4054
39.274
39.275
39.1571
38.9577
38.7631
38.5912
38.4282
38.2613
38.0873
37.9144
37.7458
37.5782
37.4105
37.2408
37.0689
36.8977
36.7273
36.5558
36.3856
36.2171
36.0488
35.8803
35.71
35.5385
35.3675
35.1967
35.0265
34.8574
34.6888
34.5203
34.3515
34.1821
34.0119
33.8405
33.6685
33.4974
33.3279
33.1595
32.9912
32.8228
32.6544
32.4847
32.3135
32.1431
31.9737
31.8046
31.637
31.4703
31.3029
31.1355
30.9677
30.798
30.6278
30.4584
30.2896
30.1216
29.9546
29.7883
29.6221
29.454
29.2838
29.113
28.9424
28.772
28.6027
28.434
28.2649
28.0952
27.9254
27.7555
27.5854
27.416
27.2473
27.0789
26.9111
26.7434
26.5751
26.406
26.2358
26.0645
25.8921
25.719
25.5453
25.3716
25.1982
25.0253
24.8539
24.6849
24.5173
24.3503
24.1843
24.0184
23.8511
23.6821
23.5121
23.3411
23.1685
22.9941
22.8182
22.6414
22.4636
22.2845
22.1055
21.9274
21.7495
21.5721
21.3962
21.2215
21.0482
20.877
20.7072
20.5383
20.3706
20.2039
20.0375
19.8719
19.7074
19.5429
19.378
19.2131
19.048
18.8822
18.7159
18.5494
18.3826
18.2153
18.0475
17.8791
17.7101
17.5408
17.3714
17.2017
17.0312
16.8607
16.6904
16.5195
16.3479
16.177
16.0067
15.8358
15.6649
15.4946
15.3239
15.1527
14.9818
14.8111
14.6404
14.4702
14.3001
14.1299
13.9601
13.7906
13.6211
13.4515
13.2822
13.1132
12.9444
12.7753
12.6064
12.4383
12.27
12.1011
11.9326
11.7647
11.5965
11.4279
11.2594
11.0908
10.9217
10.7524
10.5829
10.4135
10.2445
10.0754
9.90607
9.73717
9.56875
9.4004
9.23195
9.06349
8.89523
8.72715
8.55887
8.39035
8.22209
8.05403
7.88548
7.71648
7.54774
7.3792
7.21005
7.04011
6.87012
6.70059
6.53101
6.36117
6.19159
6.02222
5.8526
5.68295
5.51337
5.34352
5.17372
5.00442
4.83508
4.66531
4.49562
4.3262
4.15656
3.98645
3.81601
3.64569
3.47585
3.30615
3.13627
2.96645
2.79703
2.62793
2.45892
2.28934
2.11885
1.94852
1.77915
1.60954
1.43877
1.26814
1.09879
0.93022
0.761385
0.592151
0.423095
0.254052
0.0854015
27.7725
-3164.65
-985.624
578.25
531.424
65.2279
-93.881
-16.9879
58.6926
64.7408
44.5488
34.8925
37.01
40.5174
41.0796
40.1018
39.4037
39.2711
39.2728
39.1562
38.9549
38.7591
38.5894
38.4273
38.2609
38.0881
37.9152
37.747
37.5794
37.4101
37.2391
37.0663
36.8945
36.7246
36.5543
36.3849
36.2175
36.0495
35.8803
35.7092
35.5372
35.3667
35.197
35.0273
34.8577
34.6881
34.5192
34.351
34.1821
34.012
33.8406
33.6684
33.4971
33.3276
33.1594
32.9914
32.8223
32.6535
32.4846
32.3143
32.1434
31.9734
31.8043
31.6367
31.4706
31.3037
31.1355
30.9667
30.797
30.6269
30.4577
30.2894
30.122
29.955
29.7882
29.6213
29.4535
29.2837
29.1127
28.9418
28.7716
28.6024
28.434
28.2651
28.0953
27.925
27.7549
27.5852
27.416
27.2476
27.0795
26.9114
26.7434
26.5748
26.4052
26.2348
26.0635
25.8914
25.7186
25.5451
25.3713
25.1979
25.0254
24.8541
24.6851
24.518
24.3511
24.1843
24.0178
23.8506
23.6819
23.5119
23.3408
23.1683
22.9939
22.8175
22.6399
22.462
22.2836
22.105
21.927
21.7494
21.5722
21.3962
21.2219
21.049
20.8777
20.7077
20.5385
20.3705
20.2039
20.038
19.8724
19.7076
19.543
19.3781
19.2131
19.0481
18.8824
18.7161
18.5493
18.3822
18.2149
18.0474
17.8792
17.7102
17.5405
17.3707
17.2013
17.0313
16.8607
16.6901
16.5194
16.348
16.1769
16.0066
15.8361
15.6649
15.4941
15.3237
15.1531
14.9825
14.8117
14.6406
14.4697
14.2994
14.1293
13.9592
13.7895
13.62
13.4508
13.2818
13.1132
12.945
12.7764
12.6074
12.4389
12.2708
12.1021
11.9331
11.7645
11.5961
11.4275
11.2589
11.0904
10.9216
10.7528
10.5838
10.4144
10.245
10.0756
9.90617
9.73694
9.56828
9.39996
9.23156
9.063
8.89457
8.72654
8.55857
8.39014
8.22157
8.05356
7.88583
7.71753
7.54852
7.37924
7.20985
7.04013
6.8702
6.70055
6.53109
6.36127
6.19125
6.02146
5.85182
5.68226
5.51283
5.34318
5.17327
5.00374
4.83467
4.66541
4.49576
4.326
4.15624
3.98634
3.81619
3.64589
3.47584
3.30628
3.13685
2.96718
2.79739
2.62783
2.45867
2.28958
2.11963
1.9488
1.77844
1.60897
1.43928
1.26888
1.09876
0.929664
0.761059
0.592177
0.423019
0.252984
0.0853949
27.8026
-3164.59
-985.597
578.237
531.411
65.2292
-93.876
-16.9826
58.7008
64.748
44.5496
34.8894
37.0087
40.5182
41.0785
40.0998
39.4042
39.2736
39.2748
39.1581
38.9574
38.7612
38.5907
38.4261
38.2578
38.0873
37.9174
37.7495
37.5805
37.409
37.2376
37.0667
36.896
36.7264
36.5563
36.3862
36.2179
36.0502
35.8814
35.7104
35.5373
35.3648
35.194
35.0252
34.8581
34.6907
34.5219
34.3517
34.1806
34.0097
33.8393
33.6688
33.4983
33.3285
33.1599
32.9919
32.8229
32.653
32.4835
32.3138
32.1438
31.9745
31.8056
31.6374
31.4704
31.3036
31.1357
30.9669
30.7972
30.6268
30.4573
30.2895
30.123
29.9568
29.7896
29.6211
29.4518
29.2819
29.1119
28.9421
28.7723
28.6025
28.4332
28.2642
28.0951
27.9256
27.756
27.5863
27.4167
27.2476
27.0791
26.911
26.743
26.5748
26.4055
26.2349
26.063
25.8904
25.7176
25.5446
25.3716
25.199
25.0269
24.8556
24.686
24.5186
24.3519
24.1848
24.0174
23.8497
23.681
23.5109
23.3395
23.1669
22.993
22.8175
22.6404
22.4624
22.284
22.1054
21.9273
21.7499
21.5731
21.3971
21.2225
21.0496
20.8784
20.7086
20.5397
20.3715
20.2045
20.0383
19.8725
19.7075
19.5428
19.3779
19.2124
19.047
18.8816
18.7159
18.5496
18.3826
18.2148
18.0466
17.8782
17.7095
17.5404
17.3707
17.201
17.0312
16.8609
16.6902
16.5194
16.3482
16.1768
16.0062
15.836
15.6653
15.4942
15.3232
15.1522
14.9814
14.8112
14.6411
14.471
14.3011
14.1312
13.9613
13.7912
13.6212
13.4512
13.2814
13.112
12.9432
12.7748
12.6062
12.4375
12.2694
12.1015
11.9333
11.7651
11.5969
11.4283
11.2594
11.0904
10.9212
10.7517
10.5823
10.413
10.2443
10.0758
9.90711
9.73807
9.56919
9.4007
9.23234
9.06385
8.89528
8.72698
8.55904
8.39087
8.22208
8.05318
7.8846
7.71608
7.54733
7.37842
7.20944
7.04013
6.87037
6.70055
6.53104
6.36166
6.19216
6.02251
5.85268
5.68289
5.51344
5.34405
5.17425
5.00427
4.8346
4.6651
4.49546
4.32568
4.15584
3.98592
3.81589
3.64573
3.47545
3.30552
3.13613
2.96686
2.7974
2.6278
2.45814
2.28877
2.11944
1.94932
1.77869
1.60854
1.43909
1.2696
1.09988
0.930544
0.761734
0.593315
0.424585
0.257507
0.0822035
)
;

boundaryField
{
    inlet
    {
        type            calculated;
        value           uniform 5000;
    }
    outlet
    {
        type            calculated;
        value           uniform 0;
    }
    walls
    {
        type            calculated;
        value           nonuniform List<scalar> 
500
(
27.7932
-3164.62
-985.604
578.238
531.395
65.2257
-93.8769
-16.9951
58.6942
64.748
44.5548
34.8952
36.9985
40.5159
41.0815
40.1002
39.405
39.2679
39.2658
39.1568
38.9603
38.7587
38.5908
38.4331
38.2653
38.092
37.919
37.7458
37.5749
37.4119
37.2448
37.0671
36.8891
36.7218
36.5609
36.3918
36.2154
36.0447
35.8801
35.7117
35.5363
35.3611
35.1931
35.0297
34.863
34.6913
34.5185
34.3472
34.1801
34.0155
33.8438
33.6642
33.4913
33.33
33.1702
33.0015
32.822
32.6414
32.4708
32.3105
32.1519
31.9856
31.8113
31.6342
31.4569
31.2844
31.1227
30.9684
30.8108
30.6431
30.4662
30.2861
30.1096
29.942
29.7822
29.6237
29.463
29.2967
29.1216
28.9412
28.7627
28.5875
28.4175
28.2573
28.104
27.9458
27.7776
27.6035
27.4269
27.2458
27.0626
26.8864
26.7197
26.5563
26.3951
26.2378
26.0794
25.915
25.7458
25.573
25.3945
25.2116
25.0295
24.8505
24.6733
24.4985
24.3282
24.1637
24.0029
23.8415
23.6774
23.5104
23.3406
23.1705
23.0014
22.8291
22.6511
22.4712
22.2923
22.1126
21.9323
21.7535
21.5751
21.396
21.2187
21.0443
20.8718
20.7007
20.5314
20.3644
20.1991
20.0332
19.8673
19.7036
19.5411
19.3763
19.2107
19.046
18.8822
18.7185
18.5525
18.3826
18.2137
18.048
17.8813
17.7119
17.5434
17.3748
17.2031
17.0303
16.8602
16.6914
16.5216
16.3501
16.1777
16.0056
15.8345
15.6644
15.4946
15.3242
15.1529
14.9813
14.8101
14.6407
14.4725
14.302
14.1289
13.9586
13.7926
13.6242
13.4513
13.2795
13.1099
12.9405
12.7723
12.6059
12.4391
12.2715
12.1031
11.933
11.7634
11.5962
11.4293
11.2601
11.0897
10.9205
10.753
10.585
10.4157
10.2472
10.0782
9.90643
9.73542
9.56895
9.40332
9.23428
9.06383
8.8948
8.72664
8.55828
8.38965
8.22112
8.0529
7.88392
7.71368
7.54461
7.37814
7.21126
7.04112
6.86927
6.69915
6.53125
6.36262
6.19161
6.02066
5.85172
5.68277
5.51231
5.34291
5.17572
5.00709
4.8349
4.66286
4.49415
4.32583
4.15495
3.98444
3.81642
3.64755
3.47648
3.30616
3.13717
2.96766
2.79748
2.62661
2.45481
2.28451
2.11706
1.94934
1.77915
1.60883
1.44029
1.27116
1.09965
0.928754
0.760751
0.592974
0.42311
0.255826
0.0824583
27.8026
-3164.59
-985.597
578.237
531.411
65.2292
-93.876
-16.9826
58.7008
64.748
44.5496
34.8894
37.0087
40.5182
41.0785
40.0998
39.4042
39.2736
39.2748
39.1581
38.9574
38.7612
38.5907
38.4261
38.2578
38.0873
37.9174
37.7495
37.5805
37.409
37.2376
37.0667
36.896
36.7264
36.5563
36.3862
36.2179
36.0502
35.8814
35.7104
35.5373
35.3648
35.194
35.0252
34.8581
34.6907
34.5219
34.3517
34.1806
34.0097
33.8393
33.6688
33.4983
33.3285
33.1599
32.9919
32.8229
32.653
32.4835
32.3138
32.1438
31.9745
31.8056
31.6374
31.4704
31.3036
31.1357
30.9669
30.7972
30.6268
30.4573
30.2895
30.123
29.9568
29.7896
29.6211
29.4518
29.2819
29.1119
28.9421
28.7723
28.6025
28.4332
28.2642
28.0951
27.9256
27.756
27.5863
27.4167
27.2476
27.0791
26.911
26.743
26.5748
26.4055
26.2349
26.063
25.8904
25.7176
25.5446
25.3716
25.199
25.0269
24.8556
24.686
24.5186
24.3519
24.1848
24.0174
23.8497
23.681
23.5109
23.3395
23.1669
22.993
22.8175
22.6404
22.4624
22.284
22.1054
21.9273
21.7499
21.5731
21.3971
21.2225
21.0496
20.8784
20.7086
20.5397
20.3715
20.2045
20.0383
19.8725
19.7075
19.5428
19.3779
19.2124
19.047
18.8816
18.7159
18.5496
18.3826
18.2148
18.0466
17.8782
17.7095
17.5404
17.3707
17.201
17.0312
16.8609
16.6902
16.5194
16.3482
16.1768
16.0062
15.836
15.6653
15.4942
15.3232
15.1522
14.9814
14.8112
14.6411
14.471
14.3011
14.1312
13.9613
13.7912
13.6212
13.4512
13.2814
13.112
12.9432
12.7748
12.6062
12.4375
12.2694
12.1015
11.9333
11.7651
11.5969
11.4283
11.2594
11.0904
10.9212
10.7517
10.5823
10.413
10.2443
10.0758
9.90711
9.73807
9.56919
9.4007
9.23234
9.06385
8.89528
8.72698
8.55904
8.39087
8.22208
8.05318
7.8846
7.71608
7.54733
7.37842
7.20944
7.04013
6.87037
6.70055
6.53104
6.36166
6.19216
6.02251
5.85268
5.68289
5.51344
5.34405
5.17425
5.00427
4.8346
4.6651
4.49546
4.32568
4.15584
3.98592
3.81589
3.64573
3.47545
3.30552
3.13613
2.96686
2.7974
2.6278
2.45814
2.28877
2.11944
1.94932
1.77869
1.60854
1.43909
1.2696
1.09988
0.930544
0.761734
0.593315
0.424585
0.257507
0.0822035
)
;
    }
    frontAndBack
    {
        type            empty;
    }
}


// ************************************************************************* //
