/*--------------------------------*- C++ -*----------------------------------*\
| =========                 |                                                 |
| \\      /  F ield         | OpenFOAM: The Open Source CFD Toolbox           |
|  \\    /   O peration     | Version:  2406                                  |
|   \\  /    A nd           | Website:  www.openfoam.com                      |
|    \\/     M anipulation  |                                                 |
\*---------------------------------------------------------------------------*/
FoamFile
{
    version     2.0;
    format      ascii;
    arch        "LSB;label=32;scalar=64";
    class       surfaceScalarField;
    location    "0.4";
    object      phi;
}
// * * * * * * * * * * * * * * * * * * * * * * * * * * * * * * * * * * * * * //

dimensions      [0 3 -1 0 0 0 0];

oriented        oriented;

internalField   nonuniform List<scalar> 
7780
(
9.39876e-07
-5.6677e-13
9.39877e-07
-5.22082e-13
9.39878e-07
-3.6322e-13
9.39878e-07
-6.59067e-13
9.39878e-07
-6.52182e-13
9.39878e-07
-3.91167e-13
9.39879e-07
-1.46556e-13
9.39879e-07
-1.53519e-14
9.39879e-07
5.47662e-14
9.39879e-07
9.35357e-14
9.39879e-07
-9.72549e-14
9.39878e-07
-1.36129e-13
9.39878e-07
-1.27193e-13
9.39878e-07
-2.28353e-13
9.39878e-07
-1.99902e-13
9.39878e-07
-1.95883e-13
9.39878e-07
-4.04848e-14
9.39878e-07
-1.04707e-13
9.39878e-07
-8.67833e-14
9.39878e-07
-3.62974e-14
9.39878e-07
-6.00649e-14
9.39878e-07
6.20766e-15
9.39878e-07
-1.70452e-13
9.39878e-07
-3.26717e-13
9.39878e-07
-7.83184e-14
9.39879e-07
2.18146e-13
9.39878e-07
1.55743e-13
9.39878e-07
1.14251e-13
9.39878e-07
2.31599e-13
9.39878e-07
2.12071e-13
9.39878e-07
-1.86136e-15
9.39878e-07
-1.0361e-13
9.39878e-07
3.11081e-14
9.39878e-07
1.89133e-13
9.39878e-07
1.65609e-13
9.39877e-07
8.58089e-14
9.39877e-07
1.71747e-13
9.39877e-07
2.70144e-13
9.39877e-07
1.93818e-13
9.39877e-07
8.23223e-14
9.39877e-07
1.09249e-13
9.39877e-07
1.77514e-13
9.39877e-07
1.36829e-13
9.39877e-07
4.51556e-14
9.39877e-07
2.70504e-14
9.39877e-07
9.51204e-14
9.39876e-07
2.42688e-13
9.39876e-07
4.11694e-13
9.39875e-07
4.92563e-13
9.39875e-07
4.53152e-13
9.39875e-07
3.78708e-13
9.39874e-07
3.3969e-13
9.39874e-07
2.82506e-13
9.39874e-07
1.69983e-13
9.39873e-07
9.1593e-14
9.39873e-07
1.13721e-13
9.39873e-07
1.56674e-13
9.39873e-07
1.48571e-13
9.39873e-07
1.31209e-13
9.39873e-07
2.02985e-13
9.39872e-07
3.56371e-13
9.39872e-07
4.13659e-13
9.39872e-07
2.74303e-13
9.39872e-07
6.23656e-14
9.39872e-07
-3.63931e-14
9.39872e-07
-1.36225e-14
9.39871e-07
5.45907e-14
9.39871e-07
1.56596e-13
9.39871e-07
2.33756e-13
9.39871e-07
1.68235e-13
9.39871e-07
1.54381e-15
9.39871e-07
-1.02737e-13
9.39871e-07
-1.06638e-13
9.39872e-07
-1.17293e-13
9.39872e-07
-1.77431e-13
9.39872e-07
-1.89362e-13
9.39872e-07
-1.24768e-13
9.39873e-07
-1.25728e-13
9.39873e-07
-2.66777e-13
9.39873e-07
-4.20437e-13
9.39873e-07
-4.79282e-13
9.39874e-07
-4.65161e-13
9.39874e-07
-4.05848e-13
9.39875e-07
-3.40805e-13
9.39876e-07
-3.53984e-13
9.39876e-07
-4.73292e-13
9.39877e-07
-5.87079e-13
9.39877e-07
-5.59532e-13
9.39878e-07
-4.1411e-13
9.39878e-07
-3.08895e-13
9.39879e-07
-3.13213e-13
9.39879e-07
-3.36305e-13
9.39879e-07
-3.07781e-13
9.39879e-07
-2.34555e-13
9.39879e-07
-1.3338e-13
9.39879e-07
-5.26301e-14
9.39879e-07
-8.02729e-14
9.39879e-07
-1.73237e-13
9.39879e-07
-2.0204e-13
9.39879e-07
-1.17477e-13
9.39879e-07
-1.2972e-14
9.39879e-07
1.04372e-14
9.39879e-07
-2.01636e-14
9.39879e-07
-1.06404e-14
9.3988e-07
4.33691e-14
9.3988e-07
7.17405e-14
9.3988e-07
4.67054e-14
9.3988e-07
-1.33784e-14
9.3988e-07
-1.1615e-13
9.3988e-07
-2.13827e-13
9.3988e-07
-1.93312e-13
9.3988e-07
-4.84216e-14
9.39881e-07
4.17811e-14
9.39881e-07
-7.6047e-14
9.39881e-07
-3.15722e-13
9.39881e-07
-4.6674e-13
9.39882e-07
-4.75263e-13
9.39882e-07
-4.21456e-13
9.39882e-07
-3.59599e-13
9.39882e-07
-3.08254e-13
9.39883e-07
-2.98696e-13
9.39883e-07
-3.13808e-13
9.39883e-07
-2.81638e-13
9.39883e-07
-2.04874e-13
9.39883e-07
-1.7707e-13
9.39883e-07
-2.12521e-13
9.39883e-07
-2.22577e-13
9.39883e-07
-1.53349e-13
9.39883e-07
-5.33802e-14
9.39883e-07
4.02989e-15
9.39883e-07
-1.16947e-14
9.39883e-07
-8.60129e-14
9.39883e-07
-1.88148e-13
9.39883e-07
-2.18627e-13
9.39883e-07
-1.29725e-13
9.39883e-07
-4.87127e-14
9.39883e-07
-1.11584e-13
9.39883e-07
-2.69112e-13
9.39883e-07
-3.91681e-13
9.39883e-07
-4.52389e-13
9.39884e-07
-5.1754e-13
9.39884e-07
-5.9378e-13
9.39885e-07
-5.62756e-13
9.39885e-07
-4.01337e-13
9.39885e-07
-2.68986e-13
9.39885e-07
-2.48281e-13
9.39885e-07
-2.61131e-13
9.39886e-07
-2.69034e-13
9.39886e-07
-2.83767e-13
9.39886e-07
-2.28932e-13
9.39886e-07
-4.71245e-14
9.39886e-07
1.26951e-13
9.39887e-07
1.02479e-13
9.39887e-07
-1.29491e-13
9.39887e-07
-3.4012e-13
9.39887e-07
-3.6426e-13
9.39887e-07
-2.71841e-13
9.39887e-07
-1.41268e-13
9.39887e-07
3.45661e-14
9.39887e-07
1.36573e-13
9.39887e-07
2.22281e-14
9.39887e-07
-2.02014e-13
9.39887e-07
-3.0684e-13
9.39887e-07
-2.45715e-13
9.39888e-07
-1.58745e-13
9.39888e-07
-1.3493e-13
9.39888e-07
-1.42977e-13
9.39888e-07
-1.17269e-13
9.39888e-07
-5.15864e-14
9.39888e-07
3.75127e-15
9.39888e-07
2.92706e-14
9.39888e-07
1.34392e-14
9.39888e-07
-4.28624e-14
9.39888e-07
-5.77834e-14
9.39888e-07
-1.20341e-14
9.39889e-07
-2.80092e-14
9.39889e-07
-1.65802e-13
9.39889e-07
-3.01934e-13
9.39889e-07
-2.51431e-13
9.3989e-07
-1.07705e-13
9.3989e-07
-1.98036e-13
9.3989e-07
-4.04521e-13
9.3989e-07
-3.97198e-13
9.3989e-07
-2.00602e-13
9.3989e-07
1.182e-14
9.39891e-07
9.72575e-14
9.39891e-07
2.2145e-14
9.39891e-07
-4.06544e-14
9.39891e-07
-5.05416e-14
9.39891e-07
-3.61429e-14
9.39891e-07
5.28996e-14
9.39892e-07
7.36014e-14
9.39892e-07
3.02755e-14
9.39892e-07
1.73857e-13
9.39892e-07
2.77643e-13
9.39891e-07
2.47571e-13
9.3989e-07
5.71657e-13
9.39889e-07
1.34383e-12
9.39888e-07
2.00533e-12
1.67377e-12
2.62868e-06
-9.38058e-13
2.62868e-06
-1.55216e-12
2.62868e-06
-1.70329e-12
2.62868e-06
-1.32232e-12
2.62868e-06
-1.4156e-12
2.62868e-06
-1.13558e-12
2.62868e-06
-6.5349e-13
2.62868e-06
-4.39915e-13
2.62868e-06
-2.42162e-13
2.62868e-06
1.46149e-14
2.62868e-06
-2.18854e-13
2.62868e-06
-4.07078e-13
2.62868e-06
-1.89694e-13
2.62868e-06
-1.63628e-13
2.62868e-06
-3.10889e-13
2.62868e-06
-4.72824e-13
2.62868e-06
-5.71431e-13
2.62868e-06
-5.57589e-13
2.62868e-06
-4.6816e-13
2.62868e-06
-2.6728e-13
2.62868e-06
-3.1523e-13
2.62868e-06
-1.99901e-13
2.62868e-06
1.93156e-13
2.62868e-06
4.6806e-13
2.62868e-06
5.38955e-13
2.62868e-06
3.67586e-13
2.62868e-06
7.00883e-14
2.62868e-06
-1.47378e-13
2.62868e-06
-1.81128e-13
2.62868e-06
-1.85719e-14
2.62868e-06
2.10838e-13
2.62868e-06
2.81304e-13
2.62868e-06
2.19728e-13
2.62868e-06
2.79039e-13
2.62868e-06
4.02707e-13
2.62868e-06
3.5836e-13
2.62868e-06
2.49384e-13
2.62868e-06
2.54654e-13
2.62868e-06
3.68173e-13
2.62868e-06
4.85626e-13
2.62868e-06
4.77784e-13
2.62868e-06
3.29007e-13
2.62868e-06
1.74289e-13
2.62868e-06
1.44456e-13
2.62868e-06
2.53807e-13
2.62868e-06
3.70248e-13
2.62868e-06
3.81783e-13
2.62868e-06
3.09968e-13
2.62868e-06
2.13847e-13
2.62868e-06
1.37844e-13
2.62868e-06
1.28242e-13
2.62868e-06
2.26633e-13
2.62868e-06
3.87722e-13
2.62868e-06
4.92534e-13
2.62868e-06
5.29822e-13
2.62868e-06
6.19401e-13
2.62868e-06
8.02351e-13
2.62868e-06
9.42667e-13
2.62868e-06
8.67689e-13
2.62868e-06
6.09204e-13
2.62868e-06
3.54997e-13
2.62868e-06
2.40286e-13
2.62868e-06
2.09398e-13
2.62868e-06
1.65155e-13
2.62868e-06
1.32252e-13
2.62868e-06
1.29854e-13
2.62868e-06
1.40532e-13
2.62868e-06
1.93866e-13
2.62868e-06
3.05656e-13
2.62868e-06
3.31037e-13
2.62868e-06
1.45181e-13
2.62868e-06
-1.27126e-13
2.62868e-06
-2.41005e-13
2.62868e-06
-1.66265e-13
2.62868e-06
-1.0501e-13
2.62868e-06
-1.72961e-13
2.62868e-06
-3.1668e-13
2.62868e-06
-5.01799e-13
2.62868e-06
-7.61481e-13
2.62868e-06
-1.03021e-12
2.62868e-06
-1.1932e-12
2.62868e-06
-1.25362e-12
2.62868e-06
-1.25538e-12
2.62868e-06
-1.1648e-12
2.62868e-06
-9.75194e-13
2.62868e-06
-8.16566e-13
2.62868e-06
-7.99478e-13
2.62868e-06
-8.80479e-13
2.62868e-06
-8.64654e-13
2.62868e-06
-6.81493e-13
2.62868e-06
-4.47055e-13
2.62868e-06
-2.90315e-13
2.62868e-06
-2.56306e-13
2.62868e-06
-3.20396e-13
2.62868e-06
-3.81321e-13
2.62868e-06
-3.19411e-13
2.62868e-06
-1.75725e-13
2.62868e-06
-8.91731e-14
2.62868e-06
-1.26325e-13
2.62868e-06
-1.96303e-13
2.62868e-06
-2.06708e-13
2.62868e-06
-1.7218e-13
2.62868e-06
-1.43439e-13
2.62868e-06
-1.13425e-13
2.62868e-06
-4.3077e-14
2.62868e-06
1.90482e-14
2.62868e-06
4.80111e-14
2.62868e-06
8.56849e-14
2.62868e-06
1.04847e-13
2.62869e-06
-2.52105e-14
2.62869e-06
-3.17734e-13
2.62869e-06
-5.8807e-13
2.62869e-06
-6.90722e-13
2.62869e-06
-7.07455e-13
2.62869e-06
-7.65439e-13
2.62869e-06
-8.32345e-13
2.62869e-06
-8.11381e-13
2.62869e-06
-7.16584e-13
2.62869e-06
-6.08613e-13
2.62869e-06
-5.0482e-13
2.62869e-06
-4.41533e-13
2.62869e-06
-4.64269e-13
2.62869e-06
-5.15257e-13
2.62869e-06
-4.84488e-13
2.62869e-06
-3.87853e-13
2.62869e-06
-3.43689e-13
2.62869e-06
-3.81214e-13
2.62869e-06
-4.32822e-13
2.62869e-06
-4.3836e-13
2.62869e-06
-4.0893e-13
2.62869e-06
-3.77064e-13
2.62869e-06
-3.8027e-13
2.62869e-06
-4.63736e-13
2.62869e-06
-5.88434e-13
2.62869e-06
-6.23104e-13
2.62869e-06
-5.66623e-13
2.62869e-06
-6.05584e-13
2.62869e-06
-8.2982e-13
2.62869e-06
-1.07071e-12
2.62869e-06
-1.11309e-12
2.62869e-06
-9.92023e-13
2.62869e-06
-9.56268e-13
2.62869e-06
-1.08297e-12
2.62869e-06
-1.17579e-12
2.62869e-06
-1.10997e-12
2.62869e-06
-9.40916e-13
2.62869e-06
-7.03799e-13
2.62869e-06
-4.43468e-13
2.62869e-06
-3.10455e-13
2.62869e-06
-3.85806e-13
2.62869e-06
-5.35247e-13
2.62869e-06
-5.74668e-13
2.62869e-06
-4.77837e-13
2.62869e-06
-3.81953e-13
2.62869e-06
-3.22644e-13
2.62869e-06
-2.02677e-13
2.62869e-06
-5.73344e-14
2.62869e-06
-4.34633e-14
2.62869e-06
-1.16807e-13
2.62869e-06
-1.51691e-13
2.62869e-06
-1.90553e-13
2.62869e-06
-3.02139e-13
2.62869e-06
-4.31101e-13
2.62869e-06
-4.95854e-13
2.62869e-06
-5.01726e-13
2.62869e-06
-4.86488e-13
2.62869e-06
-4.27458e-13
2.6287e-06
-2.96393e-13
2.6287e-06
-1.17113e-13
2.6287e-06
2.14268e-14
2.6287e-06
1.00754e-13
2.6287e-06
1.72426e-13
2.6287e-06
1.37762e-13
2.6287e-06
-1.00226e-13
2.6287e-06
-4.02368e-13
2.6287e-06
-5.79622e-13
2.6287e-06
-5.88561e-13
2.6287e-06
-5.65749e-13
2.6287e-06
-5.34751e-13
2.6287e-06
-3.50012e-13
2.6287e-06
-1.29443e-13
2.6287e-06
-8.1581e-14
2.6287e-06
-1.05383e-13
2.6287e-06
-1.07263e-13
2.6287e-06
-7.85826e-14
2.6287e-06
7.46889e-14
2.6287e-06
2.75201e-13
2.6287e-06
3.28226e-13
2.6287e-06
2.05827e-13
2.6287e-06
6.37361e-14
2.6287e-06
1.34376e-13
2.6287e-06
4.31381e-13
2.6287e-06
7.23479e-13
2.6287e-06
9.0994e-13
2.6287e-06
1.07463e-12
2.6287e-06
1.31923e-12
2.62869e-06
1.65379e-12
2.62869e-06
2.24642e-12
2.62869e-06
2.87958e-12
3.0587e-12
4.12736e-06
-2.25059e-12
4.12736e-06
-2.28499e-12
4.12736e-06
-2.42339e-12
4.12736e-06
-2.26522e-12
4.12736e-06
-1.72212e-12
4.12736e-06
-1.54346e-12
4.12736e-06
-1.29617e-12
4.12736e-06
-9.21561e-13
4.12736e-06
-4.57631e-13
4.12736e-06
-3.40263e-13
4.12736e-06
-1.33215e-13
4.12736e-06
-5.53201e-14
4.12736e-06
-2.70388e-13
4.12736e-06
-3.01127e-13
4.12736e-06
-4.44298e-13
4.12736e-06
-4.8378e-13
4.12736e-06
-3.49173e-13
4.12736e-06
-3.29159e-13
4.12736e-06
-2.61126e-13
4.12736e-06
-2.35768e-13
4.12736e-06
-3.57215e-13
4.12736e-06
-2.02924e-13
4.12736e-06
2.21872e-13
4.12736e-06
2.5238e-13
4.12736e-06
1.96631e-13
4.12736e-06
3.17434e-13
4.12736e-06
3.24433e-13
4.12736e-06
1.60299e-13
4.12736e-06
1.89969e-14
4.12736e-06
4.10219e-15
4.12736e-06
1.37993e-13
4.12736e-06
2.67757e-13
4.12736e-06
2.83545e-13
4.12736e-06
3.16021e-13
4.12736e-06
4.58924e-13
4.12736e-06
4.73878e-13
4.12736e-06
3.06116e-13
4.12736e-06
1.93355e-13
4.12736e-06
2.09461e-13
4.12736e-06
2.36452e-13
4.12736e-06
2.04629e-13
4.12736e-06
1.63527e-13
4.12736e-06
1.63385e-13
4.12736e-06
1.75551e-13
4.12736e-06
2.00091e-13
4.12736e-06
2.43446e-13
4.12736e-06
2.64147e-13
4.12736e-06
2.72857e-13
4.12736e-06
3.50625e-13
4.12736e-06
4.86958e-13
4.12736e-06
5.58773e-13
4.12736e-06
5.52313e-13
4.12736e-06
5.85799e-13
4.12736e-06
6.74594e-13
4.12736e-06
7.10913e-13
4.12736e-06
6.73593e-13
4.12736e-06
6.73406e-13
4.12736e-06
7.67005e-13
4.12736e-06
8.43815e-13
4.12736e-06
7.675e-13
4.12736e-06
5.63259e-13
4.12736e-06
3.96902e-13
4.12736e-06
3.49544e-13
4.12736e-06
3.76611e-13
4.12736e-06
4.46588e-13
4.12736e-06
5.45516e-13
4.12736e-06
5.59843e-13
4.12736e-06
4.25224e-13
4.12736e-06
2.66975e-13
4.12736e-06
1.84386e-13
4.12736e-06
7.72714e-14
4.12736e-06
-1.36879e-13
4.12736e-06
-3.46042e-13
4.12736e-06
-4.16432e-13
4.12736e-06
-4.10203e-13
4.12736e-06
-4.88527e-13
4.12736e-06
-6.40024e-13
4.12736e-06
-7.27236e-13
4.12736e-06
-7.40705e-13
4.12736e-06
-7.56609e-13
4.12736e-06
-7.95833e-13
4.12736e-06
-8.77903e-13
4.12736e-06
-1.04509e-12
4.12736e-06
-1.25501e-12
4.12736e-06
-1.37382e-12
4.12736e-06
-1.31989e-12
4.12736e-06
-1.16557e-12
4.12736e-06
-1.05085e-12
4.12736e-06
-1.00519e-12
4.12736e-06
-9.40903e-13
4.12736e-06
-8.19086e-13
4.12736e-06
-6.53047e-13
4.12736e-06
-4.62657e-13
4.12736e-06
-3.06583e-13
4.12736e-06
-2.39418e-13
4.12736e-06
-1.93623e-13
4.12736e-06
-1.10386e-13
4.12736e-06
-3.50853e-14
4.12736e-06
-4.50924e-14
4.12736e-06
-1.13486e-13
4.12736e-06
-1.35047e-13
4.12736e-06
-6.68156e-14
4.12736e-06
2.17886e-14
4.12736e-06
9.21398e-14
4.12736e-06
1.65771e-13
4.12736e-06
2.08118e-13
4.12736e-06
1.42098e-13
4.12736e-06
1.05672e-14
4.12736e-06
-4.25431e-14
4.12736e-06
-6.28225e-15
4.12736e-06
-3.15193e-14
4.12736e-06
-1.88551e-13
4.12736e-06
-3.65878e-13
4.12736e-06
-4.71452e-13
4.12736e-06
-5.62194e-13
4.12736e-06
-6.81157e-13
4.12736e-06
-7.61264e-13
4.12736e-06
-7.62089e-13
4.12736e-06
-7.31546e-13
4.12736e-06
-6.88376e-13
4.12736e-06
-6.30656e-13
4.12736e-06
-6.08856e-13
4.12736e-06
-6.5248e-13
4.12736e-06
-6.7718e-13
4.12736e-06
-5.83764e-13
4.12736e-06
-4.1144e-13
4.12736e-06
-2.90434e-13
4.12736e-06
-3.01939e-13
4.12736e-06
-4.34928e-13
4.12736e-06
-6.27692e-13
4.12736e-06
-7.68554e-13
4.12736e-06
-7.45937e-13
4.12736e-06
-6.35526e-13
4.12736e-06
-6.10523e-13
4.12736e-06
-7.21772e-13
4.12736e-06
-8.65732e-13
4.12736e-06
-1.00681e-12
4.12736e-06
-1.20483e-12
4.12736e-06
-1.44023e-12
4.12736e-06
-1.55644e-12
4.12736e-06
-1.44875e-12
4.12736e-06
-1.26121e-12
4.12736e-06
-1.19981e-12
4.12736e-06
-1.21613e-12
4.12736e-06
-1.15025e-12
4.12736e-06
-1.01635e-12
4.12736e-06
-8.78918e-13
4.12736e-06
-6.87051e-13
4.12736e-06
-4.49317e-13
4.12736e-06
-3.34201e-13
4.12736e-06
-4.56376e-13
4.12736e-06
-6.82184e-13
4.12736e-06
-7.63554e-13
4.12736e-06
-6.33122e-13
4.12736e-06
-4.22526e-13
4.12737e-06
-2.00924e-13
4.12737e-06
1.97427e-15
4.12737e-06
2.91774e-14
4.12737e-06
-1.67808e-13
4.12737e-06
-3.97305e-13
4.12737e-06
-4.86935e-13
4.12736e-06
-4.67988e-13
4.12737e-06
-4.48636e-13
4.12737e-06
-4.71274e-13
4.12737e-06
-5.05697e-13
4.12737e-06
-5.04803e-13
4.12737e-06
-4.3949e-13
4.12737e-06
-3.22473e-13
4.12737e-06
-1.66954e-13
4.12737e-06
-8.81351e-15
4.12737e-06
8.48249e-14
4.12737e-06
1.33522e-13
4.12737e-06
1.33771e-13
4.12737e-06
-3.10681e-15
4.12737e-06
-2.18981e-13
4.12737e-06
-3.57362e-13
4.12737e-06
-3.41509e-13
4.12737e-06
-3.0772e-13
4.12737e-06
-3.88273e-13
4.12737e-06
-3.78395e-13
4.12737e-06
-8.97856e-14
4.12737e-06
2.26072e-13
4.12737e-06
3.46215e-13
4.12737e-06
3.63006e-13
4.12737e-06
3.80045e-13
4.12737e-06
4.45982e-13
4.12737e-06
5.16717e-13
4.12737e-06
5.0453e-13
4.12737e-06
5.56083e-13
4.12737e-06
6.91599e-13
4.12737e-06
7.59236e-13
4.12737e-06
9.78583e-13
4.12737e-06
1.38627e-12
4.12736e-06
1.77405e-12
4.12736e-06
2.44427e-12
4.12736e-06
3.20216e-12
4.12736e-06
3.68359e-12
4.12736e-06
3.93527e-12
4.12736e-06
4.27857e-12
4.11251e-12
5.43671e-06
-1.54976e-12
5.43671e-06
-1.91736e-12
5.43671e-06
-1.77438e-12
5.43671e-06
-1.8274e-12
5.43671e-06
-1.5134e-12
5.43671e-06
-1.14132e-12
5.43671e-06
-8.58147e-13
5.4367e-06
-6.6897e-13
5.4367e-06
-6.21231e-13
5.4367e-06
-4.54622e-13
5.4367e-06
-2.76708e-13
5.4367e-06
-6.41563e-14
5.4367e-06
-1.37352e-13
5.4367e-06
-4.04004e-13
5.4367e-06
-3.88302e-13
5.4367e-06
-5.05466e-13
5.4367e-06
-4.7139e-13
5.4367e-06
-3.53199e-13
5.4367e-06
-3.33645e-13
5.4367e-06
-2.57267e-13
5.4367e-06
-1.05461e-13
5.4367e-06
-4.49111e-14
5.4367e-06
4.62875e-14
5.4367e-06
2.36907e-13
5.4367e-06
2.51567e-13
5.4367e-06
1.39073e-13
5.4367e-06
4.79633e-14
5.4367e-06
1.44841e-13
5.4367e-06
3.669e-13
5.4367e-06
4.71487e-13
5.4367e-06
4.65978e-13
5.4367e-06
4.84028e-13
5.4367e-06
4.78489e-13
5.4367e-06
4.02031e-13
5.4367e-06
3.32473e-13
5.4367e-06
2.8037e-13
5.4367e-06
2.48721e-13
5.4367e-06
2.64699e-13
5.4367e-06
2.82396e-13
5.4367e-06
2.75553e-13
5.4367e-06
2.61864e-13
5.4367e-06
2.08828e-13
5.4367e-06
8.27172e-14
5.4367e-06
-9.13223e-14
5.4367e-06
-1.82087e-13
5.4367e-06
-7.31602e-14
5.4367e-06
1.3927e-13
5.4367e-06
2.44501e-13
5.4367e-06
2.54272e-13
5.4367e-06
3.79176e-13
5.4367e-06
6.36994e-13
5.4367e-06
8.17078e-13
5.4367e-06
8.3264e-13
5.4367e-06
7.92748e-13
5.4367e-06
7.69144e-13
5.4367e-06
7.32568e-13
5.4367e-06
6.7608e-13
5.4367e-06
6.79221e-13
5.4367e-06
7.52151e-13
5.4367e-06
7.58035e-13
5.4367e-06
6.47916e-13
5.4367e-06
5.53058e-13
5.4367e-06
5.82309e-13
5.4367e-06
6.46759e-13
5.4367e-06
6.5858e-13
5.4367e-06
6.79102e-13
5.4367e-06
6.92702e-13
5.4367e-06
5.36057e-13
5.4367e-06
2.02358e-13
5.4367e-06
-9.80562e-14
5.4367e-06
-2.33689e-13
5.4367e-06
-2.7297e-13
5.4367e-06
-3.12649e-13
5.4367e-06
-3.38462e-13
5.4367e-06
-3.39114e-13
5.4367e-06
-4.11747e-13
5.4367e-06
-5.91697e-13
5.4367e-06
-7.50674e-13
5.4367e-06
-8.0561e-13
5.4367e-06
-8.17225e-13
5.4367e-06
-8.43054e-13
5.4367e-06
-8.93964e-13
5.4367e-06
-9.87879e-13
5.4367e-06
-1.13702e-12
5.4367e-06
-1.29624e-12
5.4367e-06
-1.36953e-12
5.4367e-06
-1.29769e-12
5.4367e-06
-1.13825e-12
5.4367e-06
-9.75815e-13
5.4367e-06
-8.45478e-13
5.4367e-06
-7.32468e-13
5.4367e-06
-6.2365e-13
5.4367e-06
-4.63001e-13
5.4367e-06
-2.49061e-13
5.4367e-06
-8.69388e-14
5.4367e-06
-4.84883e-14
5.4367e-06
-8.68888e-14
5.4367e-06
-1.25516e-13
5.4367e-06
-1.5904e-13
5.4367e-06
-1.81848e-13
5.4367e-06
-1.35297e-13
5.4367e-06
2.55201e-14
5.4367e-06
2.08689e-13
5.4367e-06
2.70288e-13
5.4367e-06
2.03151e-13
5.4367e-06
1.06985e-13
5.4367e-06
1.36186e-14
5.4367e-06
-8.96231e-14
5.4367e-06
-1.38488e-13
5.4367e-06
-7.17072e-14
5.4367e-06
2.22197e-14
5.4367e-06
-9.43917e-15
5.4367e-06
-1.63944e-13
5.4367e-06
-3.05186e-13
5.4367e-06
-3.87146e-13
5.4367e-06
-4.77152e-13
5.4367e-06
-5.81305e-13
5.4367e-06
-6.44711e-13
5.4367e-06
-6.64285e-13
5.4367e-06
-6.68174e-13
5.4367e-06
-6.31074e-13
5.4367e-06
-5.48075e-13
5.4367e-06
-4.89381e-13
5.4367e-06
-4.89646e-13
5.4367e-06
-5.17341e-13
5.4367e-06
-5.31363e-13
5.4367e-06
-5.45947e-13
5.4367e-06
-5.62852e-13
5.4367e-06
-5.80864e-13
5.4367e-06
-6.41026e-13
5.4367e-06
-7.65618e-13
5.4367e-06
-8.71246e-13
5.4367e-06
-8.51989e-13
5.4367e-06
-7.9312e-13
5.4367e-06
-8.65634e-13
5.4367e-06
-1.05449e-12
5.4367e-06
-1.20442e-12
5.4367e-06
-1.27263e-12
5.4367e-06
-1.3759e-12
5.4367e-06
-1.55754e-12
5.4367e-06
-1.65611e-12
5.4367e-06
-1.55948e-12
5.4367e-06
-1.3977e-12
5.4367e-06
-1.29281e-12
5.4367e-06
-1.17984e-12
5.4367e-06
-1.02598e-12
5.4367e-06
-9.27502e-13
5.4367e-06
-8.93363e-13
5.4367e-06
-8.07416e-13
5.4367e-06
-6.45619e-13
5.4367e-06
-5.21809e-13
5.4367e-06
-5.04363e-13
5.4367e-06
-4.84017e-13
5.4367e-06
-3.3394e-13
5.4367e-06
-1.52363e-13
5.4367e-06
-8.48542e-14
5.4367e-06
-8.26553e-14
5.4367e-06
-1.13074e-13
5.4367e-06
-2.22248e-13
5.4367e-06
-3.6215e-13
5.4367e-06
-4.43612e-13
5.4367e-06
-4.53306e-13
5.4367e-06
-4.37952e-13
5.4367e-06
-4.29224e-13
5.4367e-06
-4.33537e-13
5.4367e-06
-4.45447e-13
5.4367e-06
-4.20922e-13
5.4367e-06
-3.23447e-13
5.4367e-06
-1.6324e-13
5.4367e-06
1.52756e-14
5.4367e-06
6.21728e-14
5.4367e-06
-7.53109e-14
5.4367e-06
-2.21439e-13
5.4367e-06
-2.45642e-13
5.4367e-06
-2.06327e-13
5.4367e-06
-1.78041e-13
5.4367e-06
-1.53493e-13
5.4367e-06
-4.74112e-14
5.4367e-06
5.2592e-14
5.4367e-06
4.09154e-14
5.4367e-06
3.79968e-14
5.4367e-06
1.52242e-13
5.4367e-06
3.38026e-13
5.4367e-06
5.78617e-13
5.4367e-06
7.90096e-13
5.4367e-06
7.80801e-13
5.4367e-06
6.12201e-13
5.4367e-06
5.77337e-13
5.4367e-06
8.11635e-13
5.4367e-06
1.17243e-12
5.4367e-06
1.46018e-12
5.4367e-06
1.74646e-12
5.4367e-06
2.20291e-12
5.4367e-06
2.70341e-12
5.4367e-06
3.1853e-12
5.4367e-06
3.93534e-12
5.4367e-06
4.78476e-12
5.4367e-06
5.18255e-12
5.43669e-06
5.21152e-12
4.98205e-12
6.55746e-06
-1.26514e-12
6.55746e-06
-1.5182e-12
6.55746e-06
-1.45649e-12
6.55746e-06
-1.14321e-12
6.55746e-06
-9.55136e-13
6.55746e-06
-5.5388e-13
6.55746e-06
-3.73573e-13
6.55746e-06
-2.04522e-14
6.55746e-06
1.26246e-14
6.55746e-06
6.12548e-14
6.55746e-06
2.06989e-13
6.55746e-06
9.76953e-14
6.55746e-06
-3.80803e-14
6.55746e-06
-1.9209e-13
6.55746e-06
-1.79219e-13
6.55745e-06
-7.61857e-14
6.55745e-06
-2.17891e-13
6.55745e-06
-3.72586e-13
6.55745e-06
-4.02356e-13
6.55745e-06
-2.87463e-13
6.55745e-06
-6.27883e-14
6.55745e-06
4.32892e-14
6.55745e-06
1.53214e-13
6.55745e-06
2.70381e-13
6.55745e-06
2.67914e-13
6.55745e-06
3.29715e-13
6.55745e-06
4.88968e-13
6.55745e-06
5.21916e-13
6.55745e-06
4.80016e-13
6.55745e-06
4.52777e-13
6.55745e-06
3.93035e-13
6.55745e-06
3.89733e-13
6.55745e-06
4.40069e-13
6.55745e-06
3.51855e-13
6.55745e-06
2.22646e-13
6.55745e-06
2.09198e-13
6.55745e-06
2.32475e-13
6.55745e-06
2.15519e-13
6.55745e-06
1.90786e-13
6.55745e-06
1.61137e-13
6.55745e-06
1.04351e-13
6.55745e-06
-3.00704e-15
6.55746e-06
-8.85852e-14
6.55746e-06
-1.05106e-13
6.55746e-06
-1.35714e-13
6.55746e-06
-1.65706e-13
6.55745e-06
-6.15844e-14
6.55745e-06
1.45359e-13
6.55745e-06
2.93894e-13
6.55745e-06
3.77042e-13
6.55745e-06
4.77748e-13
6.55745e-06
5.20462e-13
6.55745e-06
4.46435e-13
6.55745e-06
3.90157e-13
6.55745e-06
4.89706e-13
6.55745e-06
6.55318e-13
6.55745e-06
6.93763e-13
6.55745e-06
6.13486e-13
6.55745e-06
6.09472e-13
6.55745e-06
7.25386e-13
6.55745e-06
8.25717e-13
6.55745e-06
8.63431e-13
6.55746e-06
8.93317e-13
6.55746e-06
8.63503e-13
6.55746e-06
6.80799e-13
6.55746e-06
4.57489e-13
6.55746e-06
3.56722e-13
6.55746e-06
2.93679e-13
6.55746e-06
1.17035e-13
6.55746e-06
-9.31965e-14
6.55746e-06
-1.414e-13
6.55746e-06
-3.5168e-14
6.55746e-06
-9.30682e-16
6.55746e-06
-1.20242e-13
6.55746e-06
-2.52585e-13
6.55746e-06
-2.95243e-13
6.55746e-06
-3.21506e-13
6.55746e-06
-4.08647e-13
6.55746e-06
-5.47081e-13
6.55746e-06
-7.06434e-13
6.55746e-06
-8.52131e-13
6.55746e-06
-9.63956e-13
6.55746e-06
-1.0665e-12
6.55746e-06
-1.18343e-12
6.55746e-06
-1.29376e-12
6.55746e-06
-1.33197e-12
6.55746e-06
-1.24535e-12
6.55746e-06
-1.06043e-12
6.55746e-06
-8.66239e-13
6.55746e-06
-7.17372e-13
6.55746e-06
-6.17891e-13
6.55746e-06
-5.33161e-13
6.55746e-06
-4.04788e-13
6.55746e-06
-2.17662e-13
6.55746e-06
-7.32743e-14
6.55746e-06
-8.44211e-14
6.55746e-06
-2.00923e-13
6.55746e-06
-2.44139e-13
6.55746e-06
-1.37543e-13
6.55746e-06
1.90161e-14
6.55746e-06
1.07585e-13
6.55746e-06
1.41095e-13
6.55746e-06
1.69039e-13
6.55746e-06
1.75758e-13
6.55746e-06
1.37918e-13
6.55746e-06
1.24778e-13
6.55746e-06
1.77848e-13
6.55746e-06
2.10434e-13
6.55746e-06
1.58901e-13
6.55746e-06
9.88529e-14
6.55746e-06
1.10692e-13
6.55746e-06
1.20851e-13
6.55746e-06
1.72393e-14
6.55746e-06
-1.60798e-13
6.55746e-06
-3.01484e-13
6.55746e-06
-3.91737e-13
6.55746e-06
-4.74408e-13
6.55746e-06
-5.45218e-13
6.55746e-06
-5.92386e-13
6.55746e-06
-6.33024e-13
6.55746e-06
-6.50035e-13
6.55745e-06
-6.03146e-13
6.55745e-06
-5.18373e-13
6.55746e-06
-4.67371e-13
6.55746e-06
-4.69038e-13
6.55746e-06
-4.93096e-13
6.55745e-06
-5.35039e-13
6.55745e-06
-5.9867e-13
6.55745e-06
-6.50875e-13
6.55745e-06
-6.72394e-13
6.55745e-06
-7.48295e-13
6.55745e-06
-9.0444e-13
6.55745e-06
-1.02948e-12
6.55745e-06
-1.05999e-12
6.55745e-06
-1.11995e-12
6.55745e-06
-1.29259e-12
6.55745e-06
-1.43185e-12
6.55745e-06
-1.35896e-12
6.55745e-06
-1.16425e-12
6.55745e-06
-1.1308e-12
6.55745e-06
-1.317e-12
6.55745e-06
-1.48582e-12
6.55745e-06
-1.49742e-12
6.55745e-06
-1.43687e-12
6.55745e-06
-1.34704e-12
6.55745e-06
-1.16692e-12
6.55745e-06
-9.32388e-13
6.55745e-06
-7.58643e-13
6.55745e-06
-6.64625e-13
6.55745e-06
-5.87374e-13
6.55745e-06
-4.93459e-13
6.55745e-06
-4.03394e-13
6.55745e-06
-3.1796e-13
6.55745e-06
-1.73788e-13
6.55745e-06
-1.60927e-14
6.55745e-06
-4.04646e-15
6.55745e-06
-1.22231e-13
6.55745e-06
-2.35179e-13
6.55745e-06
-3.09928e-13
6.55745e-06
-3.52925e-13
6.55745e-06
-3.6633e-13
6.55745e-06
-3.80144e-13
6.55745e-06
-4.04619e-13
6.55745e-06
-4.21264e-13
6.55745e-06
-4.10338e-13
6.55745e-06
-3.94888e-13
6.55745e-06
-3.60614e-13
6.55745e-06
-2.68426e-13
6.55745e-06
-1.56102e-13
6.55745e-06
-5.49807e-14
6.55745e-06
8.74209e-15
6.55745e-06
-1.65493e-14
6.55745e-06
-3.75539e-14
6.55745e-06
2.29021e-14
6.55745e-06
6.52366e-14
6.55745e-06
6.00567e-15
6.55745e-06
-8.38703e-14
6.55745e-06
-3.66166e-14
6.55745e-06
1.48573e-13
6.55745e-06
2.78996e-13
6.55745e-06
3.29993e-13
6.55745e-06
4.90944e-13
6.55745e-06
7.23739e-13
6.55745e-06
8.31472e-13
6.55745e-06
8.63499e-13
6.55745e-06
8.92682e-13
6.55745e-06
9.5602e-13
6.55745e-06
1.13116e-12
6.55745e-06
1.33576e-12
6.55745e-06
1.61213e-12
6.55745e-06
2.04512e-12
6.55745e-06
2.47372e-12
6.55745e-06
3.03515e-12
6.55745e-06
3.73366e-12
6.55745e-06
4.14227e-12
6.55745e-06
4.67559e-12
6.55745e-06
5.45055e-12
6.55745e-06
5.95627e-12
6.55745e-06
6.02703e-12
5.75814e-12
7.49031e-06
-1.05219e-13
7.49031e-06
-1.42713e-13
7.49031e-06
-2.58304e-13
7.49031e-06
-1.00197e-13
7.49031e-06
5.36778e-14
7.4903e-06
1.76117e-13
7.4903e-06
3.37613e-13
7.4903e-06
5.74568e-13
7.4903e-06
1.08646e-12
7.4903e-06
9.83684e-13
7.4903e-06
6.56998e-13
7.4903e-06
4.25041e-13
7.4903e-06
4.40921e-13
7.4903e-06
5.39013e-13
7.4903e-06
4.09894e-13
7.4903e-06
5.90363e-14
7.4903e-06
-1.7682e-13
7.4903e-06
-5.73084e-14
7.4903e-06
-2.01893e-14
7.4903e-06
-1.58071e-13
7.4903e-06
-8.11076e-14
7.4903e-06
2.87713e-14
7.4903e-06
7.09472e-14
7.4903e-06
3.10226e-13
7.4903e-06
4.8471e-13
7.4903e-06
4.1782e-13
7.4903e-06
3.5013e-13
7.4903e-06
3.67163e-13
7.4903e-06
4.26177e-13
7.4903e-06
4.70267e-13
7.4903e-06
4.33462e-13
7.4903e-06
3.47901e-13
7.4903e-06
2.47571e-13
7.4903e-06
1.23182e-13
7.4903e-06
3.85647e-14
7.4903e-06
2.05331e-14
7.4903e-06
-2.21786e-14
7.4903e-06
-7.21344e-14
7.4903e-06
-4.19145e-14
7.4903e-06
-1.05146e-14
7.4903e-06
-8.21383e-14
7.4903e-06
-2.39412e-13
7.4903e-06
-3.72237e-13
7.4903e-06
-3.73937e-13
7.4903e-06
-3.03174e-13
7.4903e-06
-2.95756e-13
7.4903e-06
-2.81205e-13
7.4903e-06
-9.54578e-14
7.4903e-06
1.45062e-13
7.4903e-06
2.61792e-13
7.4903e-06
3.17497e-13
7.4903e-06
4.28626e-13
7.4903e-06
5.7109e-13
7.4903e-06
6.7784e-13
7.4903e-06
7.63538e-13
7.4903e-06
8.66684e-13
7.4903e-06
8.95128e-13
7.4903e-06
7.62308e-13
7.4903e-06
6.26637e-13
7.4903e-06
6.82374e-13
7.4903e-06
8.31378e-13
7.4903e-06
8.66698e-13
7.4903e-06
8.02782e-13
7.4903e-06
7.61307e-13
7.4903e-06
7.02672e-13
7.4903e-06
5.58219e-13
7.4903e-06
4.20759e-13
7.4903e-06
3.73594e-13
7.4903e-06
3.46249e-13
7.4903e-06
2.48313e-13
7.4903e-06
1.33701e-13
7.4903e-06
1.01859e-13
7.4903e-06
1.07409e-13
7.4903e-06
4.17389e-14
7.4903e-06
-7.68281e-14
7.4903e-06
-1.60595e-13
7.4903e-06
-2.1221e-13
7.4903e-06
-2.84576e-13
7.4903e-06
-4.03493e-13
7.4903e-06
-5.84402e-13
7.4903e-06
-8.04905e-13
7.4903e-06
-9.81683e-13
7.4903e-06
-1.05451e-12
7.4903e-06
-1.03885e-12
7.4903e-06
-9.95989e-13
7.4903e-06
-9.7339e-13
7.4903e-06
-9.69129e-13
7.4903e-06
-9.67867e-13
7.4903e-06
-9.65206e-13
7.4903e-06
-9.15857e-13
7.4903e-06
-7.96406e-13
7.4903e-06
-6.59691e-13
7.4903e-06
-5.61906e-13
7.4903e-06
-4.74175e-13
7.4903e-06
-3.56343e-13
7.4903e-06
-2.55882e-13
7.4903e-06
-2.11876e-13
7.4903e-06
-1.74256e-13
7.4903e-06
-4.81045e-14
7.4903e-06
1.64294e-13
7.4903e-06
3.41658e-13
7.4903e-06
4.11681e-13
7.4903e-06
4.28466e-13
7.4903e-06
4.34985e-13
7.4903e-06
4.00437e-13
7.4903e-06
3.33855e-13
7.4903e-06
3.14673e-13
7.4903e-06
3.52457e-13
7.4903e-06
3.50865e-13
7.4903e-06
2.71155e-13
7.4903e-06
1.98655e-13
7.4903e-06
1.88049e-13
7.4903e-06
1.73584e-13
7.4903e-06
9.84245e-14
7.4903e-06
5.67861e-15
7.4903e-06
-6.70866e-14
7.4903e-06
-1.58253e-13
7.4903e-06
-2.86534e-13
7.4903e-06
-4.22127e-13
7.4903e-06
-5.43249e-13
7.4903e-06
-6.20637e-13
7.4903e-06
-6.13127e-13
7.4903e-06
-5.44611e-13
7.4903e-06
-5.17099e-13
7.4903e-06
-5.79128e-13
7.4903e-06
-6.65671e-13
7.4903e-06
-7.11901e-13
7.4903e-06
-7.3189e-13
7.4903e-06
-7.56379e-13
7.4903e-06
-7.34829e-13
7.4903e-06
-6.85476e-13
7.4903e-06
-7.35162e-13
7.4903e-06
-9.12359e-13
7.4903e-06
-1.06184e-12
7.4903e-06
-1.08295e-12
7.4903e-06
-1.0679e-12
7.4903e-06
-1.11654e-12
7.49029e-06
-1.15315e-12
7.49029e-06
-1.07202e-12
7.49029e-06
-9.8498e-13
7.49029e-06
-1.08329e-12
7.49029e-06
-1.31043e-12
7.49029e-06
-1.4494e-12
7.49029e-06
-1.42857e-12
7.49029e-06
-1.30825e-12
7.49029e-06
-1.0955e-12
7.49029e-06
-8.04463e-13
7.49029e-06
-5.63606e-13
7.49029e-06
-4.75861e-13
7.49029e-06
-4.85562e-13
7.49029e-06
-4.48556e-13
7.49029e-06
-2.93286e-13
7.49029e-06
-1.01913e-13
7.49029e-06
3.50641e-14
7.49029e-06
8.7072e-14
7.49029e-06
-1.15024e-14
7.49029e-06
-2.31921e-13
7.49029e-06
-4.03997e-13
7.49029e-06
-4.5132e-13
7.49029e-06
-4.07314e-13
7.49029e-06
-3.19082e-13
7.49029e-06
-2.49815e-13
7.49029e-06
-2.51576e-13
7.49029e-06
-3.03256e-13
7.49029e-06
-3.17708e-13
7.49029e-06
-2.63363e-13
7.49029e-06
-1.9315e-13
7.49029e-06
-1.24152e-13
7.49029e-06
-1.02193e-13
7.49029e-06
-1.2271e-13
7.49029e-06
-7.77294e-14
7.49029e-06
1.88803e-14
7.49029e-06
7.76665e-14
7.49029e-06
7.2009e-14
7.49029e-06
1.9764e-14
7.49029e-06
-2.41692e-14
7.49029e-06
-1.22345e-14
7.49029e-06
3.23514e-14
7.49029e-06
1.27349e-13
7.49029e-06
3.49081e-13
7.49029e-06
5.85094e-13
7.49029e-06
7.03254e-13
7.49029e-06
7.65518e-13
7.49029e-06
8.42387e-13
7.49029e-06
1.01406e-12
7.49029e-06
1.28278e-12
7.49029e-06
1.50605e-12
7.49029e-06
1.63294e-12
7.49029e-06
1.63459e-12
7.49029e-06
1.643e-12
7.49029e-06
1.95365e-12
7.49029e-06
2.49844e-12
7.49029e-06
3.15315e-12
7.49029e-06
3.99476e-12
7.49029e-06
4.85075e-12
7.49029e-06
5.52862e-12
7.49029e-06
6.09928e-12
7.49029e-06
6.32587e-12
7.49029e-06
6.32515e-12
5.99612e-12
8.23584e-06
1.70898e-12
8.23583e-06
1.04142e-12
8.23583e-06
1.32896e-12
8.23583e-06
1.51898e-12
8.23583e-06
1.43138e-12
8.23583e-06
1.44143e-12
8.23583e-06
1.77304e-12
8.23583e-06
1.8986e-12
8.23582e-06
1.7117e-12
8.23582e-06
1.47366e-12
8.23582e-06
1.39586e-12
8.23582e-06
1.60759e-12
8.23582e-06
1.58249e-12
8.23582e-06
1.06173e-12
8.23582e-06
5.03821e-13
8.23582e-06
3.68609e-13
8.23582e-06
4.03927e-13
8.23582e-06
3.13788e-13
8.23582e-06
1.45259e-13
8.23582e-06
1.03461e-13
8.23582e-06
1.34682e-13
8.23582e-06
1.98213e-13
8.23582e-06
1.82958e-13
8.23582e-06
1.86152e-13
8.23582e-06
2.22822e-13
8.23582e-06
1.5988e-13
8.23582e-06
1.34142e-13
8.23582e-06
2.07453e-13
8.23582e-06
2.59021e-13
8.23582e-06
2.72532e-13
8.23582e-06
2.42178e-13
8.23582e-06
1.76643e-13
8.23582e-06
1.67474e-13
8.23582e-06
1.96512e-13
8.23582e-06
1.55343e-13
8.23582e-06
3.98404e-14
8.23582e-06
-1.11531e-13
8.23582e-06
-2.55769e-13
8.23582e-06
-3.38315e-13
8.23582e-06
-3.53825e-13
8.23582e-06
-3.01561e-13
8.23582e-06
-2.33532e-13
8.23582e-06
-2.69106e-13
8.23582e-06
-3.57689e-13
8.23582e-06
-3.25161e-13
8.23582e-06
-2.38171e-13
8.23582e-06
-2.55796e-13
8.23582e-06
-2.53424e-13
8.23582e-06
-1.0285e-13
8.23582e-06
5.37522e-14
8.23582e-06
1.29103e-13
8.23582e-06
2.13082e-13
8.23582e-06
3.58936e-13
8.23582e-06
4.87382e-13
8.23582e-06
5.27332e-13
8.23582e-06
5.64993e-13
8.23582e-06
6.78638e-13
8.23582e-06
7.3834e-13
8.23582e-06
6.65547e-13
8.23582e-06
5.91966e-13
8.23582e-06
5.87228e-13
8.23582e-06
5.4267e-13
8.23582e-06
4.53334e-13
8.23582e-06
4.76582e-13
8.23582e-06
6.16715e-13
8.23582e-06
6.62114e-13
8.23582e-06
5.26464e-13
8.23582e-06
3.67319e-13
8.23582e-06
3.12153e-13
8.23582e-06
3.07354e-13
8.23582e-06
2.70823e-13
8.23582e-06
2.3645e-13
8.23582e-06
2.49095e-13
8.23582e-06
2.50275e-13
8.23582e-06
1.73215e-13
8.23582e-06
2.57232e-14
8.23582e-06
-1.67193e-13
8.23582e-06
-3.60122e-13
8.23582e-06
-4.8331e-13
8.23582e-06
-5.42926e-13
8.23582e-06
-6.31488e-13
8.23582e-06
-7.82553e-13
8.23582e-06
-9.3021e-13
8.23582e-06
-1.01266e-12
8.23582e-06
-1.04373e-12
8.23582e-06
-1.07017e-12
8.23582e-06
-1.09258e-12
8.23582e-06
-1.0856e-12
8.23582e-06
-1.04087e-12
8.23582e-06
-9.44276e-13
8.23582e-06
-7.68331e-13
8.23582e-06
-5.55196e-13
8.23582e-06
-4.22902e-13
8.23582e-06
-4.15533e-13
8.23582e-06
-4.29709e-13
8.23582e-06
-3.51862e-13
8.23582e-06
-1.90316e-13
8.23582e-06
-2.37085e-14
8.23582e-06
1.30994e-13
8.23582e-06
3.12055e-13
8.23582e-06
4.95374e-13
8.23582e-06
6.06724e-13
8.23582e-06
6.4648e-13
8.23582e-06
6.67258e-13
8.23582e-06
6.64273e-13
8.23582e-06
5.93326e-13
8.23582e-06
4.90496e-13
8.23582e-06
4.42701e-13
8.23582e-06
4.53598e-13
8.23582e-06
4.44274e-13
8.23582e-06
3.8675e-13
8.23582e-06
3.20848e-13
8.23582e-06
2.48596e-13
8.23582e-06
1.26615e-13
8.23582e-06
-3.55277e-14
8.23582e-06
-1.91003e-13
8.23582e-06
-3.27195e-13
8.23582e-06
-4.3938e-13
8.23582e-06
-4.96306e-13
8.23582e-06
-5.03302e-13
8.23582e-06
-5.34796e-13
8.23582e-06
-6.10438e-13
8.23582e-06
-6.77791e-13
8.23582e-06
-7.21626e-13
8.23582e-06
-7.72086e-13
8.23582e-06
-8.08673e-13
8.23582e-06
-7.81114e-13
8.23582e-06
-7.30957e-13
8.23582e-06
-7.71874e-13
8.23582e-06
-8.86292e-13
8.23582e-06
-9.25851e-13
8.23582e-06
-8.75751e-13
8.23582e-06
-8.79438e-13
8.23582e-06
-9.76833e-13
8.23582e-06
-1.03892e-12
8.23582e-06
-9.87252e-13
8.23582e-06
-9.38438e-13
8.23582e-06
-1.01403e-12
8.23582e-06
-1.13004e-12
8.23582e-06
-1.16298e-12
8.23582e-06
-1.15825e-12
8.23582e-06
-1.18688e-12
8.23582e-06
-1.19522e-12
8.23582e-06
-1.1306e-12
8.23582e-06
-1.03951e-12
8.23582e-06
-9.44212e-13
8.23582e-06
-7.91307e-13
8.23581e-06
-6.01036e-13
8.23581e-06
-4.69863e-13
8.23581e-06
-4.23186e-13
8.23581e-06
-3.83087e-13
8.23581e-06
-2.76884e-13
8.23581e-06
-1.65264e-13
8.23581e-06
-1.45538e-13
8.23581e-06
-1.89607e-13
8.23581e-06
-2.56043e-13
8.23581e-06
-3.4231e-13
8.23581e-06
-3.74562e-13
8.23581e-06
-3.26324e-13
8.23581e-06
-2.71203e-13
8.23581e-06
-2.4303e-13
8.23581e-06
-2.1381e-13
8.23581e-06
-1.88157e-13
8.23581e-06
-1.92998e-13
8.23581e-06
-1.60784e-13
8.23581e-06
-3.13206e-14
8.23581e-06
1.11229e-13
8.23581e-06
1.63427e-13
8.23581e-06
7.92111e-14
8.23581e-06
-8.57147e-14
8.23581e-06
-1.60095e-13
8.23581e-06
-8.54702e-14
8.23581e-06
-1.42851e-14
8.23581e-06
-1.95698e-15
8.23581e-06
3.09173e-14
8.23581e-06
1.03917e-13
8.23581e-06
1.68877e-13
8.23581e-06
2.08248e-13
8.23581e-06
2.52566e-13
8.23581e-06
4.44717e-13
8.23581e-06
6.97253e-13
8.23581e-06
7.63532e-13
8.23581e-06
8.61027e-13
8.23581e-06
1.16602e-12
8.23581e-06
1.38627e-12
8.23581e-06
1.45568e-12
8.23581e-06
1.48808e-12
8.23581e-06
1.52181e-12
8.23581e-06
1.68124e-12
8.23581e-06
2.02378e-12
8.23581e-06
2.48956e-12
8.23581e-06
3.09903e-12
8.23581e-06
3.57647e-12
8.23581e-06
4.14007e-12
8.23581e-06
5.01947e-12
8.23581e-06
5.80285e-12
8.23581e-06
6.12955e-12
8.23581e-06
6.32637e-12
8.23581e-06
5.95861e-12
5.88633e-12
8.79453e-06
3.42165e-12
8.79453e-06
3.63421e-12
8.79453e-06
3.27621e-12
8.79453e-06
3.0971e-12
8.79453e-06
3.3582e-12
8.79452e-06
3.41986e-12
8.79452e-06
3.09804e-12
8.79452e-06
2.79336e-12
8.79452e-06
2.60497e-12
8.79452e-06
2.69796e-12
8.79452e-06
2.51244e-12
8.79452e-06
2.0233e-12
8.79452e-06
1.57648e-12
8.79452e-06
1.4675e-12
8.79452e-06
1.50192e-12
8.79451e-06
1.29274e-12
8.79451e-06
9.1103e-13
8.79451e-06
5.25882e-13
8.79451e-06
3.29923e-13
8.79451e-06
3.06689e-13
8.79451e-06
2.86475e-13
8.79451e-06
1.85037e-13
8.79451e-06
-6.54867e-15
8.79451e-06
-1.20553e-13
8.79451e-06
1.38085e-14
8.79451e-06
1.71932e-13
8.79451e-06
1.7214e-13
8.79451e-06
1.24213e-13
8.79451e-06
1.54471e-13
8.79451e-06
2.69825e-13
8.79451e-06
3.42032e-13
8.79451e-06
2.73492e-13
8.79451e-06
1.57207e-13
8.79451e-06
9.13449e-14
8.79451e-06
2.98513e-14
8.79451e-06
-4.75695e-14
8.79451e-06
-1.19439e-13
8.79451e-06
-2.13891e-13
8.79451e-06
-3.28469e-13
8.79451e-06
-4.2534e-13
8.79451e-06
-4.82431e-13
8.79451e-06
-4.82884e-13
8.79451e-06
-4.9487e-13
8.79451e-06
-5.90262e-13
8.79451e-06
-6.27637e-13
8.79451e-06
-4.95818e-13
8.79451e-06
-3.52014e-13
8.79451e-06
-2.96333e-13
8.79451e-06
-2.43108e-13
8.79451e-06
-1.74801e-13
8.79452e-06
-1.29171e-13
8.79452e-06
-6.72693e-14
8.79452e-06
6.58735e-14
8.79452e-06
2.24904e-13
8.79452e-06
2.80825e-13
8.79452e-06
2.49806e-13
8.79452e-06
3.10123e-13
8.79452e-06
4.76409e-13
8.79452e-06
5.55289e-13
8.79452e-06
5.15285e-13
8.79452e-06
5.17773e-13
8.79452e-06
5.92269e-13
8.79452e-06
6.21737e-13
8.79452e-06
5.96241e-13
8.79452e-06
5.89296e-13
8.79452e-06
5.73261e-13
8.79452e-06
4.86502e-13
8.79452e-06
3.87282e-13
8.79452e-06
3.79806e-13
8.79452e-06
4.36854e-13
8.79452e-06
4.40545e-13
8.79452e-06
3.79583e-13
8.79452e-06
3.52824e-13
8.79452e-06
3.65749e-13
8.79452e-06
3.31594e-13
8.79452e-06
2.23997e-13
8.79452e-06
6.30576e-14
8.79452e-06
-1.30389e-13
8.79452e-06
-3.01015e-13
8.79452e-06
-4.05482e-13
8.79452e-06
-4.90581e-13
8.79452e-06
-6.27073e-13
8.79452e-06
-7.96212e-13
8.79452e-06
-9.13136e-13
8.79452e-06
-9.59726e-13
8.79452e-06
-9.98304e-13
8.79452e-06
-1.05082e-12
8.79452e-06
-1.05239e-12
8.79452e-06
-9.65177e-13
8.79452e-06
-8.17051e-13
8.79452e-06
-6.41867e-13
8.79452e-06
-4.6158e-13
8.79452e-06
-3.27762e-13
8.79452e-06
-2.96712e-13
8.79452e-06
-3.29405e-13
8.79452e-06
-2.96208e-13
8.79452e-06
-1.26011e-13
8.79452e-06
1.12713e-13
8.79452e-06
3.07615e-13
8.79452e-06
4.31733e-13
8.79452e-06
5.1706e-13
8.79452e-06
5.72408e-13
8.79452e-06
6.05707e-13
8.79452e-06
6.61144e-13
8.79452e-06
7.5408e-13
8.79452e-06
8.14392e-13
8.79452e-06
7.81296e-13
8.79452e-06
6.97993e-13
8.79452e-06
6.34008e-13
8.79452e-06
5.84422e-13
8.79452e-06
5.15338e-13
8.79452e-06
4.4883e-13
8.79452e-06
4.05494e-13
8.79452e-06
3.38595e-13
8.79452e-06
2.0956e-13
8.79452e-06
4.90198e-14
8.79452e-06
-1.0549e-13
8.79452e-06
-2.33768e-13
8.79451e-06
-2.93018e-13
8.79451e-06
-2.63563e-13
8.79451e-06
-2.28823e-13
8.79451e-06
-3.01305e-13
8.79451e-06
-4.56989e-13
8.79451e-06
-5.80956e-13
8.79451e-06
-6.35395e-13
8.79451e-06
-6.85297e-13
8.79451e-06
-7.2604e-13
8.79451e-06
-6.84174e-13
8.79451e-06
-5.85727e-13
8.79451e-06
-5.42366e-13
8.79451e-06
-5.8079e-13
8.79451e-06
-6.52682e-13
8.79451e-06
-7.55657e-13
8.79451e-06
-8.90143e-13
8.79451e-06
-9.78772e-13
8.79451e-06
-9.30245e-13
8.79451e-06
-7.9744e-13
8.79451e-06
-7.63661e-13
8.79451e-06
-8.77891e-13
8.79451e-06
-9.96675e-13
8.79451e-06
-1.02374e-12
8.79451e-06
-9.99822e-13
8.79451e-06
-9.50522e-13
8.79451e-06
-8.51686e-13
8.79451e-06
-7.4106e-13
8.79451e-06
-6.75142e-13
8.79451e-06
-6.18673e-13
8.79451e-06
-5.19108e-13
8.79451e-06
-3.96613e-13
8.79451e-06
-2.83502e-13
8.79451e-06
-1.79387e-13
8.79451e-06
-7.78273e-14
8.79451e-06
-3.40182e-14
8.79451e-06
-1.181e-13
8.79451e-06
-2.52255e-13
8.79451e-06
-3.11936e-13
8.79451e-06
-3.05263e-13
8.79451e-06
-2.488e-13
8.79451e-06
-1.22624e-13
8.79451e-06
-9.45247e-15
8.79451e-06
1.34603e-14
8.79451e-06
-2.57035e-14
8.79451e-06
-4.11008e-14
8.79451e-06
-3.71415e-14
8.79451e-06
-2.79493e-14
8.79451e-06
-5.60699e-15
8.79451e-06
-1.35992e-14
8.79451e-06
-9.32748e-14
8.79451e-06
-1.96788e-13
8.79451e-06
-2.51561e-13
8.79451e-06
-2.23123e-13
8.79451e-06
-1.31394e-13
8.79451e-06
-4.20739e-14
8.79451e-06
-1.10866e-14
8.79451e-06
1.33983e-14
8.79451e-06
5.11233e-14
8.79451e-06
1.04765e-13
8.79451e-06
2.67821e-13
8.79451e-06
4.41624e-13
8.79451e-06
4.89285e-13
8.79451e-06
5.58701e-13
8.79451e-06
6.95308e-13
8.79451e-06
8.88467e-13
8.79451e-06
1.16564e-12
8.79451e-06
1.35946e-12
8.79451e-06
1.41929e-12
8.79451e-06
1.47982e-12
8.79451e-06
1.62679e-12
8.79451e-06
1.93071e-12
8.79451e-06
2.31839e-12
8.79451e-06
2.66877e-12
8.79451e-06
3.1083e-12
8.79451e-06
3.6217e-12
8.79451e-06
4.36445e-12
8.79451e-06
4.99334e-12
8.79451e-06
5.32704e-12
8.79451e-06
5.52126e-12
8.79451e-06
5.45552e-12
8.79451e-06
5.47556e-12
5.07067e-12
9.16678e-06
4.94874e-12
9.16678e-06
4.82334e-12
9.16678e-06
4.79725e-12
9.16678e-06
4.9784e-12
9.16677e-06
4.95573e-12
9.16677e-06
4.74557e-12
9.16677e-06
4.51043e-12
9.16677e-06
4.24963e-12
9.16677e-06
4.08169e-12
9.16677e-06
3.70224e-12
9.16677e-06
3.01753e-12
9.16677e-06
2.49092e-12
9.16676e-06
2.41223e-12
9.16676e-06
2.33257e-12
9.16676e-06
1.8475e-12
9.16676e-06
1.30151e-12
9.16676e-06
1.081e-12
9.16676e-06
1.00719e-12
9.16676e-06
9.69425e-13
9.16676e-06
8.62128e-13
9.16676e-06
5.37551e-13
9.16676e-06
2.54239e-13
9.16676e-06
1.65978e-13
9.16676e-06
1.30856e-13
9.16676e-06
1.30241e-13
9.16676e-06
1.88312e-13
9.16676e-06
2.77638e-13
9.16676e-06
3.23062e-13
9.16676e-06
2.57129e-13
9.16676e-06
2.11962e-13
9.16676e-06
3.04178e-13
9.16676e-06
3.73344e-13
9.16676e-06
2.58193e-13
9.16676e-06
5.86984e-14
9.16676e-06
-8.31186e-14
9.16676e-06
-1.5314e-13
9.16676e-06
-2.12755e-13
9.16676e-06
-3.23018e-13
9.16676e-06
-4.56002e-13
9.16676e-06
-5.49442e-13
9.16676e-06
-6.31095e-13
9.16676e-06
-6.9116e-13
9.16676e-06
-6.99089e-13
9.16676e-06
-7.71109e-13
9.16676e-06
-9.18931e-13
9.16676e-06
-9.21608e-13
9.16676e-06
-7.54809e-13
9.16676e-06
-6.24357e-13
9.16676e-06
-5.79525e-13
9.16676e-06
-5.42627e-13
9.16676e-06
-4.67167e-13
9.16676e-06
-3.4015e-13
9.16676e-06
-1.8194e-13
9.16676e-06
-5.5304e-15
9.16676e-06
1.15852e-13
9.16676e-06
1.07399e-13
9.16676e-06
7.80726e-14
9.16676e-06
1.74156e-13
9.16676e-06
3.01083e-13
9.16676e-06
3.31772e-13
9.16676e-06
3.56694e-13
9.16676e-06
4.80186e-13
9.16676e-06
6.03602e-13
9.16676e-06
6.11126e-13
9.16676e-06
5.64496e-13
9.16676e-06
5.65591e-13
9.16676e-06
5.94521e-13
9.16676e-06
5.88676e-13
9.16676e-06
5.74511e-13
9.16676e-06
6.14361e-13
9.16676e-06
6.7453e-13
9.16676e-06
6.8443e-13
9.16676e-06
6.56021e-13
9.16676e-06
6.11128e-13
9.16676e-06
5.28681e-13
9.16676e-06
4.35334e-13
9.16676e-06
3.73766e-13
9.16676e-06
2.96483e-13
9.16676e-06
1.4134e-13
9.16676e-06
-4.53459e-14
9.16676e-06
-1.82263e-13
9.16676e-06
-2.63423e-13
9.16676e-06
-3.6001e-13
9.16676e-06
-4.73794e-13
9.16676e-06
-5.39179e-13
9.16676e-06
-5.4149e-13
9.16676e-06
-5.39551e-13
9.16676e-06
-5.55412e-13
9.16676e-06
-5.54434e-13
9.16676e-06
-5.26316e-13
9.16676e-06
-4.89782e-13
9.16676e-06
-4.45157e-13
9.16676e-06
-3.88912e-13
9.16676e-06
-3.51073e-13
9.16676e-06
-3.42307e-13
9.16676e-06
-3.0495e-13
9.16676e-06
-1.70536e-13
9.16676e-06
4.79186e-14
9.16676e-06
2.39103e-13
9.16676e-06
3.2577e-13
9.16676e-06
3.45198e-13
9.16676e-06
3.64155e-13
9.16676e-06
4.04091e-13
9.16676e-06
4.66838e-13
9.16676e-06
5.48739e-13
9.16676e-06
6.13397e-13
9.16676e-06
6.18398e-13
9.16676e-06
5.96624e-13
9.16676e-06
6.21955e-13
9.16676e-06
6.87125e-13
9.16676e-06
7.01639e-13
9.16676e-06
6.28315e-13
9.16676e-06
5.15477e-13
9.16676e-06
4.02189e-13
9.16676e-06
2.82695e-13
9.16676e-06
1.79457e-13
9.16676e-06
1.29066e-13
9.16676e-06
9.72045e-14
9.16676e-06
2.61179e-14
9.16676e-06
-6.87557e-14
9.16676e-06
-1.55945e-13
9.16676e-06
-2.72832e-13
9.16676e-06
-4.33179e-13
9.16676e-06
-5.56826e-13
9.16676e-06
-5.8083e-13
9.16676e-06
-5.58881e-13
9.16676e-06
-5.71916e-13
9.16676e-06
-5.89411e-13
9.16676e-06
-5.47772e-13
9.16676e-06
-4.96314e-13
9.16676e-06
-5.18975e-13
9.16676e-06
-5.95542e-13
9.16676e-06
-6.65821e-13
9.16676e-06
-7.31014e-13
9.16676e-06
-8.17083e-13
9.16676e-06
-8.85267e-13
9.16676e-06
-8.77897e-13
9.16676e-06
-8.37983e-13
9.16676e-06
-8.36555e-13
9.16676e-06
-8.22896e-13
9.16676e-06
-7.25737e-13
9.16676e-06
-5.98833e-13
9.16676e-06
-5.21803e-13
9.16676e-06
-4.61357e-13
9.16676e-06
-3.66002e-13
9.16676e-06
-2.86029e-13
9.16676e-06
-2.5287e-13
9.16676e-06
-2.01082e-13
9.16676e-06
-6.59167e-14
9.16676e-06
1.00365e-13
9.16676e-06
2.0491e-13
9.16676e-06
2.23984e-13
9.16676e-06
2.08965e-13
9.16676e-06
1.65728e-13
9.16676e-06
1.09113e-13
9.16676e-06
1.1641e-13
9.16676e-06
2.0015e-13
9.16676e-06
3.11199e-13
9.16676e-06
4.22882e-13
9.16676e-06
4.74044e-13
9.16676e-06
3.81935e-13
9.16676e-06
2.00886e-13
9.16676e-06
1.18878e-13
9.16675e-06
2.08317e-13
9.16676e-06
3.39605e-13
9.16676e-06
3.50174e-13
9.16676e-06
1.8832e-13
9.16676e-06
-4.08047e-14
9.16676e-06
-1.65466e-13
9.16676e-06
-1.1648e-13
9.16676e-06
1.80092e-14
9.16676e-06
1.20968e-13
9.16676e-06
1.66382e-13
9.16676e-06
1.57136e-13
9.16675e-06
1.60408e-13
9.16675e-06
2.7614e-13
9.16675e-06
4.14931e-13
9.16675e-06
5.5286e-13
9.16675e-06
6.89131e-13
9.16675e-06
6.61074e-13
9.16675e-06
6.6177e-13
9.16675e-06
9.12603e-13
9.16675e-06
1.14722e-12
9.16676e-06
1.23321e-12
9.16675e-06
1.27113e-12
9.16675e-06
1.36678e-12
9.16675e-06
1.62631e-12
9.16676e-06
1.94237e-12
9.16676e-06
2.21048e-12
9.16676e-06
2.34406e-12
9.16676e-06
2.55444e-12
9.16676e-06
3.05059e-12
9.16676e-06
3.75403e-12
9.16676e-06
4.01476e-12
9.16676e-06
4.20641e-12
9.16676e-06
4.37094e-12
9.16676e-06
4.72622e-12
9.16676e-06
4.77515e-12
9.16676e-06
4.57473e-12
4.25887e-12
9.35284e-06
6.26863e-12
9.35284e-06
6.59502e-12
9.35283e-06
6.98743e-12
9.35283e-06
6.99483e-12
9.35283e-06
6.60739e-12
9.35283e-06
6.19901e-12
9.35283e-06
6.09719e-12
9.35283e-06
5.62977e-12
9.35283e-06
4.72418e-12
9.35283e-06
4.18641e-12
9.35282e-06
3.83742e-12
9.35282e-06
3.50939e-12
9.35282e-06
2.96773e-12
9.35282e-06
2.363e-12
9.35282e-06
1.88725e-12
9.35282e-06
1.68311e-12
9.35282e-06
1.4547e-12
9.35282e-06
1.18216e-12
9.35282e-06
9.4379e-13
9.35282e-06
7.19822e-13
9.35282e-06
5.57693e-13
9.35282e-06
4.78659e-13
9.35282e-06
4.57548e-13
9.35282e-06
3.68171e-13
9.35282e-06
1.87168e-13
9.35282e-06
7.89084e-14
9.35282e-06
9.84765e-14
9.35282e-06
1.59649e-13
9.35282e-06
1.93733e-13
9.35282e-06
1.56069e-13
9.35282e-06
9.16223e-14
9.35282e-06
5.26656e-14
9.35282e-06
4.02644e-15
9.35282e-06
-4.98326e-14
9.35282e-06
-1.03777e-13
9.35282e-06
-1.79747e-13
9.35282e-06
-2.50315e-13
9.35282e-06
-3.37478e-13
9.35282e-06
-5.09642e-13
9.35282e-06
-7.28564e-13
9.35282e-06
-9.16517e-13
9.35282e-06
-1.01831e-12
9.35282e-06
-9.80249e-13
9.35282e-06
-9.03649e-13
9.35282e-06
-9.64372e-13
9.35282e-06
-1.08359e-12
9.35282e-06
-1.10225e-12
9.35282e-06
-1.04418e-12
9.35282e-06
-9.28761e-13
9.35282e-06
-7.46841e-13
9.35282e-06
-5.84885e-13
9.35282e-06
-5.24545e-13
9.35282e-06
-5.27445e-13
9.35282e-06
-4.88533e-13
9.35282e-06
-3.06728e-13
9.35282e-06
-9.5557e-14
9.35282e-06
2.26348e-14
9.35282e-06
1.25146e-13
9.35282e-06
2.64469e-13
9.35282e-06
3.37013e-13
9.35282e-06
3.15899e-13
9.35282e-06
3.03307e-13
9.35282e-06
3.42831e-13
9.35282e-06
3.8155e-13
9.35282e-06
4.15078e-13
9.35282e-06
5.17032e-13
9.35282e-06
6.89953e-13
9.35282e-06
8.14604e-13
9.35282e-06
8.21417e-13
9.35282e-06
7.98806e-13
9.35282e-06
8.2312e-13
9.35282e-06
8.30005e-13
9.35282e-06
7.60877e-13
9.35282e-06
6.42188e-13
9.35282e-06
5.02701e-13
9.35282e-06
3.70365e-13
9.35282e-06
2.9326e-13
9.35282e-06
2.5785e-13
9.35282e-06
1.79517e-13
9.35282e-06
1.67652e-14
9.35282e-06
-1.50153e-13
9.35282e-06
-2.28756e-13
9.35282e-06
-2.46586e-13
9.35282e-06
-3.05293e-13
9.35282e-06
-4.19724e-13
9.35282e-06
-5.38965e-13
9.35282e-06
-6.18907e-13
9.35282e-06
-6.38147e-13
9.35282e-06
-5.93223e-13
9.35282e-06
-5.14057e-13
9.35282e-06
-4.6498e-13
9.35282e-06
-4.61892e-13
9.35282e-06
-4.53117e-13
9.35282e-06
-3.84028e-13
9.35282e-06
-2.62315e-13
9.35282e-06
-1.22978e-13
9.35282e-06
3.47299e-14
9.35282e-06
2.12789e-13
9.35282e-06
3.65213e-13
9.35282e-06
4.48314e-13
9.35282e-06
4.83955e-13
9.35282e-06
5.20927e-13
9.35282e-06
5.53248e-13
9.35282e-06
5.57542e-13
9.35282e-06
5.68037e-13
9.35282e-06
6.28482e-13
9.35282e-06
7.09677e-13
9.35282e-06
7.38405e-13
9.35282e-06
7.22277e-13
9.35282e-06
7.26571e-13
9.35282e-06
7.59918e-13
9.35282e-06
7.7158e-13
9.35282e-06
7.37735e-13
9.35282e-06
6.58468e-13
9.35282e-06
5.25125e-13
9.35282e-06
3.60513e-13
9.35282e-06
2.39398e-13
9.35282e-06
1.91146e-13
9.35282e-06
1.35257e-13
9.35282e-06
1.30404e-14
9.35282e-06
-1.23552e-13
9.35282e-06
-2.21891e-13
9.35282e-06
-3.05818e-13
9.35282e-06
-3.87445e-13
9.35282e-06
-4.18213e-13
9.35282e-06
-3.85368e-13
9.35282e-06
-3.42463e-13
9.35282e-06
-3.36189e-13
9.35282e-06
-3.53714e-13
9.35282e-06
-4.08069e-13
9.35282e-06
-5.3082e-13
9.35282e-06
-6.67605e-13
9.35282e-06
-7.17094e-13
9.35282e-06
-6.80418e-13
9.35282e-06
-6.65444e-13
9.35282e-06
-7.38977e-13
9.35282e-06
-8.32104e-13
9.35282e-06
-8.6153e-13
9.35282e-06
-8.50197e-13
9.35282e-06
-8.16919e-13
9.35282e-06
-7.13167e-13
9.35282e-06
-5.60103e-13
9.35282e-06
-4.6246e-13
9.35282e-06
-4.30774e-13
9.35282e-06
-3.50518e-13
9.35282e-06
-2.01068e-13
9.35282e-06
-9.54366e-14
9.35282e-06
-7.33447e-14
9.35282e-06
-4.22761e-14
9.35282e-06
5.31245e-14
9.35282e-06
1.53769e-13
9.35282e-06
1.80216e-13
9.35282e-06
1.66176e-13
9.35281e-06
1.51673e-13
9.35281e-06
1.37817e-13
9.35281e-06
1.83923e-13
9.35281e-06
3.10163e-13
9.35281e-06
4.08028e-13
9.35281e-06
3.87699e-13
9.35281e-06
2.95246e-13
9.35281e-06
1.98179e-13
9.35281e-06
1.16431e-13
9.35281e-06
9.03177e-14
9.35281e-06
1.30299e-13
9.35281e-06
1.66294e-13
9.35281e-06
1.31032e-13
9.35281e-06
2.98383e-14
9.35281e-06
-2.30909e-14
9.35281e-06
4.8187e-14
9.35281e-06
1.79346e-13
9.35281e-06
2.61231e-13
9.35281e-06
1.95421e-13
9.35281e-06
5.22276e-14
9.35281e-06
-1.08411e-14
9.35281e-06
5.86233e-14
9.35281e-06
2.30132e-13
9.35281e-06
3.23771e-13
9.35281e-06
3.124e-13
9.35281e-06
4.44187e-13
9.35281e-06
5.88684e-13
9.35281e-06
6.281e-13
9.35281e-06
8.43835e-13
9.35281e-06
1.10001e-12
9.35281e-06
1.13474e-12
9.35281e-06
1.13653e-12
9.35281e-06
1.30446e-12
9.35281e-06
1.50108e-12
9.35281e-06
1.74929e-12
9.35281e-06
1.97753e-12
9.35281e-06
2.29164e-12
9.35281e-06
2.59639e-12
9.35281e-06
2.82984e-12
9.35282e-06
3.0742e-12
9.35282e-06
3.29611e-12
9.35282e-06
3.41414e-12
9.35282e-06
3.60048e-12
9.35282e-06
3.52199e-12
9.35282e-06
3.5234e-12
9.35282e-06
3.12352e-12
3.09838e-12
9.35284e-06
8.23462e-12
9.35283e-06
8.28875e-12
9.35283e-06
8.08492e-12
9.35283e-06
7.93212e-12
9.35283e-06
7.84871e-12
9.35283e-06
7.74399e-12
9.35283e-06
7.0977e-12
9.35283e-06
6.31437e-12
9.35283e-06
5.67489e-12
9.35283e-06
5.0272e-12
9.35283e-06
4.47989e-12
9.35282e-06
3.72737e-12
9.35282e-06
2.94309e-12
9.35282e-06
2.35863e-12
9.35282e-06
2.09964e-12
9.35282e-06
1.98287e-12
9.35282e-06
1.75464e-12
9.35282e-06
1.4214e-12
9.35282e-06
1.18532e-12
9.35282e-06
1.04322e-12
9.35282e-06
8.43545e-13
9.35282e-06
5.70734e-13
9.35282e-06
3.78158e-13
9.35282e-06
3.06947e-13
9.35282e-06
2.53996e-13
9.35282e-06
1.65604e-13
9.35282e-06
7.1862e-14
9.35282e-06
5.62858e-14
9.35282e-06
1.24919e-13
9.35282e-06
7.95312e-14
9.35282e-06
-1.24706e-13
9.35282e-06
-2.76401e-13
9.35282e-06
-2.41715e-13
9.35282e-06
-1.08791e-13
9.35282e-06
-3.41885e-14
9.35282e-06
-1.02742e-13
9.35282e-06
-2.47556e-13
9.35282e-06
-3.59837e-13
9.35282e-06
-4.47798e-13
9.35282e-06
-5.41787e-13
9.35282e-06
-6.57653e-13
9.35282e-06
-8.47282e-13
9.35282e-06
-1.03476e-12
9.35282e-06
-1.09947e-12
9.35282e-06
-1.13067e-12
9.35282e-06
-1.20682e-12
9.35282e-06
-1.23223e-12
9.35282e-06
-1.17672e-12
9.35282e-06
-1.07023e-12
9.35282e-06
-9.13791e-13
9.35282e-06
-7.62915e-13
9.35282e-06
-6.8517e-13
9.35282e-06
-6.91963e-13
9.35282e-06
-7.20989e-13
9.35282e-06
-6.3077e-13
9.35282e-06
-4.21222e-13
9.35282e-06
-2.52316e-13
9.35282e-06
-1.37783e-13
9.35282e-06
2.06761e-14
9.35282e-06
1.62835e-13
9.35282e-06
1.70427e-13
9.35282e-06
1.04872e-13
9.35282e-06
1.23951e-13
9.35282e-06
2.60724e-13
9.35282e-06
4.07147e-13
9.35282e-06
4.93928e-13
9.35282e-06
5.78788e-13
9.35282e-06
7.07251e-13
9.35282e-06
8.1959e-13
9.35282e-06
8.84774e-13
9.35283e-06
9.2602e-13
9.35283e-06
9.05995e-13
9.35283e-06
7.9326e-13
9.35283e-06
6.59909e-13
9.35283e-06
5.62364e-13
9.35283e-06
4.57661e-13
9.35283e-06
3.09715e-13
9.35283e-06
1.53646e-13
9.35282e-06
2.93648e-14
9.35282e-06
-7.53607e-14
9.35282e-06
-1.8039e-13
9.35282e-06
-2.42798e-13
9.35282e-06
-2.52919e-13
9.35282e-06
-2.98184e-13
9.35282e-06
-4.24271e-13
9.35282e-06
-5.73172e-13
9.35282e-06
-6.7193e-13
9.35282e-06
-6.83598e-13
9.35282e-06
-6.00577e-13
9.35282e-06
-4.64756e-13
9.35282e-06
-3.62238e-13
9.35282e-06
-3.4322e-13
9.35282e-06
-3.54862e-13
9.35282e-06
-2.84401e-13
9.35282e-06
-8.35285e-14
9.35282e-06
1.76191e-13
9.35282e-06
3.9319e-13
9.35282e-06
5.51673e-13
9.35282e-06
6.53426e-13
9.35282e-06
6.92551e-13
9.35282e-06
6.8991e-13
9.35282e-06
7.0019e-13
9.35282e-06
7.39627e-13
9.35282e-06
7.52089e-13
9.35282e-06
6.98665e-13
9.35282e-06
6.30641e-13
9.35282e-06
6.116e-13
9.35282e-06
6.36623e-13
9.35282e-06
6.74566e-13
9.35282e-06
7.31805e-13
9.35282e-06
7.99604e-13
9.35282e-06
8.10791e-13
9.35282e-06
7.24243e-13
9.35282e-06
5.75703e-13
9.35282e-06
4.13909e-13
9.35282e-06
2.52425e-13
9.35282e-06
1.12094e-13
9.35282e-06
2.40614e-14
9.35282e-06
-3.84084e-14
9.35282e-06
-1.44974e-13
9.35282e-06
-2.81803e-13
9.35282e-06
-3.60057e-13
9.35282e-06
-3.62848e-13
9.35282e-06
-3.49856e-13
9.35282e-06
-3.38593e-13
9.35282e-06
-2.88928e-13
9.35282e-06
-2.14756e-13
9.35282e-06
-1.9009e-13
9.35282e-06
-2.2735e-13
9.35282e-06
-2.80517e-13
9.35282e-06
-3.5166e-13
9.35282e-06
-4.67634e-13
9.35282e-06
-5.93383e-13
9.35282e-06
-6.69399e-13
9.35282e-06
-6.95688e-13
9.35282e-06
-7.23396e-13
9.35282e-06
-7.58777e-13
9.35282e-06
-7.43905e-13
9.35282e-06
-6.89711e-13
9.35282e-06
-6.56051e-13
9.35282e-06
-6.22444e-13
9.35282e-06
-5.16167e-13
9.35282e-06
-3.75563e-13
9.35282e-06
-2.99721e-13
9.35282e-06
-2.76417e-13
9.35282e-06
-2.22481e-13
9.35282e-06
-1.38606e-13
9.35282e-06
-7.9303e-14
9.35282e-06
-4.84605e-14
9.35282e-06
2.00514e-14
9.35282e-06
1.32992e-13
9.35282e-06
1.9954e-13
9.35282e-06
1.87117e-13
9.35282e-06
1.4239e-13
9.35282e-06
1.20442e-13
9.35282e-06
1.79808e-13
9.35282e-06
3.22905e-13
9.35282e-06
4.06015e-13
9.35282e-06
3.07128e-13
9.35282e-06
1.44065e-13
9.35282e-06
1.08286e-13
9.35282e-06
1.8795e-13
9.35282e-06
2.5136e-13
9.35282e-06
2.20017e-13
9.35281e-06
1.22877e-13
9.35281e-06
3.81482e-14
9.35281e-06
-8.03756e-15
9.35281e-06
4.02697e-14
9.35282e-06
2.13675e-13
9.35282e-06
3.47913e-13
9.35282e-06
3.1692e-13
9.35281e-06
1.49309e-13
9.35281e-06
2.40337e-15
9.35281e-06
2.65842e-14
9.35281e-06
8.41722e-14
9.35281e-06
8.20672e-14
9.35281e-06
1.19672e-13
9.35281e-06
1.4659e-13
9.35281e-06
2.27437e-13
9.35281e-06
4.62933e-13
9.35281e-06
6.64003e-13
9.35281e-06
7.50183e-13
9.35281e-06
8.1421e-13
9.35281e-06
9.06118e-13
9.35281e-06
1.06793e-12
9.35281e-06
1.31914e-12
9.35281e-06
1.51969e-12
9.35281e-06
1.69437e-12
9.35282e-06
1.87315e-12
9.35282e-06
2.03366e-12
9.35282e-06
2.13179e-12
9.35282e-06
2.30424e-12
9.35282e-06
2.45575e-12
9.35282e-06
2.80526e-12
9.35282e-06
2.78851e-12
9.35282e-06
2.60906e-12
9.35282e-06
2.43218e-12
9.35282e-06
2.22208e-12
9.35282e-06
2.08786e-12
1.72529e-12
9.16677e-06
9.00202e-12
9.16677e-06
9.22975e-12
9.16677e-06
9.42364e-12
9.16677e-06
9.44719e-12
9.16677e-06
9.10559e-12
9.16677e-06
8.53932e-12
9.16677e-06
7.7781e-12
9.16677e-06
7.04519e-12
9.16677e-06
6.58134e-12
9.16677e-06
5.69801e-12
9.16677e-06
4.52033e-12
9.16677e-06
3.66087e-12
9.16677e-06
3.26552e-12
9.16677e-06
2.96883e-12
9.16677e-06
2.64755e-12
9.16677e-06
2.20106e-12
9.16677e-06
1.79677e-12
9.16677e-06
1.59017e-12
9.16677e-06
1.44796e-12
9.16677e-06
1.19346e-12
9.16677e-06
8.43984e-13
9.16677e-06
5.35685e-13
9.16677e-06
3.5301e-13
9.16677e-06
2.94376e-13
9.16677e-06
2.04742e-13
9.16677e-06
5.26268e-14
9.16677e-06
-6.20323e-14
9.16677e-06
-1.27534e-13
9.16677e-06
-1.88978e-13
9.16676e-06
-2.45796e-13
9.16676e-06
-2.89676e-13
9.16676e-06
-3.30461e-13
9.16676e-06
-3.92072e-13
9.16676e-06
-4.31838e-13
9.16676e-06
-3.96439e-13
9.16676e-06
-3.60796e-13
9.16676e-06
-4.24092e-13
9.16676e-06
-5.25505e-13
9.16676e-06
-5.5059e-13
9.16676e-06
-5.10017e-13
9.16676e-06
-5.08564e-13
9.16676e-06
-6.66569e-13
9.16676e-06
-9.495e-13
9.16676e-06
-1.13726e-12
9.16676e-06
-1.17479e-12
9.16676e-06
-1.18474e-12
9.16676e-06
-1.17601e-12
9.16676e-06
-1.13182e-12
9.16676e-06
-1.09745e-12
9.16677e-06
-1.06131e-12
9.16677e-06
-1.02027e-12
9.16677e-06
-9.89154e-13
9.16677e-06
-9.65349e-13
9.16677e-06
-9.55263e-13
9.16677e-06
-8.93522e-13
9.16677e-06
-6.94745e-13
9.16677e-06
-4.73695e-13
9.16677e-06
-3.55499e-13
9.16677e-06
-2.81443e-13
9.16677e-06
-1.69197e-13
9.16677e-06
-3.16454e-14
9.16677e-06
1.10476e-13
9.16677e-06
2.90865e-13
9.16677e-06
5.28266e-13
9.16677e-06
7.52887e-13
9.16677e-06
8.63894e-13
9.16677e-06
8.99038e-13
9.16677e-06
9.88213e-13
9.16677e-06
1.11949e-12
9.16677e-06
1.1723e-12
9.16677e-06
1.12527e-12
9.16677e-06
1.03367e-12
9.16677e-06
9.26815e-13
9.16677e-06
8.38553e-13
9.16677e-06
7.93054e-13
9.16677e-06
7.41902e-13
9.16677e-06
6.04738e-13
9.16677e-06
3.91209e-13
9.16677e-06
2.05e-13
9.16677e-06
1.1034e-13
9.16677e-06
4.57809e-14
9.16677e-06
-6.94558e-14
9.16677e-06
-2.3391e-13
9.16677e-06
-4.18473e-13
9.16677e-06
-5.62025e-13
9.16677e-06
-6.06379e-13
9.16677e-06
-5.59042e-13
9.16677e-06
-4.85518e-13
9.16677e-06
-4.2262e-13
9.16677e-06
-3.59598e-13
9.16677e-06
-2.84582e-13
9.16677e-06
-1.95135e-13
9.16677e-06
-1.00196e-13
9.16677e-06
2.66254e-14
9.16677e-06
2.18617e-13
9.16677e-06
4.54073e-13
9.16677e-06
6.46372e-13
9.16677e-06
7.81565e-13
9.16677e-06
8.9987e-13
9.16677e-06
1.00832e-12
9.16677e-06
1.06292e-12
9.16677e-06
1.05233e-12
9.16677e-06
1.01573e-12
9.16677e-06
9.71108e-13
9.16677e-06
8.87961e-13
9.16677e-06
7.79229e-13
9.16677e-06
7.16958e-13
9.16677e-06
7.33883e-13
9.16677e-06
7.8006e-13
9.16677e-06
8.06424e-13
9.16677e-06
7.98726e-13
9.16677e-06
7.33498e-13
9.16677e-06
5.87653e-13
9.16677e-06
4.02816e-13
9.16677e-06
2.62022e-13
9.16677e-06
1.81552e-13
9.16677e-06
1.07441e-13
9.16677e-06
2.05718e-14
9.16677e-06
-5.13243e-14
9.16677e-06
-1.0855e-13
9.16677e-06
-1.59634e-13
9.16677e-06
-1.65393e-13
9.16677e-06
-1.13035e-13
9.16677e-06
-4.97212e-14
9.16677e-06
-2.91514e-17
9.16677e-06
6.5056e-14
9.16677e-06
1.51823e-13
9.16676e-06
1.88766e-13
9.16676e-06
1.29861e-13
9.16676e-06
4.5398e-14
9.16676e-06
-2.95711e-15
9.16676e-06
-5.36301e-14
9.16676e-06
-1.48222e-13
9.16676e-06
-2.28209e-13
9.16676e-06
-2.13806e-13
9.16676e-06
-1.43253e-13
9.16676e-06
-1.18303e-13
9.16676e-06
-1.48312e-13
9.16676e-06
-1.6522e-13
9.16676e-06
-1.58203e-13
9.16676e-06
-1.59421e-13
9.16676e-06
-1.06927e-13
9.16676e-06
3.95876e-14
9.16676e-06
1.74417e-13
9.16676e-06
1.73175e-13
9.16676e-06
8.40921e-14
9.16676e-06
4.53301e-14
9.16676e-06
1.26719e-13
9.16676e-06
2.67113e-13
9.16676e-06
3.84345e-13
9.16676e-06
4.31795e-13
9.16676e-06
3.64505e-13
9.16676e-06
2.22843e-13
9.16676e-06
1.44796e-13
9.16676e-06
1.89769e-13
9.16676e-06
2.82684e-13
9.16676e-06
3.43301e-13
9.16676e-06
3.57331e-13
9.16676e-06
3.24564e-13
9.16676e-06
3.01723e-13
9.16676e-06
3.88563e-13
9.16676e-06
5.60716e-13
9.16676e-06
6.94099e-13
9.16676e-06
6.86163e-13
9.16676e-06
5.38169e-13
9.16676e-06
4.16924e-13
9.16676e-06
4.28716e-13
9.16676e-06
5.42945e-13
9.16676e-06
6.92914e-13
9.16676e-06
6.82806e-13
9.16676e-06
4.56976e-13
9.16676e-06
2.43906e-13
9.16676e-06
1.89905e-13
9.16676e-06
2.64478e-13
9.16676e-06
2.72032e-13
9.16676e-06
1.8252e-13
9.16676e-06
2.44996e-13
9.16676e-06
3.42717e-13
9.16676e-06
3.32063e-13
9.16676e-06
5.06354e-13
9.16676e-06
7.56567e-13
9.16676e-06
7.89947e-13
9.16676e-06
7.767e-13
9.16676e-06
8.97154e-13
9.16676e-06
1.06714e-12
9.16676e-06
1.18598e-12
9.16676e-06
1.47469e-12
9.16676e-06
1.57843e-12
9.16676e-06
1.49447e-12
9.16676e-06
1.48511e-12
9.16676e-06
1.80242e-12
9.16676e-06
2.10189e-12
9.16676e-06
1.9427e-12
9.16676e-06
1.53451e-12
9.16676e-06
1.63877e-12
9.16676e-06
1.91772e-12
9.16676e-06
1.44072e-12
9.16677e-06
9.0846e-13
9.16677e-06
5.67908e-13
7.16783e-13
8.79452e-06
9.70836e-12
8.79452e-06
9.92519e-12
8.79452e-06
1.02124e-11
8.79452e-06
9.86142e-12
8.79452e-06
9.29325e-12
8.79452e-06
8.5666e-12
8.79452e-06
7.73241e-12
8.79452e-06
6.93957e-12
8.79452e-06
6.019e-12
8.79452e-06
5.19495e-12
8.79452e-06
4.58231e-12
8.79452e-06
4.0051e-12
8.79452e-06
3.30116e-12
8.79452e-06
2.83716e-12
8.79452e-06
2.5363e-12
8.79452e-06
2.28142e-12
8.79452e-06
2.08325e-12
8.79452e-06
1.72957e-12
8.79452e-06
1.26041e-12
8.79452e-06
8.8572e-13
8.79452e-06
6.88495e-13
8.79452e-06
5.70072e-13
8.79452e-06
3.67551e-13
8.79452e-06
1.35468e-13
8.79452e-06
2.38022e-14
8.79452e-06
8.50097e-15
8.79452e-06
-1.68121e-14
8.79452e-06
-1.0284e-13
8.79452e-06
-2.04426e-13
8.79452e-06
-2.40932e-13
8.79452e-06
-1.87414e-13
8.79452e-06
-7.73208e-14
8.79452e-06
-2.32771e-14
8.79452e-06
-1.1012e-13
8.79452e-06
-2.59481e-13
8.79452e-06
-3.62024e-13
8.79452e-06
-4.15864e-13
8.79452e-06
-4.51895e-13
8.79452e-06
-5.06923e-13
8.79452e-06
-6.16386e-13
8.79452e-06
-7.25994e-13
8.79452e-06
-8.09039e-13
8.79452e-06
-9.3888e-13
8.79452e-06
-1.08921e-12
8.79452e-06
-1.19335e-12
8.79452e-06
-1.27949e-12
8.79452e-06
-1.32762e-12
8.79452e-06
-1.30014e-12
8.79452e-06
-1.26825e-12
8.79452e-06
-1.28211e-12
8.79452e-06
-1.31356e-12
8.79452e-06
-1.31999e-12
8.79452e-06
-1.25182e-12
8.79452e-06
-1.15018e-12
8.79452e-06
-1.04343e-12
8.79452e-06
-8.58458e-13
8.79452e-06
-5.9913e-13
8.79452e-06
-4.24372e-13
8.79452e-06
-3.70283e-13
8.79452e-06
-2.91088e-13
8.79452e-06
-9.07409e-14
8.79452e-06
1.68681e-13
8.79452e-06
3.63087e-13
8.79452e-06
4.74448e-13
8.79452e-06
5.93029e-13
8.79452e-06
7.33649e-13
8.79452e-06
8.36067e-13
8.79452e-06
9.2942e-13
8.79452e-06
1.05984e-12
8.79452e-06
1.15739e-12
8.79452e-06
1.15866e-12
8.79452e-06
1.0993e-12
8.79452e-06
1.02176e-12
8.79452e-06
9.29585e-13
8.79452e-06
8.24121e-13
8.79452e-06
7.18595e-13
8.79452e-06
6.16269e-13
8.79452e-06
4.99781e-13
8.79452e-06
3.80385e-13
8.79452e-06
2.82562e-13
8.79452e-06
1.9474e-13
8.79452e-06
7.84459e-14
8.79452e-06
-4.00203e-14
8.79452e-06
-1.28122e-13
8.79452e-06
-1.99597e-13
8.79452e-06
-2.40843e-13
8.79452e-06
-2.26956e-13
8.79452e-06
-1.80476e-13
8.79452e-06
-1.49838e-13
8.79452e-06
-1.44212e-13
8.79452e-06
-1.1802e-13
8.79452e-06
-2.0406e-14
8.79452e-06
1.30105e-13
8.79452e-06
2.83185e-13
8.79452e-06
4.31244e-13
8.79452e-06
5.85213e-13
8.79452e-06
6.99941e-13
8.79452e-06
7.6001e-13
8.79452e-06
8.18213e-13
8.79452e-06
9.24191e-13
8.79452e-06
1.04202e-12
8.79452e-06
1.08582e-12
8.79452e-06
1.03543e-12
8.79452e-06
9.45664e-13
8.79452e-06
8.57567e-13
8.79452e-06
7.72027e-13
8.79452e-06
7.18556e-13
8.79452e-06
7.32593e-13
8.79452e-06
7.77858e-13
8.79452e-06
7.69187e-13
8.79452e-06
6.71607e-13
8.79452e-06
5.15335e-13
8.79452e-06
3.46666e-13
8.79452e-06
2.1225e-13
8.79452e-06
1.42272e-13
8.79452e-06
1.18633e-13
8.79452e-06
6.56878e-14
8.79452e-06
-7.50629e-14
8.79452e-06
-2.30817e-13
8.79452e-06
-3.08094e-13
8.79452e-06
-2.92241e-13
8.79452e-06
-1.99068e-13
8.79452e-06
-4.21997e-14
8.79452e-06
1.36275e-13
8.79452e-06
2.69272e-13
8.79452e-06
3.3943e-13
8.79452e-06
3.75516e-13
8.79452e-06
3.81852e-13
8.79452e-06
3.19178e-13
8.79452e-06
1.98699e-13
8.79452e-06
1.0243e-13
8.79452e-06
7.89168e-14
8.79452e-06
1.1333e-13
8.79452e-06
1.78223e-13
8.79452e-06
2.59261e-13
8.79452e-06
3.17018e-13
8.79452e-06
2.85267e-13
8.79452e-06
1.58561e-13
8.79451e-06
6.55267e-14
8.79451e-06
9.76085e-14
8.79451e-06
1.81849e-13
8.79451e-06
2.21175e-13
8.79451e-06
2.31959e-13
8.79451e-06
2.5372e-13
8.79451e-06
2.52687e-13
8.79451e-06
2.10716e-13
8.79451e-06
1.9085e-13
8.79451e-06
2.7563e-13
8.79451e-06
3.97816e-13
8.79451e-06
4.40566e-13
8.79451e-06
3.86902e-13
8.79451e-06
2.87358e-13
8.79451e-06
2.0059e-13
8.79451e-06
2.16503e-13
8.79451e-06
3.39895e-13
8.79451e-06
4.28906e-13
8.79451e-06
3.9423e-13
8.79451e-06
3.55674e-13
8.79451e-06
4.39074e-13
8.79451e-06
5.9014e-13
8.79451e-06
7.2059e-13
8.79451e-06
7.87423e-13
8.79451e-06
7.89732e-13
8.79451e-06
7.36281e-13
8.79451e-06
6.06044e-13
8.79451e-06
5.30755e-13
8.79451e-06
6.29571e-13
8.79451e-06
7.15268e-13
8.79451e-06
6.264e-13
8.79451e-06
4.44756e-13
8.79451e-06
3.22925e-13
8.79451e-06
3.31082e-13
8.79451e-06
3.79408e-13
8.79451e-06
4.02995e-13
8.79451e-06
4.03086e-13
8.79451e-06
3.02845e-13
8.79451e-06
2.58476e-13
8.79451e-06
4.28474e-13
8.79451e-06
5.73743e-13
8.79451e-06
5.93908e-13
8.79451e-06
6.01699e-13
8.79451e-06
5.80063e-13
8.79451e-06
5.61195e-13
8.79451e-06
8.0356e-13
8.79451e-06
1.09023e-12
8.79451e-06
1.18359e-12
8.79451e-06
1.13708e-12
8.79451e-06
1.13539e-12
8.79451e-06
1.34456e-12
8.79451e-06
1.56422e-12
8.79451e-06
1.4368e-12
8.79451e-06
1.08812e-12
8.79451e-06
1.19546e-12
8.79452e-06
1.23119e-12
8.79452e-06
9.06997e-13
8.79452e-06
2.6077e-13
8.79452e-06
1.78055e-13
8.79452e-06
-1.16066e-13
8.79452e-06
-4.30225e-13
-7.76347e-13
8.23582e-06
9.78583e-12
8.23582e-06
1.00094e-11
8.23582e-06
1.01743e-11
8.23582e-06
9.74423e-12
8.23582e-06
8.98908e-12
8.23582e-06
8.22632e-12
8.23582e-06
7.43555e-12
8.23582e-06
6.4421e-12
8.23582e-06
5.56413e-12
8.23582e-06
4.82916e-12
8.23582e-06
4.28788e-12
8.23583e-06
3.76757e-12
8.23583e-06
3.19459e-12
8.23583e-06
2.68597e-12
8.23583e-06
2.3169e-12
8.23583e-06
2.01156e-12
8.23583e-06
1.68182e-12
8.23583e-06
1.33116e-12
8.23583e-06
1.02113e-12
8.23583e-06
8.24686e-13
8.23583e-06
7.59429e-13
8.23583e-06
6.85952e-13
8.23583e-06
4.06855e-13
8.23583e-06
4.9776e-14
8.23583e-06
-7.35708e-14
8.23583e-06
1.73119e-14
8.23583e-06
8.19176e-14
8.23582e-06
2.84838e-14
8.23582e-06
-5.29258e-14
8.23582e-06
-8.56989e-14
8.23582e-06
-8.13029e-14
8.23582e-06
-2.22921e-14
8.23582e-06
2.67803e-14
8.23582e-06
-7.53714e-14
8.23582e-06
-3.13825e-13
8.23582e-06
-4.62966e-13
8.23582e-06
-4.48859e-13
8.23582e-06
-4.29057e-13
8.23582e-06
-5.58348e-13
8.23582e-06
-8.38349e-13
8.23582e-06
-1.0845e-12
8.23582e-06
-1.16231e-12
8.23582e-06
-1.18451e-12
8.23582e-06
-1.25849e-12
8.23582e-06
-1.3333e-12
8.23582e-06
-1.38904e-12
8.23582e-06
-1.42578e-12
8.23582e-06
-1.41846e-12
8.23582e-06
-1.42212e-12
8.23582e-06
-1.47954e-12
8.23582e-06
-1.53557e-12
8.23582e-06
-1.51698e-12
8.23582e-06
-1.35992e-12
8.23582e-06
-1.10145e-12
8.23582e-06
-9.03903e-13
8.23582e-06
-8.30388e-13
8.23582e-06
-7.81212e-13
8.23582e-06
-7.02992e-13
8.23583e-06
-5.86282e-13
8.23583e-06
-3.88279e-13
8.23583e-06
-9.04038e-14
8.23583e-06
2.43348e-13
8.23583e-06
4.68753e-13
8.23583e-06
4.95895e-13
8.23583e-06
4.31706e-13
8.23583e-06
4.40065e-13
8.23583e-06
5.2092e-13
8.23583e-06
6.02976e-13
8.23583e-06
6.87674e-13
8.23583e-06
7.80244e-13
8.23583e-06
8.61103e-13
8.23583e-06
9.34511e-13
8.23583e-06
9.90457e-13
8.23583e-06
9.82013e-13
8.23583e-06
8.86587e-13
8.23583e-06
7.43383e-13
8.23583e-06
6.22331e-13
8.23583e-06
5.422e-13
8.23583e-06
4.79731e-13
8.23583e-06
4.38671e-13
8.23583e-06
4.16939e-13
8.23583e-06
3.72839e-13
8.23583e-06
2.96761e-13
8.23583e-06
2.20637e-13
8.23583e-06
1.48396e-13
8.23583e-06
7.73325e-14
8.23583e-06
3.80063e-14
8.23583e-06
5.6064e-14
8.23583e-06
9.49533e-14
8.23583e-06
1.00836e-13
8.23583e-06
7.59891e-14
8.23583e-06
8.29518e-14
8.23583e-06
1.58014e-13
8.23583e-06
2.55198e-13
8.23583e-06
3.36117e-13
8.23583e-06
4.3272e-13
8.23583e-06
5.66509e-13
8.23583e-06
7.04652e-13
8.23583e-06
8.19298e-13
8.23583e-06
9.28594e-13
8.23583e-06
1.03663e-12
8.23583e-06
1.09797e-12
8.23582e-06
1.07837e-12
8.23582e-06
1.02437e-12
8.23582e-06
9.99539e-13
8.23582e-06
9.98837e-13
8.23582e-06
9.92031e-13
8.23583e-06
9.85206e-13
8.23583e-06
9.84331e-13
8.23583e-06
9.51899e-13
8.23583e-06
8.5416e-13
8.23583e-06
7.18861e-13
8.23583e-06
5.87017e-13
8.23583e-06
4.59647e-13
8.23583e-06
3.23879e-13
8.23583e-06
1.84846e-13
8.23583e-06
5.02988e-14
8.23583e-06
-8.9554e-14
8.23583e-06
-1.80531e-13
8.23583e-06
-1.71261e-13
8.23583e-06
-1.05151e-13
8.23583e-06
-5.63871e-14
8.23583e-06
-1.44804e-14
8.23583e-06
8.23845e-14
8.23583e-06
2.19452e-13
8.23583e-06
3.06076e-13
8.23583e-06
3.11479e-13
8.23582e-06
2.95424e-13
8.23582e-06
3.07603e-13
8.23582e-06
3.04181e-13
8.23582e-06
2.7522e-13
8.23582e-06
2.81439e-13
8.23582e-06
3.64533e-13
8.23582e-06
4.89781e-13
8.23582e-06
5.81284e-13
8.23582e-06
5.84173e-13
8.23582e-06
4.94853e-13
8.23582e-06
3.49523e-13
8.23582e-06
2.30876e-13
8.23582e-06
2.34371e-13
8.23582e-06
3.43592e-13
8.23582e-06
4.1797e-13
8.23582e-06
3.85759e-13
8.23582e-06
3.00182e-13
8.23582e-06
2.2798e-13
8.23582e-06
1.96523e-13
8.23582e-06
2.05922e-13
8.23582e-06
2.73926e-13
8.23582e-06
3.56206e-13
8.23582e-06
3.31885e-13
8.23582e-06
1.97504e-13
8.23582e-06
8.42695e-14
8.23582e-06
5.54184e-14
8.23582e-06
7.51837e-14
8.23582e-06
1.17728e-13
8.23582e-06
1.5849e-13
8.23582e-06
1.74624e-13
8.23582e-06
2.37783e-13
8.23582e-06
4.35733e-13
8.23582e-06
6.85148e-13
8.23582e-06
8.29043e-13
8.23582e-06
8.10936e-13
8.23582e-06
7.11523e-13
8.23582e-06
6.69123e-13
8.23582e-06
6.80095e-13
8.23582e-06
6.79759e-13
8.23582e-06
6.88357e-13
8.23582e-06
5.93794e-13
8.23582e-06
3.40209e-13
8.23582e-06
2.02352e-13
8.23582e-06
3.4243e-13
8.23582e-06
5.61551e-13
8.23582e-06
6.22144e-13
8.23582e-06
5.24982e-13
8.23582e-06
4.86747e-13
8.23582e-06
5.42553e-13
8.23582e-06
5.50061e-13
8.23582e-06
5.84829e-13
8.23582e-06
6.25293e-13
8.23582e-06
5.37087e-13
8.23582e-06
4.7417e-13
8.23582e-06
6.13178e-13
8.23582e-06
7.85294e-13
8.23582e-06
9.1585e-13
8.23582e-06
9.01004e-13
8.23582e-06
8.72943e-13
8.23582e-06
1.02939e-12
8.23582e-06
1.21907e-12
8.23582e-06
1.32877e-12
8.23582e-06
1.1106e-12
8.23582e-06
9.70518e-13
8.23582e-06
1.01318e-12
8.23582e-06
8.18986e-13
8.23582e-06
3.30154e-13
8.23582e-06
-1.39289e-13
8.23582e-06
-5.39771e-13
8.23582e-06
-8.38681e-13
8.23583e-06
-1.19183e-12
8.23583e-06
-1.50447e-12
-1.33362e-12
7.49029e-06
8.82664e-12
7.49029e-06
9.24481e-12
7.49029e-06
9.19601e-12
7.4903e-06
8.78921e-12
7.4903e-06
8.30348e-12
7.4903e-06
7.24099e-12
7.4903e-06
6.34276e-12
7.4903e-06
5.70139e-12
7.4903e-06
4.96573e-12
7.4903e-06
4.34123e-12
7.4903e-06
3.83421e-12
7.4903e-06
3.36126e-12
7.4903e-06
2.91998e-12
7.4903e-06
2.50828e-12
7.4903e-06
2.10965e-12
7.4903e-06
1.7002e-12
7.4903e-06
1.40588e-12
7.4903e-06
1.24155e-12
7.4903e-06
1.0685e-12
7.4903e-06
8.33533e-13
7.4903e-06
5.80326e-13
7.4903e-06
4.7627e-13
7.4903e-06
5.32619e-13
7.4903e-06
5.30757e-13
7.4903e-06
3.84402e-13
7.4903e-06
2.08335e-13
7.4903e-06
9.60564e-14
7.4903e-06
3.07678e-14
7.4903e-06
2.36651e-14
7.4903e-06
9.03844e-14
7.4903e-06
1.17987e-13
7.4903e-06
5.1202e-14
7.4903e-06
-1.52951e-14
7.4903e-06
-5.60072e-14
7.4903e-06
-1.50261e-13
7.4903e-06
-2.70348e-13
7.4903e-06
-3.92378e-13
7.4903e-06
-5.34535e-13
7.4903e-06
-6.72778e-13
7.4903e-06
-8.08815e-13
7.4903e-06
-9.56272e-13
7.4903e-06
-1.07138e-12
7.4903e-06
-1.16842e-12
7.4903e-06
-1.28911e-12
7.4903e-06
-1.38152e-12
7.4903e-06
-1.42612e-12
7.4903e-06
-1.4734e-12
7.4903e-06
-1.51313e-12
7.4903e-06
-1.53209e-12
7.4903e-06
-1.52607e-12
7.4903e-06
-1.46202e-12
7.4903e-06
-1.35424e-12
7.4903e-06
-1.22417e-12
7.4903e-06
-1.04904e-12
7.4903e-06
-8.94004e-13
7.4903e-06
-8.50739e-13
7.4903e-06
-8.50044e-13
7.4903e-06
-7.74243e-13
7.4903e-06
-5.84123e-13
7.4903e-06
-3.46102e-13
7.4903e-06
-1.65671e-13
7.4903e-06
-5.68139e-14
7.4903e-06
4.58853e-14
7.4903e-06
1.46864e-13
7.4903e-06
2.34691e-13
7.4903e-06
3.64554e-13
7.4903e-06
5.44611e-13
7.4903e-06
7.08829e-13
7.4903e-06
8.43973e-13
7.4903e-06
9.71762e-13
7.4903e-06
1.06327e-12
7.4903e-06
1.0806e-12
7.4903e-06
1.02674e-12
7.4903e-06
9.30689e-13
7.4903e-06
8.20058e-13
7.4903e-06
7.22268e-13
7.4903e-06
6.83202e-13
7.4903e-06
7.14932e-13
7.4903e-06
7.56294e-13
7.4903e-06
7.61931e-13
7.4903e-06
7.40425e-13
7.4903e-06
6.82793e-13
7.4903e-06
5.82642e-13
7.4903e-06
4.87061e-13
7.4903e-06
4.39821e-13
7.4903e-06
4.1731e-13
7.4903e-06
3.81369e-13
7.4903e-06
3.09288e-13
7.4903e-06
2.00987e-13
7.4903e-06
7.48765e-14
7.4903e-06
-4.05848e-14
7.4903e-06
-8.85165e-14
7.4903e-06
-2.41592e-14
7.4903e-06
1.10193e-13
7.4903e-06
2.3133e-13
7.4903e-06
3.29551e-13
7.4903e-06
4.53971e-13
7.4903e-06
6.12774e-13
7.4903e-06
7.50638e-13
7.4903e-06
8.44505e-13
7.4903e-06
9.27569e-13
7.4903e-06
1.01458e-12
7.4903e-06
1.06384e-12
7.4903e-06
1.04817e-12
7.4903e-06
1.01054e-12
7.4903e-06
1.00073e-12
7.4903e-06
1.01969e-12
7.4903e-06
1.0505e-12
7.4903e-06
1.06302e-12
7.4903e-06
1.00744e-12
7.4903e-06
8.60068e-13
7.4903e-06
6.69007e-13
7.4903e-06
5.10176e-13
7.4903e-06
3.99976e-13
7.4903e-06
2.78583e-13
7.4903e-06
1.19723e-13
7.4903e-06
-1.77914e-14
7.4903e-06
-1.05359e-13
7.4903e-06
-1.47485e-13
7.4903e-06
-1.4113e-13
7.4903e-06
-1.01893e-13
7.4903e-06
-7.7773e-14
7.4903e-06
-8.31732e-14
7.4903e-06
-6.65575e-14
7.4903e-06
1.94543e-14
7.4903e-06
1.48162e-13
7.4903e-06
2.51504e-13
7.4903e-06
3.11395e-13
7.4903e-06
3.53292e-13
7.4903e-06
3.95482e-13
7.4903e-06
4.59174e-13
7.4903e-06
5.8078e-13
7.4903e-06
7.521e-13
7.4903e-06
8.95854e-13
7.4903e-06
9.29511e-13
7.4903e-06
8.44579e-13
7.4903e-06
7.2397e-13
7.4903e-06
6.36992e-13
7.4903e-06
6.02346e-13
7.4903e-06
6.09447e-13
7.4903e-06
6.59419e-13
7.4903e-06
6.73364e-13
7.4903e-06
5.91849e-13
7.4903e-06
4.47731e-13
7.4903e-06
3.36561e-13
7.4903e-06
3.26417e-13
7.4903e-06
3.70124e-13
7.4903e-06
3.77595e-13
7.4903e-06
3.38098e-13
7.4903e-06
2.57273e-13
7.4903e-06
1.69396e-13
7.4903e-06
1.72392e-13
7.4903e-06
2.63122e-13
7.4903e-06
3.03912e-13
7.4903e-06
2.39103e-13
7.4903e-06
1.70317e-13
7.4903e-06
1.65681e-13
7.4903e-06
2.14546e-13
7.4903e-06
3.46795e-13
7.4903e-06
5.6419e-13
7.4903e-06
7.57979e-13
7.4903e-06
7.96954e-13
7.4903e-06
6.71446e-13
7.4903e-06
5.9871e-13
7.4903e-06
7.12305e-13
7.4903e-06
8.07208e-13
7.4903e-06
7.38047e-13
7.4903e-06
6.27783e-13
7.4903e-06
5.4974e-13
7.4903e-06
4.84152e-13
7.4903e-06
4.52658e-13
7.4903e-06
4.77477e-13
7.4903e-06
4.82361e-13
7.4903e-06
3.76649e-13
7.4903e-06
3.12487e-13
7.4903e-06
4.44643e-13
7.4903e-06
5.976e-13
7.4903e-06
6.78437e-13
7.4903e-06
6.79517e-13
7.4903e-06
5.39256e-13
7.4903e-06
5.30476e-13
7.4903e-06
7.10023e-13
7.4903e-06
7.59246e-13
7.4903e-06
5.61873e-13
7.4903e-06
6.09002e-13
7.4903e-06
8.79259e-13
7.4903e-06
1.11843e-12
7.4903e-06
9.32946e-13
7.4903e-06
6.48246e-13
7.4903e-06
6.5281e-13
7.4903e-06
7.51866e-13
7.4903e-06
6.13885e-13
7.4903e-06
7.8229e-14
7.4903e-06
-4.25664e-13
7.4903e-06
-7.57651e-13
7.4903e-06
-8.22658e-13
7.4903e-06
-1.66546e-12
7.4903e-06
-1.86053e-12
7.4903e-06
-2.09434e-12
-2.09709e-12
6.55745e-06
7.58465e-12
6.55745e-06
7.86614e-12
6.55745e-06
7.57667e-12
6.55745e-06
7.01999e-12
6.55745e-06
6.60852e-12
6.55745e-06
6.06187e-12
6.55746e-06
5.38381e-12
6.55746e-06
4.57005e-12
6.55746e-06
3.84476e-12
6.55746e-06
3.32778e-12
6.55746e-06
2.77372e-12
6.55746e-06
2.33923e-12
6.55746e-06
2.04612e-12
6.55746e-06
1.81017e-12
6.55746e-06
1.70766e-12
6.55746e-06
1.58661e-12
6.55746e-06
1.31025e-12
6.55746e-06
1.04192e-12
6.55746e-06
9.19427e-13
6.55746e-06
8.65939e-13
6.55746e-06
7.1363e-13
6.55746e-06
4.94439e-13
6.55746e-06
3.36615e-13
6.55746e-06
1.8984e-13
6.55746e-06
-2.2707e-14
6.55746e-06
-2.00643e-13
6.55746e-06
-1.81237e-13
6.55746e-06
-2.25476e-14
6.55746e-06
9.95076e-14
6.55746e-06
1.46871e-13
6.55746e-06
1.17906e-13
6.55746e-06
-2.81953e-14
6.55746e-06
-1.60787e-13
6.55746e-06
-1.781e-13
6.55746e-06
-2.09346e-13
6.55746e-06
-3.719e-13
6.55746e-06
-6.05573e-13
6.55746e-06
-7.86508e-13
6.55746e-06
-8.22537e-13
6.55746e-06
-7.79511e-13
6.55746e-06
-8.21587e-13
6.55746e-06
-9.46114e-13
6.55746e-06
-1.0565e-12
6.55746e-06
-1.13649e-12
6.55746e-06
-1.18968e-12
6.55746e-06
-1.25048e-12
6.55746e-06
-1.36078e-12
6.55746e-06
-1.45838e-12
6.55746e-06
-1.47104e-12
6.55746e-06
-1.43189e-12
6.55746e-06
-1.36255e-12
6.55746e-06
-1.2631e-12
6.55746e-06
-1.15103e-12
6.55746e-06
-1.01896e-12
6.55746e-06
-8.84534e-13
6.55746e-06
-8.13031e-13
6.55746e-06
-8.04869e-13
6.55746e-06
-7.79537e-13
6.55746e-06
-6.64774e-13
6.55746e-06
-4.80808e-13
6.55746e-06
-3.34447e-13
6.55746e-06
-3.0477e-13
6.55746e-06
-2.98152e-13
6.55746e-06
-1.86685e-13
6.55746e-06
1.81208e-14
6.55746e-06
2.42947e-13
6.55746e-06
4.32275e-13
6.55746e-06
5.53914e-13
6.55746e-06
6.47956e-13
6.55746e-06
7.78571e-13
6.55746e-06
9.15618e-13
6.55746e-06
9.59657e-13
6.55746e-06
8.80742e-13
6.55746e-06
7.56876e-13
6.55746e-06
6.80797e-13
6.55746e-06
6.65975e-13
6.55746e-06
6.90239e-13
6.55746e-06
7.45604e-13
6.55746e-06
7.93221e-13
6.55746e-06
7.82206e-13
6.55746e-06
7.37773e-13
6.55746e-06
7.14065e-13
6.55746e-06
7.03428e-13
6.55746e-06
6.85735e-13
6.55746e-06
6.57062e-13
6.55746e-06
6.02162e-13
6.55746e-06
5.02434e-13
6.55746e-06
3.75413e-13
6.55746e-06
2.6768e-13
6.55746e-06
2.3198e-13
6.55746e-06
2.51819e-13
6.55746e-06
2.76644e-13
6.55746e-06
3.11669e-13
6.55746e-06
3.91491e-13
6.55746e-06
5.00119e-13
6.55746e-06
5.91114e-13
6.55746e-06
6.58759e-13
6.55746e-06
7.25433e-13
6.55746e-06
7.92909e-13
6.55746e-06
8.29737e-13
6.55746e-06
8.27163e-13
6.55746e-06
8.18145e-13
6.55746e-06
8.40704e-13
6.55746e-06
9.09004e-13
6.55746e-06
1.02079e-12
6.55746e-06
1.13328e-12
6.55746e-06
1.16358e-12
6.55746e-06
1.07783e-12
6.55746e-06
9.45481e-13
6.55746e-06
8.4512e-13
6.55746e-06
7.70119e-13
6.55746e-06
6.68655e-13
6.55746e-06
5.24345e-13
6.55746e-06
3.67277e-13
6.55746e-06
2.13828e-13
6.55746e-06
5.99785e-14
6.55746e-06
-3.47684e-14
6.55746e-06
-4.52719e-14
6.55746e-06
-1.97987e-14
6.55746e-06
-2.24293e-14
6.55746e-06
-5.44655e-14
6.55746e-06
-7.88986e-14
6.55746e-06
-7.45646e-14
6.55746e-06
-3.93646e-14
6.55746e-06
4.8193e-14
6.55746e-06
2.15677e-13
6.55746e-06
4.33844e-13
6.55746e-06
6.01885e-13
6.55746e-06
6.63722e-13
6.55746e-06
6.59016e-13
6.55746e-06
6.87492e-13
6.55746e-06
8.10036e-13
6.55746e-06
9.69465e-13
6.55746e-06
1.03826e-12
6.55746e-06
9.6709e-13
6.55746e-06
8.2387e-13
6.55746e-06
7.30803e-13
6.55746e-06
7.66688e-13
6.55746e-06
8.7071e-13
6.55746e-06
9.21604e-13
6.55746e-06
8.8713e-13
6.55746e-06
8.00934e-13
6.55746e-06
6.91406e-13
6.55746e-06
5.75107e-13
6.55746e-06
4.82425e-13
6.55746e-06
4.56321e-13
6.55746e-06
4.52769e-13
6.55746e-06
3.3943e-13
6.55746e-06
1.34e-13
6.55746e-06
4.57063e-16
6.55746e-06
6.23641e-15
6.55746e-06
1.02309e-13
6.55746e-06
1.94026e-13
6.55746e-06
1.73857e-13
6.55746e-06
4.15762e-14
6.55746e-06
-3.45944e-14
6.55746e-06
9.21129e-14
6.55746e-06
3.4744e-13
6.55746e-06
5.69642e-13
6.55746e-06
6.89274e-13
6.55746e-06
7.36675e-13
6.55746e-06
7.59268e-13
6.55746e-06
7.34597e-13
6.55746e-06
7.10656e-13
6.55746e-06
8.05173e-13
6.55746e-06
8.89925e-13
6.55746e-06
7.93139e-13
6.55746e-06
6.68237e-13
6.55746e-06
6.39545e-13
6.55746e-06
5.44203e-13
6.55746e-06
3.69519e-13
6.55746e-06
3.10722e-13
6.55746e-06
3.82392e-13
6.55746e-06
4.4372e-13
6.55746e-06
4.24506e-13
6.55746e-06
4.71737e-13
6.55746e-06
6.35312e-13
6.55746e-06
6.57381e-13
6.55746e-06
5.58003e-13
6.55746e-06
6.39617e-13
6.55746e-06
7.31204e-13
6.55746e-06
7.4251e-13
6.55746e-06
7.4655e-13
6.55746e-06
7.89245e-13
6.55746e-06
9.08489e-13
6.55746e-06
7.85909e-13
6.55746e-06
5.75327e-13
6.55746e-06
7.00187e-13
6.55746e-06
7.95361e-13
6.55746e-06
5.14605e-13
6.55746e-06
3.1453e-13
6.55746e-06
-1.59221e-13
6.55746e-06
-2.37289e-13
6.55746e-06
-4.34956e-13
6.55746e-06
-8.77289e-13
6.55746e-06
-1.75909e-12
6.55746e-06
-2.01988e-12
6.55746e-06
-2.49395e-12
6.55746e-06
-2.48091e-12
-2.58546e-12
5.43669e-06
5.9248e-12
5.43669e-06
6.11421e-12
5.43669e-06
5.68982e-12
5.43669e-06
5.29805e-12
5.4367e-06
4.51279e-12
5.4367e-06
3.92945e-12
5.4367e-06
3.57785e-12
5.4367e-06
3.24796e-12
5.4367e-06
2.80497e-12
5.4367e-06
2.26884e-12
5.43671e-06
1.86572e-12
5.43671e-06
1.65734e-12
5.43671e-06
1.53643e-12
5.43671e-06
1.37332e-12
5.43671e-06
1.23931e-12
5.43671e-06
1.20404e-12
5.43671e-06
1.11083e-12
5.43671e-06
8.76185e-13
5.43671e-06
6.08516e-13
5.43671e-06
4.92817e-13
5.43671e-06
4.8089e-13
5.43671e-06
3.91562e-13
5.43671e-06
2.34478e-13
5.43671e-06
1.27531e-13
5.43671e-06
7.89558e-14
5.43671e-06
1.01241e-14
5.43671e-06
-2.93726e-14
5.43671e-06
3.77795e-14
5.43671e-06
1.37461e-13
5.43671e-06
2.16569e-13
5.43671e-06
2.58624e-13
5.43671e-06
1.60998e-13
5.43671e-06
-6.96073e-14
5.4367e-06
-2.6675e-13
5.4367e-06
-3.69419e-13
5.4367e-06
-4.23299e-13
5.4367e-06
-4.49394e-13
5.4367e-06
-4.84022e-13
5.4367e-06
-5.30754e-13
5.4367e-06
-5.48356e-13
5.4367e-06
-5.67608e-13
5.4367e-06
-6.15285e-13
5.4367e-06
-6.66926e-13
5.4367e-06
-7.40429e-13
5.4367e-06
-8.44965e-13
5.4367e-06
-9.77501e-13
5.4367e-06
-1.18774e-12
5.4367e-06
-1.43178e-12
5.4367e-06
-1.55909e-12
5.4367e-06
-1.51053e-12
5.4367e-06
-1.33114e-12
5.4367e-06
-1.08965e-12
5.4367e-06
-8.87662e-13
5.4367e-06
-7.91109e-13
5.4367e-06
-7.87581e-13
5.4367e-06
-8.20376e-13
5.4367e-06
-8.14943e-13
5.4367e-06
-7.43681e-13
5.4367e-06
-6.46292e-13
5.4367e-06
-5.44353e-13
5.4367e-06
-4.20385e-13
5.4367e-06
-2.92529e-13
5.4367e-06
-1.84912e-13
5.4367e-06
-9.62381e-14
5.43671e-06
-3.04302e-14
5.43671e-06
4.89315e-14
5.43671e-06
2.078e-13
5.43671e-06
4.24478e-13
5.43671e-06
6.14516e-13
5.43671e-06
7.47818e-13
5.43671e-06
8.32114e-13
5.43671e-06
8.45894e-13
5.43671e-06
7.695e-13
5.43671e-06
6.72958e-13
5.43671e-06
6.65753e-13
5.43671e-06
7.61272e-13
5.43671e-06
8.63232e-13
5.43671e-06
9.08058e-13
5.43671e-06
9.00917e-13
5.43671e-06
8.49171e-13
5.43671e-06
7.63262e-13
5.43671e-06
6.81714e-13
5.43671e-06
6.41979e-13
5.43671e-06
6.4805e-13
5.43671e-06
6.75141e-13
5.43671e-06
6.84877e-13
5.43671e-06
6.54706e-13
5.43671e-06
5.94321e-13
5.43671e-06
5.4635e-13
5.43671e-06
5.58698e-13
5.43671e-06
6.24187e-13
5.43671e-06
6.6613e-13
5.43671e-06
6.30095e-13
5.43671e-06
5.48575e-13
5.43671e-06
4.80599e-13
5.43671e-06
4.50138e-13
5.43671e-06
4.61214e-13
5.43671e-06
5.14406e-13
5.43671e-06
5.79055e-13
5.43671e-06
6.20692e-13
5.43671e-06
6.20198e-13
5.43671e-06
6.08318e-13
5.43671e-06
6.11584e-13
5.43671e-06
6.27099e-13
5.43671e-06
6.69346e-13
5.43671e-06
7.63715e-13
5.43671e-06
8.59966e-13
5.43671e-06
8.46801e-13
5.43671e-06
6.94336e-13
5.43671e-06
5.08855e-13
5.43671e-06
4.05728e-13
5.43671e-06
3.72965e-13
5.43671e-06
3.31094e-13
5.43671e-06
2.63407e-13
5.43671e-06
1.89238e-13
5.43671e-06
1.02266e-13
5.43671e-06
3.39221e-15
5.43671e-06
-8.2277e-14
5.43671e-06
-1.46682e-13
5.43671e-06
-2.02499e-13
5.43671e-06
-2.3952e-13
5.43671e-06
-2.19529e-13
5.43671e-06
-1.20759e-13
5.43671e-06
2.87167e-14
5.43671e-06
1.74766e-13
5.43671e-06
2.99449e-13
5.43671e-06
4.37172e-13
5.43671e-06
6.00465e-13
5.43671e-06
7.67872e-13
5.43671e-06
8.96246e-13
5.43671e-06
9.59239e-13
5.43671e-06
9.78222e-13
5.43671e-06
9.84291e-13
5.43671e-06
9.56062e-13
5.43671e-06
8.689e-13
5.43671e-06
7.79784e-13
5.43671e-06
7.74209e-13
5.43671e-06
8.92334e-13
5.43671e-06
1.07009e-12
5.43671e-06
1.15645e-12
5.43671e-06
1.09129e-12
5.43671e-06
9.42611e-13
5.43671e-06
7.99889e-13
5.4367e-06
7.18397e-13
5.43671e-06
6.79357e-13
5.43671e-06
6.38711e-13
5.43671e-06
5.58356e-13
5.43671e-06
3.8021e-13
5.43671e-06
1.42738e-13
5.43671e-06
8.40287e-15
5.43671e-06
1.40307e-14
5.43671e-06
4.21286e-14
5.43671e-06
5.41108e-14
5.43671e-06
9.41721e-14
5.43671e-06
1.49442e-13
5.43671e-06
2.04648e-13
5.43671e-06
3.18821e-13
5.43671e-06
4.98909e-13
5.43671e-06
6.23578e-13
5.43671e-06
5.94906e-13
5.43671e-06
5.0594e-13
5.43671e-06
5.65192e-13
5.43671e-06
7.69555e-13
5.43671e-06
8.65299e-13
5.43671e-06
7.95506e-13
5.43671e-06
7.31324e-13
5.43671e-06
6.7561e-13
5.43671e-06
5.7141e-13
5.43671e-06
4.8458e-13
5.43671e-06
3.85064e-13
5.43671e-06
2.50493e-13
5.43671e-06
2.3028e-13
5.43671e-06
3.069e-13
5.43671e-06
3.77883e-13
5.43671e-06
3.89676e-13
5.43671e-06
3.58603e-13
5.43671e-06
3.80068e-13
5.43671e-06
4.46717e-13
5.43671e-06
6.23995e-13
5.43671e-06
8.30995e-13
5.43671e-06
7.71851e-13
5.43671e-06
6.65029e-13
5.43671e-06
8.16219e-13
5.43671e-06
8.70153e-13
5.43671e-06
7.59001e-13
5.43671e-06
7.57912e-13
5.43671e-06
7.23057e-13
5.43671e-06
5.8047e-13
5.43671e-06
6.18535e-13
5.43671e-06
4.05464e-13
5.43671e-06
1.59713e-13
5.43671e-06
-7.28455e-14
5.43671e-06
-5.54603e-13
5.43671e-06
-9.53033e-13
5.43671e-06
-1.33164e-12
5.43671e-06
-1.81016e-12
5.43671e-06
-2.02641e-12
5.43671e-06
-2.58784e-12
5.43671e-06
-2.29373e-12
-1.94985e-12
4.12734e-06
3.4262e-12
4.12735e-06
3.42653e-12
4.12735e-06
3.03404e-12
4.12735e-06
2.60223e-12
4.12735e-06
2.32921e-12
4.12736e-06
2.27923e-12
4.12736e-06
1.89426e-12
4.12736e-06
1.37593e-12
4.12736e-06
1.00599e-12
4.12736e-06
8.96898e-13
4.12736e-06
9.46532e-13
4.12736e-06
1.01422e-12
4.12736e-06
1.0727e-12
4.12736e-06
1.02724e-12
4.12736e-06
9.29762e-13
4.12736e-06
9.13305e-13
4.12736e-06
8.33719e-13
4.12736e-06
5.90307e-13
4.12736e-06
2.9497e-13
4.12736e-06
1.09356e-13
4.12736e-06
7.16602e-14
4.12736e-06
6.74618e-14
4.12736e-06
-6.03467e-15
4.12736e-06
-9.38447e-14
4.12736e-06
-6.36768e-14
4.12736e-06
5.38806e-14
4.12736e-06
1.52482e-13
4.12736e-06
2.27855e-13
4.12736e-06
2.29991e-13
4.12736e-06
1.12697e-13
4.12736e-06
-1.83705e-14
4.12736e-06
-1.11477e-13
4.12736e-06
-2.27529e-13
4.12736e-06
-3.34267e-13
4.12736e-06
-3.86397e-13
4.12736e-06
-4.08624e-13
4.12736e-06
-3.837e-13
4.12736e-06
-3.01144e-13
4.12736e-06
-1.99308e-13
4.12736e-06
-1.10701e-13
4.12736e-06
-1.01672e-13
4.12736e-06
-2.08766e-13
4.12736e-06
-3.65687e-13
4.12736e-06
-5.2556e-13
4.12736e-06
-6.87152e-13
4.12736e-06
-8.2238e-13
4.12736e-06
-9.44706e-13
4.12736e-06
-1.07659e-12
4.12736e-06
-1.14962e-12
4.12736e-06
-1.10386e-12
4.12736e-06
-9.86266e-13
4.12736e-06
-8.81412e-13
4.12736e-06
-8.47224e-13
4.12736e-06
-8.70145e-13
4.12736e-06
-8.6953e-13
4.12736e-06
-8.05217e-13
4.12736e-06
-6.87469e-13
4.12736e-06
-5.64201e-13
4.12736e-06
-5.03536e-13
4.12736e-06
-5.19258e-13
4.12736e-06
-5.44204e-13
4.12736e-06
-5.24529e-13
4.12736e-06
-4.61577e-13
4.12736e-06
-3.63813e-13
4.12736e-06
-2.47454e-13
4.12736e-06
-1.17729e-13
4.12736e-06
7.10051e-14
4.12736e-06
3.17318e-13
4.12736e-06
5.08668e-13
4.12736e-06
5.43808e-13
4.12736e-06
4.64324e-13
4.12736e-06
4.06276e-13
4.12736e-06
4.30646e-13
4.12736e-06
4.8666e-13
4.12736e-06
5.33511e-13
4.12736e-06
5.80608e-13
4.12736e-06
6.24089e-13
4.12736e-06
6.42508e-13
4.12736e-06
6.30066e-13
4.12736e-06
5.72994e-13
4.12736e-06
4.73281e-13
4.12736e-06
3.89864e-13
4.12736e-06
3.94212e-13
4.12736e-06
4.98757e-13
4.12736e-06
6.37891e-13
4.12736e-06
7.17401e-13
4.12736e-06
7.05888e-13
4.12736e-06
6.52256e-13
4.12736e-06
6.34876e-13
4.12736e-06
6.83721e-13
4.12736e-06
7.73686e-13
4.12736e-06
8.25896e-13
4.12736e-06
7.73354e-13
4.12736e-06
6.44582e-13
4.12736e-06
5.29853e-13
4.12736e-06
4.81634e-13
4.12736e-06
4.87301e-13
4.12736e-06
5.18079e-13
4.12736e-06
5.49293e-13
4.12736e-06
5.75118e-13
4.12736e-06
5.88117e-13
4.12736e-06
6.10829e-13
4.12736e-06
6.66668e-13
4.12736e-06
7.19891e-13
4.12736e-06
7.06254e-13
4.12736e-06
6.39998e-13
4.12736e-06
5.90846e-13
4.12736e-06
5.65673e-13
4.12736e-06
5.06027e-13
4.12736e-06
4.00269e-13
4.12736e-06
3.21839e-13
4.12736e-06
3.18585e-13
4.12736e-06
3.33016e-13
4.12736e-06
2.77246e-13
4.12736e-06
1.6195e-13
4.12736e-06
6.42105e-14
4.12736e-06
1.83969e-14
4.12736e-06
-3.69978e-15
4.12736e-06
-4.44706e-14
4.12736e-06
-1.08195e-13
4.12736e-06
-1.50323e-13
4.12736e-06
-1.1526e-13
4.12736e-06
2.30728e-14
4.12736e-06
2.43631e-13
4.12737e-06
4.77844e-13
4.12737e-06
6.34155e-13
4.12737e-06
6.66158e-13
4.12736e-06
6.22857e-13
4.12736e-06
6.00228e-13
4.12736e-06
6.62116e-13
4.12737e-06
7.51687e-13
4.12737e-06
7.76475e-13
4.12737e-06
7.32549e-13
4.12737e-06
6.86478e-13
4.12737e-06
6.82027e-13
4.12737e-06
7.21534e-13
4.12737e-06
7.75031e-13
4.12737e-06
8.13844e-13
4.12737e-06
8.48275e-13
4.12737e-06
8.71889e-13
4.12737e-06
8.60608e-13
4.12737e-06
8.00383e-13
4.12737e-06
6.99012e-13
4.12737e-06
6.06504e-13
4.12737e-06
5.29549e-13
4.12737e-06
3.96271e-13
4.12737e-06
1.95677e-13
4.12737e-06
5.68413e-16
4.12737e-06
-1.34604e-13
4.12737e-06
-1.62882e-13
4.12737e-06
-1.08032e-13
4.12737e-06
-8.69029e-14
4.12737e-06
-1.28384e-13
4.12737e-06
-1.26997e-13
4.12737e-06
-3.64933e-14
4.12737e-06
7.51162e-14
4.12737e-06
1.68962e-13
4.12737e-06
2.78248e-13
4.12737e-06
3.98252e-13
4.12737e-06
4.55211e-13
4.12737e-06
4.1542e-13
4.12737e-06
3.84097e-13
4.12737e-06
4.56116e-13
4.12737e-06
5.48347e-13
4.12737e-06
5.59322e-13
4.12737e-06
6.00884e-13
4.12737e-06
6.95602e-13
4.12737e-06
6.301e-13
4.12737e-06
4.12542e-13
4.12737e-06
2.66878e-13
4.12737e-06
2.26084e-13
4.12737e-06
2.10218e-13
4.12737e-06
1.93064e-13
4.12737e-06
2.50523e-13
4.12737e-06
3.31898e-13
4.12737e-06
3.06181e-13
4.12737e-06
3.25902e-13
4.12737e-06
4.22393e-13
4.12737e-06
5.22582e-13
4.12737e-06
6.54552e-13
4.12737e-06
8.12642e-13
4.12737e-06
8.85885e-13
4.12737e-06
8.07031e-13
4.12737e-06
7.43191e-13
4.12737e-06
7.41555e-13
4.12737e-06
7.31685e-13
4.12737e-06
5.62673e-13
4.12737e-06
6.42977e-13
4.12737e-06
5.24729e-13
4.12737e-06
3.3962e-13
4.12737e-06
1.35016e-13
4.12737e-06
1.91186e-13
4.12737e-06
-5.13516e-14
4.12737e-06
-3.37239e-13
4.12737e-06
-8.03051e-13
4.12737e-06
-9.53445e-13
4.12737e-06
-1.56824e-12
4.12737e-06
-1.4847e-12
4.12737e-06
-1.81197e-12
-1.74459e-12
2.62867e-06
1.79815e-12
2.62867e-06
1.39398e-12
2.62867e-06
1.10247e-12
2.62868e-06
8.6824e-13
2.62868e-06
9.02066e-13
2.62868e-06
8.57574e-13
2.62868e-06
6.27435e-13
2.62868e-06
4.9102e-13
2.62868e-06
4.67888e-13
2.62868e-06
4.47358e-13
2.62868e-06
4.12384e-13
2.62868e-06
2.79801e-13
2.62869e-06
2.15482e-13
2.62869e-06
3.29547e-13
2.62869e-06
3.67654e-13
2.62869e-06
2.63324e-13
2.62869e-06
2.11168e-13
2.62869e-06
2.86323e-13
2.62869e-06
3.38873e-13
2.62869e-06
2.41595e-13
2.62869e-06
7.02968e-14
2.62869e-06
-3.15934e-14
2.62869e-06
-3.93575e-14
2.62869e-06
-4.35484e-14
2.62869e-06
-5.51706e-14
2.62868e-06
-2.21852e-14
2.62868e-06
2.77705e-14
2.62868e-06
5.17737e-14
2.62868e-06
2.60327e-14
2.62868e-06
-6.13272e-14
2.62868e-06
-1.27382e-13
2.62868e-06
-1.10709e-13
2.62868e-06
-1.07281e-13
2.62868e-06
-1.52245e-13
2.62868e-06
-1.72651e-13
2.62868e-06
-1.49203e-13
2.62868e-06
-1.05018e-13
2.62868e-06
-5.41161e-14
2.62868e-06
-1.73369e-14
2.62868e-06
-3.55059e-15
2.62868e-06
-1.98635e-14
2.62868e-06
-8.35845e-14
2.62868e-06
-1.56982e-13
2.62868e-06
-2.41126e-13
2.62868e-06
-3.76756e-13
2.62868e-06
-5.17754e-13
2.62868e-06
-5.82525e-13
2.62868e-06
-5.77929e-13
2.62868e-06
-5.3855e-13
2.62868e-06
-4.78653e-13
2.62868e-06
-4.15149e-13
2.62868e-06
-3.66652e-13
2.62868e-06
-3.4415e-13
2.62868e-06
-3.41531e-13
2.62868e-06
-3.26181e-13
2.62868e-06
-2.83839e-13
2.62868e-06
-2.38779e-13
2.62868e-06
-2.06031e-13
2.62868e-06
-1.95982e-13
2.62868e-06
-2.25891e-13
2.62868e-06
-2.72956e-13
2.62868e-06
-2.82808e-13
2.62868e-06
-2.30145e-13
2.62868e-06
-1.24387e-13
2.62868e-06
-5.95744e-15
2.62868e-06
6.54515e-14
2.62868e-06
9.29028e-14
2.62868e-06
1.50966e-13
2.62868e-06
2.55108e-13
2.62868e-06
3.19923e-13
2.62868e-06
2.8386e-13
2.62868e-06
2.05177e-13
2.62868e-06
1.86538e-13
2.62868e-06
2.27509e-13
2.62868e-06
2.51545e-13
2.62868e-06
2.2976e-13
2.62868e-06
1.88418e-13
2.62868e-06
1.51864e-13
2.62868e-06
1.33602e-13
2.62868e-06
1.41742e-13
2.62868e-06
1.63868e-13
2.62868e-06
1.91234e-13
2.62868e-06
2.24856e-13
2.62868e-06
2.6721e-13
2.62868e-06
3.11417e-13
2.62868e-06
3.41878e-13
2.62868e-06
3.47171e-13
2.62868e-06
3.29687e-13
2.62868e-06
3.07773e-13
2.62868e-06
2.88695e-13
2.62868e-06
2.79628e-13
2.62868e-06
2.8208e-13
2.62868e-06
2.67231e-13
2.62868e-06
2.12616e-13
2.62868e-06
1.49289e-13
2.62869e-06
1.13159e-13
2.62869e-06
1.1453e-13
2.62869e-06
1.27029e-13
2.62869e-06
1.53543e-13
2.62869e-06
1.99334e-13
2.62869e-06
2.40811e-13
2.62869e-06
2.5108e-13
2.62869e-06
2.44109e-13
2.62869e-06
2.45125e-13
2.62869e-06
2.34152e-13
2.62869e-06
1.84243e-13
2.62869e-06
1.36325e-13
2.62869e-06
1.56097e-13
2.62869e-06
2.27966e-13
2.62869e-06
2.61165e-13
2.62869e-06
2.04929e-13
2.62869e-06
1.03736e-13
2.62869e-06
3.3688e-14
2.62869e-06
9.50227e-15
2.62869e-06
-3.49867e-15
2.62869e-06
-3.00098e-14
2.62869e-06
-6.408e-14
2.62869e-06
-9.44379e-14
2.62869e-06
-1.2263e-13
2.62869e-06
-1.4656e-13
2.62869e-06
-1.40825e-13
2.62869e-06
-7.9894e-14
2.62869e-06
3.50313e-14
2.62869e-06
1.70322e-13
2.62869e-06
2.77854e-13
2.62869e-06
3.14258e-13
2.62869e-06
2.72138e-13
2.62869e-06
2.00447e-13
2.62869e-06
1.75e-13
2.62869e-06
2.62091e-13
2.62869e-06
4.33962e-13
2.62869e-06
5.50904e-13
2.62869e-06
5.12574e-13
2.62869e-06
3.67575e-13
2.62869e-06
2.48851e-13
2.62869e-06
2.53347e-13
2.62869e-06
3.56037e-13
2.62869e-06
4.60254e-13
2.62869e-06
5.20329e-13
2.62869e-06
5.45731e-13
2.62869e-06
5.28814e-13
2.62869e-06
4.5726e-13
2.62869e-06
3.49334e-13
2.62869e-06
2.53232e-13
2.62869e-06
1.8915e-13
2.62869e-06
1.05471e-13
2.62869e-06
-4.48671e-15
2.62869e-06
-4.37571e-14
2.62869e-06
-3.68058e-15
2.62869e-06
2.08524e-14
2.62869e-06
-1.45801e-15
2.62869e-06
-4.78291e-14
2.62869e-06
-9.62238e-14
2.62869e-06
-1.08277e-13
2.62869e-06
-4.71289e-14
2.62869e-06
5.50294e-14
2.62869e-06
1.16453e-13
2.62869e-06
1.04004e-13
2.62869e-06
7.60538e-14
2.62869e-06
9.73567e-14
2.62869e-06
1.33932e-13
2.6287e-06
1.27249e-13
2.6287e-06
1.55604e-13
2.6287e-06
2.9659e-13
2.6287e-06
4.14847e-13
2.6287e-06
4.01338e-13
2.6287e-06
3.39629e-13
2.6287e-06
1.87187e-13
2.6287e-06
-2.88129e-14
2.6287e-06
-6.07813e-14
2.6287e-06
2.68757e-14
2.6287e-06
4.47072e-14
2.6287e-06
4.74057e-14
2.6287e-06
3.80981e-14
2.6287e-06
8.32542e-14
2.6287e-06
2.25291e-13
2.6287e-06
1.86186e-13
2.6287e-06
1.09488e-13
2.6287e-06
1.75843e-13
2.6287e-06
2.63108e-13
2.6287e-06
2.14087e-13
2.6287e-06
2.02894e-13
2.6287e-06
1.8219e-13
2.6287e-06
1.60073e-13
2.6287e-06
2.30316e-13
2.6287e-06
4.5371e-13
2.6287e-06
4.23008e-13
2.6287e-06
2.83143e-13
2.6287e-06
1.5258e-13
2.6287e-06
1.66875e-13
2.6287e-06
1.422e-13
2.6287e-06
3.28905e-14
2.6287e-06
-9.29481e-14
2.6287e-06
-2.84892e-13
2.6287e-06
-2.56617e-13
2.6287e-06
-2.93628e-13
2.6287e-06
-6.33223e-13
2.6287e-06
-1.26781e-12
2.6287e-06
-1.60074e-12
-7.95516e-13
9.39872e-07
9.39873e-07
9.39874e-07
9.39875e-07
9.39876e-07
9.39876e-07
9.39877e-07
9.39878e-07
9.39878e-07
9.39878e-07
9.39879e-07
9.39879e-07
9.39879e-07
9.39879e-07
9.39879e-07
9.39879e-07
9.39879e-07
9.39879e-07
9.39879e-07
9.39879e-07
9.39879e-07
9.39879e-07
9.39879e-07
9.39879e-07
9.39879e-07
9.39878e-07
9.39878e-07
9.39878e-07
9.39878e-07
9.39878e-07
9.39878e-07
9.39878e-07
9.39878e-07
9.39878e-07
9.39878e-07
9.39878e-07
9.39878e-07
9.39878e-07
9.39878e-07
9.39878e-07
9.39878e-07
9.39878e-07
9.39877e-07
9.39877e-07
9.39877e-07
9.39876e-07
9.39876e-07
9.39876e-07
9.39875e-07
9.39875e-07
9.39875e-07
9.39874e-07
9.39874e-07
9.39873e-07
9.39873e-07
9.39873e-07
9.39873e-07
9.39873e-07
9.39873e-07
9.39872e-07
9.39872e-07
9.39872e-07
9.39872e-07
9.39872e-07
9.39872e-07
9.39872e-07
9.39872e-07
9.39872e-07
9.39872e-07
9.39872e-07
9.39872e-07
9.39872e-07
9.39873e-07
9.39873e-07
9.39873e-07
9.39873e-07
9.39873e-07
9.39873e-07
9.39873e-07
9.39873e-07
9.39874e-07
9.39874e-07
9.39875e-07
9.39875e-07
9.39876e-07
9.39876e-07
9.39876e-07
9.39877e-07
9.39877e-07
9.39878e-07
9.39878e-07
9.39878e-07
9.39878e-07
9.39879e-07
9.39879e-07
9.39879e-07
9.39879e-07
9.3988e-07
9.3988e-07
9.3988e-07
9.3988e-07
9.3988e-07
9.3988e-07
9.39881e-07
9.39881e-07
9.39881e-07
9.39881e-07
9.39882e-07
9.39882e-07
9.39882e-07
9.39882e-07
9.39882e-07
9.39882e-07
9.39882e-07
9.39881e-07
9.39881e-07
9.39881e-07
9.39881e-07
9.39881e-07
9.39881e-07
9.39881e-07
9.39881e-07
9.39881e-07
9.39881e-07
9.39882e-07
9.39882e-07
9.39882e-07
9.39882e-07
9.39882e-07
9.39883e-07
9.39883e-07
9.39884e-07
9.39884e-07
9.39884e-07
9.39884e-07
9.39885e-07
9.39885e-07
9.39885e-07
9.39885e-07
9.39886e-07
9.39886e-07
9.39886e-07
9.39886e-07
9.39886e-07
9.39887e-07
9.39887e-07
9.39887e-07
9.39887e-07
9.39887e-07
9.39887e-07
9.39887e-07
9.39887e-07
9.39887e-07
9.39887e-07
9.39886e-07
9.39886e-07
9.39886e-07
9.39887e-07
9.39887e-07
9.39887e-07
9.39887e-07
9.39887e-07
9.39887e-07
9.39888e-07
9.39888e-07
9.39888e-07
9.39889e-07
9.39889e-07
9.39889e-07
9.39889e-07
9.39889e-07
9.39889e-07
9.39889e-07
9.39889e-07
9.39889e-07
9.39889e-07
9.39889e-07
9.39889e-07
9.3989e-07
9.3989e-07
9.3989e-07
9.3989e-07
9.39891e-07
9.39891e-07
9.39892e-07
9.39892e-07
9.39892e-07
9.39892e-07
9.39892e-07
9.39892e-07
9.39893e-07
9.39892e-07
9.39892e-07
9.39893e-07
9.39893e-07
9.39892e-07
9.39892e-07
9.39891e-07
9.3989e-07
)
;

boundaryField
{
    inlet
    {
        type            calculated;
        value           nonuniform List<scalar> 
20
(
-9.39876e-07
-2.62868e-06
-4.12736e-06
-5.43671e-06
-6.55746e-06
-7.49031e-06
-8.23584e-06
-8.79453e-06
-9.16678e-06
-9.35284e-06
-9.35284e-06
-9.16678e-06
-8.79452e-06
-8.23582e-06
-7.49029e-06
-6.55744e-06
-5.43669e-06
-4.12734e-06
-2.62867e-06
-9.3987e-07
)
;
    }
    outlet
    {
        type            calculated;
        value           nonuniform List<scalar> 
20
(
9.39886e-07
2.62869e-06
4.12736e-06
5.43669e-06
6.55745e-06
7.49029e-06
8.23581e-06
8.79451e-06
9.16676e-06
9.35282e-06
9.35283e-06
9.16677e-06
8.79452e-06
8.23583e-06
7.49031e-06
6.55746e-06
5.43671e-06
4.12737e-06
2.6287e-06
9.39888e-07
)
;
    }
    walls
    {
        type            calculated;
        value           uniform 0;
    }
    frontAndBack
    {
        type            empty;
    }
}


// ************************************************************************* //
