/*--------------------------------*- C++ -*----------------------------------*\
| =========                 |                                                 |
| \\      /  F ield         | OpenFOAM: The Open Source CFD Toolbox           |
|  \\    /   O peration     | Version:  2406                                  |
|   \\  /    A nd           | Website:  www.openfoam.com                      |
|    \\/     M anipulation  |                                                 |
\*---------------------------------------------------------------------------*/
FoamFile
{
    version     2.0;
    format      ascii;
    arch        "LSB;label=32;scalar=64";
    class       volScalarField;
    location    "0.2";
    object      p;
}
// * * * * * * * * * * * * * * * * * * * * * * * * * * * * * * * * * * * * * //

dimensions      [0 2 -2 0 0 0 0];

internalField   nonuniform List<scalar> 
2250
(
149.838
149.513
149.189
148.864
148.54
148.215
147.891
147.566
147.242
146.917
146.593
146.268
145.944
145.619
145.295
144.97
144.646
144.321
143.997
143.672
143.348
143.023
142.699
142.374
142.05
141.725
141.401
141.076
140.752
140.427
140.103
139.778
139.454
139.129
138.805
138.48
138.156
137.831
137.507
137.182
136.858
136.533
136.209
135.884
135.56
135.235
134.911
134.586
134.262
133.937
133.613
133.288
132.964
132.639
132.315
131.99
131.666
131.341
131.017
130.692
130.368
130.043
129.719
129.394
129.07
128.745
128.421
128.096
127.772
127.448
127.123
126.799
126.474
126.15
125.825
125.501
125.176
124.852
124.527
124.203
123.878
123.554
123.229
122.905
122.58
122.256
121.931
121.607
121.282
120.958
120.633
120.309
119.984
119.66
119.335
119.011
118.686
118.362
118.037
117.713
117.388
117.064
116.739
116.415
116.09
115.765
115.441
115.116
114.792
114.467
114.143
113.818
113.494
113.169
112.845
112.52
112.196
111.871
111.547
111.222
110.898
110.573
110.249
109.924
109.6
109.275
108.951
108.626
108.302
107.977
107.653
107.328
107.004
106.679
106.355
106.03
105.706
105.381
105.057
104.732
104.408
104.083
103.759
103.434
103.11
102.785
102.461
102.136
101.812
101.487
149.838
149.513
149.189
148.864
148.54
148.215
147.891
147.566
147.242
146.917
146.593
146.268
145.944
145.619
145.295
144.97
144.646
144.321
143.997
143.672
143.348
143.023
142.699
142.374
142.05
141.725
141.401
141.076
140.752
140.427
140.103
139.778
139.454
139.129
138.805
138.48
138.156
137.831
137.507
137.182
136.858
136.533
136.209
135.884
135.56
135.235
134.911
134.586
134.262
133.937
133.613
133.288
132.964
132.639
132.315
131.99
131.666
131.341
131.017
130.692
130.368
130.043
129.719
129.394
129.07
128.745
128.421
128.096
127.772
127.448
127.123
126.799
126.474
126.15
125.825
125.501
125.176
124.852
124.527
124.203
123.878
123.554
123.229
122.905
122.58
122.256
121.931
121.607
121.282
120.958
120.633
120.309
119.984
119.66
119.335
119.011
118.686
118.362
118.037
117.713
117.388
117.064
116.739
116.415
116.09
115.765
115.441
115.116
114.792
114.467
114.143
113.818
113.494
113.169
112.845
112.52
112.196
111.871
111.547
111.222
110.898
110.573
110.249
109.924
109.6
109.275
108.951
108.626
108.302
107.977
107.653
107.328
107.004
106.679
106.355
106.03
105.706
105.381
105.057
104.732
104.408
104.083
103.759
103.434
103.11
102.785
102.461
102.136
101.812
101.487
149.838
149.513
149.189
148.864
148.54
148.215
147.891
147.566
147.242
146.917
146.593
146.268
145.944
145.619
145.295
144.97
144.646
144.321
143.997
143.672
143.348
143.023
142.699
142.374
142.05
141.725
141.401
141.076
140.752
140.427
140.103
139.778
139.454
139.129
138.805
138.48
138.156
137.831
137.507
137.182
136.858
136.533
136.209
135.884
135.56
135.235
134.911
134.586
134.262
133.937
133.613
133.288
132.964
132.639
132.315
131.99
131.666
131.341
131.017
130.692
130.368
130.043
129.719
129.394
129.07
128.745
128.421
128.097
127.772
127.448
127.123
126.799
126.474
126.15
125.825
125.501
125.176
124.852
124.527
124.203
123.878
123.554
123.229
122.905
122.58
122.256
121.931
121.607
121.282
120.958
120.633
120.309
119.984
119.66
119.335
119.011
118.686
118.362
118.037
117.713
117.388
117.064
116.739
116.415
116.09
115.765
115.441
115.116
114.792
114.467
114.143
113.818
113.494
113.169
112.845
112.52
112.196
111.871
111.547
111.222
110.898
110.573
110.249
109.924
109.6
109.275
108.951
108.626
108.302
107.977
107.653
107.328
107.004
106.679
106.355
106.03
105.706
105.381
105.057
104.732
104.408
104.083
103.759
103.434
103.11
102.785
102.461
102.136
101.812
101.487
149.838
149.513
149.189
148.864
148.54
148.215
147.891
147.566
147.242
146.917
146.593
146.268
145.944
145.619
145.295
144.97
144.646
144.321
143.997
143.672
143.348
143.023
142.699
142.374
142.05
141.725
141.401
141.076
140.752
140.427
140.103
139.778
139.454
139.129
138.805
138.48
138.156
137.831
137.507
137.182
136.858
136.533
136.209
135.884
135.56
135.235
134.911
134.586
134.262
133.937
133.613
133.288
132.964
132.639
132.315
131.99
131.666
131.341
131.017
130.692
130.368
130.043
129.719
129.394
129.07
128.745
128.421
128.097
127.772
127.448
127.123
126.799
126.474
126.15
125.825
125.501
125.176
124.852
124.527
124.203
123.878
123.554
123.229
122.905
122.58
122.256
121.931
121.607
121.282
120.958
120.633
120.309
119.984
119.66
119.335
119.011
118.686
118.362
118.037
117.713
117.388
117.064
116.739
116.415
116.09
115.765
115.441
115.116
114.792
114.467
114.143
113.818
113.494
113.169
112.845
112.52
112.196
111.871
111.547
111.222
110.898
110.573
110.249
109.924
109.6
109.275
108.951
108.626
108.302
107.977
107.653
107.328
107.004
106.679
106.355
106.03
105.706
105.381
105.057
104.732
104.408
104.083
103.759
103.434
103.11
102.785
102.461
102.136
101.812
101.487
149.838
149.513
149.189
148.864
148.54
148.215
147.891
147.566
147.242
146.917
146.593
146.268
145.944
145.619
145.295
144.97
144.646
144.321
143.997
143.672
143.348
143.023
142.699
142.374
142.05
141.725
141.401
141.076
140.752
140.427
140.103
139.778
139.454
139.129
138.805
138.48
138.156
137.831
137.507
137.182
136.858
136.533
136.209
135.884
135.56
135.235
134.911
134.586
134.262
133.937
133.613
133.288
132.964
132.639
132.315
131.99
131.666
131.341
131.017
130.692
130.368
130.043
129.719
129.394
129.07
128.746
128.421
128.097
127.772
127.448
127.123
126.799
126.474
126.15
125.825
125.501
125.176
124.852
124.527
124.203
123.878
123.554
123.229
122.905
122.58
122.256
121.931
121.607
121.282
120.958
120.633
120.309
119.984
119.66
119.335
119.011
118.686
118.362
118.037
117.713
117.388
117.064
116.739
116.415
116.09
115.765
115.441
115.116
114.792
114.467
114.143
113.818
113.494
113.169
112.845
112.52
112.196
111.871
111.547
111.222
110.898
110.573
110.249
109.924
109.6
109.275
108.951
108.626
108.302
107.977
107.653
107.328
107.004
106.679
106.355
106.03
105.706
105.381
105.057
104.732
104.408
104.083
103.759
103.434
103.11
102.785
102.461
102.136
101.812
101.487
149.838
149.513
149.189
148.864
148.54
148.215
147.891
147.566
147.242
146.917
146.593
146.268
145.944
145.619
145.295
144.97
144.646
144.321
143.997
143.672
143.348
143.023
142.699
142.374
142.05
141.725
141.401
141.076
140.752
140.427
140.103
139.778
139.454
139.129
138.805
138.48
138.156
137.831
137.507
137.182
136.858
136.533
136.209
135.884
135.56
135.235
134.911
134.586
134.262
133.937
133.613
133.288
132.964
132.639
132.315
131.99
131.666
131.341
131.017
130.692
130.368
130.043
129.719
129.394
129.07
128.746
128.421
128.097
127.772
127.448
127.123
126.799
126.474
126.15
125.825
125.501
125.176
124.852
124.527
124.203
123.878
123.554
123.229
122.905
122.58
122.256
121.931
121.607
121.282
120.958
120.633
120.309
119.984
119.66
119.335
119.011
118.686
118.362
118.037
117.713
117.388
117.064
116.739
116.415
116.09
115.765
115.441
115.116
114.792
114.467
114.143
113.818
113.494
113.169
112.845
112.52
112.196
111.871
111.547
111.222
110.898
110.573
110.249
109.924
109.6
109.275
108.951
108.626
108.302
107.977
107.653
107.328
107.004
106.679
106.355
106.03
105.706
105.381
105.057
104.732
104.408
104.083
103.759
103.434
103.11
102.785
102.461
102.136
101.812
101.487
149.838
149.513
149.189
148.864
148.54
148.215
147.891
147.566
147.242
146.917
146.593
146.268
145.944
145.619
145.295
144.97
144.646
144.321
143.997
143.672
143.348
143.023
142.699
142.374
142.05
141.725
141.401
141.076
140.752
140.427
140.103
139.778
139.454
139.129
138.805
138.48
138.156
137.831
137.507
137.182
136.858
136.533
136.209
135.884
135.56
135.235
134.911
134.586
134.262
133.937
133.613
133.288
132.964
132.639
132.315
131.99
131.666
131.341
131.017
130.692
130.368
130.043
129.719
129.394
129.07
128.746
128.421
128.097
127.772
127.448
127.123
126.799
126.474
126.15
125.825
125.501
125.176
124.852
124.527
124.203
123.878
123.554
123.229
122.905
122.58
122.256
121.931
121.607
121.282
120.958
120.633
120.309
119.984
119.66
119.335
119.011
118.686
118.362
118.037
117.713
117.388
117.064
116.739
116.415
116.09
115.765
115.441
115.116
114.792
114.467
114.143
113.818
113.494
113.169
112.845
112.52
112.196
111.871
111.547
111.222
110.898
110.573
110.249
109.924
109.6
109.275
108.951
108.626
108.302
107.977
107.653
107.328
107.004
106.679
106.355
106.03
105.706
105.381
105.057
104.732
104.408
104.083
103.759
103.434
103.11
102.785
102.461
102.136
101.812
101.487
149.838
149.513
149.189
148.864
148.54
148.215
147.891
147.566
147.242
146.917
146.593
146.268
145.944
145.619
145.295
144.97
144.646
144.321
143.997
143.672
143.348
143.023
142.699
142.374
142.05
141.725
141.401
141.076
140.752
140.427
140.103
139.778
139.454
139.129
138.805
138.48
138.156
137.831
137.507
137.182
136.858
136.533
136.209
135.884
135.56
135.235
134.911
134.586
134.262
133.937
133.613
133.288
132.964
132.639
132.315
131.99
131.666
131.341
131.017
130.692
130.368
130.043
129.719
129.395
129.07
128.746
128.421
128.097
127.772
127.448
127.123
126.799
126.474
126.15
125.825
125.501
125.176
124.852
124.527
124.203
123.878
123.554
123.229
122.905
122.58
122.256
121.931
121.607
121.282
120.958
120.633
120.309
119.984
119.66
119.335
119.011
118.686
118.362
118.037
117.713
117.388
117.064
116.739
116.414
116.09
115.765
115.441
115.116
114.792
114.467
114.143
113.818
113.494
113.169
112.845
112.52
112.196
111.871
111.547
111.222
110.898
110.573
110.249
109.924
109.6
109.275
108.951
108.626
108.302
107.977
107.653
107.328
107.004
106.679
106.355
106.03
105.706
105.381
105.057
104.732
104.408
104.083
103.759
103.434
103.11
102.785
102.461
102.136
101.812
101.487
149.838
149.513
149.189
148.864
148.54
148.215
147.891
147.566
147.242
146.917
146.593
146.268
145.944
145.619
145.295
144.97
144.646
144.321
143.997
143.672
143.348
143.023
142.699
142.374
142.05
141.725
141.401
141.076
140.752
140.427
140.103
139.778
139.454
139.129
138.805
138.48
138.156
137.831
137.507
137.182
136.858
136.533
136.209
135.884
135.56
135.235
134.911
134.586
134.262
133.937
133.613
133.288
132.964
132.639
132.315
131.99
131.666
131.341
131.017
130.692
130.368
130.043
129.719
129.395
129.07
128.746
128.421
128.097
127.772
127.448
127.123
126.799
126.474
126.15
125.825
125.501
125.176
124.852
124.527
124.203
123.878
123.554
123.229
122.905
122.58
122.256
121.931
121.607
121.282
120.958
120.633
120.309
119.984
119.66
119.335
119.011
118.686
118.362
118.037
117.713
117.388
117.064
116.739
116.414
116.09
115.765
115.441
115.116
114.792
114.467
114.143
113.818
113.494
113.169
112.845
112.52
112.196
111.871
111.547
111.222
110.898
110.573
110.249
109.924
109.6
109.275
108.951
108.626
108.302
107.977
107.653
107.328
107.004
106.679
106.355
106.03
105.706
105.381
105.057
104.732
104.408
104.083
103.759
103.434
103.11
102.785
102.461
102.136
101.812
101.487
149.838
149.513
149.189
148.864
148.54
148.215
147.891
147.566
147.242
146.917
146.593
146.268
145.944
145.619
145.295
144.97
144.646
144.321
143.997
143.672
143.348
143.023
142.699
142.374
142.05
141.725
141.401
141.076
140.752
140.427
140.103
139.778
139.454
139.129
138.805
138.48
138.156
137.831
137.507
137.182
136.858
136.533
136.209
135.884
135.56
135.235
134.911
134.586
134.262
133.937
133.613
133.288
132.964
132.639
132.315
131.99
131.666
131.341
131.017
130.692
130.368
130.043
129.719
129.395
129.07
128.746
128.421
128.097
127.772
127.448
127.123
126.799
126.474
126.15
125.825
125.501
125.176
124.852
124.527
124.203
123.878
123.554
123.229
122.905
122.58
122.256
121.931
121.607
121.282
120.958
120.633
120.309
119.984
119.66
119.335
119.011
118.686
118.362
118.037
117.713
117.388
117.064
116.739
116.414
116.09
115.765
115.441
115.116
114.792
114.467
114.143
113.818
113.494
113.169
112.845
112.52
112.196
111.871
111.547
111.222
110.898
110.573
110.249
109.924
109.6
109.275
108.951
108.626
108.302
107.977
107.653
107.328
107.004
106.679
106.355
106.03
105.706
105.381
105.057
104.732
104.408
104.083
103.759
103.434
103.11
102.785
102.461
102.136
101.812
101.487
149.838
149.513
149.189
148.864
148.54
148.215
147.891
147.566
147.242
146.917
146.593
146.268
145.944
145.619
145.295
144.97
144.646
144.321
143.997
143.672
143.348
143.023
142.699
142.374
142.05
141.725
141.401
141.076
140.752
140.427
140.103
139.778
139.454
139.129
138.805
138.48
138.156
137.831
137.507
137.182
136.858
136.533
136.209
135.884
135.56
135.235
134.911
134.586
134.262
133.937
133.613
133.288
132.964
132.639
132.315
131.99
131.666
131.341
131.017
130.692
130.368
130.043
129.719
129.395
129.07
128.746
128.421
128.097
127.772
127.448
127.123
126.799
126.474
126.15
125.825
125.501
125.176
124.852
124.527
124.203
123.878
123.554
123.229
122.905
122.58
122.256
121.931
121.607
121.282
120.958
120.633
120.309
119.984
119.66
119.335
119.011
118.686
118.362
118.037
117.713
117.388
117.064
116.739
116.414
116.09
115.765
115.441
115.116
114.792
114.467
114.143
113.818
113.494
113.169
112.845
112.52
112.196
111.871
111.547
111.222
110.898
110.573
110.249
109.924
109.6
109.275
108.951
108.626
108.302
107.977
107.653
107.328
107.004
106.679
106.355
106.03
105.706
105.381
105.057
104.732
104.408
104.083
103.759
103.434
103.11
102.785
102.461
102.136
101.812
101.487
149.838
149.513
149.189
148.864
148.54
148.215
147.891
147.566
147.242
146.917
146.593
146.268
145.944
145.619
145.295
144.97
144.646
144.321
143.997
143.672
143.348
143.023
142.699
142.374
142.05
141.725
141.401
141.076
140.752
140.427
140.103
139.778
139.454
139.129
138.805
138.48
138.156
137.831
137.507
137.182
136.858
136.533
136.209
135.884
135.56
135.235
134.911
134.586
134.262
133.937
133.613
133.288
132.964
132.639
132.315
131.99
131.666
131.341
131.017
130.692
130.368
130.044
129.719
129.395
129.07
128.746
128.421
128.097
127.772
127.448
127.123
126.799
126.474
126.15
125.825
125.501
125.176
124.852
124.527
124.203
123.878
123.554
123.229
122.905
122.58
122.256
121.931
121.607
121.282
120.958
120.633
120.309
119.984
119.66
119.335
119.011
118.686
118.362
118.037
117.713
117.388
117.063
116.739
116.414
116.09
115.765
115.441
115.116
114.792
114.467
114.143
113.818
113.494
113.169
112.845
112.52
112.196
111.871
111.547
111.222
110.898
110.573
110.249
109.924
109.6
109.275
108.951
108.626
108.302
107.977
107.653
107.328
107.004
106.679
106.355
106.03
105.706
105.381
105.057
104.732
104.408
104.083
103.759
103.434
103.11
102.785
102.461
102.136
101.812
101.487
149.838
149.513
149.189
148.864
148.54
148.215
147.891
147.566
147.242
146.917
146.593
146.268
145.944
145.619
145.295
144.97
144.646
144.321
143.997
143.672
143.348
143.023
142.699
142.374
142.05
141.725
141.401
141.076
140.752
140.427
140.103
139.778
139.454
139.129
138.805
138.48
138.156
137.831
137.507
137.182
136.858
136.533
136.209
135.884
135.56
135.235
134.911
134.586
134.262
133.937
133.613
133.288
132.964
132.639
132.315
131.99
131.666
131.341
131.017
130.692
130.368
130.044
129.719
129.395
129.07
128.746
128.421
128.097
127.772
127.448
127.123
126.799
126.474
126.15
125.825
125.501
125.176
124.852
124.527
124.203
123.878
123.554
123.229
122.905
122.58
122.256
121.931
121.607
121.282
120.958
120.633
120.309
119.984
119.66
119.335
119.011
118.686
118.362
118.037
117.713
117.388
117.063
116.739
116.414
116.09
115.765
115.441
115.116
114.792
114.467
114.143
113.818
113.494
113.169
112.845
112.52
112.196
111.871
111.547
111.222
110.898
110.573
110.249
109.924
109.6
109.275
108.951
108.626
108.302
107.977
107.653
107.328
107.004
106.679
106.355
106.03
105.706
105.381
105.057
104.732
104.408
104.083
103.759
103.434
103.11
102.785
102.461
102.136
101.812
101.487
149.838
149.513
149.189
148.864
148.54
148.215
147.891
147.566
147.242
146.917
146.593
146.268
145.944
145.619
145.295
144.97
144.646
144.321
143.997
143.672
143.348
143.023
142.699
142.374
142.05
141.725
141.401
141.076
140.752
140.427
140.103
139.778
139.454
139.129
138.805
138.48
138.156
137.831
137.507
137.182
136.858
136.533
136.209
135.884
135.56
135.235
134.911
134.586
134.262
133.937
133.613
133.288
132.964
132.639
132.315
131.99
131.666
131.341
131.017
130.692
130.368
130.044
129.719
129.395
129.07
128.746
128.421
128.097
127.772
127.448
127.123
126.799
126.474
126.15
125.825
125.501
125.176
124.852
124.527
124.203
123.878
123.554
123.229
122.905
122.58
122.256
121.931
121.607
121.282
120.958
120.633
120.309
119.984
119.66
119.335
119.011
118.686
118.362
118.037
117.713
117.388
117.063
116.739
116.414
116.09
115.765
115.441
115.116
114.792
114.467
114.143
113.818
113.494
113.169
112.845
112.52
112.196
111.871
111.547
111.222
110.898
110.573
110.249
109.924
109.6
109.275
108.951
108.626
108.302
107.977
107.653
107.328
107.004
106.679
106.355
106.03
105.706
105.381
105.057
104.732
104.408
104.083
103.759
103.434
103.11
102.785
102.461
102.136
101.812
101.487
149.838
149.513
149.189
148.864
148.54
148.215
147.891
147.566
147.242
146.917
146.593
146.268
145.944
145.619
145.295
144.97
144.646
144.321
143.997
143.672
143.348
143.023
142.699
142.374
142.05
141.725
141.401
141.076
140.752
140.427
140.103
139.778
139.454
139.129
138.805
138.48
138.156
137.831
137.507
137.182
136.858
136.533
136.209
135.884
135.56
135.235
134.911
134.586
134.262
133.937
133.613
133.288
132.964
132.639
132.315
131.99
131.666
131.341
131.017
130.692
130.368
130.044
129.719
129.395
129.07
128.746
128.421
128.097
127.772
127.448
127.123
126.799
126.474
126.15
125.825
125.501
125.176
124.852
124.527
124.203
123.878
123.554
123.229
122.905
122.58
122.256
121.931
121.607
121.282
120.958
120.633
120.309
119.984
119.66
119.335
119.011
118.686
118.362
118.037
117.713
117.388
117.063
116.739
116.414
116.09
115.765
115.441
115.116
114.792
114.467
114.143
113.818
113.494
113.169
112.845
112.52
112.196
111.871
111.547
111.222
110.898
110.573
110.249
109.924
109.6
109.275
108.951
108.626
108.302
107.977
107.653
107.328
107.004
106.679
106.355
106.03
105.706
105.381
105.057
104.732
104.408
104.083
103.759
103.434
103.11
102.785
102.461
102.136
101.812
101.487
)
;

boundaryField
{
    inlet
    {
        type            fixedValue;
        value           uniform 150;
    }
    outlet
    {
        type            fixedValue;
        value           uniform 101.325;
    }
    walls
    {
        type            zeroGradient;
    }
    frontAndBack
    {
        type            empty;
    }
}


// ************************************************************************* //
