/*--------------------------------*- C++ -*----------------------------------*\
| =========                 |                                                 |
| \\      /  F ield         | OpenFOAM: The Open Source CFD Toolbox           |
|  \\    /   O peration     | Version:  2406                                  |
|   \\  /    A nd           | Website:  www.openfoam.com                      |
|    \\/     M anipulation  |                                                 |
\*---------------------------------------------------------------------------*/
FoamFile
{
    version     2.0;
    format      ascii;
    arch        "LSB;label=32;scalar=64";
    class       volVectorField;
    location    "0.2";
    object      U;
}
// * * * * * * * * * * * * * * * * * * * * * * * * * * * * * * * * * * * * * //

dimensions      [0 1 -1 0 0 0 0];

internalField   nonuniform List<vector> 
2250
(
(0.714026 9.39109e-07 0)
(0.714024 9.24692e-07 0)
(0.714024 5.81923e-07 0)
(0.714022 2.5878e-07 0)
(0.714021 2.43988e-07 0)
(0.71402 3.0214e-07 0)
(0.714019 3.36124e-07 0)
(0.714018 3.23911e-07 0)
(0.714017 3.26441e-07 0)
(0.714016 3.04682e-07 0)
(0.714014 1.23478e-07 0)
(0.714013 7.14598e-08 0)
(0.714012 9.56369e-08 0)
(0.714012 1.53618e-07 0)
(0.714011 1.76233e-07 0)
(0.71401 1.23588e-07 0)
(0.71401 2.49163e-08 0)
(0.714009 -2.95928e-08 0)
(0.714009 9.94617e-09 0)
(0.714009 5.17066e-08 0)
(0.714008 2.10014e-09 0)
(0.714008 -8.95952e-08 0)
(0.714008 -1.16318e-07 0)
(0.714008 -6.87513e-08 0)
(0.714008 -1.71783e-08 0)
(0.714008 -1.06371e-08 0)
(0.714007 -4.30356e-08 0)
(0.714007 -7.67795e-08 0)
(0.714007 -6.94583e-08 0)
(0.714007 -3.0219e-09 0)
(0.714007 8.60107e-08 0)
(0.714007 1.25467e-07 0)
(0.714007 8.93894e-08 0)
(0.714007 4.87003e-08 0)
(0.714007 8.29431e-08 0)
(0.714006 1.8273e-07 0)
(0.714006 2.63167e-07 0)
(0.714006 2.65824e-07 0)
(0.714006 2.09317e-07 0)
(0.714006 1.58634e-07 0)
(0.714006 1.53597e-07 0)
(0.714006 1.74269e-07 0)
(0.714005 1.59471e-07 0)
(0.714005 6.43087e-08 0)
(0.714005 -7.58329e-08 0)
(0.714006 -1.64282e-07 0)
(0.714006 -1.33263e-07 0)
(0.714006 -2.19692e-08 0)
(0.714006 5.81458e-08 0)
(0.714006 4.47067e-08 0)
(0.714006 -2.47799e-08 0)
(0.714006 -6.36381e-08 0)
(0.714006 -2.7184e-08 0)
(0.714006 5.40792e-08 0)
(0.714006 1.00616e-07 0)
(0.714006 6.41633e-08 0)
(0.714006 -1.16866e-08 0)
(0.714006 -2.98234e-08 0)
(0.714006 4.45041e-08 0)
(0.714006 1.35171e-07 0)
(0.714006 1.40741e-07 0)
(0.714006 4.87317e-08 0)
(0.714006 -5.48674e-08 0)
(0.714006 -8.45458e-08 0)
(0.714006 -4.20555e-08 0)
(0.714006 -4.11357e-09 0)
(0.714006 -3.84465e-08 0)
(0.714006 -1.33565e-07 0)
(0.714006 -2.0011e-07 0)
(0.714006 -1.65355e-07 0)
(0.714006 -5.83737e-08 0)
(0.714006 1.90157e-08 0)
(0.714006 -2.68354e-09 0)
(0.714006 -8.91464e-08 0)
(0.714006 -1.3775e-07 0)
(0.714006 -1.00271e-07 0)
(0.714006 -2.57519e-08 0)
(0.714006 3.52654e-09 0)
(0.714006 -3.32844e-08 0)
(0.714006 -8.27237e-08 0)
(0.714006 -8.02072e-08 0)
(0.714006 -1.91798e-08 0)
(0.714006 3.82104e-08 0)
(0.714006 2.60231e-08 0)
(0.714006 -5.32083e-08 0)
(0.714007 -1.29737e-07 0)
(0.714007 -1.3816e-07 0)
(0.714007 -8.3915e-08 0)
(0.714007 -3.29654e-08 0)
(0.714007 -4.31909e-08 0)
(0.714007 -1.05096e-07 0)
(0.714008 -1.51831e-07 0)
(0.714008 -1.28328e-07 0)
(0.714008 -5.27403e-08 0)
(0.714008 -4.38119e-10 0)
(0.714008 -2.07202e-08 0)
(0.714009 -7.73815e-08 0)
(0.714009 -9.23623e-08 0)
(0.714009 -4.09306e-08 0)
(0.714009 2.39628e-08 0)
(0.714009 3.80791e-08 0)
(0.714009 -4.91712e-09 0)
(0.71401 -4.99247e-08 0)
(0.71401 -3.76783e-08 0)
(0.71401 3.66258e-08 0)
(0.714009 1.14074e-07 0)
(0.714009 1.26839e-07 0)
(0.714009 6.96973e-08 0)
(0.714009 1.03943e-08 0)
(0.714009 1.26077e-08 0)
(0.714009 6.17307e-08 0)
(0.714009 8.89857e-08 0)
(0.714009 5.36945e-08 0)
(0.714009 -1.83766e-08 0)
(0.714009 -6.20642e-08 0)
(0.714009 -3.22111e-08 0)
(0.714009 4.53519e-08 0)
(0.714009 9.37525e-08 0)
(0.714009 7.82771e-08 0)
(0.714009 3.67801e-08 0)
(0.714008 2.27906e-08 0)
(0.714008 4.71757e-08 0)
(0.714008 7.75844e-08 0)
(0.714008 7.45631e-08 0)
(0.714008 2.41862e-08 0)
(0.714008 -4.7674e-08 0)
(0.714008 -8.03993e-08 0)
(0.714008 -4.88024e-08 0)
(0.714008 -9.17514e-09 0)
(0.714008 -3.49514e-08 0)
(0.714008 -1.09821e-07 0)
(0.714008 -1.5331e-07 0)
(0.714009 -1.28034e-07 0)
(0.714009 -4.70055e-08 0)
(0.714009 4.17909e-08 0)
(0.714009 7.26421e-08 0)
(0.714009 4.38047e-08 0)
(0.714009 2.04588e-08 0)
(0.714009 5.5208e-08 0)
(0.714009 1.3475e-07 0)
(0.714009 1.82962e-07 0)
(0.714009 1.53663e-07 0)
(0.714009 1.00312e-07 0)
(0.714009 9.7687e-08 0)
(0.714008 1.54205e-07 0)
(0.714008 2.09057e-07 0)
(0.714008 1.76905e-07 0)
(0.714008 4.05977e-08 0)
(0.714008 -1.52721e-07 0)
(0.714009 -2.46201e-07 0)
(1.93001 2.54043e-06 0)
(1.93001 2.99451e-06 0)
(1.93001 2.88971e-06 0)
(1.93 2.4479e-06 0)
(1.93 2.24104e-06 0)
(1.93 2.3403e-06 0)
(1.93 2.62057e-06 0)
(1.92999 2.71167e-06 0)
(1.92999 2.54604e-06 0)
(1.92999 2.6582e-06 0)
(1.92998 2.54928e-06 0)
(1.92998 2.40691e-06 0)
(1.92998 2.22129e-06 0)
(1.92997 1.96378e-06 0)
(1.92997 1.70224e-06 0)
(1.92997 1.46801e-06 0)
(1.92997 1.20175e-06 0)
(1.92997 9.66888e-07 0)
(1.92996 8.40982e-07 0)
(1.92996 7.35201e-07 0)
(1.92996 5.83262e-07 0)
(1.92996 4.33036e-07 0)
(1.92996 3.59428e-07 0)
(1.92996 3.6258e-07 0)
(1.92996 3.50788e-07 0)
(1.92996 2.65556e-07 0)
(1.92996 1.5465e-07 0)
(1.92996 8.25516e-08 0)
(1.92996 7.97428e-08 0)
(1.92996 1.71478e-07 0)
(1.92996 3.39565e-07 0)
(1.92995 4.84727e-07 0)
(1.92995 5.1173e-07 0)
(1.92995 4.46139e-07 0)
(1.92995 4.02026e-07 0)
(1.92995 4.54208e-07 0)
(1.92995 5.52255e-07 0)
(1.92995 6.05762e-07 0)
(1.92995 5.9056e-07 0)
(1.92995 5.31802e-07 0)
(1.92995 4.50919e-07 0)
(1.92995 3.57399e-07 0)
(1.92995 2.38269e-07 0)
(1.92995 6.11926e-08 0)
(1.92995 -1.59451e-07 0)
(1.92995 -3.35579e-07 0)
(1.92995 -3.66994e-07 0)
(1.92995 -2.50056e-07 0)
(1.92995 -1.03229e-07 0)
(1.92995 -4.90171e-08 0)
(1.92995 -1.00099e-07 0)
(1.92995 -1.72524e-07 0)
(1.92995 -1.79251e-07 0)
(1.92995 -9.59718e-08 0)
(1.92995 1.2256e-08 0)
(1.92995 4.46006e-08 0)
(1.92995 -2.17154e-08 0)
(1.92995 -9.10955e-08 0)
(1.92995 -5.88396e-08 0)
(1.92995 5.55377e-08 0)
(1.92995 1.21325e-07 0)
(1.92995 4.21225e-08 0)
(1.92995 -1.34069e-07 0)
(1.92995 -2.76707e-07 0)
(1.92995 -3.12576e-07 0)
(1.92995 -2.82686e-07 0)
(1.92995 -2.81723e-07 0)
(1.92995 -3.60184e-07 0)
(1.92995 -4.61938e-07 0)
(1.92995 -4.74624e-07 0)
(1.92995 -3.53874e-07 0)
(1.92995 -1.83192e-07 0)
(1.92995 -9.77288e-08 0)
(1.92995 -1.44112e-07 0)
(1.92995 -2.27283e-07 0)
(1.92995 -2.26209e-07 0)
(1.92995 -1.20781e-07 0)
(1.92995 8.56428e-10 0)
(1.92995 4.7571e-08 0)
(1.92995 1.45088e-08 0)
(1.92996 -2.18645e-08 0)
(1.92996 1.29267e-08 0)
(1.92996 1.00353e-07 0)
(1.92995 1.39134e-07 0)
(1.92995 5.14474e-08 0)
(1.92996 -1.26856e-07 0)
(1.92996 -2.72729e-07 0)
(1.92996 -2.95223e-07 0)
(1.92996 -2.16917e-07 0)
(1.92996 -1.41574e-07 0)
(1.92996 -1.45454e-07 0)
(1.92996 -2.05532e-07 0)
(1.92996 -2.23629e-07 0)
(1.92996 -1.37663e-07 0)
(1.92996 -3.52211e-09 0)
(1.92996 6.20941e-08 0)
(1.92996 2.05529e-08 0)
(1.92996 -4.44571e-08 0)
(1.92996 -3.44219e-08 0)
(1.92996 5.22695e-08 0)
(1.92996 1.33552e-07 0)
(1.92996 1.40514e-07 0)
(1.92996 9.02452e-08 0)
(1.92996 6.5072e-08 0)
(1.92996 1.29317e-07 0)
(1.92996 2.58732e-07 0)
(1.92996 3.46816e-07 0)
(1.92996 3.10246e-07 0)
(1.92996 1.92499e-07 0)
(1.92996 1.12197e-07 0)
(1.92996 1.27669e-07 0)
(1.92996 1.86377e-07 0)
(1.92996 2.00593e-07 0)
(1.92996 1.29968e-07 0)
(1.92996 3.1627e-08 0)
(1.92996 2.05522e-08 0)
(1.92996 1.28603e-07 0)
(1.92996 2.47864e-07 0)
(1.92996 2.76304e-07 0)
(1.92996 2.23698e-07 0)
(1.92996 1.62257e-07 0)
(1.92996 1.56489e-07 0)
(1.92996 2.05617e-07 0)
(1.92996 2.39746e-07 0)
(1.92996 1.8842e-07 0)
(1.92996 4.18331e-08 0)
(1.92996 -1.08286e-07 0)
(1.92996 -1.4075e-07 0)
(1.92996 -8.60856e-08 0)
(1.92996 -9.59672e-08 0)
(1.92996 -1.93007e-07 0)
(1.92996 -2.72188e-07 0)
(1.92996 -2.82745e-07 0)
(1.92996 -2.04499e-07 0)
(1.92996 -6.74092e-08 0)
(1.92996 -1.94028e-08 0)
(1.92996 -7.61677e-08 0)
(1.92996 -6.93861e-08 0)
(1.92996 7.55684e-08 0)
(1.92996 2.94048e-07 0)
(1.92996 4.45121e-07 0)
(1.92996 4.35369e-07 0)
(1.92996 3.83321e-07 0)
(1.92996 4.23417e-07 0)
(1.92996 5.13129e-07 0)
(1.92996 5.68377e-07 0)
(1.92996 4.84132e-07 0)
(1.92996 1.58989e-07 0)
(1.92996 -3.83964e-07 0)
(1.92996 -6.53487e-07 0)
(2.94224 3.96755e-06 0)
(2.94223 4.69667e-06 0)
(2.94223 5.31447e-06 0)
(2.94223 5.62408e-06 0)
(2.94223 5.61736e-06 0)
(2.94223 5.68794e-06 0)
(2.94222 5.91124e-06 0)
(2.94222 6.40554e-06 0)
(2.94222 6.58418e-06 0)
(2.94221 6.90943e-06 0)
(2.94221 7.05712e-06 0)
(2.94221 6.88532e-06 0)
(2.9422 6.46838e-06 0)
(2.9422 5.83695e-06 0)
(2.9422 5.21535e-06 0)
(2.94219 4.80996e-06 0)
(2.94219 4.42535e-06 0)
(2.94219 3.87613e-06 0)
(2.94218 3.2664e-06 0)
(2.94218 2.75538e-06 0)
(2.94218 2.39138e-06 0)
(2.94218 2.10203e-06 0)
(2.94218 1.81139e-06 0)
(2.94217 1.54698e-06 0)
(2.94217 1.32573e-06 0)
(2.94217 1.10088e-06 0)
(2.94217 8.99324e-07 0)
(2.94217 8.16246e-07 0)
(2.94217 8.70082e-07 0)
(2.94217 9.8607e-07 0)
(2.94217 1.09009e-06 0)
(2.94217 1.14632e-06 0)
(2.94217 1.13615e-06 0)
(2.94216 1.04351e-06 0)
(2.94216 8.86838e-07 0)
(2.94216 7.54884e-07 0)
(2.94216 7.16425e-07 0)
(2.94216 7.40914e-07 0)
(2.94216 7.59064e-07 0)
(2.94216 7.21582e-07 0)
(2.94216 5.89951e-07 0)
(2.94216 3.64382e-07 0)
(2.94216 1.18052e-07 0)
(2.94216 -6.22913e-08 0)
(2.94216 -1.64375e-07 0)
(2.94216 -2.43492e-07 0)
(2.94216 -3.30814e-07 0)
(2.94216 -3.81896e-07 0)
(2.94216 -3.56475e-07 0)
(2.94216 -2.79153e-07 0)
(2.94216 -2.1724e-07 0)
(2.94216 -2.10247e-07 0)
(2.94216 -2.484e-07 0)
(2.94216 -2.79181e-07 0)
(2.94216 -2.4501e-07 0)
(2.94216 -1.46688e-07 0)
(2.94216 -6.06803e-08 0)
(2.94216 -5.99269e-08 0)
(2.94216 -1.19043e-07 0)
(2.94217 -1.4506e-07 0)
(2.94217 -1.01291e-07 0)
(2.94217 -6.08639e-08 0)
(2.94217 -1.14714e-07 0)
(2.94217 -2.66168e-07 0)
(2.94217 -4.3448e-07 0)
(2.94217 -5.30355e-07 0)
(2.94217 -5.22402e-07 0)
(2.94217 -4.60007e-07 0)
(2.94217 -4.32361e-07 0)
(2.94217 -4.74243e-07 0)
(2.94217 -5.16192e-07 0)
(2.94217 -4.63701e-07 0)
(2.94217 -3.15867e-07 0)
(2.94217 -1.7298e-07 0)
(2.94217 -1.21726e-07 0)
(2.94217 -1.38686e-07 0)
(2.94217 -1.27436e-07 0)
(2.94217 -3.10295e-08 0)
(2.94217 1.08005e-07 0)
(2.94217 1.9617e-07 0)
(2.94217 1.83822e-07 0)
(2.94217 1.14449e-07 0)
(2.94217 7.10598e-08 0)
(2.94217 7.76287e-08 0)
(2.94217 6.78941e-08 0)
(2.94217 -3.81592e-08 0)
(2.94217 -2.2821e-07 0)
(2.94217 -3.92121e-07 0)
(2.94217 -4.24866e-07 0)
(2.94217 -3.24592e-07 0)
(2.94217 -1.93832e-07 0)
(2.94217 -1.42657e-07 0)
(2.94217 -1.75941e-07 0)
(2.94217 -1.92258e-07 0)
(2.94217 -1.03236e-07 0)
(2.94217 5.67247e-08 0)
(2.94217 1.65266e-07 0)
(2.94217 1.53534e-07 0)
(2.94217 7.89603e-08 0)
(2.94217 5.04492e-08 0)
(2.94217 1.12502e-07 0)
(2.94217 2.14975e-07 0)
(2.94217 2.76838e-07 0)
(2.94217 2.65455e-07 0)
(2.94217 2.26975e-07 0)
(2.94217 2.3424e-07 0)
(2.94217 3.04109e-07 0)
(2.94217 3.63713e-07 0)
(2.94217 3.33216e-07 0)
(2.94217 2.23306e-07 0)
(2.94217 1.24286e-07 0)
(2.94217 1.07125e-07 0)
(2.94217 1.63718e-07 0)
(2.94217 2.15152e-07 0)
(2.94217 1.95683e-07 0)
(2.94217 1.41283e-07 0)
(2.94217 1.46965e-07 0)
(2.94217 2.25002e-07 0)
(2.94217 3.06986e-07 0)
(2.94217 3.41175e-07 0)
(2.94217 3.25699e-07 0)
(2.94217 3.03595e-07 0)
(2.94217 3.16342e-07 0)
(2.94217 3.40798e-07 0)
(2.94217 3.16173e-07 0)
(2.94217 1.97738e-07 0)
(2.94217 6.7967e-10 0)
(2.94217 -1.58201e-07 0)
(2.94217 -1.97662e-07 0)
(2.94217 -2.05443e-07 0)
(2.94217 -2.679e-07 0)
(2.94217 -3.41976e-07 0)
(2.94217 -3.96654e-07 0)
(2.94217 -4.2592e-07 0)
(2.94217 -3.89447e-07 0)
(2.94217 -3.44703e-07 0)
(2.94217 -3.35432e-07 0)
(2.94217 -2.30475e-07 0)
(2.94217 2.02595e-08 0)
(2.94217 2.90589e-07 0)
(2.94217 4.59209e-07 0)
(2.94217 4.9465e-07 0)
(2.94217 5.47584e-07 0)
(2.94217 7.13e-07 0)
(2.94217 8.14692e-07 0)
(2.94217 7.29913e-07 0)
(2.94217 5.55352e-07 0)
(2.94217 2.6153e-07 0)
(2.94217 -3.44355e-07 0)
(2.94217 -8.06022e-07 0)
(3.75846 5.44258e-06 0)
(3.75846 6.09628e-06 0)
(3.75846 6.97322e-06 0)
(3.75846 7.5428e-06 0)
(3.75846 7.8287e-06 0)
(3.75846 8.1647e-06 0)
(3.75845 8.31804e-06 0)
(3.75845 8.78904e-06 0)
(3.75845 9.42649e-06 0)
(3.75845 9.9283e-06 0)
(3.75845 1.02877e-05 0)
(3.75845 1.03316e-05 0)
(3.75844 1.02456e-05 0)
(3.75844 1.00207e-05 0)
(3.75844 9.55628e-06 0)
(3.75844 8.96471e-06 0)
(3.75843 8.26715e-06 0)
(3.75843 7.43725e-06 0)
(3.75843 6.55895e-06 0)
(3.75842 5.6909e-06 0)
(3.75842 4.8919e-06 0)
(3.75842 4.2329e-06 0)
(3.75842 3.6843e-06 0)
(3.75841 3.20901e-06 0)
(3.75841 2.81213e-06 0)
(3.75841 2.46871e-06 0)
(3.75841 2.18607e-06 0)
(3.75841 2.05208e-06 0)
(3.75841 2.08322e-06 0)
(3.75841 2.14733e-06 0)
(3.7584 2.0963e-06 0)
(3.7584 1.9043e-06 0)
(3.7584 1.67258e-06 0)
(3.7584 1.48656e-06 0)
(3.7584 1.32034e-06 0)
(3.7584 1.13422e-06 0)
(3.7584 9.69695e-07 0)
(3.7584 8.67335e-07 0)
(3.7584 8.1504e-07 0)
(3.7584 7.74185e-07 0)
(3.7584 6.82293e-07 0)
(3.7584 4.9003e-07 0)
(3.7584 2.26863e-07 0)
(3.7584 7.78652e-09 0)
(3.7584 -8.87119e-08 0)
(3.7584 -1.05197e-07 0)
(3.7584 -1.4658e-07 0)
(3.7584 -2.5515e-07 0)
(3.7584 -3.66059e-07 0)
(3.7584 -4.06114e-07 0)
(3.7584 -3.71794e-07 0)
(3.7584 -3.1421e-07 0)
(3.7584 -2.88199e-07 0)
(3.7584 -3.10301e-07 0)
(3.7584 -3.36619e-07 0)
(3.7584 -2.9803e-07 0)
(3.7584 -1.82089e-07 0)
(3.7584 -7.2604e-08 0)
(3.7584 -7.05426e-08 0)
(3.7584 -1.74492e-07 0)
(3.7584 -2.79353e-07 0)
(3.7584 -3.02855e-07 0)
(3.7584 -2.79407e-07 0)
(3.7584 -3.06366e-07 0)
(3.7584 -4.28373e-07 0)
(3.7584 -5.88359e-07 0)
(3.7584 -6.82879e-07 0)
(3.7584 -6.59323e-07 0)
(3.7584 -5.71603e-07 0)
(3.7584 -5.30167e-07 0)
(3.7584 -5.8445e-07 0)
(3.7584 -6.58169e-07 0)
(3.7584 -6.33648e-07 0)
(3.7584 -4.86248e-07 0)
(3.7584 -3.1263e-07 0)
(3.7584 -2.13829e-07 0)
(3.7584 -1.89637e-07 0)
(3.7584 -1.56863e-07 0)
(3.7584 -5.3821e-08 0)
(3.7584 9.16931e-08 0)
(3.7584 1.89774e-07 0)
(3.7584 1.7582e-07 0)
(3.7584 7.34808e-08 0)
(3.7584 -3.54416e-08 0)
(3.7584 -9.5502e-08 0)
(3.7584 -1.2099e-07 0)
(3.7584 -1.71238e-07 0)
(3.7584 -2.67964e-07 0)
(3.7584 -3.57852e-07 0)
(3.7584 -3.64871e-07 0)
(3.7584 -2.71688e-07 0)
(3.7584 -1.43105e-07 0)
(3.7584 -6.54282e-08 0)
(3.7584 -5.55537e-08 0)
(3.7584 -4.48945e-08 0)
(3.7584 3.31068e-08 0)
(3.7584 1.57928e-07 0)
(3.7584 2.42248e-07 0)
(3.7584 2.26296e-07 0)
(3.7584 1.43673e-07 0)
(3.7584 8.49119e-08 0)
(3.75841 1.01606e-07 0)
(3.75841 1.62972e-07 0)
(3.75841 1.97409e-07 0)
(3.75841 1.61847e-07 0)
(3.75841 8.34747e-08 0)
(3.75841 3.99329e-08 0)
(3.75841 7.18374e-08 0)
(3.75841 1.35733e-07 0)
(3.75841 1.54974e-07 0)
(3.75841 9.97136e-08 0)
(3.75841 2.03623e-08 0)
(3.75841 6.42906e-09 0)
(3.75841 8.62995e-08 0)
(3.75841 1.79506e-07 0)
(3.75841 2.13524e-07 0)
(3.75841 2.11992e-07 0)
(3.75841 2.2619e-07 0)
(3.75841 2.76644e-07 0)
(3.75841 3.66568e-07 0)
(3.75841 4.56274e-07 0)
(3.75841 4.94152e-07 0)
(3.75841 4.76642e-07 0)
(3.75841 4.23355e-07 0)
(3.75841 3.58421e-07 0)
(3.75841 2.913e-07 0)
(3.75841 1.79738e-07 0)
(3.75841 1.94377e-08 0)
(3.75841 -1.29403e-07 0)
(3.75841 -2.61373e-07 0)
(3.75841 -3.8922e-07 0)
(3.75841 -4.58036e-07 0)
(3.75841 -4.8763e-07 0)
(3.75841 -5.59544e-07 0)
(3.75841 -6.0976e-07 0)
(3.75841 -5.76486e-07 0)
(3.75841 -5.0409e-07 0)
(3.75841 -3.45198e-07 0)
(3.75841 -1.12805e-07 0)
(3.75841 5.7503e-08 0)
(3.75841 1.39509e-07 0)
(3.75841 2.06501e-07 0)
(3.75841 4.00728e-07 0)
(3.75841 7.15506e-07 0)
(3.75841 8.4952e-07 0)
(3.75841 6.87254e-07 0)
(3.75841 4.24677e-07 0)
(3.75841 1.33703e-07 0)
(3.75841 -1.80389e-07 0)
(3.75841 -5.51602e-07 0)
(4.38556 6.31967e-06 0)
(4.38556 6.90722e-06 0)
(4.38556 7.65623e-06 0)
(4.38556 8.25779e-06 0)
(4.38556 8.59511e-06 0)
(4.38556 8.81107e-06 0)
(4.38555 9.14212e-06 0)
(4.38555 9.36676e-06 0)
(4.38555 9.92134e-06 0)
(4.38555 1.03921e-05 0)
(4.38555 1.09727e-05 0)
(4.38555 1.14984e-05 0)
(4.38555 1.18777e-05 0)
(4.38555 1.21572e-05 0)
(4.38555 1.2086e-05 0)
(4.38555 1.15979e-05 0)
(4.38555 1.09171e-05 0)
(4.38555 1.01532e-05 0)
(4.38555 9.3264e-06 0)
(4.38554 8.41635e-06 0)
(4.38554 7.46023e-06 0)
(4.38554 6.61776e-06 0)
(4.38554 5.94601e-06 0)
(4.38554 5.35695e-06 0)
(4.38553 4.81171e-06 0)
(4.38553 4.34419e-06 0)
(4.38553 3.98112e-06 0)
(4.38553 3.7202e-06 0)
(4.38553 3.51601e-06 0)
(4.38553 3.31148e-06 0)
(4.38553 3.07672e-06 0)
(4.38553 2.78151e-06 0)
(4.38552 2.43733e-06 0)
(4.38552 2.13477e-06 0)
(4.38552 1.91061e-06 0)
(4.38552 1.69823e-06 0)
(4.38552 1.47456e-06 0)
(4.38552 1.28344e-06 0)
(4.38552 1.12236e-06 0)
(4.38552 9.52886e-07 0)
(4.38552 7.69904e-07 0)
(4.38552 5.87244e-07 0)
(4.38552 4.02684e-07 0)
(4.38552 2.10364e-07 0)
(4.38552 3.36232e-08 0)
(4.38552 -8.16582e-08 0)
(4.38552 -1.31898e-07 0)
(4.38552 -1.71287e-07 0)
(4.38552 -2.38795e-07 0)
(4.38552 -3.26576e-07 0)
(4.38552 -3.99872e-07 0)
(4.38552 -4.24316e-07 0)
(4.38552 -3.87091e-07 0)
(4.38552 -3.1691e-07 0)
(4.38552 -2.65498e-07 0)
(4.38552 -2.52799e-07 0)
(4.38552 -2.46302e-07 0)
(4.38552 -2.15101e-07 0)
(4.38552 -1.96046e-07 0)
(4.38552 -2.52897e-07 0)
(4.38552 -3.76459e-07 0)
(4.38552 -4.82966e-07 0)
(4.38552 -5.15598e-07 0)
(4.38552 -5.0298e-07 0)
(4.38552 -5.12671e-07 0)
(4.38552 -5.78917e-07 0)
(4.38552 -6.80292e-07 0)
(4.38552 -7.6192e-07 0)
(4.38552 -7.82927e-07 0)
(4.38552 -7.58546e-07 0)
(4.38552 -7.52076e-07 0)
(4.38552 -8.00411e-07 0)
(4.38552 -8.53412e-07 0)
(4.38552 -8.23406e-07 0)
(4.38552 -6.84019e-07 0)
(4.38552 -4.97501e-07 0)
(4.38552 -3.4554e-07 0)
(4.38552 -2.55365e-07 0)
(4.38552 -1.93886e-07 0)
(4.38552 -1.22352e-07 0)
(4.38552 -4.73698e-08 0)
(4.38552 -1.45392e-08 0)
(4.38552 -6.60433e-08 0)
(4.38552 -1.86156e-07 0)
(4.38552 -2.9476e-07 0)
(4.38552 -3.21623e-07 0)
(4.38552 -2.70942e-07 0)
(4.38552 -2.14532e-07 0)
(4.38552 -2.13483e-07 0)
(4.38552 -2.54856e-07 0)
(4.38552 -2.6848e-07 0)
(4.38552 -2.01691e-07 0)
(4.38552 -7.96367e-08 0)
(4.38552 2.25151e-08 0)
(4.38552 6.18219e-08 0)
(4.38552 6.77826e-08 0)
(4.38552 9.89931e-08 0)
(4.38552 1.65703e-07 0)
(4.38552 2.12451e-07 0)
(4.38552 1.84491e-07 0)
(4.38552 9.43725e-08 0)
(4.38552 6.42107e-09 0)
(4.38552 -3.15677e-08 0)
(4.38552 -2.42858e-08 0)
(4.38552 -1.9111e-08 0)
(4.38552 -5.57887e-08 0)
(4.38552 -1.18e-07 0)
(4.38552 -1.47184e-07 0)
(4.38552 -1.13938e-07 0)
(4.38552 -4.58644e-08 0)
(4.38552 2.89667e-11 0)
(4.38552 -1.03862e-08 0)
(4.38552 -3.23191e-08 0)
(4.38552 1.65775e-08 0)
(4.38552 1.31206e-07 0)
(4.38552 2.40443e-07 0)
(4.38552 3.17331e-07 0)
(4.38552 3.74653e-07 0)
(4.38552 4.1977e-07 0)
(4.38552 4.75619e-07 0)
(4.38552 5.47748e-07 0)
(4.38552 5.9445e-07 0)
(4.38552 5.89127e-07 0)
(4.38552 5.27583e-07 0)
(4.38552 4.33398e-07 0)
(4.38552 3.63463e-07 0)
(4.38552 3.02274e-07 0)
(4.38552 1.87405e-07 0)
(4.38552 4.0842e-08 0)
(4.38552 -1.12249e-07 0)
(4.38552 -2.88687e-07 0)
(4.38552 -4.13729e-07 0)
(4.38552 -4.43665e-07 0)
(4.38552 -4.97695e-07 0)
(4.38552 -5.80407e-07 0)
(4.38552 -5.70387e-07 0)
(4.38552 -4.90657e-07 0)
(4.38552 -3.67912e-07 0)
(4.38552 -2.42596e-07 0)
(4.38552 -2.17905e-07 0)
(4.38552 -2.14039e-07 0)
(4.38552 -9.82882e-08 0)
(4.38553 1.41415e-07 0)
(4.38553 4.00627e-07 0)
(4.38553 5.0879e-07 0)
(4.38553 4.29009e-07 0)
(4.38553 2.38094e-07 0)
(4.38553 1.73336e-08 0)
(4.38553 -8.26013e-09 0)
(4.38553 -2.33502e-07 0)
(4.8292 6.49186e-06 0)
(4.8292 6.74233e-06 0)
(4.8292 7.07554e-06 0)
(4.8292 7.81483e-06 0)
(4.8292 8.67165e-06 0)
(4.8292 8.76413e-06 0)
(4.8292 8.94781e-06 0)
(4.8292 9.12744e-06 0)
(4.8292 9.50912e-06 0)
(4.8292 9.78125e-06 0)
(4.8292 1.01396e-05 0)
(4.82921 1.06529e-05 0)
(4.82921 1.11014e-05 0)
(4.82921 1.15648e-05 0)
(4.82921 1.18935e-05 0)
(4.82921 1.18862e-05 0)
(4.82921 1.16505e-05 0)
(4.82921 1.12841e-05 0)
(4.82921 1.08185e-05 0)
(4.82921 1.02472e-05 0)
(4.82921 9.5383e-06 0)
(4.8292 8.79342e-06 0)
(4.8292 8.13032e-06 0)
(4.8292 7.5029e-06 0)
(4.8292 6.86708e-06 0)
(4.8292 6.2965e-06 0)
(4.8292 5.82205e-06 0)
(4.8292 5.37571e-06 0)
(4.8292 4.91252e-06 0)
(4.8292 4.47052e-06 0)
(4.8292 4.11045e-06 0)
(4.82919 3.80708e-06 0)
(4.82919 3.4706e-06 0)
(4.82919 3.09977e-06 0)
(4.82919 2.76184e-06 0)
(4.82919 2.44987e-06 0)
(4.82919 2.13241e-06 0)
(4.82919 1.83922e-06 0)
(4.82919 1.57918e-06 0)
(4.82919 1.31138e-06 0)
(4.82919 1.03762e-06 0)
(4.82919 8.07321e-07 0)
(4.82919 6.42898e-07 0)
(4.82919 4.91546e-07 0)
(4.82919 3.11485e-07 0)
(4.82919 1.44933e-07 0)
(4.82919 5.40749e-08 0)
(4.82919 2.73001e-08 0)
(4.82919 -9.53129e-09 0)
(4.82919 -9.77563e-08 0)
(4.82919 -2.13491e-07 0)
(4.82919 -3.01947e-07 0)
(4.82919 -3.15529e-07 0)
(4.82919 -2.47157e-07 0)
(4.82919 -1.50026e-07 0)
(4.82919 -1.06233e-07 0)
(4.82919 -1.46221e-07 0)
(4.82919 -2.11057e-07 0)
(4.82919 -2.33381e-07 0)
(4.82919 -2.27987e-07 0)
(4.82919 -2.579e-07 0)
(4.82919 -3.40592e-07 0)
(4.82919 -4.31966e-07 0)
(4.82919 -4.83065e-07 0)
(4.82919 -4.85129e-07 0)
(4.82919 -4.72886e-07 0)
(4.82919 -5.02042e-07 0)
(4.82919 -6.06897e-07 0)
(4.82919 -7.52071e-07 0)
(4.82919 -8.53001e-07 0)
(4.82919 -8.65352e-07 0)
(4.82919 -8.32559e-07 0)
(4.82919 -8.15052e-07 0)
(4.82919 -8.04191e-07 0)
(4.82919 -7.40114e-07 0)
(4.82919 -5.98177e-07 0)
(4.82919 -4.26886e-07 0)
(4.82919 -3.05661e-07 0)
(4.82919 -2.80221e-07 0)
(4.82919 -3.32797e-07 0)
(4.82919 -4.03516e-07 0)
(4.82919 -4.41083e-07 0)
(4.82919 -4.45306e-07 0)
(4.82919 -4.50882e-07 0)
(4.82919 -4.72098e-07 0)
(4.82919 -4.80355e-07 0)
(4.82919 -4.37788e-07 0)
(4.82919 -3.50298e-07 0)
(4.82919 -2.71094e-07 0)
(4.82919 -2.47814e-07 0)
(4.82919 -2.74407e-07 0)
(4.82919 -2.91043e-07 0)
(4.82919 -2.41165e-07 0)
(4.82919 -1.27117e-07 0)
(4.82919 -8.24549e-09 0)
(4.82919 6.05882e-08 0)
(4.82919 8.26166e-08 0)
(4.82919 1.0303e-07 0)
(4.82919 1.4063e-07 0)
(4.82919 1.64383e-07 0)
(4.82919 1.38019e-07 0)
(4.82919 6.44169e-08 0)
(4.82919 -2.2052e-08 0)
(4.82919 -8.32948e-08 0)
(4.82919 -1.00689e-07 0)
(4.82919 -9.32192e-08 0)
(4.82919 -1.00981e-07 0)
(4.82919 -1.30991e-07 0)
(4.82919 -1.54615e-07 0)
(4.82919 -1.35426e-07 0)
(4.82919 -6.03824e-08 0)
(4.82919 2.92375e-08 0)
(4.82919 8.28147e-08 0)
(4.82919 1.20997e-07 0)
(4.82919 1.93167e-07 0)
(4.82919 2.94705e-07 0)
(4.82919 4.06495e-07 0)
(4.82919 5.08399e-07 0)
(4.82919 5.58006e-07 0)
(4.82919 5.56462e-07 0)
(4.82919 5.51126e-07 0)
(4.82919 5.55989e-07 0)
(4.82919 5.70589e-07 0)
(4.82919 5.66143e-07 0)
(4.82919 4.90968e-07 0)
(4.82919 3.87126e-07 0)
(4.82919 3.17818e-07 0)
(4.82919 2.35435e-07 0)
(4.82919 1.21521e-07 0)
(4.82919 1.59196e-08 0)
(4.82919 -1.13033e-07 0)
(4.82919 -2.50285e-07 0)
(4.82919 -3.01156e-07 0)
(4.82919 -3.28389e-07 0)
(4.82919 -3.96524e-07 0)
(4.82919 -4.04179e-07 0)
(4.82919 -3.62512e-07 0)
(4.82919 -3.28332e-07 0)
(4.82919 -3.12098e-07 0)
(4.82919 -3.7768e-07 0)
(4.82919 -3.99131e-07 0)
(4.82919 -2.26358e-07 0)
(4.82919 -3.61961e-08 0)
(4.82919 -5.47561e-08 0)
(4.82919 -1.01753e-07 0)
(4.82919 -3.43126e-08 0)
(4.82919 8.6495e-09 0)
(4.82919 1.40364e-08 0)
(4.82919 4.79034e-08 0)
(4.82919 -1.32817e-07 0)
(5.09364 6.24996e-06 0)
(5.09364 6.47961e-06 0)
(5.09364 6.83204e-06 0)
(5.09364 7.28975e-06 0)
(5.09364 8.06575e-06 0)
(5.09364 8.50106e-06 0)
(5.09364 8.63856e-06 0)
(5.09364 8.80482e-06 0)
(5.09364 8.8949e-06 0)
(5.09364 8.893e-06 0)
(5.09364 8.90409e-06 0)
(5.09364 9.09966e-06 0)
(5.09364 9.36877e-06 0)
(5.09365 9.74363e-06 0)
(5.09365 1.01944e-05 0)
(5.09365 1.05482e-05 0)
(5.09365 1.08027e-05 0)
(5.09365 1.09429e-05 0)
(5.09365 1.08907e-05 0)
(5.09365 1.06603e-05 0)
(5.09365 1.02727e-05 0)
(5.09365 9.75299e-06 0)
(5.09365 9.17667e-06 0)
(5.09365 8.59142e-06 0)
(5.09365 8.01287e-06 0)
(5.09365 7.4756e-06 0)
(5.09365 6.98062e-06 0)
(5.09365 6.47664e-06 0)
(5.09365 5.93764e-06 0)
(5.09365 5.39335e-06 0)
(5.09365 4.9203e-06 0)
(5.09365 4.56752e-06 0)
(5.09365 4.25377e-06 0)
(5.09365 3.86946e-06 0)
(5.09365 3.43883e-06 0)
(5.09365 3.03231e-06 0)
(5.09365 2.64864e-06 0)
(5.09365 2.28591e-06 0)
(5.09365 1.97773e-06 0)
(5.09365 1.71702e-06 0)
(5.09365 1.45911e-06 0)
(5.09364 1.19661e-06 0)
(5.09364 9.64565e-07 0)
(5.09364 7.78599e-07 0)
(5.09364 6.12379e-07 0)
(5.09364 4.44777e-07 0)
(5.09364 2.99328e-07 0)
(5.09364 1.95089e-07 0)
(5.09364 1.10018e-07 0)
(5.09364 1.93045e-08 0)
(5.09364 -6.82991e-08 0)
(5.09364 -1.38721e-07 0)
(5.09364 -1.87308e-07 0)
(5.09364 -2.00668e-07 0)
(5.09364 -1.63286e-07 0)
(5.09364 -1.02254e-07 0)
(5.09364 -8.25392e-08 0)
(5.09364 -1.23504e-07 0)
(5.09364 -1.72186e-07 0)
(5.09364 -1.87123e-07 0)
(5.09364 -1.97231e-07 0)
(5.09364 -2.54188e-07 0)
(5.09364 -3.5987e-07 0)
(5.09364 -4.71558e-07 0)
(5.09364 -5.50097e-07 0)
(5.09364 -5.87661e-07 0)
(5.09364 -6.07227e-07 0)
(5.09364 -6.54785e-07 0)
(5.09364 -7.5205e-07 0)
(5.09364 -8.45525e-07 0)
(5.09364 -8.48192e-07 0)
(5.09364 -7.43854e-07 0)
(5.09364 -6.11931e-07 0)
(5.09364 -5.32224e-07 0)
(5.09364 -5.04346e-07 0)
(5.09364 -4.76598e-07 0)
(5.09364 -4.23361e-07 0)
(5.09364 -3.75153e-07 0)
(5.09364 -3.8052e-07 0)
(5.09364 -4.56622e-07 0)
(5.09364 -5.64099e-07 0)
(5.09364 -6.31077e-07 0)
(5.09364 -6.06772e-07 0)
(5.09364 -5.14395e-07 0)
(5.09364 -4.33286e-07 0)
(5.09364 -4.11823e-07 0)
(5.09364 -4.28147e-07 0)
(5.09364 -4.259e-07 0)
(5.09364 -3.74555e-07 0)
(5.09364 -2.91779e-07 0)
(5.09364 -2.17885e-07 0)
(5.09364 -1.69733e-07 0)
(5.09364 -1.1879e-07 0)
(5.09364 -2.33028e-08 0)
(5.09364 1.16317e-07 0)
(5.09364 2.44368e-07 0)
(5.09364 3.04928e-07 0)
(5.09364 3.05732e-07 0)
(5.09364 3.00799e-07 0)
(5.09364 3.11186e-07 0)
(5.09364 3.07116e-07 0)
(5.09364 2.54514e-07 0)
(5.09364 1.46498e-07 0)
(5.09364 7.00348e-09 0)
(5.09364 -1.11457e-07 0)
(5.09364 -1.6748e-07 0)
(5.09364 -1.79397e-07 0)
(5.09364 -1.91408e-07 0)
(5.09364 -2.13948e-07 0)
(5.09364 -2.14969e-07 0)
(5.09364 -1.48952e-07 0)
(5.09364 -1.55735e-08 0)
(5.09364 1.1202e-07 0)
(5.09364 1.83278e-07 0)
(5.09364 2.3113e-07 0)
(5.09364 2.99114e-07 0)
(5.09364 4.01961e-07 0)
(5.09364 5.23191e-07 0)
(5.09364 5.97609e-07 0)
(5.09364 5.99016e-07 0)
(5.09364 5.72527e-07 0)
(5.09364 5.31501e-07 0)
(5.09364 4.84682e-07 0)
(5.09364 4.70845e-07 0)
(5.09364 4.49222e-07 0)
(5.09364 3.75345e-07 0)
(5.09364 3.03823e-07 0)
(5.09364 2.3615e-07 0)
(5.09364 1.24896e-07 0)
(5.09364 7.40313e-09 0)
(5.09364 -8.67213e-08 0)
(5.09364 -1.6827e-07 0)
(5.09364 -1.79949e-07 0)
(5.09364 -1.55909e-07 0)
(5.09364 -1.90764e-07 0)
(5.09364 -1.99934e-07 0)
(5.09364 -1.80829e-07 0)
(5.09364 -2.41919e-07 0)
(5.09364 -3.25534e-07 0)
(5.09364 -3.90477e-07 0)
(5.09364 -3.95807e-07 0)
(5.09364 -2.45049e-07 0)
(5.09364 -1.16026e-07 0)
(5.09365 -2.41781e-07 0)
(5.09365 -3.72663e-07 0)
(5.09365 -3.11972e-07 0)
(5.09365 -2.02948e-07 0)
(5.09365 -4.37413e-08 0)
(5.09365 5.13311e-09 0)
(5.09365 -7.00684e-08 0)
(5.18149 5.91059e-06 0)
(5.18149 5.92015e-06 0)
(5.18149 6.27237e-06 0)
(5.18149 6.60944e-06 0)
(5.18149 6.83997e-06 0)
(5.18149 7.51327e-06 0)
(5.18149 7.84064e-06 0)
(5.18149 8.04538e-06 0)
(5.18149 7.95586e-06 0)
(5.18149 7.78909e-06 0)
(5.18149 7.66778e-06 0)
(5.1815 7.71116e-06 0)
(5.1815 7.88372e-06 0)
(5.1815 8.101e-06 0)
(5.1815 8.39899e-06 0)
(5.1815 8.78441e-06 0)
(5.1815 9.24949e-06 0)
(5.1815 9.66063e-06 0)
(5.1815 9.83516e-06 0)
(5.18151 9.80387e-06 0)
(5.18151 9.66223e-06 0)
(5.18151 9.38337e-06 0)
(5.18151 8.96735e-06 0)
(5.18151 8.532e-06 0)
(5.18151 8.15983e-06 0)
(5.18151 7.8137e-06 0)
(5.18151 7.42886e-06 0)
(5.18151 6.98366e-06 0)
(5.18151 6.47904e-06 0)
(5.18151 5.91898e-06 0)
(5.18151 5.3605e-06 0)
(5.18151 4.9087e-06 0)
(5.18151 4.56112e-06 0)
(5.18151 4.18878e-06 0)
(5.18151 3.74825e-06 0)
(5.18151 3.32636e-06 0)
(5.18151 2.96375e-06 0)
(5.18151 2.62361e-06 0)
(5.18151 2.30172e-06 0)
(5.18151 2.02373e-06 0)
(5.18151 1.76812e-06 0)
(5.18151 1.49324e-06 0)
(5.18151 1.20941e-06 0)
(5.18151 9.67523e-07 0)
(5.18151 7.80504e-07 0)
(5.18151 6.18531e-07 0)
(5.18151 4.66858e-07 0)
(5.18151 3.36305e-07 0)
(5.18151 2.29561e-07 0)
(5.18151 1.37309e-07 0)
(5.18151 6.48282e-08 0)
(5.18151 2.33147e-08 0)
(5.18151 -3.20215e-09 0)
(5.18151 -3.36141e-08 0)
(5.18151 -4.5033e-08 0)
(5.18151 -8.55285e-09 0)
(5.18151 4.05139e-08 0)
(5.18151 2.39589e-08 0)
(5.18151 -8.15051e-08 0)
(5.18151 -2.20993e-07 0)
(5.18151 -3.39592e-07 0)
(5.18151 -4.32164e-07 0)
(5.18151 -5.19751e-07 0)
(5.18151 -6.16756e-07 0)
(5.18151 -7.26314e-07 0)
(5.18151 -8.33587e-07 0)
(5.18151 -8.99849e-07 0)
(5.18151 -8.91225e-07 0)
(5.18151 -8.24957e-07 0)
(5.18151 -7.46458e-07 0)
(5.18151 -6.65032e-07 0)
(5.18151 -5.58564e-07 0)
(5.18151 -4.36156e-07 0)
(5.18151 -3.49553e-07 0)
(5.18151 -3.34648e-07 0)
(5.18151 -3.74376e-07 0)
(5.18151 -4.28103e-07 0)
(5.18151 -4.67558e-07 0)
(5.18151 -4.84055e-07 0)
(5.18151 -4.81362e-07 0)
(5.18151 -4.74332e-07 0)
(5.18151 -4.7423e-07 0)
(5.18151 -4.67238e-07 0)
(5.18151 -4.39275e-07 0)
(5.18151 -4.06896e-07 0)
(5.18151 -4.04637e-07 0)
(5.18151 -4.34931e-07 0)
(5.18151 -4.57989e-07 0)
(5.18151 -4.26237e-07 0)
(5.18151 -3.20522e-07 0)
(5.18151 -1.61909e-07 0)
(5.18151 9.39206e-10 0)
(5.18151 1.29509e-07 0)
(5.18151 2.27165e-07 0)
(5.18151 3.28941e-07 0)
(5.18151 4.47651e-07 0)
(5.18151 5.45132e-07 0)
(5.18151 5.78725e-07 0)
(5.18151 5.57145e-07 0)
(5.18151 5.0737e-07 0)
(5.18151 4.3429e-07 0)
(5.18151 3.36327e-07 0)
(5.18151 2.13315e-07 0)
(5.18151 5.49197e-08 0)
(5.18151 -1.28806e-07 0)
(5.18151 -2.85997e-07 0)
(5.18151 -3.69061e-07 0)
(5.18151 -3.77808e-07 0)
(5.18151 -3.36834e-07 0)
(5.18151 -2.66329e-07 0)
(5.18151 -1.72323e-07 0)
(5.18151 -5.28901e-08 0)
(5.18151 7.11539e-08 0)
(5.18151 1.68892e-07 0)
(5.18151 2.41881e-07 0)
(5.18151 3.07898e-07 0)
(5.18151 3.86943e-07 0)
(5.18151 4.95365e-07 0)
(5.18151 5.88212e-07 0)
(5.18151 6.0796e-07 0)
(5.18151 5.80734e-07 0)
(5.18151 5.18055e-07 0)
(5.18151 3.9832e-07 0)
(5.18151 3.09162e-07 0)
(5.18151 3.21859e-07 0)
(5.18151 3.48113e-07 0)
(5.18151 3.16263e-07 0)
(5.18151 2.38666e-07 0)
(5.18151 1.19584e-07 0)
(5.18151 -4.53649e-09 0)
(5.18151 -7.13906e-08 0)
(5.18151 -8.75471e-08 0)
(5.18151 -6.46731e-08 0)
(5.18151 -3.84406e-08 0)
(5.18151 -8.99745e-08 0)
(5.18151 -1.13717e-07 0)
(5.18151 -5.65638e-08 0)
(5.18151 -1.07703e-07 0)
(5.18151 -2.36203e-07 0)
(5.18151 -2.69922e-07 0)
(5.18151 -2.47992e-07 0)
(5.18151 -2.23051e-07 0)
(5.18151 -2.40876e-07 0)
(5.18151 -2.96712e-07 0)
(5.18151 -3.46341e-07 0)
(5.18151 -3.68295e-07 0)
(5.18151 -3.56298e-07 0)
(5.18151 -2.12038e-07 0)
(5.18151 -1.45254e-07 0)
(5.18151 -1.36891e-08 0)
(5.09364 5.65773e-06 0)
(5.09364 5.28759e-06 0)
(5.09364 5.22514e-06 0)
(5.09364 5.4344e-06 0)
(5.09364 5.62451e-06 0)
(5.09364 6.25842e-06 0)
(5.09364 6.56509e-06 0)
(5.09365 6.68688e-06 0)
(5.09365 6.78358e-06 0)
(5.09365 6.84886e-06 0)
(5.09365 6.82167e-06 0)
(5.09365 6.8411e-06 0)
(5.09365 6.97191e-06 0)
(5.09365 7.08849e-06 0)
(5.09365 7.21078e-06 0)
(5.09365 7.43856e-06 0)
(5.09365 7.79083e-06 0)
(5.09366 8.14114e-06 0)
(5.09366 8.32977e-06 0)
(5.09366 8.38437e-06 0)
(5.09366 8.40239e-06 0)
(5.09366 8.35262e-06 0)
(5.09366 8.18614e-06 0)
(5.09366 7.9718e-06 0)
(5.09367 7.78239e-06 0)
(5.09367 7.56567e-06 0)
(5.09367 7.2264e-06 0)
(5.09367 6.75989e-06 0)
(5.09367 6.24368e-06 0)
(5.09367 5.73205e-06 0)
(5.09367 5.22961e-06 0)
(5.09367 4.76821e-06 0)
(5.09367 4.39123e-06 0)
(5.09367 4.05874e-06 0)
(5.09367 3.70245e-06 0)
(5.09367 3.33613e-06 0)
(5.09367 3.00418e-06 0)
(5.09367 2.69305e-06 0)
(5.09367 2.37861e-06 0)
(5.09367 2.08823e-06 0)
(5.09367 1.84372e-06 0)
(5.09367 1.60917e-06 0)
(5.09367 1.35074e-06 0)
(5.09367 1.10099e-06 0)
(5.09367 9.12387e-07 0)
(5.09367 7.83495e-07 0)
(5.09367 6.71245e-07 0)
(5.09367 5.49023e-07 0)
(5.09367 4.20789e-07 0)
(5.09367 3.04424e-07 0)
(5.09367 2.26658e-07 0)
(5.09367 2.12062e-07 0)
(5.09367 2.45424e-07 0)
(5.09367 2.7141e-07 0)
(5.09367 2.552e-07 0)
(5.09367 2.23514e-07 0)
(5.09367 2.04432e-07 0)
(5.09367 1.63039e-07 0)
(5.09367 4.87099e-08 0)
(5.09367 -1.28104e-07 0)
(5.09367 -3.08185e-07 0)
(5.09367 -4.49355e-07 0)
(5.09367 -5.54154e-07 0)
(5.09367 -6.4449e-07 0)
(5.09367 -7.34813e-07 0)
(5.09367 -8.20782e-07 0)
(5.09367 -8.68652e-07 0)
(5.09367 -8.23183e-07 0)
(5.09367 -6.72507e-07 0)
(5.09367 -4.88781e-07 0)
(5.09367 -3.61325e-07 0)
(5.09367 -3.12403e-07 0)
(5.09367 -3.03625e-07 0)
(5.09367 -3.02365e-07 0)
(5.09367 -3.10725e-07 0)
(5.09367 -3.39878e-07 0)
(5.09367 -3.85404e-07 0)
(5.09367 -4.31463e-07 0)
(5.09367 -4.57018e-07 0)
(5.09367 -4.45816e-07 0)
(5.09367 -4.12097e-07 0)
(5.09367 -4.01343e-07 0)
(5.09367 -4.41247e-07 0)
(5.09367 -5.07977e-07 0)
(5.09367 -5.52772e-07 0)
(5.09367 -5.49461e-07 0)
(5.09367 -5.04106e-07 0)
(5.09367 -4.33116e-07 0)
(5.09367 -3.44649e-07 0)
(5.09367 -2.32981e-07 0)
(5.09367 -8.64716e-08 0)
(5.09367 9.08269e-08 0)
(5.09367 2.64627e-07 0)
(5.09367 3.94431e-07 0)
(5.09367 4.76165e-07 0)
(5.09367 5.45306e-07 0)
(5.09367 6.20419e-07 0)
(5.09367 6.76662e-07 0)
(5.09367 6.81332e-07 0)
(5.09367 6.28269e-07 0)
(5.09367 5.23377e-07 0)
(5.09367 3.82802e-07 0)
(5.09367 2.36237e-07 0)
(5.09367 9.45053e-08 0)
(5.09367 -5.88969e-08 0)
(5.09367 -2.12959e-07 0)
(5.09367 -3.13872e-07 0)
(5.09367 -3.28953e-07 0)
(5.09367 -2.73268e-07 0)
(5.09367 -1.83702e-07 0)
(5.09367 -9.82816e-08 0)
(5.09367 -3.74534e-08 0)
(5.09367 1.10836e-08 0)
(5.09367 8.4143e-08 0)
(5.09367 2.03699e-07 0)
(5.09367 3.2825e-07 0)
(5.09367 4.01104e-07 0)
(5.09367 4.40908e-07 0)
(5.09367 4.70768e-07 0)
(5.09367 4.5094e-07 0)
(5.09367 4.00441e-07 0)
(5.09367 3.74617e-07 0)
(5.09367 3.3561e-07 0)
(5.09367 2.77819e-07 0)
(5.09367 2.88667e-07 0)
(5.09367 3.41335e-07 0)
(5.09367 3.11133e-07 0)
(5.09367 1.83343e-07 0)
(5.09367 4.36178e-08 0)
(5.09367 -2.36731e-08 0)
(5.09367 -5.45368e-10 0)
(5.09367 4.13298e-08 0)
(5.09367 5.63874e-08 0)
(5.09367 6.14106e-08 0)
(5.09367 -1.83551e-09 0)
(5.09367 -8.7531e-08 0)
(5.09367 -6.00855e-08 0)
(5.09367 -4.19134e-08 0)
(5.09367 -1.15233e-07 0)
(5.09367 -1.21284e-07 0)
(5.09367 -5.90016e-08 0)
(5.09367 -7.81127e-08 0)
(5.09367 -2.60047e-07 0)
(5.09367 -3.67924e-07 0)
(5.09367 -4.13097e-07 0)
(5.09367 -4.75035e-07 0)
(5.09367 -4.33759e-07 0)
(5.09367 -3.11438e-07 0)
(5.09367 -2.83107e-07 0)
(5.09367 -1.08576e-07 0)
(4.82921 4.62625e-06 0)
(4.82921 4.30148e-06 0)
(4.82921 4.16739e-06 0)
(4.82921 4.21846e-06 0)
(4.82921 4.48136e-06 0)
(4.82921 4.83844e-06 0)
(4.82921 5.10337e-06 0)
(4.82921 5.2705e-06 0)
(4.82922 5.62493e-06 0)
(4.82922 5.97283e-06 0)
(4.82922 6.08591e-06 0)
(4.82922 6.12491e-06 0)
(4.82922 6.22631e-06 0)
(4.82922 6.28703e-06 0)
(4.82922 6.29695e-06 0)
(4.82922 6.32923e-06 0)
(4.82922 6.41276e-06 0)
(4.82922 6.55128e-06 0)
(4.82923 6.71754e-06 0)
(4.82923 6.89399e-06 0)
(4.82923 7.06161e-06 0)
(4.82923 7.15765e-06 0)
(4.82923 7.13137e-06 0)
(4.82923 7.00054e-06 0)
(4.82923 6.80956e-06 0)
(4.82924 6.55668e-06 0)
(4.82924 6.20297e-06 0)
(4.82924 5.75669e-06 0)
(4.82924 5.31097e-06 0)
(4.82924 4.94175e-06 0)
(4.82924 4.61064e-06 0)
(4.82924 4.25202e-06 0)
(4.82924 3.88981e-06 0)
(4.82924 3.57567e-06 0)
(4.82924 3.29852e-06 0)
(4.82925 3.02804e-06 0)
(4.82925 2.76367e-06 0)
(4.82925 2.49598e-06 0)
(4.82925 2.19604e-06 0)
(4.82925 1.88044e-06 0)
(4.82925 1.61514e-06 0)
(4.82925 1.42397e-06 0)
(4.82925 1.26261e-06 0)
(4.82925 1.10169e-06 0)
(4.82925 9.55741e-07 0)
(4.82925 8.30219e-07 0)
(4.82925 7.00576e-07 0)
(4.82925 5.59222e-07 0)
(4.82925 4.35732e-07 0)
(4.82925 3.60872e-07 0)
(4.82925 3.3296e-07 0)
(4.82925 3.37765e-07 0)
(4.82925 3.63868e-07 0)
(4.82925 3.80241e-07 0)
(4.82925 3.4288e-07 0)
(4.82925 2.44699e-07 0)
(4.82925 1.2604e-07 0)
(4.82925 2.05105e-08 0)
(4.82925 -7.20404e-08 0)
(4.82925 -1.59882e-07 0)
(4.82925 -2.44187e-07 0)
(4.82925 -3.28537e-07 0)
(4.82925 -4.18792e-07 0)
(4.82925 -5.02882e-07 0)
(4.82925 -5.50654e-07 0)
(4.82925 -5.44915e-07 0)
(4.82925 -4.97253e-07 0)
(4.82925 -4.21939e-07 0)
(4.82925 -3.21513e-07 0)
(4.82925 -2.12081e-07 0)
(4.82925 -1.3328e-07 0)
(4.82925 -1.11119e-07 0)
(4.82925 -1.27313e-07 0)
(4.82925 -1.44271e-07 0)
(4.82925 -1.47625e-07 0)
(4.82925 -1.49551e-07 0)
(4.82925 -1.63822e-07 0)
(4.82925 -1.96275e-07 0)
(4.82925 -2.47029e-07 0)
(4.82925 -3.07224e-07 0)
(4.82925 -3.6159e-07 0)
(4.82925 -4.06315e-07 0)
(4.82925 -4.53734e-07 0)
(4.82925 -5.02658e-07 0)
(4.82925 -5.25318e-07 0)
(4.82925 -4.94724e-07 0)
(4.82925 -4.11689e-07 0)
(4.82925 -3.01207e-07 0)
(4.82925 -1.90125e-07 0)
(4.82925 -8.7833e-08 0)
(4.82925 1.97507e-08 0)
(4.82925 1.55095e-07 0)
(4.82925 3.1748e-07 0)
(4.82925 4.69316e-07 0)
(4.82925 5.67522e-07 0)
(4.82925 6.07885e-07 0)
(4.82925 6.19564e-07 0)
(4.82925 6.18957e-07 0)
(4.82925 5.99345e-07 0)
(4.82925 5.57767e-07 0)
(4.82925 4.8646e-07 0)
(4.82925 3.71735e-07 0)
(4.82925 2.26635e-07 0)
(4.82925 9.31713e-08 0)
(4.82925 -7.91901e-09 0)
(4.82925 -8.29567e-08 0)
(4.82925 -1.31625e-07 0)
(4.82925 -1.54038e-07 0)
(4.82925 -1.63471e-07 0)
(4.82925 -1.63975e-07 0)
(4.82925 -1.44848e-07 0)
(4.82925 -1.00379e-07 0)
(4.82925 -3.62978e-08 0)
(4.82925 4.66924e-08 0)
(4.82925 1.58771e-07 0)
(4.82925 2.71403e-07 0)
(4.82925 3.16662e-07 0)
(4.82925 3.02685e-07 0)
(4.82925 2.99634e-07 0)
(4.82925 2.9748e-07 0)
(4.82925 2.66082e-07 0)
(4.82925 2.69334e-07 0)
(4.82925 3.22299e-07 0)
(4.82925 3.40852e-07 0)
(4.82925 3.07986e-07 0)
(4.82925 2.63928e-07 0)
(4.82925 1.98977e-07 0)
(4.82925 1.11433e-07 0)
(4.82925 5.2988e-08 0)
(4.82925 7.17372e-08 0)
(4.82925 1.27615e-07 0)
(4.82925 1.08402e-07 0)
(4.82925 -3.09287e-09 0)
(4.82925 -6.48559e-08 0)
(4.82925 -6.18522e-08 0)
(4.82925 -9.15233e-08 0)
(4.82925 -7.79765e-08 0)
(4.82925 -2.10484e-08 0)
(4.82925 -3.02844e-08 0)
(4.82925 -7.10187e-08 0)
(4.82925 -9.50725e-08 0)
(4.82925 -1.35427e-07 0)
(4.82925 -3.30609e-07 0)
(4.82925 -4.84745e-07 0)
(4.82925 -5.13309e-07 0)
(4.82925 -5.27458e-07 0)
(4.82925 -3.92814e-07 0)
(4.82925 -2.33808e-07 0)
(4.82925 -1.51969e-07 0)
(4.82925 -5.36217e-08 0)
(4.38557 3.05614e-06 0)
(4.38557 2.91401e-06 0)
(4.38557 2.89967e-06 0)
(4.38557 3.09543e-06 0)
(4.38557 3.32807e-06 0)
(4.38557 3.43359e-06 0)
(4.38557 3.75857e-06 0)
(4.38557 4.18127e-06 0)
(4.38557 4.59272e-06 0)
(4.38558 4.87587e-06 0)
(4.38558 5.01833e-06 0)
(4.38558 5.15236e-06 0)
(4.38558 5.30775e-06 0)
(4.38558 5.37467e-06 0)
(4.38558 5.35868e-06 0)
(4.38558 5.31755e-06 0)
(4.38558 5.26541e-06 0)
(4.38558 5.27731e-06 0)
(4.38559 5.42036e-06 0)
(4.38559 5.63891e-06 0)
(4.38559 5.80708e-06 0)
(4.38559 5.83939e-06 0)
(4.38559 5.73726e-06 0)
(4.38559 5.54501e-06 0)
(4.3856 5.30349e-06 0)
(4.3856 5.0454e-06 0)
(4.3856 4.78408e-06 0)
(4.3856 4.50933e-06 0)
(4.3856 4.23061e-06 0)
(4.3856 3.98032e-06 0)
(4.3856 3.74671e-06 0)
(4.38561 3.4818e-06 0)
(4.38561 3.18956e-06 0)
(4.38561 2.92448e-06 0)
(4.38561 2.70452e-06 0)
(4.38561 2.49616e-06 0)
(4.38561 2.27187e-06 0)
(4.38561 2.02857e-06 0)
(4.38561 1.76019e-06 0)
(4.38561 1.4687e-06 0)
(4.38561 1.20385e-06 0)
(4.38561 1.02511e-06 0)
(4.38561 9.28384e-07 0)
(4.38561 8.57768e-07 0)
(4.38561 7.71328e-07 0)
(4.38561 6.57577e-07 0)
(4.38561 5.19887e-07 0)
(4.38561 3.8775e-07 0)
(4.38561 3.14165e-07 0)
(4.38561 3.21544e-07 0)
(4.38561 3.61821e-07 0)
(4.38561 3.65439e-07 0)
(4.38561 3.14167e-07 0)
(4.38561 2.35671e-07 0)
(4.38561 1.43898e-07 0)
(4.38561 2.43844e-08 0)
(4.38561 -1.1739e-07 0)
(4.38562 -2.47756e-07 0)
(4.38562 -3.3698e-07 0)
(4.38562 -3.78594e-07 0)
(4.38562 -3.87097e-07 0)
(4.38562 -3.90382e-07 0)
(4.38562 -4.09195e-07 0)
(4.38562 -4.31007e-07 0)
(4.38562 -4.16251e-07 0)
(4.38562 -3.42964e-07 0)
(4.38562 -2.41757e-07 0)
(4.38562 -1.71118e-07 0)
(4.38562 -1.51237e-07 0)
(4.38562 -1.4839e-07 0)
(4.38562 -1.25018e-07 0)
(4.38562 -7.71813e-08 0)
(4.38562 -2.47849e-08 0)
(4.38562 1.03681e-08 0)
(4.38562 1.38775e-08 0)
(4.38562 -1.72683e-08 0)
(4.38562 -7.24494e-08 0)
(4.38562 -1.34308e-07 0)
(4.38562 -1.98389e-07 0)
(4.38562 -2.67985e-07 0)
(4.38562 -3.32352e-07 0)
(4.38562 -3.68906e-07 0)
(4.38562 -3.7103e-07 0)
(4.38562 -3.48857e-07 0)
(4.38562 -3.17726e-07 0)
(4.38562 -2.85207e-07 0)
(4.38562 -2.48371e-07 0)
(4.38562 -1.97507e-07 0)
(4.38562 -1.25989e-07 0)
(4.38562 -3.87668e-08 0)
(4.38562 5.55538e-08 0)
(4.38562 1.56232e-07 0)
(4.38562 2.69663e-07 0)
(4.38562 3.88236e-07 0)
(4.38562 4.83124e-07 0)
(4.38562 5.26525e-07 0)
(4.38562 5.21839e-07 0)
(4.38562 4.88142e-07 0)
(4.38562 4.42512e-07 0)
(4.38562 4.0107e-07 0)
(4.38562 3.6991e-07 0)
(4.38562 3.23806e-07 0)
(4.38562 2.40147e-07 0)
(4.38562 1.4712e-07 0)
(4.38562 9.17436e-08 0)
(4.38562 7.04625e-08 0)
(4.38562 3.97876e-08 0)
(4.38562 -2.2485e-08 0)
(4.38562 -1.01972e-07 0)
(4.38562 -1.68112e-07 0)
(4.38562 -1.85771e-07 0)
(4.38562 -1.33846e-07 0)
(4.38562 -3.45455e-08 0)
(4.38562 4.97466e-08 0)
(4.38562 9.39196e-08 0)
(4.38562 1.26557e-07 0)
(4.38562 1.49747e-07 0)
(4.38562 1.55172e-07 0)
(4.38562 1.90442e-07 0)
(4.38562 2.6729e-07 0)
(4.38562 3.14923e-07 0)
(4.38562 3.31269e-07 0)
(4.38562 3.73894e-07 0)
(4.38562 4.01251e-07 0)
(4.38562 3.43787e-07 0)
(4.38562 2.41559e-07 0)
(4.38562 1.85928e-07 0)
(4.38562 1.9196e-07 0)
(4.38562 2.03612e-07 0)
(4.38562 1.85972e-07 0)
(4.38562 1.43015e-07 0)
(4.38562 4.07706e-08 0)
(4.38562 -1.36855e-07 0)
(4.38562 -2.31315e-07 0)
(4.38562 -1.47799e-07 0)
(4.38562 -6.19439e-08 0)
(4.38562 -5.79421e-08 0)
(4.38562 -8.48969e-08 0)
(4.38562 -1.46996e-07 0)
(4.38562 -2.5668e-07 0)
(4.38562 -3.87193e-07 0)
(4.38562 -4.66682e-07 0)
(4.38562 -5.18378e-07 0)
(4.38562 -5.71983e-07 0)
(4.38562 -5.37672e-07 0)
(4.38562 -4.9107e-07 0)
(4.38562 -3.75187e-07 0)
(4.38562 -2.63936e-07 0)
(4.38562 -1.01185e-07 0)
(4.38562 1.20666e-07 0)
(3.75847 1.9469e-06 0)
(3.75847 1.80941e-06 0)
(3.75848 1.82929e-06 0)
(3.75848 2.0723e-06 0)
(3.75848 2.15649e-06 0)
(3.75848 2.2072e-06 0)
(3.75848 2.56763e-06 0)
(3.75848 3.07458e-06 0)
(3.75848 3.38486e-06 0)
(3.75848 3.61612e-06 0)
(3.75848 3.93507e-06 0)
(3.75849 4.26486e-06 0)
(3.75849 4.47803e-06 0)
(3.75849 4.51766e-06 0)
(3.75849 4.44908e-06 0)
(3.75849 4.3649e-06 0)
(3.75849 4.27843e-06 0)
(3.75849 4.22083e-06 0)
(3.75849 4.23153e-06 0)
(3.7585 4.25781e-06 0)
(3.7585 4.2277e-06 0)
(3.7585 4.14077e-06 0)
(3.7585 4.02875e-06 0)
(3.7585 3.8932e-06 0)
(3.7585 3.72448e-06 0)
(3.75851 3.54642e-06 0)
(3.75851 3.3925e-06 0)
(3.75851 3.24311e-06 0)
(3.75851 3.04017e-06 0)
(3.75851 2.77713e-06 0)
(3.75851 2.50605e-06 0)
(3.75851 2.26987e-06 0)
(3.75852 2.08275e-06 0)
(3.75852 1.94446e-06 0)
(3.75852 1.82876e-06 0)
(3.75852 1.68758e-06 0)
(3.75852 1.49943e-06 0)
(3.75852 1.291e-06 0)
(3.75852 1.09674e-06 0)
(3.75852 9.15442e-07 0)
(3.75852 7.44178e-07 0)
(3.75852 6.19921e-07 0)
(3.75852 5.75004e-07 0)
(3.75852 5.76834e-07 0)
(3.75852 5.58638e-07 0)
(3.75852 4.84514e-07 0)
(3.75852 3.6781e-07 0)
(3.75852 2.53272e-07 0)
(3.75852 1.94607e-07 0)
(3.75852 2.12894e-07 0)
(3.75852 2.65632e-07 0)
(3.75853 2.7123e-07 0)
(3.75853 1.91044e-07 0)
(3.75853 6.47612e-08 0)
(3.75853 -5.28689e-08 0)
(3.75853 -1.50922e-07 0)
(3.75853 -2.41745e-07 0)
(3.75853 -3.19901e-07 0)
(3.75853 -3.7124e-07 0)
(3.75853 -3.96532e-07 0)
(3.75853 -4.04636e-07 0)
(3.75853 -4.02077e-07 0)
(3.75853 -3.92127e-07 0)
(3.75853 -3.74153e-07 0)
(3.75853 -3.38688e-07 0)
(3.75853 -2.77087e-07 0)
(3.75853 -2.03684e-07 0)
(3.75853 -1.55924e-07 0)
(3.75853 -1.5412e-07 0)
(3.75853 -1.71568e-07 0)
(3.75853 -1.62333e-07 0)
(3.75853 -1.09759e-07 0)
(3.75853 -4.09401e-08 0)
(3.75853 1.8862e-09 0)
(3.75853 -6.32819e-09 0)
(3.75853 -6.2322e-08 0)
(3.75853 -1.39679e-07 0)
(3.75853 -2.04589e-07 0)
(3.75853 -2.39944e-07 0)
(3.75853 -2.55675e-07 0)
(3.75853 -2.66953e-07 0)
(3.75853 -2.72513e-07 0)
(3.75853 -2.60126e-07 0)
(3.75853 -2.2651e-07 0)
(3.75853 -1.86329e-07 0)
(3.75853 -1.57485e-07 0)
(3.75853 -1.4751e-07 0)
(3.75853 -1.41623e-07 0)
(3.75853 -1.11159e-07 0)
(3.75853 -3.88095e-08 0)
(3.75853 6.3517e-08 0)
(3.75853 1.70291e-07 0)
(3.75853 2.6657e-07 0)
(3.75853 3.49257e-07 0)
(3.75853 4.11511e-07 0)
(3.75853 4.3932e-07 0)
(3.75853 4.33705e-07 0)
(3.75853 4.10776e-07 0)
(3.75853 3.79775e-07 0)
(3.75853 3.43773e-07 0)
(3.75853 3.14783e-07 0)
(3.75853 2.92539e-07 0)
(3.75853 2.57238e-07 0)
(3.75853 2.06949e-07 0)
(3.75853 1.6755e-07 0)
(3.75853 1.42782e-07 0)
(3.75853 9.83347e-08 0)
(3.75853 1.71193e-08 0)
(3.75853 -7.75125e-08 0)
(3.75853 -1.57304e-07 0)
(3.75853 -2.08191e-07 0)
(3.75853 -2.13655e-07 0)
(3.75853 -1.67306e-07 0)
(3.75853 -1.07907e-07 0)
(3.75853 -7.94967e-08 0)
(3.75853 -5.61216e-08 0)
(3.75853 2.56792e-09 0)
(3.75853 7.31522e-08 0)
(3.75853 1.436e-07 0)
(3.75853 2.37661e-07 0)
(3.75853 3.19856e-07 0)
(3.75853 3.43881e-07 0)
(3.75853 3.47504e-07 0)
(3.75853 3.61212e-07 0)
(3.75853 3.5072e-07 0)
(3.75853 3.03332e-07 0)
(3.75853 2.65443e-07 0)
(3.75853 2.58746e-07 0)
(3.75853 2.27485e-07 0)
(3.75853 1.2318e-07 0)
(3.75853 -4.25137e-09 0)
(3.75853 -8.66422e-08 0)
(3.75853 -1.42374e-07 0)
(3.75853 -1.53522e-07 0)
(3.75853 -6.12838e-08 0)
(3.75853 -1.49789e-09 0)
(3.75853 -1.14487e-07 0)
(3.75853 -3.06785e-07 0)
(3.75853 -4.34998e-07 0)
(3.75853 -4.92731e-07 0)
(3.75853 -4.98397e-07 0)
(3.75853 -5.28884e-07 0)
(3.75853 -5.23432e-07 0)
(3.75853 -5.32296e-07 0)
(3.75853 -5.38937e-07 0)
(3.75853 -5.11721e-07 0)
(3.75853 -4.43082e-07 0)
(3.75853 -3.42846e-07 0)
(3.75853 -1.91836e-07 0)
(3.75853 1.5978e-07 0)
(2.94225 1.32495e-06 0)
(2.94225 9.67525e-07 0)
(2.94225 9.12969e-07 0)
(2.94225 1.09882e-06 0)
(2.94225 1.13641e-06 0)
(2.94225 1.26503e-06 0)
(2.94225 1.57892e-06 0)
(2.94225 1.95955e-06 0)
(2.94226 2.19238e-06 0)
(2.94226 2.44591e-06 0)
(2.94226 2.87353e-06 0)
(2.94226 3.27015e-06 0)
(2.94226 3.44428e-06 0)
(2.94226 3.40885e-06 0)
(2.94226 3.26204e-06 0)
(2.94226 3.09915e-06 0)
(2.94227 2.94551e-06 0)
(2.94227 2.80359e-06 0)
(2.94227 2.69671e-06 0)
(2.94227 2.60672e-06 0)
(2.94227 2.49829e-06 0)
(2.94227 2.393e-06 0)
(2.94227 2.329e-06 0)
(2.94228 2.28589e-06 0)
(2.94228 2.20816e-06 0)
(2.94228 2.08006e-06 0)
(2.94228 1.93937e-06 0)
(2.94228 1.81058e-06 0)
(2.94228 1.65715e-06 0)
(2.94228 1.45319e-06 0)
(2.94229 1.24945e-06 0)
(2.94229 1.11099e-06 0)
(2.94229 1.04658e-06 0)
(2.94229 1.02409e-06 0)
(2.94229 9.98983e-07 0)
(2.94229 9.25761e-07 0)
(2.94229 7.82773e-07 0)
(2.94229 5.97655e-07 0)
(2.94229 4.30835e-07 0)
(2.94229 3.19253e-07 0)
(2.94229 2.50814e-07 0)
(2.94229 2.0949e-07 0)
(2.94229 2.03254e-07 0)
(2.94229 2.19882e-07 0)
(2.9423 2.1272e-07 0)
(2.9423 1.54888e-07 0)
(2.9423 7.42115e-08 0)
(2.9423 1.4899e-08 0)
(2.9423 -4.28553e-09 0)
(2.9423 1.27262e-08 0)
(2.9423 4.69839e-08 0)
(2.9423 5.73106e-08 0)
(2.9423 3.99752e-09 0)
(2.9423 -1.05435e-07 0)
(2.9423 -2.20562e-07 0)
(2.9423 -3.0562e-07 0)
(2.9423 -3.67279e-07 0)
(2.9423 -4.1914e-07 0)
(2.9423 -4.57294e-07 0)
(2.9423 -4.74713e-07 0)
(2.9423 -4.68922e-07 0)
(2.9423 -4.32341e-07 0)
(2.9423 -3.57172e-07 0)
(2.9423 -2.60815e-07 0)
(2.9423 -1.78467e-07 0)
(2.9423 -1.30184e-07 0)
(2.9423 -1.06767e-07 0)
(2.9423 -9.26484e-08 0)
(2.9423 -8.51326e-08 0)
(2.9423 -8.18803e-08 0)
(2.9423 -6.95186e-08 0)
(2.9423 -4.0171e-08 0)
(2.9423 -5.57984e-09 0)
(2.9423 1.33254e-08 0)
(2.9423 3.38206e-09 0)
(2.9423 -3.43317e-08 0)
(2.9423 -8.53036e-08 0)
(2.9423 -1.25188e-07 0)
(2.9423 -1.29756e-07 0)
(2.9423 -9.9215e-08 0)
(2.9423 -6.09053e-08 0)
(2.9423 -3.92916e-08 0)
(2.9423 -3.28198e-08 0)
(2.9423 -2.56354e-08 0)
(2.9423 -8.21642e-09 0)
(2.9423 1.28175e-08 0)
(2.9423 2.27989e-08 0)
(2.9423 1.72221e-08 0)
(2.9423 1.62034e-08 0)
(2.9423 5.27366e-08 0)
(2.9423 1.38706e-07 0)
(2.9423 2.46759e-07 0)
(2.9423 3.34932e-07 0)
(2.9423 3.83692e-07 0)
(2.9423 3.99579e-07 0)
(2.9423 3.9359e-07 0)
(2.9423 3.70924e-07 0)
(2.9423 3.414e-07 0)
(2.9423 3.07779e-07 0)
(2.9423 2.5918e-07 0)
(2.9423 1.95667e-07 0)
(2.9423 1.47151e-07 0)
(2.9423 1.31249e-07 0)
(2.9423 1.23083e-07 0)
(2.9423 9.29044e-08 0)
(2.9423 3.82331e-08 0)
(2.9423 -3.27804e-08 0)
(2.9423 -1.13973e-07 0)
(2.9423 -1.90505e-07 0)
(2.9423 -2.43183e-07 0)
(2.9423 -2.72679e-07 0)
(2.9423 -2.88958e-07 0)
(2.9423 -2.76461e-07 0)
(2.9423 -2.24565e-07 0)
(2.9423 -1.69609e-07 0)
(2.9423 -1.28928e-07 0)
(2.9423 -5.69054e-08 0)
(2.9423 5.29601e-08 0)
(2.9423 1.44005e-07 0)
(2.9423 2.02256e-07 0)
(2.9423 2.49263e-07 0)
(2.9423 2.58602e-07 0)
(2.9423 2.13959e-07 0)
(2.9423 1.73591e-07 0)
(2.9423 1.83546e-07 0)
(2.9423 2.07001e-07 0)
(2.9423 1.80456e-07 0)
(2.9423 1.25045e-07 0)
(2.9423 9.38947e-08 0)
(2.9423 5.53289e-08 0)
(2.9423 -2.90544e-08 0)
(2.9423 -8.35911e-08 0)
(2.9423 -5.52437e-08 0)
(2.9423 -3.33961e-08 0)
(2.9423 -4.03004e-08 0)
(2.9423 -6.60543e-08 0)
(2.9423 -1.78424e-07 0)
(2.9423 -3.64306e-07 0)
(2.9423 -4.90081e-07 0)
(2.9423 -5.23805e-07 0)
(2.9423 -4.70091e-07 0)
(2.9423 -4.48975e-07 0)
(2.9423 -4.32193e-07 0)
(2.9423 -4.21965e-07 0)
(2.9423 -4.36157e-07 0)
(2.9423 -4.46144e-07 0)
(2.9423 -4.5977e-07 0)
(2.9423 -3.70536e-07 0)
(2.9423 -1.47924e-07 0)
(2.9423 2.00414e-07 0)
(1.93002 8.92623e-07 0)
(1.93002 5.09857e-07 0)
(1.93002 3.05508e-07 0)
(1.93002 3.23018e-07 0)
(1.93002 3.26778e-07 0)
(1.93002 5.04415e-07 0)
(1.93002 7.27279e-07 0)
(1.93003 9.34933e-07 0)
(1.93003 1.12901e-06 0)
(1.93003 1.32084e-06 0)
(1.93003 1.53584e-06 0)
(1.93003 1.68908e-06 0)
(1.93003 1.70474e-06 0)
(1.93003 1.62566e-06 0)
(1.93003 1.5179e-06 0)
(1.93003 1.43327e-06 0)
(1.93004 1.37349e-06 0)
(1.93004 1.28161e-06 0)
(1.93004 1.14693e-06 0)
(1.93004 1.02439e-06 0)
(1.93004 9.44255e-07 0)
(1.93004 8.97821e-07 0)
(1.93004 8.79179e-07 0)
(1.93004 8.79164e-07 0)
(1.93004 8.63402e-07 0)
(1.93005 7.98481e-07 0)
(1.93005 6.90251e-07 0)
(1.93005 5.80748e-07 0)
(1.93005 4.95054e-07 0)
(1.93005 4.25385e-07 0)
(1.93005 3.82891e-07 0)
(1.93005 3.92044e-07 0)
(1.93005 4.34408e-07 0)
(1.93005 4.58788e-07 0)
(1.93005 4.35011e-07 0)
(1.93005 3.62336e-07 0)
(1.93005 2.48782e-07 0)
(1.93005 1.07454e-07 0)
(1.93006 -2.80364e-08 0)
(1.93006 -1.10524e-07 0)
(1.93006 -1.24275e-07 0)
(1.93006 -1.03043e-07 0)
(1.93006 -8.821e-08 0)
(1.93006 -9.73411e-08 0)
(1.93006 -1.32542e-07 0)
(1.93006 -1.80405e-07 0)
(1.93006 -2.07608e-07 0)
(1.93006 -1.91451e-07 0)
(1.93006 -1.52251e-07 0)
(1.93006 -1.29793e-07 0)
(1.93006 -1.34201e-07 0)
(1.93006 -1.48137e-07 0)
(1.93006 -1.70098e-07 0)
(1.93006 -2.19228e-07 0)
(1.93006 -2.97253e-07 0)
(1.93006 -3.76051e-07 0)
(1.93006 -4.30512e-07 0)
(1.93006 -4.54563e-07 0)
(1.93006 -4.50724e-07 0)
(1.93006 -4.22721e-07 0)
(1.93006 -3.77321e-07 0)
(1.93006 -3.11822e-07 0)
(1.93006 -2.14203e-07 0)
(1.93006 -9.05324e-08 0)
(1.93006 2.04109e-08 0)
(1.93006 7.55898e-08 0)
(1.93006 7.23111e-08 0)
(1.93006 4.99963e-08 0)
(1.93006 4.63788e-08 0)
(1.93006 6.77701e-08 0)
(1.93006 9.69713e-08 0)
(1.93006 1.1649e-07 0)
(1.93006 1.20866e-07 0)
(1.93006 1.15719e-07 0)
(1.93006 1.10264e-07 0)
(1.93006 1.05441e-07 0)
(1.93006 9.34075e-08 0)
(1.93006 6.78341e-08 0)
(1.93006 4.07751e-08 0)
(1.93006 3.75273e-08 0)
(1.93006 6.61913e-08 0)
(1.93006 1.07871e-07 0)
(1.93006 1.35579e-07 0)
(1.93006 1.39711e-07 0)
(1.93006 1.32948e-07 0)
(1.93006 1.31854e-07 0)
(1.93006 1.42207e-07 0)
(1.93006 1.56222e-07 0)
(1.93006 1.65383e-07 0)
(1.93006 1.76165e-07 0)
(1.93006 2.05205e-07 0)
(1.93006 2.49805e-07 0)
(1.93006 2.78534e-07 0)
(1.93006 2.61935e-07 0)
(1.93006 2.0539e-07 0)
(1.93006 1.42529e-07 0)
(1.93006 9.64353e-08 0)
(1.93006 6.99694e-08 0)
(1.93006 5.50593e-08 0)
(1.93006 3.55104e-08 0)
(1.93006 -3.54903e-09 0)
(1.93006 -4.30759e-08 0)
(1.93006 -4.48497e-08 0)
(1.93006 -1.42468e-08 0)
(1.93006 -5.15863e-09 0)
(1.93006 -4.74673e-08 0)
(1.93006 -1.13701e-07 0)
(1.93006 -1.67591e-07 0)
(1.93006 -1.99523e-07 0)
(1.93006 -2.09149e-07 0)
(1.93006 -1.95684e-07 0)
(1.93006 -1.79476e-07 0)
(1.93006 -1.76796e-07 0)
(1.93006 -1.59327e-07 0)
(1.93006 -1.06535e-07 0)
(1.93006 -5.59553e-08 0)
(1.93006 -2.52749e-08 0)
(1.93006 1.56249e-08 0)
(1.93006 5.36172e-08 0)
(1.93006 4.56816e-08 0)
(1.93006 2.01557e-08 0)
(1.93006 1.90426e-08 0)
(1.93006 1.97411e-08 0)
(1.93006 5.67524e-09 0)
(1.93006 6.31691e-09 0)
(1.93006 3.24593e-08 0)
(1.93006 3.2193e-08 0)
(1.93006 -1.41864e-08 0)
(1.93006 -3.31367e-08 0)
(1.93006 9.11586e-09 0)
(1.93006 3.58013e-08 0)
(1.93006 1.73163e-08 0)
(1.93006 4.19812e-08 0)
(1.93006 7.13656e-08 0)
(1.93006 1.09516e-08 0)
(1.93006 -8.07288e-08 0)
(1.93006 -1.45906e-07 0)
(1.93006 -2.03062e-07 0)
(1.93006 -2.4856e-07 0)
(1.93006 -2.7698e-07 0)
(1.93006 -2.53399e-07 0)
(1.93006 -2.25028e-07 0)
(1.93006 -1.87589e-07 0)
(1.93006 -1.71468e-07 0)
(1.93006 -1.95023e-07 0)
(1.93006 -1.98043e-07 0)
(1.93006 -2.55749e-07 0)
(1.93006 -2.90202e-07 0)
(1.93006 -6.7897e-08 0)
(1.93006 1.7408e-07 0)
(0.71403 2.89578e-07 0)
(0.71403 1.95229e-07 0)
(0.714031 8.08255e-08 0)
(0.714031 5.80962e-08 0)
(0.714032 4.33732e-08 0)
(0.714032 9.69506e-08 0)
(0.714033 1.62183e-07 0)
(0.714033 2.16e-07 0)
(0.714034 2.81242e-07 0)
(0.714034 3.33233e-07 0)
(0.714035 3.48366e-07 0)
(0.714036 3.35031e-07 0)
(0.714036 3.05941e-07 0)
(0.714037 2.72151e-07 0)
(0.714037 2.50315e-07 0)
(0.714038 2.53082e-07 0)
(0.714038 2.66015e-07 0)
(0.714039 2.51491e-07 0)
(0.714039 1.94915e-07 0)
(0.71404 1.30789e-07 0)
(0.71404 9.72405e-08 0)
(0.71404 9.49416e-08 0)
(0.714041 1.05704e-07 0)
(0.714042 1.19776e-07 0)
(0.714042 1.27778e-07 0)
(0.714043 1.17484e-07 0)
(0.714043 8.62048e-08 0)
(0.714044 4.5833e-08 0)
(0.714044 1.50987e-08 0)
(0.714045 5.40674e-09 0)
(0.714045 2.13342e-08 0)
(0.714045 5.74531e-08 0)
(0.714045 9.17814e-08 0)
(0.714045 9.87124e-08 0)
(0.714046 7.38332e-08 0)
(0.714046 3.53523e-08 0)
(0.714046 7.03754e-12 0)
(0.714046 -3.14926e-08 0)
(0.714046 -6.19125e-08 0)
(0.714046 -8.38339e-08 0)
(0.714047 -8.75552e-08 0)
(0.714047 -7.63958e-08 0)
(0.714047 -6.65169e-08 0)
(0.714047 -7.20461e-08 0)
(0.714047 -9.41471e-08 0)
(0.714047 -1.17466e-07 0)
(0.714047 -1.22825e-07 0)
(0.714047 -1.05268e-07 0)
(0.714047 -8.06981e-08 0)
(0.714047 -7.15184e-08 0)
(0.714047 -8.20904e-08 0)
(0.714047 -9.6205e-08 0)
(0.714047 -1.0019e-07 0)
(0.714047 -1.00249e-07 0)
(0.714047 -1.10981e-07 0)
(0.714046 -1.32731e-07 0)
(0.714046 -1.49529e-07 0)
(0.714046 -1.44578e-07 0)
(0.714046 -1.16625e-07 0)
(0.714046 -7.9259e-08 0)
(0.714046 -4.78023e-08 0)
(0.714046 -2.52013e-08 0)
(0.714046 -8.97051e-10 0)
(0.714046 3.41588e-08 0)
(0.714046 7.14779e-08 0)
(0.714046 9.0938e-08 0)
(0.714046 8.3966e-08 0)
(0.714047 6.6475e-08 0)
(0.714047 6.2194e-08 0)
(0.714047 7.90233e-08 0)
(0.714047 1.03323e-07 0)
(0.714047 1.17016e-07 0)
(0.714047 1.13559e-07 0)
(0.714048 1.01872e-07 0)
(0.714048 9.55923e-08 0)
(0.714048 9.78036e-08 0)
(0.714048 9.87355e-08 0)
(0.714048 8.72776e-08 0)
(0.714048 6.4303e-08 0)
(0.714048 4.70338e-08 0)
(0.714048 5.21548e-08 0)
(0.714048 7.67827e-08 0)
(0.714048 9.89761e-08 0)
(0.714048 9.92306e-08 0)
(0.714048 7.98892e-08 0)
(0.714048 6.05009e-08 0)
(0.714049 5.6957e-08 0)
(0.714049 6.84304e-08 0)
(0.714049 8.16561e-08 0)
(0.714049 8.7505e-08 0)
(0.714049 8.79166e-08 0)
(0.714049 8.63637e-08 0)
(0.714049 7.86551e-08 0)
(0.714049 5.60965e-08 0)
(0.71405 1.82116e-08 0)
(0.71405 -2.17951e-08 0)
(0.71405 -4.89442e-08 0)
(0.71405 -5.80557e-08 0)
(0.71405 -5.67033e-08 0)
(0.71405 -5.60001e-08 0)
(0.71405 -6.07874e-08 0)
(0.71405 -6.74157e-08 0)
(0.71405 -6.491e-08 0)
(0.71405 -5.04788e-08 0)
(0.71405 -3.91447e-08 0)
(0.71405 -4.42244e-08 0)
(0.71405 -5.91194e-08 0)
(0.71405 -6.60641e-08 0)
(0.71405 -5.95734e-08 0)
(0.71405 -4.95633e-08 0)
(0.71405 -4.35515e-08 0)
(0.71405 -4.1026e-08 0)
(0.71405 -4.19497e-08 0)
(0.71405 -4.16454e-08 0)
(0.71405 -2.82441e-08 0)
(0.714049 -3.50846e-09 0)
(0.714049 1.31172e-08 0)
(0.714049 1.21981e-08 0)
(0.714049 -1.33065e-09 0)
(0.714049 -2.43106e-08 0)
(0.714049 -4.9626e-08 0)
(0.714049 -5.67857e-08 0)
(0.714049 -3.74511e-08 0)
(0.714049 -1.26819e-08 0)
(0.714049 -5.90458e-09 0)
(0.714049 -1.26735e-08 0)
(0.714049 -1.83739e-08 0)
(0.714049 -2.33145e-08 0)
(0.714049 -2.62815e-08 0)
(0.714049 -1.05931e-08 0)
(0.714049 2.23494e-08 0)
(0.714049 4.06208e-08 0)
(0.714049 4.35306e-08 0)
(0.714049 4.44905e-08 0)
(0.714049 3.0641e-08 0)
(0.71405 -3.54992e-09 0)
(0.71405 -4.08999e-08 0)
(0.71405 -6.52931e-08 0)
(0.71405 -5.67642e-08 0)
(0.71405 -3.22388e-08 0)
(0.71405 -1.19071e-08 0)
(0.71405 1.40294e-08 0)
(0.71405 2.14439e-08 0)
(0.71405 -2.24547e-09 0)
(0.71405 -3.3013e-08 0)
(0.714049 -2.10791e-08 0)
(0.714049 -3.48852e-08 0)
(0.714049 -6.78231e-08 0)
(0.714049 3.34564e-08 0)
(0.714049 9.33565e-08 0)
)
;

boundaryField
{
    inlet
    {
        type            zeroGradient;
    }
    outlet
    {
        type            zeroGradient;
    }
    walls
    {
        type            noSlip;
    }
    frontAndBack
    {
        type            empty;
    }
}


// ************************************************************************* //
