/*--------------------------------*- C++ -*----------------------------------*\
| =========                 |                                                 |
| \\      /  F ield         | OpenFOAM: The Open Source CFD Toolbox           |
|  \\    /   O peration     | Version:  2406                                  |
|   \\  /    A nd           | Website:  www.openfoam.com                      |
|    \\/     M anipulation  |                                                 |
\*---------------------------------------------------------------------------*/
FoamFile
{
    version     2.0;
    format      ascii;
    arch        "LSB;label=32;scalar=64";
    class       volScalarField;
    location    "0.4";
    object      p;
}
// * * * * * * * * * * * * * * * * * * * * * * * * * * * * * * * * * * * * * //

dimensions      [0 2 -2 0 0 0 0];

internalField   nonuniform List<scalar> 
2250
(
109.971
109.913
109.855
109.798
109.74
109.682
109.624
109.566
109.508
109.451
109.393
109.335
109.277
109.219
109.161
109.104
109.046
108.988
108.93
108.872
108.814
108.757
108.699
108.641
108.583
108.525
108.467
108.41
108.352
108.294
108.236
108.178
108.12
108.063
108.005
107.947
107.889
107.831
107.773
107.716
107.658
107.6
107.542
107.484
107.426
107.369
107.311
107.253
107.195
107.137
107.079
107.022
106.964
106.906
106.848
106.79
106.732
106.675
106.617
106.559
106.501
106.443
106.385
106.328
106.27
106.212
106.154
106.096
106.038
105.981
105.923
105.865
105.807
105.749
105.691
105.634
105.576
105.518
105.46
105.402
105.344
105.287
105.229
105.171
105.113
105.055
104.997
104.94
104.882
104.824
104.766
104.708
104.65
104.593
104.535
104.477
104.419
104.361
104.303
104.246
104.188
104.13
104.072
104.014
103.956
103.899
103.841
103.783
103.725
103.667
103.609
103.552
103.494
103.436
103.378
103.32
103.262
103.205
103.147
103.089
103.031
102.973
102.915
102.858
102.8
102.742
102.684
102.626
102.568
102.511
102.453
102.395
102.337
102.279
102.221
102.164
102.106
102.048
101.99
101.932
101.874
101.817
101.759
101.701
101.643
101.585
101.527
101.47
101.412
101.354
109.971
109.913
109.855
109.798
109.74
109.682
109.624
109.566
109.508
109.451
109.393
109.335
109.277
109.219
109.161
109.104
109.046
108.988
108.93
108.872
108.814
108.757
108.699
108.641
108.583
108.525
108.467
108.41
108.352
108.294
108.236
108.178
108.12
108.063
108.005
107.947
107.889
107.831
107.773
107.716
107.658
107.6
107.542
107.484
107.426
107.369
107.311
107.253
107.195
107.137
107.079
107.022
106.964
106.906
106.848
106.79
106.732
106.675
106.617
106.559
106.501
106.443
106.385
106.328
106.27
106.212
106.154
106.096
106.038
105.981
105.923
105.865
105.807
105.749
105.691
105.634
105.576
105.518
105.46
105.402
105.344
105.287
105.229
105.171
105.113
105.055
104.997
104.94
104.882
104.824
104.766
104.708
104.65
104.593
104.535
104.477
104.419
104.361
104.303
104.246
104.188
104.13
104.072
104.014
103.956
103.899
103.841
103.783
103.725
103.667
103.609
103.552
103.494
103.436
103.378
103.32
103.262
103.205
103.147
103.089
103.031
102.973
102.915
102.858
102.8
102.742
102.684
102.626
102.568
102.511
102.453
102.395
102.337
102.279
102.221
102.164
102.106
102.048
101.99
101.932
101.874
101.817
101.759
101.701
101.643
101.585
101.527
101.47
101.412
101.354
109.971
109.913
109.855
109.798
109.74
109.682
109.624
109.566
109.508
109.451
109.393
109.335
109.277
109.219
109.161
109.104
109.046
108.988
108.93
108.872
108.814
108.757
108.699
108.641
108.583
108.525
108.467
108.41
108.352
108.294
108.236
108.178
108.12
108.063
108.005
107.947
107.889
107.831
107.773
107.716
107.658
107.6
107.542
107.484
107.426
107.369
107.311
107.253
107.195
107.137
107.079
107.022
106.964
106.906
106.848
106.79
106.732
106.675
106.617
106.559
106.501
106.443
106.385
106.328
106.27
106.212
106.154
106.096
106.038
105.981
105.923
105.865
105.807
105.749
105.691
105.634
105.576
105.518
105.46
105.402
105.344
105.287
105.229
105.171
105.113
105.055
104.997
104.94
104.882
104.824
104.766
104.708
104.65
104.593
104.535
104.477
104.419
104.361
104.303
104.246
104.188
104.13
104.072
104.014
103.956
103.899
103.841
103.783
103.725
103.667
103.609
103.552
103.494
103.436
103.378
103.32
103.262
103.205
103.147
103.089
103.031
102.973
102.915
102.858
102.8
102.742
102.684
102.626
102.568
102.511
102.453
102.395
102.337
102.279
102.221
102.164
102.106
102.048
101.99
101.932
101.874
101.817
101.759
101.701
101.643
101.585
101.527
101.47
101.412
101.354
109.971
109.913
109.855
109.798
109.74
109.682
109.624
109.566
109.508
109.451
109.393
109.335
109.277
109.219
109.161
109.104
109.046
108.988
108.93
108.872
108.814
108.757
108.699
108.641
108.583
108.525
108.467
108.41
108.352
108.294
108.236
108.178
108.12
108.063
108.005
107.947
107.889
107.831
107.773
107.716
107.658
107.6
107.542
107.484
107.426
107.369
107.311
107.253
107.195
107.137
107.079
107.022
106.964
106.906
106.848
106.79
106.732
106.675
106.617
106.559
106.501
106.443
106.385
106.328
106.27
106.212
106.154
106.096
106.038
105.981
105.923
105.865
105.807
105.749
105.691
105.634
105.576
105.518
105.46
105.402
105.344
105.287
105.229
105.171
105.113
105.055
104.997
104.94
104.882
104.824
104.766
104.708
104.65
104.593
104.535
104.477
104.419
104.361
104.303
104.246
104.188
104.13
104.072
104.014
103.956
103.899
103.841
103.783
103.725
103.667
103.609
103.552
103.494
103.436
103.378
103.32
103.262
103.205
103.147
103.089
103.031
102.973
102.915
102.858
102.8
102.742
102.684
102.626
102.568
102.511
102.453
102.395
102.337
102.279
102.221
102.164
102.106
102.048
101.99
101.932
101.874
101.817
101.759
101.701
101.643
101.585
101.527
101.47
101.412
101.354
109.971
109.913
109.855
109.798
109.74
109.682
109.624
109.566
109.508
109.451
109.393
109.335
109.277
109.219
109.161
109.104
109.046
108.988
108.93
108.872
108.814
108.757
108.699
108.641
108.583
108.525
108.467
108.41
108.352
108.294
108.236
108.178
108.12
108.063
108.005
107.947
107.889
107.831
107.773
107.716
107.658
107.6
107.542
107.484
107.426
107.369
107.311
107.253
107.195
107.137
107.079
107.022
106.964
106.906
106.848
106.79
106.732
106.675
106.617
106.559
106.501
106.443
106.385
106.328
106.27
106.212
106.154
106.096
106.038
105.981
105.923
105.865
105.807
105.749
105.691
105.634
105.576
105.518
105.46
105.402
105.344
105.287
105.229
105.171
105.113
105.055
104.997
104.94
104.882
104.824
104.766
104.708
104.65
104.593
104.535
104.477
104.419
104.361
104.303
104.246
104.188
104.13
104.072
104.014
103.956
103.899
103.841
103.783
103.725
103.667
103.609
103.552
103.494
103.436
103.378
103.32
103.262
103.205
103.147
103.089
103.031
102.973
102.915
102.858
102.8
102.742
102.684
102.626
102.568
102.511
102.453
102.395
102.337
102.279
102.221
102.164
102.106
102.048
101.99
101.932
101.874
101.817
101.759
101.701
101.643
101.585
101.527
101.47
101.412
101.354
109.971
109.913
109.855
109.798
109.74
109.682
109.624
109.566
109.508
109.451
109.393
109.335
109.277
109.219
109.161
109.104
109.046
108.988
108.93
108.872
108.814
108.757
108.699
108.641
108.583
108.525
108.467
108.41
108.352
108.294
108.236
108.178
108.12
108.063
108.005
107.947
107.889
107.831
107.773
107.716
107.658
107.6
107.542
107.484
107.426
107.369
107.311
107.253
107.195
107.137
107.079
107.022
106.964
106.906
106.848
106.79
106.732
106.675
106.617
106.559
106.501
106.443
106.385
106.328
106.27
106.212
106.154
106.096
106.038
105.981
105.923
105.865
105.807
105.749
105.691
105.634
105.576
105.518
105.46
105.402
105.344
105.287
105.229
105.171
105.113
105.055
104.997
104.94
104.882
104.824
104.766
104.708
104.65
104.593
104.535
104.477
104.419
104.361
104.303
104.246
104.188
104.13
104.072
104.014
103.956
103.899
103.841
103.783
103.725
103.667
103.609
103.552
103.494
103.436
103.378
103.32
103.262
103.205
103.147
103.089
103.031
102.973
102.915
102.858
102.8
102.742
102.684
102.626
102.568
102.511
102.453
102.395
102.337
102.279
102.221
102.164
102.106
102.048
101.99
101.932
101.874
101.817
101.759
101.701
101.643
101.585
101.527
101.47
101.412
101.354
109.971
109.913
109.855
109.798
109.74
109.682
109.624
109.566
109.508
109.451
109.393
109.335
109.277
109.219
109.161
109.104
109.046
108.988
108.93
108.872
108.814
108.757
108.699
108.641
108.583
108.525
108.467
108.41
108.352
108.294
108.236
108.178
108.12
108.063
108.005
107.947
107.889
107.831
107.773
107.716
107.658
107.6
107.542
107.484
107.426
107.369
107.311
107.253
107.195
107.137
107.079
107.022
106.964
106.906
106.848
106.79
106.732
106.675
106.617
106.559
106.501
106.443
106.385
106.328
106.27
106.212
106.154
106.096
106.038
105.981
105.923
105.865
105.807
105.749
105.691
105.634
105.576
105.518
105.46
105.402
105.344
105.287
105.229
105.171
105.113
105.055
104.997
104.94
104.882
104.824
104.766
104.708
104.65
104.593
104.535
104.477
104.419
104.361
104.303
104.246
104.188
104.13
104.072
104.014
103.956
103.899
103.841
103.783
103.725
103.667
103.609
103.552
103.494
103.436
103.378
103.32
103.262
103.205
103.147
103.089
103.031
102.973
102.915
102.858
102.8
102.742
102.684
102.626
102.568
102.511
102.453
102.395
102.337
102.279
102.221
102.164
102.106
102.048
101.99
101.932
101.874
101.817
101.759
101.701
101.643
101.585
101.527
101.47
101.412
101.354
109.971
109.913
109.855
109.798
109.74
109.682
109.624
109.566
109.508
109.451
109.393
109.335
109.277
109.219
109.161
109.104
109.046
108.988
108.93
108.872
108.814
108.757
108.699
108.641
108.583
108.525
108.467
108.41
108.352
108.294
108.236
108.178
108.12
108.063
108.005
107.947
107.889
107.831
107.773
107.716
107.658
107.6
107.542
107.484
107.426
107.369
107.311
107.253
107.195
107.137
107.079
107.022
106.964
106.906
106.848
106.79
106.732
106.675
106.617
106.559
106.501
106.443
106.385
106.328
106.27
106.212
106.154
106.096
106.038
105.981
105.923
105.865
105.807
105.749
105.691
105.634
105.576
105.518
105.46
105.402
105.344
105.287
105.229
105.171
105.113
105.055
104.997
104.94
104.882
104.824
104.766
104.708
104.65
104.593
104.535
104.477
104.419
104.361
104.303
104.246
104.188
104.13
104.072
104.014
103.956
103.899
103.841
103.783
103.725
103.667
103.609
103.552
103.494
103.436
103.378
103.32
103.262
103.205
103.147
103.089
103.031
102.973
102.915
102.858
102.8
102.742
102.684
102.626
102.568
102.511
102.453
102.395
102.337
102.279
102.221
102.164
102.106
102.048
101.99
101.932
101.874
101.817
101.759
101.701
101.643
101.585
101.527
101.47
101.412
101.354
109.971
109.913
109.855
109.798
109.74
109.682
109.624
109.566
109.508
109.451
109.393
109.335
109.277
109.219
109.161
109.104
109.046
108.988
108.93
108.872
108.814
108.757
108.699
108.641
108.583
108.525
108.467
108.41
108.352
108.294
108.236
108.178
108.12
108.063
108.005
107.947
107.889
107.831
107.773
107.716
107.658
107.6
107.542
107.484
107.426
107.369
107.311
107.253
107.195
107.137
107.079
107.022
106.964
106.906
106.848
106.79
106.732
106.675
106.617
106.559
106.501
106.443
106.385
106.328
106.27
106.212
106.154
106.096
106.038
105.981
105.923
105.865
105.807
105.749
105.691
105.634
105.576
105.518
105.46
105.402
105.344
105.287
105.229
105.171
105.113
105.055
104.997
104.94
104.882
104.824
104.766
104.708
104.65
104.593
104.535
104.477
104.419
104.361
104.303
104.246
104.188
104.13
104.072
104.014
103.956
103.899
103.841
103.783
103.725
103.667
103.609
103.552
103.494
103.436
103.378
103.32
103.262
103.205
103.147
103.089
103.031
102.973
102.915
102.858
102.8
102.742
102.684
102.626
102.568
102.511
102.453
102.395
102.337
102.279
102.221
102.164
102.106
102.048
101.99
101.932
101.874
101.817
101.759
101.701
101.643
101.585
101.527
101.47
101.412
101.354
109.971
109.913
109.855
109.798
109.74
109.682
109.624
109.566
109.508
109.451
109.393
109.335
109.277
109.219
109.161
109.104
109.046
108.988
108.93
108.872
108.814
108.757
108.699
108.641
108.583
108.525
108.467
108.41
108.352
108.294
108.236
108.178
108.12
108.063
108.005
107.947
107.889
107.831
107.773
107.716
107.658
107.6
107.542
107.484
107.426
107.369
107.311
107.253
107.195
107.137
107.079
107.022
106.964
106.906
106.848
106.79
106.732
106.675
106.617
106.559
106.501
106.443
106.385
106.328
106.27
106.212
106.154
106.096
106.038
105.981
105.923
105.865
105.807
105.749
105.691
105.634
105.576
105.518
105.46
105.402
105.344
105.287
105.229
105.171
105.113
105.055
104.997
104.94
104.882
104.824
104.766
104.708
104.65
104.593
104.535
104.477
104.419
104.361
104.303
104.246
104.188
104.13
104.072
104.014
103.956
103.899
103.841
103.783
103.725
103.667
103.609
103.552
103.494
103.436
103.378
103.32
103.262
103.205
103.147
103.089
103.031
102.973
102.915
102.858
102.8
102.742
102.684
102.626
102.568
102.511
102.453
102.395
102.337
102.279
102.221
102.164
102.106
102.048
101.99
101.932
101.874
101.817
101.759
101.701
101.643
101.585
101.527
101.47
101.412
101.354
109.971
109.913
109.855
109.798
109.74
109.682
109.624
109.566
109.508
109.451
109.393
109.335
109.277
109.219
109.161
109.104
109.046
108.988
108.93
108.872
108.814
108.757
108.699
108.641
108.583
108.525
108.467
108.41
108.352
108.294
108.236
108.178
108.12
108.063
108.005
107.947
107.889
107.831
107.773
107.716
107.658
107.6
107.542
107.484
107.426
107.369
107.311
107.253
107.195
107.137
107.079
107.022
106.964
106.906
106.848
106.79
106.732
106.675
106.617
106.559
106.501
106.443
106.385
106.328
106.27
106.212
106.154
106.096
106.038
105.981
105.923
105.865
105.807
105.749
105.691
105.634
105.576
105.518
105.46
105.402
105.344
105.287
105.229
105.171
105.113
105.055
104.997
104.94
104.882
104.824
104.766
104.708
104.65
104.593
104.535
104.477
104.419
104.361
104.303
104.246
104.188
104.13
104.072
104.014
103.956
103.899
103.841
103.783
103.725
103.667
103.609
103.552
103.494
103.436
103.378
103.32
103.262
103.205
103.147
103.089
103.031
102.973
102.915
102.858
102.8
102.742
102.684
102.626
102.568
102.511
102.453
102.395
102.337
102.279
102.221
102.164
102.106
102.048
101.99
101.932
101.874
101.817
101.759
101.701
101.643
101.585
101.527
101.47
101.412
101.354
109.971
109.913
109.855
109.798
109.74
109.682
109.624
109.566
109.508
109.451
109.393
109.335
109.277
109.219
109.161
109.104
109.046
108.988
108.93
108.872
108.814
108.757
108.699
108.641
108.583
108.525
108.467
108.41
108.352
108.294
108.236
108.178
108.12
108.063
108.005
107.947
107.889
107.831
107.773
107.716
107.658
107.6
107.542
107.484
107.426
107.369
107.311
107.253
107.195
107.137
107.079
107.022
106.964
106.906
106.848
106.79
106.732
106.675
106.617
106.559
106.501
106.443
106.385
106.328
106.27
106.212
106.154
106.096
106.038
105.981
105.923
105.865
105.807
105.749
105.691
105.634
105.576
105.518
105.46
105.402
105.344
105.287
105.229
105.171
105.113
105.055
104.997
104.94
104.882
104.824
104.766
104.708
104.65
104.593
104.535
104.477
104.419
104.361
104.303
104.246
104.188
104.13
104.072
104.014
103.956
103.899
103.841
103.783
103.725
103.667
103.609
103.552
103.494
103.436
103.378
103.32
103.262
103.205
103.147
103.089
103.031
102.973
102.915
102.858
102.8
102.742
102.684
102.626
102.568
102.511
102.453
102.395
102.337
102.279
102.221
102.164
102.106
102.048
101.99
101.932
101.874
101.817
101.759
101.701
101.643
101.585
101.527
101.47
101.412
101.354
109.971
109.913
109.855
109.798
109.74
109.682
109.624
109.566
109.508
109.451
109.393
109.335
109.277
109.219
109.161
109.104
109.046
108.988
108.93
108.872
108.814
108.757
108.699
108.641
108.583
108.525
108.467
108.41
108.352
108.294
108.236
108.178
108.12
108.063
108.005
107.947
107.889
107.831
107.773
107.716
107.658
107.6
107.542
107.484
107.426
107.369
107.311
107.253
107.195
107.137
107.079
107.022
106.964
106.906
106.848
106.79
106.732
106.675
106.617
106.559
106.501
106.443
106.385
106.328
106.27
106.212
106.154
106.096
106.038
105.981
105.923
105.865
105.807
105.749
105.691
105.634
105.576
105.518
105.46
105.402
105.344
105.287
105.229
105.171
105.113
105.055
104.997
104.94
104.882
104.824
104.766
104.708
104.65
104.593
104.535
104.477
104.419
104.361
104.303
104.246
104.188
104.13
104.072
104.014
103.956
103.899
103.841
103.783
103.725
103.667
103.609
103.552
103.494
103.436
103.378
103.32
103.262
103.205
103.147
103.089
103.031
102.973
102.915
102.858
102.8
102.742
102.684
102.626
102.568
102.511
102.453
102.395
102.337
102.279
102.221
102.164
102.106
102.048
101.99
101.932
101.874
101.817
101.759
101.701
101.643
101.585
101.527
101.47
101.412
101.354
109.971
109.913
109.855
109.798
109.74
109.682
109.624
109.566
109.508
109.451
109.393
109.335
109.277
109.219
109.161
109.104
109.046
108.988
108.93
108.872
108.814
108.757
108.699
108.641
108.583
108.525
108.467
108.41
108.352
108.294
108.236
108.178
108.12
108.063
108.005
107.947
107.889
107.831
107.773
107.716
107.658
107.6
107.542
107.484
107.426
107.369
107.311
107.253
107.195
107.137
107.079
107.022
106.964
106.906
106.848
106.79
106.732
106.675
106.617
106.559
106.501
106.443
106.385
106.328
106.27
106.212
106.154
106.096
106.038
105.981
105.923
105.865
105.807
105.749
105.691
105.634
105.576
105.518
105.46
105.402
105.344
105.287
105.229
105.171
105.113
105.055
104.997
104.94
104.882
104.824
104.766
104.708
104.65
104.593
104.535
104.477
104.419
104.361
104.303
104.246
104.188
104.13
104.072
104.014
103.956
103.899
103.841
103.783
103.725
103.667
103.609
103.552
103.494
103.436
103.378
103.32
103.262
103.205
103.147
103.089
103.031
102.973
102.915
102.858
102.8
102.742
102.684
102.626
102.568
102.511
102.453
102.395
102.337
102.279
102.221
102.164
102.106
102.048
101.99
101.932
101.874
101.817
101.759
101.701
101.643
101.585
101.527
101.47
101.412
101.354
109.971
109.913
109.855
109.798
109.74
109.682
109.624
109.566
109.508
109.451
109.393
109.335
109.277
109.219
109.161
109.104
109.046
108.988
108.93
108.872
108.814
108.757
108.699
108.641
108.583
108.525
108.467
108.41
108.352
108.294
108.236
108.178
108.12
108.063
108.005
107.947
107.889
107.831
107.773
107.716
107.658
107.6
107.542
107.484
107.426
107.369
107.311
107.253
107.195
107.137
107.079
107.022
106.964
106.906
106.848
106.79
106.732
106.675
106.617
106.559
106.501
106.443
106.385
106.328
106.27
106.212
106.154
106.096
106.038
105.981
105.923
105.865
105.807
105.749
105.691
105.634
105.576
105.518
105.46
105.402
105.344
105.287
105.229
105.171
105.113
105.055
104.997
104.94
104.882
104.824
104.766
104.708
104.65
104.593
104.535
104.477
104.419
104.361
104.303
104.246
104.188
104.13
104.072
104.014
103.956
103.899
103.841
103.783
103.725
103.667
103.609
103.552
103.494
103.436
103.378
103.32
103.262
103.205
103.147
103.089
103.031
102.973
102.915
102.858
102.8
102.742
102.684
102.626
102.568
102.511
102.453
102.395
102.337
102.279
102.221
102.164
102.106
102.048
101.99
101.932
101.874
101.817
101.759
101.701
101.643
101.585
101.527
101.47
101.412
101.354
)
;

boundaryField
{
    inlet
    {
        type            fixedValue;
        value           uniform 110;
    }
    outlet
    {
        type            fixedValue;
        value           uniform 101.325;
    }
    walls
    {
        type            zeroGradient;
    }
    frontAndBack
    {
        type            empty;
    }
}


// ************************************************************************* //
