/*--------------------------------*- C++ -*----------------------------------*\
| =========                 |                                                 |
| \\      /  F ield         | OpenFOAM: The Open Source CFD Toolbox           |
|  \\    /   O peration     | Version:  2406                                  |
|   \\  /    A nd           | Website:  www.openfoam.com                      |
|    \\/     M anipulation  |                                                 |
\*---------------------------------------------------------------------------*/
FoamFile
{
    version     2.0;
    format      ascii;
    arch        "LSB;label=32;scalar=64";
    class       volScalarField;
    location    "0.5";
    object      p;
}
// * * * * * * * * * * * * * * * * * * * * * * * * * * * * * * * * * * * * * //

dimensions      [0 2 -2 0 0 0 0];

internalField   nonuniform List<scalar> 
2250
(
129.904
129.713
129.522
129.331
129.14
128.949
128.757
128.566
128.375
128.184
127.993
127.802
127.611
127.419
127.228
127.037
126.846
126.655
126.464
126.272
126.081
125.89
125.699
125.508
125.317
125.125
124.934
124.743
124.552
124.361
124.17
123.979
123.787
123.596
123.405
123.214
123.023
122.832
122.64
122.449
122.258
122.067
121.876
121.685
121.493
121.302
121.111
120.92
120.729
120.537
120.346
120.155
119.964
119.773
119.582
119.39
119.199
119.008
118.817
118.626
118.434
118.243
118.052
117.861
117.67
117.479
117.287
117.096
116.905
116.714
116.523
116.331
116.14
115.949
115.758
115.567
115.376
115.184
114.993
114.802
114.611
114.42
114.229
114.037
113.846
113.655
113.464
113.273
113.082
112.89
112.699
112.508
112.317
112.126
111.935
111.744
111.552
111.361
111.17
110.979
110.788
110.597
110.405
110.214
110.023
109.832
109.641
109.45
109.258
109.067
108.876
108.685
108.494
108.303
108.112
107.92
107.729
107.538
107.347
107.156
106.965
106.773
106.582
106.391
106.2
106.009
105.818
105.626
105.435
105.244
105.053
104.862
104.671
104.479
104.288
104.097
103.906
103.715
103.524
103.332
103.141
102.95
102.759
102.568
102.376
102.185
101.994
101.803
101.612
101.421
129.904
129.713
129.522
129.331
129.14
128.949
128.757
128.566
128.375
128.184
127.993
127.802
127.611
127.419
127.228
127.037
126.846
126.655
126.464
126.272
126.081
125.89
125.699
125.508
125.317
125.125
124.934
124.743
124.552
124.361
124.17
123.979
123.787
123.596
123.405
123.214
123.023
122.832
122.64
122.449
122.258
122.067
121.876
121.685
121.493
121.302
121.111
120.92
120.729
120.537
120.346
120.155
119.964
119.773
119.582
119.39
119.199
119.008
118.817
118.626
118.434
118.243
118.052
117.861
117.67
117.479
117.287
117.096
116.905
116.714
116.523
116.331
116.14
115.949
115.758
115.567
115.376
115.184
114.993
114.802
114.611
114.42
114.229
114.037
113.846
113.655
113.464
113.273
113.082
112.89
112.699
112.508
112.317
112.126
111.935
111.744
111.552
111.361
111.17
110.979
110.788
110.597
110.405
110.214
110.023
109.832
109.641
109.45
109.258
109.067
108.876
108.685
108.494
108.303
108.112
107.92
107.729
107.538
107.347
107.156
106.965
106.773
106.582
106.391
106.2
106.009
105.818
105.626
105.435
105.244
105.053
104.862
104.671
104.479
104.288
104.097
103.906
103.715
103.524
103.332
103.141
102.95
102.759
102.568
102.376
102.185
101.994
101.803
101.612
101.421
129.904
129.713
129.522
129.331
129.14
128.949
128.757
128.566
128.375
128.184
127.993
127.802
127.611
127.419
127.228
127.037
126.846
126.655
126.464
126.272
126.081
125.89
125.699
125.508
125.317
125.125
124.934
124.743
124.552
124.361
124.17
123.979
123.787
123.596
123.405
123.214
123.023
122.832
122.64
122.449
122.258
122.067
121.876
121.685
121.493
121.302
121.111
120.92
120.729
120.537
120.346
120.155
119.964
119.773
119.582
119.39
119.199
119.008
118.817
118.626
118.434
118.243
118.052
117.861
117.67
117.479
117.287
117.096
116.905
116.714
116.523
116.331
116.14
115.949
115.758
115.567
115.376
115.184
114.993
114.802
114.611
114.42
114.229
114.037
113.846
113.655
113.464
113.273
113.082
112.89
112.699
112.508
112.317
112.126
111.935
111.744
111.552
111.361
111.17
110.979
110.788
110.597
110.405
110.214
110.023
109.832
109.641
109.45
109.258
109.067
108.876
108.685
108.494
108.303
108.112
107.92
107.729
107.538
107.347
107.156
106.965
106.773
106.582
106.391
106.2
106.009
105.818
105.626
105.435
105.244
105.053
104.862
104.671
104.479
104.288
104.097
103.906
103.715
103.524
103.332
103.141
102.95
102.759
102.568
102.376
102.185
101.994
101.803
101.612
101.421
129.904
129.713
129.522
129.331
129.14
128.949
128.757
128.566
128.375
128.184
127.993
127.802
127.611
127.419
127.228
127.037
126.846
126.655
126.464
126.272
126.081
125.89
125.699
125.508
125.317
125.125
124.934
124.743
124.552
124.361
124.17
123.979
123.787
123.596
123.405
123.214
123.023
122.832
122.64
122.449
122.258
122.067
121.876
121.685
121.493
121.302
121.111
120.92
120.729
120.537
120.346
120.155
119.964
119.773
119.582
119.39
119.199
119.008
118.817
118.626
118.434
118.243
118.052
117.861
117.67
117.479
117.287
117.096
116.905
116.714
116.523
116.331
116.14
115.949
115.758
115.567
115.376
115.184
114.993
114.802
114.611
114.42
114.229
114.037
113.846
113.655
113.464
113.273
113.082
112.89
112.699
112.508
112.317
112.126
111.935
111.744
111.552
111.361
111.17
110.979
110.788
110.597
110.405
110.214
110.023
109.832
109.641
109.45
109.258
109.067
108.876
108.685
108.494
108.303
108.112
107.92
107.729
107.538
107.347
107.156
106.965
106.773
106.582
106.391
106.2
106.009
105.818
105.626
105.435
105.244
105.053
104.862
104.671
104.479
104.288
104.097
103.906
103.715
103.524
103.332
103.141
102.95
102.759
102.568
102.376
102.185
101.994
101.803
101.612
101.421
129.904
129.713
129.522
129.331
129.14
128.949
128.757
128.566
128.375
128.184
127.993
127.802
127.611
127.419
127.228
127.037
126.846
126.655
126.464
126.272
126.081
125.89
125.699
125.508
125.317
125.125
124.934
124.743
124.552
124.361
124.17
123.979
123.787
123.596
123.405
123.214
123.023
122.832
122.64
122.449
122.258
122.067
121.876
121.685
121.493
121.302
121.111
120.92
120.729
120.537
120.346
120.155
119.964
119.773
119.582
119.39
119.199
119.008
118.817
118.626
118.434
118.243
118.052
117.861
117.67
117.479
117.287
117.096
116.905
116.714
116.523
116.331
116.14
115.949
115.758
115.567
115.376
115.184
114.993
114.802
114.611
114.42
114.229
114.037
113.846
113.655
113.464
113.273
113.082
112.89
112.699
112.508
112.317
112.126
111.935
111.744
111.552
111.361
111.17
110.979
110.788
110.597
110.405
110.214
110.023
109.832
109.641
109.45
109.258
109.067
108.876
108.685
108.494
108.303
108.112
107.92
107.729
107.538
107.347
107.156
106.965
106.773
106.582
106.391
106.2
106.009
105.818
105.626
105.435
105.244
105.053
104.862
104.671
104.479
104.288
104.097
103.906
103.715
103.524
103.332
103.141
102.95
102.759
102.568
102.376
102.185
101.994
101.803
101.612
101.421
129.904
129.713
129.522
129.331
129.14
128.949
128.757
128.566
128.375
128.184
127.993
127.802
127.61
127.419
127.228
127.037
126.846
126.655
126.464
126.272
126.081
125.89
125.699
125.508
125.317
125.125
124.934
124.743
124.552
124.361
124.17
123.979
123.787
123.596
123.405
123.214
123.023
122.832
122.64
122.449
122.258
122.067
121.876
121.685
121.493
121.302
121.111
120.92
120.729
120.537
120.346
120.155
119.964
119.773
119.582
119.39
119.199
119.008
118.817
118.626
118.434
118.243
118.052
117.861
117.67
117.479
117.287
117.096
116.905
116.714
116.523
116.331
116.14
115.949
115.758
115.567
115.376
115.184
114.993
114.802
114.611
114.42
114.229
114.037
113.846
113.655
113.464
113.273
113.082
112.89
112.699
112.508
112.317
112.126
111.935
111.744
111.552
111.361
111.17
110.979
110.788
110.597
110.405
110.214
110.023
109.832
109.641
109.45
109.258
109.067
108.876
108.685
108.494
108.303
108.112
107.92
107.729
107.538
107.347
107.156
106.965
106.773
106.582
106.391
106.2
106.009
105.818
105.626
105.435
105.244
105.053
104.862
104.671
104.479
104.288
104.097
103.906
103.715
103.524
103.332
103.141
102.95
102.759
102.568
102.376
102.185
101.994
101.803
101.612
101.421
129.904
129.713
129.522
129.331
129.14
128.949
128.757
128.566
128.375
128.184
127.993
127.802
127.61
127.419
127.228
127.037
126.846
126.655
126.464
126.272
126.081
125.89
125.699
125.508
125.317
125.125
124.934
124.743
124.552
124.361
124.17
123.979
123.787
123.596
123.405
123.214
123.023
122.832
122.64
122.449
122.258
122.067
121.876
121.685
121.493
121.302
121.111
120.92
120.729
120.537
120.346
120.155
119.964
119.773
119.582
119.39
119.199
119.008
118.817
118.626
118.434
118.243
118.052
117.861
117.67
117.479
117.287
117.096
116.905
116.714
116.523
116.331
116.14
115.949
115.758
115.567
115.376
115.184
114.993
114.802
114.611
114.42
114.229
114.037
113.846
113.655
113.464
113.273
113.082
112.89
112.699
112.508
112.317
112.126
111.935
111.744
111.552
111.361
111.17
110.979
110.788
110.597
110.405
110.214
110.023
109.832
109.641
109.45
109.258
109.067
108.876
108.685
108.494
108.303
108.112
107.92
107.729
107.538
107.347
107.156
106.965
106.773
106.582
106.391
106.2
106.009
105.818
105.626
105.435
105.244
105.053
104.862
104.671
104.479
104.288
104.097
103.906
103.715
103.524
103.332
103.141
102.95
102.759
102.568
102.376
102.185
101.994
101.803
101.612
101.421
129.904
129.713
129.522
129.331
129.14
128.949
128.757
128.566
128.375
128.184
127.993
127.802
127.61
127.419
127.228
127.037
126.846
126.655
126.464
126.272
126.081
125.89
125.699
125.508
125.317
125.125
124.934
124.743
124.552
124.361
124.17
123.979
123.787
123.596
123.405
123.214
123.023
122.832
122.64
122.449
122.258
122.067
121.876
121.685
121.493
121.302
121.111
120.92
120.729
120.537
120.346
120.155
119.964
119.773
119.582
119.39
119.199
119.008
118.817
118.626
118.434
118.243
118.052
117.861
117.67
117.479
117.287
117.096
116.905
116.714
116.523
116.331
116.14
115.949
115.758
115.567
115.376
115.184
114.993
114.802
114.611
114.42
114.229
114.037
113.846
113.655
113.464
113.273
113.082
112.89
112.699
112.508
112.317
112.126
111.935
111.744
111.552
111.361
111.17
110.979
110.788
110.597
110.405
110.214
110.023
109.832
109.641
109.45
109.258
109.067
108.876
108.685
108.494
108.303
108.112
107.92
107.729
107.538
107.347
107.156
106.965
106.773
106.582
106.391
106.2
106.009
105.818
105.626
105.435
105.244
105.053
104.862
104.671
104.479
104.288
104.097
103.906
103.715
103.524
103.332
103.141
102.95
102.759
102.568
102.376
102.185
101.994
101.803
101.612
101.421
129.904
129.713
129.522
129.331
129.14
128.949
128.757
128.566
128.375
128.184
127.993
127.802
127.611
127.419
127.228
127.037
126.846
126.655
126.464
126.272
126.081
125.89
125.699
125.508
125.317
125.125
124.934
124.743
124.552
124.361
124.17
123.979
123.787
123.596
123.405
123.214
123.023
122.832
122.64
122.449
122.258
122.067
121.876
121.685
121.493
121.302
121.111
120.92
120.729
120.537
120.346
120.155
119.964
119.773
119.582
119.39
119.199
119.008
118.817
118.626
118.434
118.243
118.052
117.861
117.67
117.479
117.287
117.096
116.905
116.714
116.523
116.331
116.14
115.949
115.758
115.567
115.376
115.184
114.993
114.802
114.611
114.42
114.229
114.037
113.846
113.655
113.464
113.273
113.082
112.89
112.699
112.508
112.317
112.126
111.935
111.744
111.552
111.361
111.17
110.979
110.788
110.597
110.405
110.214
110.023
109.832
109.641
109.45
109.258
109.067
108.876
108.685
108.494
108.303
108.112
107.92
107.729
107.538
107.347
107.156
106.965
106.773
106.582
106.391
106.2
106.009
105.818
105.626
105.435
105.244
105.053
104.862
104.671
104.479
104.288
104.097
103.906
103.715
103.524
103.332
103.141
102.95
102.759
102.568
102.376
102.185
101.994
101.803
101.612
101.421
129.904
129.713
129.522
129.331
129.14
128.949
128.757
128.566
128.375
128.184
127.993
127.802
127.611
127.419
127.228
127.037
126.846
126.655
126.464
126.272
126.081
125.89
125.699
125.508
125.317
125.125
124.934
124.743
124.552
124.361
124.17
123.979
123.787
123.596
123.405
123.214
123.023
122.832
122.64
122.449
122.258
122.067
121.876
121.685
121.493
121.302
121.111
120.92
120.729
120.537
120.346
120.155
119.964
119.773
119.582
119.39
119.199
119.008
118.817
118.626
118.434
118.243
118.052
117.861
117.67
117.479
117.287
117.096
116.905
116.714
116.523
116.331
116.14
115.949
115.758
115.567
115.376
115.184
114.993
114.802
114.611
114.42
114.229
114.037
113.846
113.655
113.464
113.273
113.082
112.89
112.699
112.508
112.317
112.126
111.935
111.744
111.552
111.361
111.17
110.979
110.788
110.597
110.405
110.214
110.023
109.832
109.641
109.45
109.258
109.067
108.876
108.685
108.494
108.303
108.112
107.92
107.729
107.538
107.347
107.156
106.965
106.773
106.582
106.391
106.2
106.009
105.818
105.626
105.435
105.244
105.053
104.862
104.671
104.479
104.288
104.097
103.906
103.715
103.524
103.332
103.141
102.95
102.759
102.568
102.376
102.185
101.994
101.803
101.612
101.421
129.904
129.713
129.522
129.331
129.14
128.949
128.757
128.566
128.375
128.184
127.993
127.802
127.611
127.419
127.228
127.037
126.846
126.655
126.464
126.272
126.081
125.89
125.699
125.508
125.317
125.125
124.934
124.743
124.552
124.361
124.17
123.979
123.787
123.596
123.405
123.214
123.023
122.832
122.64
122.449
122.258
122.067
121.876
121.685
121.493
121.302
121.111
120.92
120.729
120.537
120.346
120.155
119.964
119.773
119.582
119.39
119.199
119.008
118.817
118.626
118.434
118.243
118.052
117.861
117.67
117.479
117.287
117.096
116.905
116.714
116.523
116.331
116.14
115.949
115.758
115.567
115.376
115.184
114.993
114.802
114.611
114.42
114.229
114.037
113.846
113.655
113.464
113.273
113.082
112.89
112.699
112.508
112.317
112.126
111.935
111.744
111.552
111.361
111.17
110.979
110.788
110.597
110.405
110.214
110.023
109.832
109.641
109.45
109.258
109.067
108.876
108.685
108.494
108.303
108.112
107.92
107.729
107.538
107.347
107.156
106.965
106.773
106.582
106.391
106.2
106.009
105.818
105.626
105.435
105.244
105.053
104.862
104.671
104.479
104.288
104.097
103.906
103.715
103.524
103.332
103.141
102.95
102.759
102.568
102.376
102.185
101.994
101.803
101.612
101.421
129.904
129.713
129.522
129.331
129.14
128.949
128.757
128.566
128.375
128.184
127.993
127.802
127.611
127.419
127.228
127.037
126.846
126.655
126.464
126.272
126.081
125.89
125.699
125.508
125.317
125.125
124.934
124.743
124.552
124.361
124.17
123.978
123.787
123.596
123.405
123.214
123.023
122.832
122.64
122.449
122.258
122.067
121.876
121.684
121.493
121.302
121.111
120.92
120.729
120.537
120.346
120.155
119.964
119.773
119.582
119.39
119.199
119.008
118.817
118.626
118.434
118.243
118.052
117.861
117.67
117.479
117.287
117.096
116.905
116.714
116.523
116.331
116.14
115.949
115.758
115.567
115.376
115.184
114.993
114.802
114.611
114.42
114.229
114.037
113.846
113.655
113.464
113.273
113.082
112.89
112.699
112.508
112.317
112.126
111.935
111.744
111.552
111.361
111.17
110.979
110.788
110.597
110.405
110.214
110.023
109.832
109.641
109.45
109.258
109.067
108.876
108.685
108.494
108.303
108.112
107.92
107.729
107.538
107.347
107.156
106.965
106.773
106.582
106.391
106.2
106.009
105.818
105.626
105.435
105.244
105.053
104.862
104.671
104.479
104.288
104.097
103.906
103.715
103.524
103.332
103.141
102.95
102.759
102.568
102.376
102.185
101.994
101.803
101.612
101.421
129.904
129.713
129.522
129.331
129.14
128.949
128.757
128.566
128.375
128.184
127.993
127.802
127.611
127.419
127.228
127.037
126.846
126.655
126.464
126.272
126.081
125.89
125.699
125.508
125.317
125.125
124.934
124.743
124.552
124.361
124.17
123.978
123.787
123.596
123.405
123.214
123.023
122.832
122.64
122.449
122.258
122.067
121.876
121.684
121.493
121.302
121.111
120.92
120.729
120.537
120.346
120.155
119.964
119.773
119.582
119.39
119.199
119.008
118.817
118.626
118.434
118.243
118.052
117.861
117.67
117.479
117.287
117.096
116.905
116.714
116.523
116.331
116.14
115.949
115.758
115.567
115.376
115.184
114.993
114.802
114.611
114.42
114.229
114.037
113.846
113.655
113.464
113.273
113.082
112.89
112.699
112.508
112.317
112.126
111.935
111.744
111.552
111.361
111.17
110.979
110.788
110.597
110.405
110.214
110.023
109.832
109.641
109.45
109.258
109.067
108.876
108.685
108.494
108.303
108.112
107.92
107.729
107.538
107.347
107.156
106.965
106.773
106.582
106.391
106.2
106.009
105.818
105.626
105.435
105.244
105.053
104.862
104.671
104.479
104.288
104.097
103.906
103.715
103.524
103.332
103.141
102.95
102.759
102.568
102.376
102.185
101.994
101.803
101.612
101.421
129.904
129.713
129.522
129.331
129.14
128.949
128.757
128.566
128.375
128.184
127.993
127.802
127.611
127.419
127.228
127.037
126.846
126.655
126.464
126.272
126.081
125.89
125.699
125.508
125.317
125.125
124.934
124.743
124.552
124.361
124.17
123.978
123.787
123.596
123.405
123.214
123.023
122.832
122.64
122.449
122.258
122.067
121.876
121.684
121.493
121.302
121.111
120.92
120.729
120.537
120.346
120.155
119.964
119.773
119.582
119.39
119.199
119.008
118.817
118.626
118.434
118.243
118.052
117.861
117.67
117.479
117.287
117.096
116.905
116.714
116.523
116.331
116.14
115.949
115.758
115.567
115.376
115.184
114.993
114.802
114.611
114.42
114.229
114.037
113.846
113.655
113.464
113.273
113.082
112.89
112.699
112.508
112.317
112.126
111.935
111.744
111.552
111.361
111.17
110.979
110.788
110.597
110.405
110.214
110.023
109.832
109.641
109.45
109.258
109.067
108.876
108.685
108.494
108.303
108.112
107.92
107.729
107.538
107.347
107.156
106.965
106.773
106.582
106.391
106.2
106.009
105.818
105.626
105.435
105.244
105.053
104.862
104.671
104.479
104.288
104.097
103.906
103.715
103.524
103.332
103.141
102.95
102.759
102.568
102.376
102.185
101.994
101.803
101.612
101.421
129.904
129.713
129.522
129.331
129.14
128.949
128.757
128.566
128.375
128.184
127.993
127.802
127.611
127.419
127.228
127.037
126.846
126.655
126.464
126.272
126.081
125.89
125.699
125.508
125.317
125.125
124.934
124.743
124.552
124.361
124.17
123.978
123.787
123.596
123.405
123.214
123.023
122.832
122.64
122.449
122.258
122.067
121.876
121.684
121.493
121.302
121.111
120.92
120.729
120.537
120.346
120.155
119.964
119.773
119.582
119.39
119.199
119.008
118.817
118.626
118.434
118.243
118.052
117.861
117.67
117.479
117.287
117.096
116.905
116.714
116.523
116.331
116.14
115.949
115.758
115.567
115.376
115.184
114.993
114.802
114.611
114.42
114.229
114.037
113.846
113.655
113.464
113.273
113.082
112.89
112.699
112.508
112.317
112.126
111.935
111.744
111.552
111.361
111.17
110.979
110.788
110.597
110.405
110.214
110.023
109.832
109.641
109.45
109.258
109.067
108.876
108.685
108.494
108.303
108.112
107.92
107.729
107.538
107.347
107.156
106.965
106.773
106.582
106.391
106.2
106.009
105.818
105.626
105.435
105.244
105.053
104.862
104.671
104.479
104.288
104.097
103.906
103.715
103.524
103.332
103.141
102.95
102.759
102.568
102.376
102.185
101.994
101.803
101.612
101.421
)
;

boundaryField
{
    inlet
    {
        type            fixedValue;
        value           uniform 130;
    }
    outlet
    {
        type            fixedValue;
        value           uniform 101.325;
    }
    walls
    {
        type            zeroGradient;
    }
    frontAndBack
    {
        type            empty;
    }
}


// ************************************************************************* //
