/*--------------------------------*- C++ -*----------------------------------*\
| =========                 |                                                 |
| \\      /  F ield         | OpenFOAM: The Open Source CFD Toolbox           |
|  \\    /   O peration     | Version:  2406                                  |
|   \\  /    A nd           | Website:  www.openfoam.com                      |
|    \\/     M anipulation  |                                                 |
\*---------------------------------------------------------------------------*/
FoamFile
{
    version     2.0;
    format      ascii;
    arch        "LSB;label=32;scalar=64";
    class       volVectorField;
    location    "0.5";
    object      U;
}
// * * * * * * * * * * * * * * * * * * * * * * * * * * * * * * * * * * * * * //

dimensions      [0 1 -1 0 0 0 0];

internalField   nonuniform List<vector> 
2250
(
(0.474647 -3.59264e-08 0)
(0.474647 6.99156e-09 0)
(0.474647 -4.5664e-08 0)
(0.474648 -3.13057e-07 0)
(0.474648 -4.25259e-07 0)
(0.474649 -3.59837e-07 0)
(0.474649 -2.70095e-07 0)
(0.47465 -5.59623e-08 0)
(0.47465 2.15742e-08 0)
(0.474651 1.00292e-07 0)
(0.474651 1.35029e-07 0)
(0.474651 1.82063e-09 0)
(0.474651 -9.6006e-08 0)
(0.474651 -8.50895e-09 0)
(0.474651 1.62644e-07 0)
(0.47465 2.66299e-07 0)
(0.47465 2.49468e-07 0)
(0.47465 1.40946e-07 0)
(0.474649 1.24444e-08 0)
(0.474649 -6.85332e-08 0)
(0.474649 -8.10536e-08 0)
(0.474649 -5.3081e-08 0)
(0.474649 -3.57139e-08 0)
(0.47465 -5.23459e-08 0)
(0.47465 -7.83925e-08 0)
(0.47465 -8.80482e-08 0)
(0.47465 -8.94444e-08 0)
(0.474651 -9.97405e-08 0)
(0.474651 -1.09407e-07 0)
(0.474651 -9.17711e-08 0)
(0.474651 -4.14704e-08 0)
(0.474651 1.6134e-08 0)
(0.474651 5.55128e-08 0)
(0.474651 6.6586e-08 0)
(0.474651 5.869e-08 0)
(0.474651 5.21295e-08 0)
(0.474651 6.10968e-08 0)
(0.474651 8.31434e-08 0)
(0.474651 1.03245e-07 0)
(0.474651 1.0364e-07 0)
(0.474651 7.44058e-08 0)
(0.474651 1.70882e-08 0)
(0.474651 -4.51176e-08 0)
(0.474651 -7.58696e-08 0)
(0.474651 -5.55505e-08 0)
(0.474652 -2.42735e-09 0)
(0.474652 4.0459e-08 0)
(0.474652 4.22112e-08 0)
(0.474652 1.24204e-08 0)
(0.474652 -1.02112e-08 0)
(0.474652 2.84574e-09 0)
(0.474652 4.22233e-08 0)
(0.474652 7.08595e-08 0)
(0.474652 6.01308e-08 0)
(0.474652 2.76753e-08 0)
(0.474652 1.44235e-08 0)
(0.474652 3.6594e-08 0)
(0.474652 6.3673e-08 0)
(0.474651 5.03738e-08 0)
(0.474651 -9.99779e-09 0)
(0.474651 -7.5425e-08 0)
(0.474651 -9.45655e-08 0)
(0.474651 -5.95461e-08 0)
(0.474651 -1.46064e-08 0)
(0.474651 -8.18127e-09 0)
(0.474652 -4.1815e-08 0)
(0.474652 -6.42644e-08 0)
(0.474651 -3.27853e-08 0)
(0.474651 3.6028e-08 0)
(0.474651 7.82105e-08 0)
(0.474651 5.43324e-08 0)
(0.474651 -1.38651e-08 0)
(0.474651 -6.00236e-08 0)
(0.474651 -4.30657e-08 0)
(0.474651 8.38698e-09 0)
(0.474651 2.93659e-08 0)
(0.474651 -6.02137e-09 0)
(0.474651 -6.04849e-08 0)
(0.474651 -7.26629e-08 0)
(0.474651 -2.74731e-08 0)
(0.474651 2.51167e-08 0)
(0.474651 2.64855e-08 0)
(0.474652 -2.67355e-08 0)
(0.474652 -7.50946e-08 0)
(0.474652 -5.87001e-08 0)
(0.474651 1.49816e-08 0)
(0.474651 7.58761e-08 0)
(0.474651 6.97986e-08 0)
(0.474651 1.46338e-08 0)
(0.474651 -2.2315e-08 0)
(0.474651 4.54637e-09 0)
(0.474651 6.77207e-08 0)
(0.474651 9.82179e-08 0)
(0.474651 6.288e-08 0)
(0.474651 2.41878e-09 0)
(0.47465 -1.95119e-08 0)
(0.47465 2.41625e-08 0)
(0.47465 8.7804e-08 0)
(0.47465 1.04183e-07 0)
(0.47465 6.02641e-08 0)
(0.47465 8.64564e-09 0)
(0.47465 9.1949e-09 0)
(0.474649 6.56798e-08 0)
(0.474649 1.20238e-07 0)
(0.474649 1.1804e-07 0)
(0.474649 6.4733e-08 0)
(0.474649 1.83028e-08 0)
(0.474649 2.43191e-08 0)
(0.474649 6.49417e-08 0)
(0.474648 7.95327e-08 0)
(0.474648 3.61427e-08 0)
(0.474648 -3.44571e-08 0)
(0.474648 -7.08298e-08 0)
(0.474648 -4.77218e-08 0)
(0.474648 -1.38255e-09 0)
(0.474649 6.38914e-09 0)
(0.474649 -4.18302e-08 0)
(0.474649 -1.00788e-07 0)
(0.474649 -1.13842e-07 0)
(0.474649 -7.61247e-08 0)
(0.474649 -3.12896e-08 0)
(0.47465 -2.77715e-08 0)
(0.47465 -6.75541e-08 0)
(0.47465 -1.0226e-07 0)
(0.47465 -8.91451e-08 0)
(0.47465 -4.11117e-08 0)
(0.47465 -1.16342e-08 0)
(0.474651 -3.1591e-08 0)
(0.474651 -7.87077e-08 0)
(0.474651 -1.02565e-07 0)
(0.474651 -8.05293e-08 0)
(0.474651 -3.84283e-08 0)
(0.474651 -1.88535e-08 0)
(0.474652 -3.64626e-08 0)
(0.474652 -6.58055e-08 0)
(0.474652 -6.78255e-08 0)
(0.474652 -3.45768e-08 0)
(0.474652 9.71574e-10 0)
(0.474652 5.74287e-09 0)
(0.474652 -1.86064e-08 0)
(0.474652 -4.18099e-08 0)
(0.474652 -4.48207e-08 0)
(0.474652 -2.77328e-08 0)
(0.474652 -1.14001e-08 0)
(0.474652 -1.08694e-08 0)
(0.474653 -1.82867e-08 0)
(0.474653 -3.1932e-08 0)
(0.474653 -3.49162e-08 0)
(0.474653 -1.56702e-08 0)
(0.474653 -9.7267e-09 0)
(1.29665 -1.49704e-07 0)
(1.29665 -2.60242e-07 0)
(1.29665 -1.81618e-07 0)
(1.29665 -4.78924e-07 0)
(1.29665 -7.29898e-07 0)
(1.29665 -6.67435e-07 0)
(1.29665 -7.20103e-07 0)
(1.29665 -4.31728e-07 0)
(1.29665 -1.86306e-07 0)
(1.29665 -1.1136e-07 0)
(1.29665 -6.23844e-08 0)
(1.29665 -1.52931e-07 0)
(1.29665 -1.87435e-07 0)
(1.29665 1.71198e-08 0)
(1.29665 3.35759e-07 0)
(1.29665 4.954e-07 0)
(1.29665 4.06506e-07 0)
(1.29665 1.84914e-07 0)
(1.29665 -8.79393e-09 0)
(1.29665 -9.46176e-08 0)
(1.29665 -1.19479e-07 0)
(1.29665 -1.61924e-07 0)
(1.29665 -2.38808e-07 0)
(1.29665 -3.11145e-07 0)
(1.29665 -3.31988e-07 0)
(1.29665 -3.13301e-07 0)
(1.29665 -3.16175e-07 0)
(1.29665 -3.61966e-07 0)
(1.29665 -3.8029e-07 0)
(1.29665 -2.88471e-07 0)
(1.29665 -1.00649e-07 0)
(1.29665 7.86299e-08 0)
(1.29665 1.61292e-07 0)
(1.29665 1.53707e-07 0)
(1.29665 1.25911e-07 0)
(1.29665 1.34859e-07 0)
(1.29665 1.7991e-07 0)
(1.29665 2.17356e-07 0)
(1.29665 2.08603e-07 0)
(1.29665 1.553e-07 0)
(1.29665 8.68194e-08 0)
(1.29665 1.87624e-08 0)
(1.29665 -4.97367e-08 0)
(1.29665 -1.00803e-07 0)
(1.29665 -9.80601e-08 0)
(1.29665 -2.83023e-08 0)
(1.29665 7.21802e-08 0)
(1.29665 1.40726e-07 0)
(1.29666 1.42191e-07 0)
(1.29666 1.02761e-07 0)
(1.29666 8.97021e-08 0)
(1.29666 1.43265e-07 0)
(1.29666 2.3073e-07 0)
(1.29665 2.74241e-07 0)
(1.29665 2.36838e-07 0)
(1.29665 1.57786e-07 0)
(1.29665 1.03796e-07 0)
(1.29665 9.21749e-08 0)
(1.29665 7.15048e-08 0)
(1.29665 -1.20992e-08 0)
(1.29665 -1.44137e-07 0)
(1.29665 -2.43473e-07 0)
(1.29665 -2.38498e-07 0)
(1.29665 -1.42503e-07 0)
(1.29665 -4.43556e-08 0)
(1.29665 -2.1353e-08 0)
(1.29665 -5.55102e-08 0)
(1.29665 -6.45658e-08 0)
(1.29665 -5.04905e-11 0)
(1.29665 8.92539e-08 0)
(1.29665 1.11688e-07 0)
(1.29665 2.70235e-08 0)
(1.29665 -9.87627e-08 0)
(1.29665 -1.57553e-07 0)
(1.29665 -1.13282e-07 0)
(1.29665 -3.78682e-08 0)
(1.29665 -3.24998e-08 0)
(1.29665 -1.19558e-07 0)
(1.29665 -2.1816e-07 0)
(1.29665 -2.34577e-07 0)
(1.29665 -1.63852e-07 0)
(1.29665 -9.10295e-08 0)
(1.29665 -9.45565e-08 0)
(1.29665 -1.56384e-07 0)
(1.29665 -1.77668e-07 0)
(1.29665 -9.10831e-08 0)
(1.29665 5.69198e-08 0)
(1.29665 1.5528e-07 0)
(1.29665 1.43826e-07 0)
(1.29665 7.2561e-08 0)
(1.29665 4.91991e-08 0)
(1.29665 1.19127e-07 0)
(1.29665 2.18623e-07 0)
(1.29665 2.45148e-07 0)
(1.29665 1.74243e-07 0)
(1.29665 8.087e-08 0)
(1.29665 6.49864e-08 0)
(1.29665 1.39754e-07 0)
(1.29665 2.18006e-07 0)
(1.29665 2.12047e-07 0)
(1.29665 1.29206e-07 0)
(1.29665 6.35005e-08 0)
(1.29665 9.38853e-08 0)
(1.29665 1.96497e-07 0)
(1.29665 2.70263e-07 0)
(1.29665 2.47497e-07 0)
(1.29665 1.58013e-07 0)
(1.29665 9.49972e-08 0)
(1.29665 1.12585e-07 0)
(1.29665 1.66405e-07 0)
(1.29665 1.69204e-07 0)
(1.29665 9.03415e-08 0)
(1.29665 -1.01548e-08 0)
(1.29665 -5.13391e-08 0)
(1.29665 -1.77196e-08 0)
(1.29665 2.02254e-08 0)
(1.29665 -1.54646e-08 0)
(1.29665 -1.19369e-07 0)
(1.29665 -2.08429e-07 0)
(1.29665 -2.13696e-07 0)
(1.29665 -1.48697e-07 0)
(1.29665 -9.34692e-08 0)
(1.29665 -1.11423e-07 0)
(1.29665 -1.80485e-07 0)
(1.29665 -2.16128e-07 0)
(1.29665 -1.73527e-07 0)
(1.29665 -1.0091e-07 0)
(1.29665 -8.23033e-08 0)
(1.29665 -1.40391e-07 0)
(1.29665 -2.14408e-07 0)
(1.29665 -2.29119e-07 0)
(1.29665 -1.69435e-07 0)
(1.29665 -8.96777e-08 0)
(1.29665 -5.80377e-08 0)
(1.29665 -8.78864e-08 0)
(1.29665 -1.19853e-07 0)
(1.29665 -9.41878e-08 0)
(1.29665 -2.91863e-08 0)
(1.29666 9.28316e-09 0)
(1.29666 -1.41796e-08 0)
(1.29666 -6.63648e-08 0)
(1.29666 -1.0237e-07 0)
(1.29666 -9.10473e-08 0)
(1.29666 -5.17587e-08 0)
(1.29666 -3.56518e-08 0)
(1.29666 -4.92203e-08 0)
(1.29666 -1.0524e-07 0)
(1.29666 -1.40483e-07 0)
(1.29666 -1.46698e-07 0)
(1.29666 -1.55048e-07 0)
(1.99165 4.61739e-07 0)
(1.99165 -1.47955e-08 0)
(1.99165 1.32273e-07 0)
(1.99165 2.80834e-07 0)
(1.99164 -1.10458e-07 0)
(1.99164 -3.13605e-07 0)
(1.99164 -6.18096e-07 0)
(1.99164 -6.93907e-07 0)
(1.99164 -4.16181e-07 0)
(1.99164 -1.69873e-07 0)
(1.99164 -3.30696e-08 0)
(1.99164 2.66357e-08 0)
(1.99164 1.39197e-07 0)
(1.99164 3.28053e-07 0)
(1.99164 5.05651e-07 0)
(1.99164 5.54815e-07 0)
(1.99164 4.59621e-07 0)
(1.99164 3.42299e-07 0)
(1.99164 2.84058e-07 0)
(1.99164 2.4532e-07 0)
(1.99164 1.26911e-07 0)
(1.99164 -8.76296e-08 0)
(1.99164 -2.95449e-07 0)
(1.99164 -4.02862e-07 0)
(1.99164 -4.1229e-07 0)
(1.99164 -4.0191e-07 0)
(1.99164 -4.30347e-07 0)
(1.99164 -4.70552e-07 0)
(1.99164 -4.36738e-07 0)
(1.99164 -2.73579e-07 0)
(1.99164 -2.85806e-08 0)
(1.99164 1.80842e-07 0)
(1.99164 2.66625e-07 0)
(1.99164 2.4778e-07 0)
(1.99164 2.12677e-07 0)
(1.99164 2.22703e-07 0)
(1.99164 2.66068e-07 0)
(1.99164 2.89134e-07 0)
(1.99164 2.53407e-07 0)
(1.99164 1.72249e-07 0)
(1.99164 9.73877e-08 0)
(1.99164 6.60918e-08 0)
(1.99164 6.50121e-08 0)
(1.99164 5.60109e-08 0)
(1.99164 3.46874e-08 0)
(1.99164 4.09563e-08 0)
(1.99164 1.10685e-07 0)
(1.99164 2.26876e-07 0)
(1.99164 3.22979e-07 0)
(1.99164 3.44896e-07 0)
(1.99164 3.10043e-07 0)
(1.99164 2.91305e-07 0)
(1.99164 3.4371e-07 0)
(1.99164 4.4024e-07 0)
(1.99164 4.88234e-07 0)
(1.99164 4.20089e-07 0)
(1.99164 2.62479e-07 0)
(1.99164 1.09624e-07 0)
(1.99164 3.17184e-08 0)
(1.99164 1.16633e-08 0)
(1.99164 -1.87704e-08 0)
(1.99164 -9.22159e-08 0)
(1.99164 -1.65721e-07 0)
(1.99164 -1.65275e-07 0)
(1.99164 -7.50055e-08 0)
(1.99164 3.14496e-08 0)
(1.99164 5.8908e-08 0)
(1.99164 -1.08433e-08 0)
(1.99164 -9.87378e-08 0)
(1.99164 -1.17269e-07 0)
(1.99164 -6.47177e-08 0)
(1.99164 -2.42339e-08 0)
(1.99164 -7.12988e-08 0)
(1.99164 -1.88553e-07 0)
(1.99164 -2.80235e-07 0)
(1.99164 -2.77273e-07 0)
(1.99164 -2.17037e-07 0)
(1.99164 -2.01466e-07 0)
(1.99164 -2.84456e-07 0)
(1.99164 -4.10133e-07 0)
(1.99164 -4.64075e-07 0)
(1.99164 -3.94183e-07 0)
(1.99164 -2.63575e-07 0)
(1.99164 -1.80314e-07 0)
(1.99164 -1.81317e-07 0)
(1.99164 -1.94774e-07 0)
(1.99164 -1.26518e-07 0)
(1.99164 2.89002e-08 0)
(1.99164 1.76806e-07 0)
(1.99164 2.21412e-07 0)
(1.99164 1.6674e-07 0)
(1.99164 1.14247e-07 0)
(1.99164 1.51107e-07 0)
(1.99164 2.55193e-07 0)
(1.99164 3.20539e-07 0)
(1.99164 2.75504e-07 0)
(1.99164 1.61738e-07 0)
(1.99164 9.07869e-08 0)
(1.99164 1.25308e-07 0)
(1.99164 2.1664e-07 0)
(1.99164 2.61722e-07 0)
(1.99164 2.19994e-07 0)
(1.99164 1.54335e-07 0)
(1.99164 1.58287e-07 0)
(1.99164 2.50953e-07 0)
(1.99164 3.5259e-07 0)
(1.99164 3.67522e-07 0)
(1.99164 2.8669e-07 0)
(1.99164 1.96423e-07 0)
(1.99164 1.8364e-07 0)
(1.99164 2.40233e-07 0)
(1.99164 2.75643e-07 0)
(1.99164 2.17078e-07 0)
(1.99164 8.76153e-08 0)
(1.99164 -2.03628e-08 0)
(1.99164 -4.61381e-08 0)
(1.99164 -2.3497e-08 0)
(1.99164 -3.64389e-08 0)
(1.99164 -1.20864e-07 0)
(1.99164 -2.23116e-07 0)
(1.99164 -2.63304e-07 0)
(1.99164 -2.1926e-07 0)
(1.99164 -1.51332e-07 0)
(1.99164 -1.40738e-07 0)
(1.99164 -1.98842e-07 0)
(1.99164 -2.55179e-07 0)
(1.99164 -2.44848e-07 0)
(1.99164 -1.88049e-07 0)
(1.99164 -1.57694e-07 0)
(1.99164 -1.91073e-07 0)
(1.99164 -2.54617e-07 0)
(1.99164 -2.83583e-07 0)
(1.99164 -2.42495e-07 0)
(1.99164 -1.6226e-07 0)
(1.99164 -1.15583e-07 0)
(1.99164 -1.35747e-07 0)
(1.99164 -1.73232e-07 0)
(1.99164 -1.67935e-07 0)
(1.99164 -1.24117e-07 0)
(1.99164 -9.36951e-08 0)
(1.99164 -1.03025e-07 0)
(1.99164 -1.36375e-07 0)
(1.99164 -1.60586e-07 0)
(1.99164 -1.5621e-07 0)
(1.99164 -1.52411e-07 0)
(1.99164 -1.64679e-07 0)
(1.99164 -2.16293e-07 0)
(1.99164 -2.9921e-07 0)
(1.99164 -3.94129e-07 0)
(1.99164 -4.68209e-07 0)
(2.55989 1.66803e-06 0)
(2.55989 1.48128e-06 0)
(2.55989 1.49791e-06 0)
(2.55988 1.56624e-06 0)
(2.55988 1.11735e-06 0)
(2.55988 5.45977e-07 0)
(2.55988 1.4348e-07 0)
(2.55988 -5.16631e-08 0)
(2.55988 1.12167e-07 0)
(2.55988 4.03594e-07 0)
(2.55988 6.31124e-07 0)
(2.55988 7.03094e-07 0)
(2.55988 7.1984e-07 0)
(2.55988 7.49186e-07 0)
(2.55987 7.94317e-07 0)
(2.55987 8.40519e-07 0)
(2.55987 8.45197e-07 0)
(2.55987 8.07063e-07 0)
(2.55987 7.17527e-07 0)
(2.55987 5.65224e-07 0)
(2.55987 3.54365e-07 0)
(2.55987 1.24414e-07 0)
(2.55987 -6.30179e-08 0)
(2.55987 -1.78007e-07 0)
(2.55987 -2.43163e-07 0)
(2.55987 -2.93553e-07 0)
(2.55987 -3.22953e-07 0)
(2.55987 -2.95387e-07 0)
(2.55987 -1.95359e-07 0)
(2.55987 -4.54138e-08 0)
(2.55987 1.08916e-07 0)
(2.55987 2.29047e-07 0)
(2.55987 2.95812e-07 0)
(2.55987 3.09929e-07 0)
(2.55987 2.92348e-07 0)
(2.55987 2.72834e-07 0)
(2.55987 2.70654e-07 0)
(2.55987 2.85786e-07 0)
(2.55987 2.98504e-07 0)
(2.55987 2.82343e-07 0)
(2.55987 2.3304e-07 0)
(2.55987 1.76828e-07 0)
(2.55987 1.51277e-07 0)
(2.55987 1.64465e-07 0)
(2.55987 1.91804e-07 0)
(2.55987 2.1032e-07 0)
(2.55987 2.253e-07 0)
(2.55987 2.58427e-07 0)
(2.55987 3.18867e-07 0)
(2.55987 3.87799e-07 0)
(2.55987 4.29822e-07 0)
(2.55987 4.35532e-07 0)
(2.55987 4.36103e-07 0)
(2.55987 4.66947e-07 0)
(2.55987 5.14504e-07 0)
(2.55987 5.18742e-07 0)
(2.55987 4.31417e-07 0)
(2.55987 2.74334e-07 0)
(2.55987 1.33019e-07 0)
(2.55987 7.91375e-08 0)
(2.55987 1.03999e-07 0)
(2.55987 1.32946e-07 0)
(2.55987 1.00146e-07 0)
(2.55987 1.58269e-08 0)
(2.55987 -5.05526e-08 0)
(2.55987 -5.11699e-08 0)
(2.55987 -1.6865e-08 0)
(2.55987 -1.91421e-08 0)
(2.55987 -9.18424e-08 0)
(2.55987 -1.86589e-07 0)
(2.55987 -2.22446e-07 0)
(2.55987 -1.77105e-07 0)
(2.55987 -1.17274e-07 0)
(2.55987 -1.29567e-07 0)
(2.55987 -2.30045e-07 0)
(2.55987 -3.47312e-07 0)
(2.55987 -3.99077e-07 0)
(2.55987 -3.76574e-07 0)
(2.55987 -3.50184e-07 0)
(2.55987 -3.85584e-07 0)
(2.55987 -4.64403e-07 0)
(2.55987 -4.99626e-07 0)
(2.55987 -4.30457e-07 0)
(2.55987 -2.91715e-07 0)
(2.55987 -1.79465e-07 0)
(2.55987 -1.50874e-07 0)
(2.55987 -1.65323e-07 0)
(2.55987 -1.33527e-07 0)
(2.55987 -2.07026e-08 0)
(2.55987 1.14336e-07 0)
(2.55987 1.80737e-07 0)
(2.55987 1.55018e-07 0)
(2.55987 1.01527e-07 0)
(2.55987 1.05924e-07 0)
(2.55987 1.78072e-07 0)
(2.55987 2.40777e-07 0)
(2.55987 2.19999e-07 0)
(2.55987 1.29652e-07 0)
(2.55987 5.99781e-08 0)
(2.55987 8.43043e-08 0)
(2.55987 1.82287e-07 0)
(2.55987 2.64843e-07 0)
(2.55987 2.69959e-07 0)
(2.55987 2.2557e-07 0)
(2.55987 2.15204e-07 0)
(2.55987 2.79844e-07 0)
(2.55987 3.74371e-07 0)
(2.55987 4.15879e-07 0)
(2.55987 3.71648e-07 0)
(2.55987 2.92199e-07 0)
(2.55987 2.52763e-07 0)
(2.55987 2.67544e-07 0)
(2.55987 2.77532e-07 0)
(2.55987 2.19934e-07 0)
(2.55987 1.0017e-07 0)
(2.55987 -1.16286e-08 0)
(2.55987 -5.40085e-08 0)
(2.55987 -3.91908e-08 0)
(2.55987 -3.6e-08 0)
(2.55987 -9.26056e-08 0)
(2.55987 -1.83741e-07 0)
(2.55987 -2.40189e-07 0)
(2.55987 -2.24103e-07 0)
(2.55987 -1.6832e-07 0)
(2.55987 -1.44239e-07 0)
(2.55987 -1.82114e-07 0)
(2.55987 -2.3939e-07 0)
(2.55987 -2.56025e-07 0)
(2.55987 -2.27283e-07 0)
(2.55987 -1.99995e-07 0)
(2.55987 -2.14077e-07 0)
(2.55987 -2.65647e-07 0)
(2.55987 -3.11041e-07 0)
(2.55987 -3.07407e-07 0)
(2.55987 -2.60132e-07 0)
(2.55987 -2.22577e-07 0)
(2.55987 -2.28519e-07 0)
(2.55987 -2.50675e-07 0)
(2.55987 -2.46378e-07 0)
(2.55987 -2.17147e-07 0)
(2.55987 -1.93324e-07 0)
(2.55987 -1.91557e-07 0)
(2.55987 -2.11643e-07 0)
(2.55987 -2.36717e-07 0)
(2.55987 -2.63781e-07 0)
(2.55987 -2.89186e-07 0)
(2.55987 -3.29608e-07 0)
(2.55987 -4.23844e-07 0)
(2.55987 -5.93606e-07 0)
(2.55987 -7.06499e-07 0)
(3.0016 1.97569e-06 0)
(3.0016 2.37871e-06 0)
(3.0016 2.37816e-06 0)
(3.0016 2.45077e-06 0)
(3.00159 2.3602e-06 0)
(3.00159 1.81013e-06 0)
(3.00159 1.39096e-06 0)
(3.00159 1.20745e-06 0)
(3.00159 1.28721e-06 0)
(3.00159 1.38774e-06 0)
(3.00159 1.44482e-06 0)
(3.00159 1.43934e-06 0)
(3.00159 1.38398e-06 0)
(3.00158 1.30575e-06 0)
(3.00158 1.23478e-06 0)
(3.00158 1.20227e-06 0)
(3.00158 1.1697e-06 0)
(3.00158 1.09679e-06 0)
(3.00158 9.45308e-07 0)
(3.00158 7.21927e-07 0)
(3.00158 4.89461e-07 0)
(3.00158 3.04931e-07 0)
(3.00158 1.7318e-07 0)
(3.00158 6.5034e-08 0)
(3.00158 -4.507e-08 0)
(3.00158 -1.45949e-07 0)
(3.00158 -1.90131e-07 0)
(3.00158 -1.47971e-07 0)
(3.00158 -4.3545e-08 0)
(3.00158 6.33991e-08 0)
(3.00158 1.32129e-07 0)
(3.00158 1.72954e-07 0)
(3.00158 2.21375e-07 0)
(3.00158 2.85014e-07 0)
(3.00158 3.37406e-07 0)
(3.00158 3.57071e-07 0)
(3.00158 3.54184e-07 0)
(3.00158 3.57509e-07 0)
(3.00158 3.79213e-07 0)
(3.00158 3.94886e-07 0)
(3.00158 3.67307e-07 0)
(3.00158 2.88888e-07 0)
(3.00158 2.00897e-07 0)
(3.00158 1.58665e-07 0)
(3.00158 1.76037e-07 0)
(3.00158 2.12175e-07 0)
(3.00158 2.18477e-07 0)
(3.00158 1.88876e-07 0)
(3.00158 1.6671e-07 0)
(3.00158 1.98617e-07 0)
(3.00158 2.81974e-07 0)
(3.00158 3.68621e-07 0)
(3.00158 4.11843e-07 0)
(3.00158 4.09447e-07 0)
(3.00158 3.96646e-07 0)
(3.00158 3.99761e-07 0)
(3.00158 4.01599e-07 0)
(3.00158 3.63454e-07 0)
(3.00158 2.77778e-07 0)
(3.00158 1.86832e-07 0)
(3.00158 1.39468e-07 0)
(3.00158 1.3621e-07 0)
(3.00158 1.25692e-07 0)
(3.00158 5.65043e-08 0)
(3.00158 -6.31833e-08 0)
(3.00158 -1.67365e-07 0)
(3.00158 -1.9746e-07 0)
(3.00158 -1.58722e-07 0)
(3.00158 -1.19135e-07 0)
(3.00158 -1.34367e-07 0)
(3.00158 -1.88362e-07 0)
(3.00158 -2.17454e-07 0)
(3.00158 -1.86991e-07 0)
(3.00158 -1.32799e-07 0)
(3.00158 -1.26291e-07 0)
(3.00158 -1.96463e-07 0)
(3.00158 -2.93858e-07 0)
(3.00158 -3.41706e-07 0)
(3.00158 -3.15651e-07 0)
(3.00158 -2.65745e-07 0)
(3.00158 -2.61518e-07 0)
(3.00158 -3.12706e-07 0)
(3.00158 -3.57803e-07 0)
(3.00158 -3.32067e-07 0)
(3.00158 -2.40308e-07 0)
(3.00158 -1.52696e-07 0)
(3.00158 -1.28782e-07 0)
(3.00158 -1.51864e-07 0)
(3.00158 -1.50614e-07 0)
(3.00158 -7.66048e-08 0)
(3.00158 4.13894e-08 0)
(3.00158 1.25578e-07 0)
(3.00158 1.29584e-07 0)
(3.00158 8.84141e-08 0)
(3.00158 7.53978e-08 0)
(3.00158 1.2188e-07 0)
(3.00158 1.84184e-07 0)
(3.00158 1.95939e-07 0)
(3.00158 1.47569e-07 0)
(3.00158 9.70973e-08 0)
(3.00158 1.08625e-07 0)
(3.00158 1.83236e-07 0)
(3.00158 2.56262e-07 0)
(3.00158 2.68176e-07 0)
(3.00158 2.26536e-07 0)
(3.00158 1.9464e-07 0)
(3.00158 2.22594e-07 0)
(3.00158 2.91658e-07 0)
(3.00158 3.34184e-07 0)
(3.00158 3.07515e-07 0)
(3.00158 2.37583e-07 0)
(3.00158 1.89012e-07 0)
(3.00158 1.94497e-07 0)
(3.00158 2.20816e-07 0)
(3.00158 2.09115e-07 0)
(3.00158 1.40111e-07 0)
(3.00158 5.68288e-08 0)
(3.00158 1.65347e-08 0)
(3.00158 2.6075e-08 0)
(3.00158 3.65045e-08 0)
(3.00158 1.86099e-10 0)
(3.00158 -7.84692e-08 0)
(3.00158 -1.48525e-07 0)
(3.00158 -1.65133e-07 0)
(3.00158 -1.39013e-07 0)
(3.00158 -1.2751e-07 0)
(3.00158 -1.69102e-07 0)
(3.00158 -2.36478e-07 0)
(3.00158 -2.7631e-07 0)
(3.00158 -2.72983e-07 0)
(3.00158 -2.5415e-07 0)
(3.00158 -2.56558e-07 0)
(3.00158 -2.92252e-07 0)
(3.00158 -3.33337e-07 0)
(3.00158 -3.33803e-07 0)
(3.00158 -2.87395e-07 0)
(3.00158 -2.36941e-07 0)
(3.00158 -2.17686e-07 0)
(3.00158 -2.21125e-07 0)
(3.00158 -2.19076e-07 0)
(3.00158 -2.0472e-07 0)
(3.00158 -1.86468e-07 0)
(3.00158 -1.93075e-07 0)
(3.00158 -2.26674e-07 0)
(3.00158 -2.6739e-07 0)
(3.00158 -3.13201e-07 0)
(3.00158 -3.58796e-07 0)
(3.00158 -4.45917e-07 0)
(3.00158 -6.33472e-07 0)
(3.00158 -7.4804e-07 0)
(3.31697 1.87175e-06 0)
(3.31697 2.35226e-06 0)
(3.31697 2.62077e-06 0)
(3.31697 2.91233e-06 0)
(3.31697 3.16263e-06 0)
(3.31697 2.95885e-06 0)
(3.31696 2.7839e-06 0)
(3.31696 2.68124e-06 0)
(3.31696 2.70633e-06 0)
(3.31696 2.66534e-06 0)
(3.31696 2.53805e-06 0)
(3.31696 2.39218e-06 0)
(3.31696 2.2236e-06 0)
(3.31695 2.04191e-06 0)
(3.31695 1.86276e-06 0)
(3.31695 1.6962e-06 0)
(3.31695 1.51214e-06 0)
(3.31695 1.31207e-06 0)
(3.31695 1.10928e-06 0)
(3.31695 9.15683e-07 0)
(3.31695 7.60377e-07 0)
(3.31695 6.48287e-07 0)
(3.31695 5.31727e-07 0)
(3.31695 3.68224e-07 0)
(3.31695 1.78985e-07 0)
(3.31695 3.83498e-08 0)
(3.31695 3.03825e-09 0)
(3.31695 6.13164e-08 0)
(3.31695 1.48622e-07 0)
(3.31695 2.02649e-07 0)
(3.31695 2.06524e-07 0)
(3.31695 1.91397e-07 0)
(3.31695 2.06704e-07 0)
(3.31695 2.72063e-07 0)
(3.31695 3.59653e-07 0)
(3.31695 4.27029e-07 0)
(3.31695 4.57945e-07 0)
(3.31695 4.65031e-07 0)
(3.31695 4.65298e-07 0)
(3.31695 4.59622e-07 0)
(3.31695 4.32207e-07 0)
(3.31695 3.70314e-07 0)
(3.31695 2.82272e-07 0)
(3.31695 2.02686e-07 0)
(3.31695 1.63864e-07 0)
(3.31695 1.61176e-07 0)
(3.31695 1.59656e-07 0)
(3.31695 1.35562e-07 0)
(3.31695 1.02015e-07 0)
(3.31695 9.7716e-08 0)
(3.31695 1.53217e-07 0)
(3.31695 2.52613e-07 0)
(3.31695 3.41019e-07 0)
(3.31695 3.7102e-07 0)
(3.31695 3.47627e-07 0)
(3.31695 3.19492e-07 0)
(3.31695 3.27088e-07 0)
(3.31695 3.58209e-07 0)
(3.31695 3.61543e-07 0)
(3.31695 3.02961e-07 0)
(3.31695 1.99503e-07 0)
(3.31695 9.82136e-08 0)
(3.31695 2.90906e-08 0)
(3.31695 -2.48805e-08 0)
(3.31695 -9.86594e-08 0)
(3.31695 -1.9428e-07 0)
(3.31695 -2.67856e-07 0)
(3.31695 -2.75812e-07 0)
(3.31695 -2.23691e-07 0)
(3.31695 -1.66151e-07 0)
(3.31695 -1.58777e-07 0)
(3.31695 -1.98977e-07 0)
(3.31695 -2.32196e-07 0)
(3.31695 -2.12733e-07 0)
(3.31695 -1.52967e-07 0)
(3.31695 -1.10585e-07 0)
(3.31695 -1.24461e-07 0)
(3.31695 -1.72202e-07 0)
(3.31695 -1.95691e-07 0)
(3.31695 -1.66595e-07 0)
(3.31695 -1.20505e-07 0)
(3.31695 -1.17607e-07 0)
(3.31695 -1.75861e-07 0)
(3.31695 -2.4735e-07 0)
(3.31695 -2.66859e-07 0)
(3.31695 -2.2173e-07 0)
(3.31695 -1.57604e-07 0)
(3.31695 -1.31547e-07 0)
(3.31695 -1.47215e-07 0)
(3.31695 -1.52837e-07 0)
(3.31695 -1.00934e-07 0)
(3.31695 -4.24806e-09 0)
(3.31695 7.70969e-08 0)
(3.31695 9.64934e-08 0)
(3.31695 6.92246e-08 0)
(3.31695 5.54242e-08 0)
(3.31695 9.41729e-08 0)
(3.31695 1.58762e-07 0)
(3.31695 1.90269e-07 0)
(3.31695 1.63917e-07 0)
(3.31695 1.15781e-07 0)
(3.31695 1.04508e-07 0)
(3.31695 1.46585e-07 0)
(3.31695 2.00037e-07 0)
(3.31695 2.12273e-07 0)
(3.31695 1.75624e-07 0)
(3.31695 1.3481e-07 0)
(3.31695 1.38546e-07 0)
(3.31695 1.84335e-07 0)
(3.31695 2.22805e-07 0)
(3.31695 2.1391e-07 0)
(3.31695 1.7305e-07 0)
(3.31695 1.50441e-07 0)
(3.31695 1.7634e-07 0)
(3.31695 2.28062e-07 0)
(3.31695 2.50549e-07 0)
(3.31695 2.12424e-07 0)
(3.31695 1.41347e-07 0)
(3.31695 9.12834e-08 0)
(3.31695 8.20736e-08 0)
(3.31695 8.38879e-08 0)
(3.31695 5.45969e-08 0)
(3.31695 -1.47248e-08 0)
(3.31695 -9.12275e-08 0)
(3.31695 -1.32968e-07 0)
(3.31695 -1.37874e-07 0)
(3.31695 -1.49344e-07 0)
(3.31695 -1.96707e-07 0)
(3.31695 -2.58352e-07 0)
(3.31695 -2.953e-07 0)
(3.31695 -2.94637e-07 0)
(3.31695 -2.73179e-07 0)
(3.31695 -2.61502e-07 0)
(3.31695 -2.75676e-07 0)
(3.31695 -2.9239e-07 0)
(3.31695 -2.77542e-07 0)
(3.31695 -2.28738e-07 0)
(3.31695 -1.78197e-07 0)
(3.31695 -1.59442e-07 0)
(3.31695 -1.65151e-07 0)
(3.31695 -1.73978e-07 0)
(3.31695 -1.7004e-07 0)
(3.31695 -1.8267e-07 0)
(3.31695 -2.18132e-07 0)
(3.31695 -2.58226e-07 0)
(3.31695 -3.0718e-07 0)
(3.31695 -3.46607e-07 0)
(3.31695 -4.2813e-07 0)
(3.31695 -5.8141e-07 0)
(3.31695 -6.65721e-07 0)
(3.50613 1.84819e-06 0)
(3.50613 2.1426e-06 0)
(3.50614 2.64233e-06 0)
(3.50614 3.16799e-06 0)
(3.50614 3.57402e-06 0)
(3.50613 3.78673e-06 0)
(3.50613 4.00591e-06 0)
(3.50613 4.06738e-06 0)
(3.50613 4.03344e-06 0)
(3.50613 3.87737e-06 0)
(3.50613 3.62282e-06 0)
(3.50613 3.39439e-06 0)
(3.50613 3.17154e-06 0)
(3.50613 2.90806e-06 0)
(3.50612 2.60171e-06 0)
(3.50612 2.27552e-06 0)
(3.50612 1.93024e-06 0)
(3.50612 1.61076e-06 0)
(3.50612 1.38436e-06 0)
(3.50612 1.25261e-06 0)
(3.50612 1.16253e-06 0)
(3.50612 1.05581e-06 0)
(3.50612 8.97769e-07 0)
(3.50612 7.02274e-07 0)
(3.50612 5.28404e-07 0)
(3.50612 4.37537e-07 0)
(3.50612 4.37662e-07 0)
(3.50612 4.74805e-07 0)
(3.50612 4.82757e-07 0)
(3.50612 4.39304e-07 0)
(3.50612 3.69028e-07 0)
(3.50612 3.06239e-07 0)
(3.50612 2.75553e-07 0)
(3.50612 2.89721e-07 0)
(3.50612 3.46255e-07 0)
(3.50612 4.24728e-07 0)
(3.50612 4.98232e-07 0)
(3.50612 5.44412e-07 0)
(3.50612 5.51582e-07 0)
(3.50612 5.27136e-07 0)
(3.50612 4.93502e-07 0)
(3.50612 4.68934e-07 0)
(3.50612 4.43603e-07 0)
(3.50612 3.9708e-07 0)
(3.50612 3.2886e-07 0)
(3.50612 2.6215e-07 0)
(3.50612 2.21002e-07 0)
(3.50612 2.10305e-07 0)
(3.50612 2.19146e-07 0)
(3.50612 2.36757e-07 0)
(3.50612 2.65147e-07 0)
(3.50612 3.10467e-07 0)
(3.50612 3.66962e-07 0)
(3.50612 4.08426e-07 0)
(3.50612 4.10564e-07 0)
(3.50612 3.78664e-07 0)
(3.50612 3.47707e-07 0)
(3.50612 3.44527e-07 0)
(3.50612 3.53342e-07 0)
(3.50612 3.26733e-07 0)
(3.50612 2.32944e-07 0)
(3.50612 8.85243e-08 0)
(3.50612 -5.26376e-08 0)
(3.50612 -1.46035e-07 0)
(3.50612 -1.93989e-07 0)
(3.50612 -2.33054e-07 0)
(3.50612 -2.85519e-07 0)
(3.50612 -3.35211e-07 0)
(3.50612 -3.46467e-07 0)
(3.50612 -3.11139e-07 0)
(3.50612 -2.62731e-07 0)
(3.50612 -2.44408e-07 0)
(3.50612 -2.62847e-07 0)
(3.50612 -2.8122e-07 0)
(3.50612 -2.57273e-07 0)
(3.50612 -1.91717e-07 0)
(3.50612 -1.30099e-07 0)
(3.50612 -1.13505e-07 0)
(3.50612 -1.3662e-07 0)
(3.50612 -1.55884e-07 0)
(3.50612 -1.39497e-07 0)
(3.50612 -1.04401e-07 0)
(3.50612 -9.679e-08 0)
(3.50612 -1.40663e-07 0)
(3.50612 -2.0674e-07 0)
(3.50612 -2.38762e-07 0)
(3.50612 -2.10769e-07 0)
(3.50612 -1.53498e-07 0)
(3.50612 -1.16211e-07 0)
(3.50612 -1.15243e-07 0)
(3.50612 -1.18749e-07 0)
(3.50612 -8.74526e-08 0)
(3.50612 -1.75802e-08 0)
(3.50612 5.02588e-08 0)
(3.50612 7.46615e-08 0)
(3.50612 5.90946e-08 0)
(3.50612 4.69373e-08 0)
(3.50612 7.43276e-08 0)
(3.50612 1.29091e-07 0)
(3.50612 1.63199e-07 0)
(3.50612 1.47584e-07 0)
(3.50612 1.03828e-07 0)
(3.50612 8.10594e-08 0)
(3.50612 1.04772e-07 0)
(3.50612 1.51551e-07 0)
(3.50612 1.76478e-07 0)
(3.50612 1.60387e-07 0)
(3.50612 1.30686e-07 0)
(3.50612 1.30487e-07 0)
(3.50612 1.68372e-07 0)
(3.50612 2.11932e-07 0)
(3.50612 2.26196e-07 0)
(3.50612 2.0988e-07 0)
(3.50612 1.94395e-07 0)
(3.50612 2.0628e-07 0)
(3.50612 2.35357e-07 0)
(3.50612 2.41425e-07 0)
(3.50612 1.97742e-07 0)
(3.50612 1.25212e-07 0)
(3.50612 6.72612e-08 0)
(3.50612 4.32723e-08 0)
(3.50612 3.51841e-08 0)
(3.50612 8.62178e-09 0)
(3.50612 -5.45587e-08 0)
(3.50612 -1.32623e-07 0)
(3.50612 -1.82299e-07 0)
(3.50612 -1.92998e-07 0)
(3.50612 -1.96859e-07 0)
(3.50612 -2.17878e-07 0)
(3.50612 -2.47746e-07 0)
(3.50612 -2.67455e-07 0)
(3.50612 -2.63626e-07 0)
(3.50612 -2.39876e-07 0)
(3.50612 -2.18579e-07 0)
(3.50612 -2.12771e-07 0)
(3.50612 -2.11646e-07 0)
(3.50612 -1.97316e-07 0)
(3.50612 -1.67274e-07 0)
(3.50612 -1.49416e-07 0)
(3.50612 -1.53131e-07 0)
(3.50612 -1.74576e-07 0)
(3.50612 -1.9892e-07 0)
(3.50612 -2.31269e-07 0)
(3.50612 -2.6858e-07 0)
(3.50612 -2.93151e-07 0)
(3.50612 -3.27774e-07 0)
(3.50612 -3.61899e-07 0)
(3.50612 -4.36738e-07 0)
(3.50612 -5.3753e-07 0)
(3.50612 -5.77465e-07 0)
(3.56919 2.03868e-06 0)
(3.56919 2.14743e-06 0)
(3.56919 2.75401e-06 0)
(3.56919 3.37828e-06 0)
(3.56919 3.86818e-06 0)
(3.56919 4.43687e-06 0)
(3.56919 4.91469e-06 0)
(3.56918 5.06506e-06 0)
(3.56918 4.96403e-06 0)
(3.56918 4.77876e-06 0)
(3.56918 4.52199e-06 0)
(3.56918 4.27396e-06 0)
(3.56918 4.00759e-06 0)
(3.56918 3.64373e-06 0)
(3.56918 3.17149e-06 0)
(3.56918 2.6813e-06 0)
(3.56918 2.25265e-06 0)
(3.56918 1.9224e-06 0)
(3.56918 1.7117e-06 0)
(3.56918 1.59237e-06 0)
(3.56918 1.48491e-06 0)
(3.56918 1.32552e-06 0)
(3.56918 1.11968e-06 0)
(3.56918 9.30559e-07 0)
(3.56918 8.20956e-07 0)
(3.56918 8.01324e-07 0)
(3.56918 8.24686e-07 0)
(3.56918 8.21614e-07 0)
(3.56918 7.49537e-07 0)
(3.56918 6.24899e-07 0)
(3.56917 5.0244e-07 0)
(3.56917 4.18949e-07 0)
(3.56917 3.74005e-07 0)
(3.56917 3.57689e-07 0)
(3.56917 3.74929e-07 0)
(3.56917 4.33088e-07 0)
(3.56917 5.17681e-07 0)
(3.56917 5.92997e-07 0)
(3.56917 6.25246e-07 0)
(3.56918 6.09232e-07 0)
(3.56918 5.72305e-07 0)
(3.56918 5.51842e-07 0)
(3.56918 5.52759e-07 0)
(3.56918 5.39131e-07 0)
(3.56918 4.77515e-07 0)
(3.56918 3.82104e-07 0)
(3.56918 3.03364e-07 0)
(3.56918 2.82231e-07 0)
(3.56918 3.17731e-07 0)
(3.56918 3.69165e-07 0)
(3.56918 3.93799e-07 0)
(3.56918 3.83943e-07 0)
(3.56918 3.67507e-07 0)
(3.56918 3.70857e-07 0)
(3.56918 3.87023e-07 0)
(3.56918 3.86362e-07 0)
(3.56918 3.53677e-07 0)
(3.56918 3.04006e-07 0)
(3.56918 2.60132e-07 0)
(3.56918 2.20964e-07 0)
(3.56918 1.59497e-07 0)
(3.56918 5.10485e-08 0)
(3.56918 -9.44772e-08 0)
(3.56918 -2.27793e-07 0)
(3.56918 -3.04746e-07 0)
(3.56918 -3.27295e-07 0)
(3.56918 -3.3627e-07 0)
(3.56918 -3.66136e-07 0)
(3.56918 -4.08374e-07 0)
(3.56918 -4.27012e-07 0)
(3.56918 -3.95919e-07 0)
(3.56918 -3.30972e-07 0)
(3.56918 -2.7521e-07 0)
(3.56918 -2.53619e-07 0)
(3.56918 -2.47392e-07 0)
(3.56918 -2.17304e-07 0)
(3.56918 -1.52424e-07 0)
(3.56918 -8.57202e-08 0)
(3.56918 -5.96292e-08 0)
(3.56918 -8.19895e-08 0)
(3.56918 -1.15804e-07 0)
(3.56918 -1.22153e-07 0)
(3.56918 -1.01666e-07 0)
(3.56917 -9.10075e-08 0)
(3.56917 -1.21676e-07 0)
(3.56917 -1.77028e-07 0)
(3.56917 -2.08952e-07 0)
(3.56917 -1.83344e-07 0)
(3.56917 -1.17448e-07 0)
(3.56917 -6.1289e-08 0)
(3.56917 -4.5467e-08 0)
(3.56917 -5.40635e-08 0)
(3.56917 -4.48821e-08 0)
(3.56917 1.85287e-09 0)
(3.56917 6.15461e-08 0)
(3.56917 9.49961e-08 0)
(3.56917 8.84751e-08 0)
(3.56917 6.98999e-08 0)
(3.56917 7.54095e-08 0)
(3.56917 1.05855e-07 0)
(3.56917 1.27023e-07 0)
(3.56918 1.09221e-07 0)
(3.56918 6.22203e-08 0)
(3.56918 2.81583e-08 0)
(3.56918 3.8051e-08 0)
(3.56918 8.04529e-08 0)
(3.56918 1.14061e-07 0)
(3.56918 1.12329e-07 0)
(3.56918 9.33212e-08 0)
(3.56918 9.70734e-08 0)
(3.56918 1.40076e-07 0)
(3.56918 1.9667e-07 0)
(3.56918 2.26644e-07 0)
(3.56918 2.14328e-07 0)
(3.56918 1.81783e-07 0)
(3.56918 1.65044e-07 0)
(3.56918 1.74159e-07 0)
(3.56918 1.79928e-07 0)
(3.56918 1.53188e-07 0)
(3.56918 9.8694e-08 0)
(3.56918 4.30275e-08 0)
(3.56918 6.45937e-09 0)
(3.56918 -1.42948e-08 0)
(3.56918 -4.58013e-08 0)
(3.56918 -1.07823e-07 0)
(3.56918 -1.78191e-07 0)
(3.56918 -2.15878e-07 0)
(3.56918 -2.14111e-07 0)
(3.56918 -1.99166e-07 0)
(3.56918 -1.95757e-07 0)
(3.56918 -2.09045e-07 0)
(3.56918 -2.23969e-07 0)
(3.56918 -2.17719e-07 0)
(3.56918 -1.88941e-07 0)
(3.56918 -1.59621e-07 0)
(3.56918 -1.5e-07 0)
(3.56918 -1.63652e-07 0)
(3.56918 -1.80214e-07 0)
(3.56918 -1.96346e-07 0)
(3.56918 -2.02325e-07 0)
(3.56918 -2.01021e-07 0)
(3.56918 -2.08856e-07 0)
(3.56918 -2.19475e-07 0)
(3.56918 -2.53941e-07 0)
(3.56918 -2.71266e-07 0)
(3.56918 -3.02675e-07 0)
(3.56918 -3.32184e-07 0)
(3.56918 -3.78602e-07 0)
(3.56918 -4.17323e-07 0)
(3.56918 -4.37083e-07 0)
(3.50615 2.25179e-06 0)
(3.50615 2.38483e-06 0)
(3.50615 2.83953e-06 0)
(3.50615 3.39487e-06 0)
(3.50615 3.97389e-06 0)
(3.50615 4.7508e-06 0)
(3.50615 5.32615e-06 0)
(3.50615 5.55685e-06 0)
(3.50615 5.46616e-06 0)
(3.50615 5.32565e-06 0)
(3.50615 5.1304e-06 0)
(3.50615 4.8295e-06 0)
(3.50614 4.40623e-06 0)
(3.50614 3.88514e-06 0)
(3.50614 3.31635e-06 0)
(3.50614 2.79226e-06 0)
(3.50614 2.39436e-06 0)
(3.50614 2.12243e-06 0)
(3.50614 1.92466e-06 0)
(3.50614 1.74593e-06 0)
(3.50614 1.54644e-06 0)
(3.50614 1.32374e-06 0)
(3.50614 1.11943e-06 0)
(3.50614 9.8928e-07 0)
(3.50614 9.56559e-07 0)
(3.50614 9.85607e-07 0)
(3.50614 1.00946e-06 0)
(3.50614 9.78752e-07 0)
(3.50614 8.8324e-07 0)
(3.50614 7.46205e-07 0)
(3.50614 6.08776e-07 0)
(3.50614 5.03746e-07 0)
(3.50614 4.40467e-07 0)
(3.50614 4.13777e-07 0)
(3.50614 4.19759e-07 0)
(3.50614 4.56636e-07 0)
(3.50614 5.10376e-07 0)
(3.50614 5.55777e-07 0)
(3.50614 5.74181e-07 0)
(3.50614 5.63212e-07 0)
(3.50614 5.33396e-07 0)
(3.50614 5.03095e-07 0)
(3.50614 4.87374e-07 0)
(3.50614 4.80903e-07 0)
(3.50614 4.62757e-07 0)
(3.50614 4.21636e-07 0)
(3.50614 3.71362e-07 0)
(3.50614 3.40416e-07 0)
(3.50614 3.46008e-07 0)
(3.50614 3.73911e-07 0)
(3.50614 3.86704e-07 0)
(3.50615 3.54233e-07 0)
(3.50615 2.82154e-07 0)
(3.50615 2.10654e-07 0)
(3.50615 1.7737e-07 0)
(3.50615 1.79045e-07 0)
(3.50615 1.78015e-07 0)
(3.50615 1.42674e-07 0)
(3.50615 7.77451e-08 0)
(3.50615 1.2601e-08 0)
(3.50615 -3.22698e-08 0)
(3.50615 -6.75846e-08 0)
(3.50615 -1.21555e-07 0)
(3.50615 -2.02846e-07 0)
(3.50615 -2.85538e-07 0)
(3.50615 -3.33893e-07 0)
(3.50615 -3.39878e-07 0)
(3.50615 -3.32697e-07 0)
(3.50615 -3.45653e-07 0)
(3.50614 -3.76629e-07 0)
(3.50614 -3.89e-07 0)
(3.50614 -3.50052e-07 0)
(3.50614 -2.667e-07 0)
(3.50614 -1.81905e-07 0)
(3.50614 -1.34575e-07 0)
(3.50614 -1.21162e-07 0)
(3.50614 -1.05062e-07 0)
(3.50614 -6.23783e-08 0)
(3.50614 -8.60536e-09 0)
(3.50614 1.77976e-08 0)
(3.50614 -6.48633e-10 0)
(3.50614 -4.02256e-08 0)
(3.50614 -6.08575e-08 0)
(3.50614 -4.83223e-08 0)
(3.50614 -2.85053e-08 0)
(3.50614 -3.59845e-08 0)
(3.50614 -7.22684e-08 0)
(3.50614 -9.98814e-08 0)
(3.50614 -8.54028e-08 0)
(3.50614 -3.47011e-08 0)
(3.50614 1.17827e-08 0)
(3.50614 1.99052e-08 0)
(3.50614 -2.96005e-09 0)
(3.50614 -1.78864e-08 0)
(3.50614 5.03303e-09 0)
(3.50614 5.34244e-08 0)
(3.50614 8.67771e-08 0)
(3.50614 7.87736e-08 0)
(3.50614 4.28324e-08 0)
(3.50614 1.45543e-08 0)
(3.50614 1.10864e-08 0)
(3.50614 1.53097e-08 0)
(3.50614 5.50267e-11 0)
(3.50614 -3.8276e-08 0)
(3.50614 -7.2275e-08 0)
(3.50614 -7.09834e-08 0)
(3.50614 -3.28433e-08 0)
(3.50614 1.21554e-08 0)
(3.50614 3.5332e-08 0)
(3.50614 3.9752e-08 0)
(3.50614 5.25597e-08 0)
(3.50614 9.03115e-08 0)
(3.50614 1.40954e-07 0)
(3.50614 1.73178e-07 0)
(3.50614 1.68148e-07 0)
(3.50614 1.42251e-07 0)
(3.50614 1.31131e-07 0)
(3.50614 1.48206e-07 0)
(3.50614 1.68679e-07 0)
(3.50614 1.58686e-07 0)
(3.50614 1.08133e-07 0)
(3.50614 3.62145e-08 0)
(3.50614 -2.49454e-08 0)
(3.50614 -5.80256e-08 0)
(3.50614 -7.92394e-08 0)
(3.50614 -1.11063e-07 0)
(3.50614 -1.45558e-07 0)
(3.50614 -1.5897e-07 0)
(3.50614 -1.4515e-07 0)
(3.50614 -1.21318e-07 0)
(3.50614 -1.06782e-07 0)
(3.50614 -1.08887e-07 0)
(3.50614 -1.13203e-07 0)
(3.50614 -1.02621e-07 0)
(3.50614 -8.37469e-08 0)
(3.50614 -7.50191e-08 0)
(3.50614 -9.86283e-08 0)
(3.50614 -1.39946e-07 0)
(3.50614 -1.75865e-07 0)
(3.50615 -1.8249e-07 0)
(3.50615 -1.59648e-07 0)
(3.50615 -1.44974e-07 0)
(3.50615 -1.27321e-07 0)
(3.50615 -1.58141e-07 0)
(3.50615 -2.00546e-07 0)
(3.50615 -2.55247e-07 0)
(3.50615 -2.82198e-07 0)
(3.50615 -2.79481e-07 0)
(3.50615 -2.26162e-07 0)
(3.50614 -1.96792e-07 0)
(3.31699 2.19808e-06 0)
(3.31699 2.32386e-06 0)
(3.31699 2.68659e-06 0)
(3.31699 3.25033e-06 0)
(3.31699 3.95804e-06 0)
(3.31699 4.78095e-06 0)
(3.31699 5.31636e-06 0)
(3.31699 5.60419e-06 0)
(3.31699 5.56814e-06 0)
(3.31699 5.40446e-06 0)
(3.31699 5.18232e-06 0)
(3.31699 4.83651e-06 0)
(3.31699 4.33612e-06 0)
(3.31699 3.75246e-06 0)
(3.31699 3.1904e-06 0)
(3.31699 2.71882e-06 0)
(3.31699 2.37025e-06 0)
(3.31699 2.11918e-06 0)
(3.31699 1.89805e-06 0)
(3.31699 1.65309e-06 0)
(3.31699 1.38175e-06 0)
(3.31699 1.13733e-06 0)
(3.31699 9.87715e-07 0)
(3.31699 9.57905e-07 0)
(3.31699 1.01107e-06 0)
(3.31699 1.07382e-06 0)
(3.31699 1.08487e-06 0)
(3.31699 1.03078e-06 0)
(3.31699 9.34414e-07 0)
(3.31699 8.17465e-07 0)
(3.31699 6.8904e-07 0)
(3.31699 5.61073e-07 0)
(3.31699 4.58894e-07 0)
(3.31699 4.08952e-07 0)
(3.31699 4.14532e-07 0)
(3.31699 4.45442e-07 0)
(3.31699 4.60108e-07 0)
(3.31699 4.38922e-07 0)
(3.31699 3.96318e-07 0)
(3.31699 3.61966e-07 0)
(3.31699 3.50552e-07 0)
(3.31699 3.5245e-07 0)
(3.31699 3.56474e-07 0)
(3.31699 3.64759e-07 0)
(3.31699 3.84409e-07 0)
(3.31699 4.10395e-07 0)
(3.31699 4.25655e-07 0)
(3.31699 4.14043e-07 0)
(3.31699 3.77717e-07 0)
(3.317 3.32228e-07 0)
(3.317 2.87904e-07 0)
(3.317 2.35245e-07 0)
(3.317 1.57691e-07 0)
(3.317 5.89875e-08 0)
(3.317 -2.85953e-08 0)
(3.317 -7.33199e-08 0)
(3.317 -7.6045e-08 0)
(3.317 -7.02497e-08 0)
(3.317 -8.89012e-08 0)
(3.317 -1.33233e-07 0)
(3.317 -1.76283e-07 0)
(3.317 -1.92639e-07 0)
(3.317 -1.8457e-07 0)
(3.317 -1.81263e-07 0)
(3.317 -2.04827e-07 0)
(3.317 -2.45627e-07 0)
(3.317 -2.73636e-07 0)
(3.31699 -2.71381e-07 0)
(3.31699 -2.52102e-07 0)
(3.31699 -2.41234e-07 0)
(3.31699 -2.45806e-07 0)
(3.31699 -2.433e-07 0)
(3.31699 -2.05882e-07 0)
(3.31699 -1.31797e-07 0)
(3.31699 -5.19645e-08 0)
(3.31699 -1.84141e-09 0)
(3.31699 1.36915e-08 0)
(3.31699 2.18056e-08 0)
(3.31699 4.87767e-08 0)
(3.31699 9.11329e-08 0)
(3.31699 1.197e-07 0)
(3.31699 1.12252e-07 0)
(3.31699 7.91653e-08 0)
(3.31699 5.37422e-08 0)
(3.31699 5.63069e-08 0)
(3.31699 7.08166e-08 0)
(3.31699 6.57025e-08 0)
(3.31699 2.74283e-08 0)
(3.31699 -2.21446e-08 0)
(3.31699 -4.73889e-08 0)
(3.31699 -3.75772e-08 0)
(3.31699 -1.68556e-08 0)
(3.31699 -1.58747e-08 0)
(3.31699 -4.02869e-08 0)
(3.31699 -6.42393e-08 0)
(3.31699 -6.13076e-08 0)
(3.31699 -3.49386e-08 0)
(3.31699 -1.6712e-08 0)
(3.31699 -3.40985e-08 0)
(3.31699 -8.10195e-08 0)
(3.31699 -1.2481e-07 0)
(3.31699 -1.39489e-07 0)
(3.31699 -1.29716e-07 0)
(3.31699 -1.22833e-07 0)
(3.31699 -1.36142e-07 0)
(3.31699 -1.56618e-07 0)
(3.31699 -1.5623e-07 0)
(3.31699 -1.22884e-07 0)
(3.31699 -7.39914e-08 0)
(3.31699 -3.58263e-08 0)
(3.31699 -1.53968e-08 0)
(3.31699 4.41873e-09 0)
(3.31699 4.39281e-08 0)
(3.31699 1.02416e-07 0)
(3.31699 1.54905e-07 0)
(3.31699 1.76679e-07 0)
(3.31699 1.72005e-07 0)
(3.31699 1.67535e-07 0)
(3.31699 1.75542e-07 0)
(3.31699 1.7982e-07 0)
(3.31699 1.55738e-07 0)
(3.31699 9.65374e-08 0)
(3.31699 2.23847e-08 0)
(3.31699 -3.09012e-08 0)
(3.31699 -4.54157e-08 0)
(3.31699 -4.03136e-08 0)
(3.31699 -4.26301e-08 0)
(3.31699 -5.50773e-08 0)
(3.31699 -6.14951e-08 0)
(3.31699 -4.95798e-08 0)
(3.31699 -2.19193e-08 0)
(3.31699 3.87051e-09 0)
(3.31699 1.42666e-08 0)
(3.31699 1.23024e-08 0)
(3.31699 3.86628e-09 0)
(3.31699 9.20385e-10 0)
(3.31699 -1.28067e-08 0)
(3.31699 -4.33383e-08 0)
(3.31699 -6.90501e-08 0)
(3.317 -7.12786e-08 0)
(3.317 -5.17998e-08 0)
(3.317 -5.12293e-08 0)
(3.317 -5.20319e-08 0)
(3.317 -6.7015e-08 0)
(3.317 -1.16481e-07 0)
(3.317 -1.698e-07 0)
(3.317 -1.80209e-07 0)
(3.317 -1.51237e-07 0)
(3.317 -5.00021e-08 0)
(3.317 2.68572e-08 0)
(3.00163 1.91648e-06 0)
(3.00163 2.03791e-06 0)
(3.00163 2.48417e-06 0)
(3.00163 3.1622e-06 0)
(3.00163 3.88698e-06 0)
(3.00163 4.57809e-06 0)
(3.00163 4.9305e-06 0)
(3.00163 5.13239e-06 0)
(3.00163 5.13955e-06 0)
(3.00163 4.97424e-06 0)
(3.00163 4.69487e-06 0)
(3.00163 4.31538e-06 0)
(3.00163 3.85043e-06 0)
(3.00163 3.34764e-06 0)
(3.00163 2.87763e-06 0)
(3.00163 2.47461e-06 0)
(3.00163 2.14411e-06 0)
(3.00163 1.8699e-06 0)
(3.00163 1.62041e-06 0)
(3.00163 1.37737e-06 0)
(3.00163 1.15529e-06 0)
(3.00164 9.99794e-07 0)
(3.00164 9.52516e-07 0)
(3.00164 1.00269e-06 0)
(3.00164 1.08266e-06 0)
(3.00164 1.1179e-06 0)
(3.00164 1.07661e-06 0)
(3.00164 9.79396e-07 0)
(3.00164 8.65339e-07 0)
(3.00164 7.51773e-07 0)
(3.00164 6.32548e-07 0)
(3.00164 5.06448e-07 0)
(3.00164 3.9539e-07 0)
(3.00164 3.33918e-07 0)
(3.00164 3.33037e-07 0)
(3.00164 3.58413e-07 0)
(3.00164 3.60177e-07 0)
(3.00164 3.19484e-07 0)
(3.00164 2.62447e-07 0)
(3.00164 2.33523e-07 0)
(3.00164 2.55974e-07 0)
(3.00164 3.14705e-07 0)
(3.00164 3.76716e-07 0)
(3.00164 4.22374e-07 0)
(3.00164 4.5511e-07 0)
(3.00164 4.83719e-07 0)
(3.00164 5.0106e-07 0)
(3.00164 4.84964e-07 0)
(3.00164 4.22143e-07 0)
(3.00164 3.24089e-07 0)
(3.00164 2.19888e-07 0)
(3.00164 1.34128e-07 0)
(3.00164 6.72201e-08 0)
(3.00164 3.43127e-09 0)
(3.00164 -6.49347e-08 0)
(3.00164 -1.24258e-07 0)
(3.00164 -1.53188e-07 0)
(3.00164 -1.47653e-07 0)
(3.00164 -1.31229e-07 0)
(3.00164 -1.30336e-07 0)
(3.00164 -1.48643e-07 0)
(3.00164 -1.66908e-07 0)
(3.00164 -1.63531e-07 0)
(3.00164 -1.39372e-07 0)
(3.00164 -1.19224e-07 0)
(3.00164 -1.28237e-07 0)
(3.00164 -1.64601e-07 0)
(3.00164 -2.01573e-07 0)
(3.00164 -2.1451e-07 0)
(3.00164 -2.03066e-07 0)
(3.00164 -1.87902e-07 0)
(3.00164 -1.82767e-07 0)
(3.00164 -1.78013e-07 0)
(3.00164 -1.51007e-07 0)
(3.00164 -9.21326e-08 0)
(3.00164 -2.00983e-08 0)
(3.00164 3.49371e-08 0)
(3.00164 6.18233e-08 0)
(3.00164 7.61487e-08 0)
(3.00164 1.01746e-07 0)
(3.00164 1.40679e-07 0)
(3.00164 1.70361e-07 0)
(3.00164 1.66993e-07 0)
(3.00164 1.31044e-07 0)
(3.00164 8.8697e-08 0)
(3.00164 6.12775e-08 0)
(3.00164 4.44331e-08 0)
(3.00164 1.53019e-08 0)
(3.00164 -3.95129e-08 0)
(3.00164 -1.05021e-07 0)
(3.00164 -1.49957e-07 0)
(3.00164 -1.56042e-07 0)
(3.00164 -1.37557e-07 0)
(3.00164 -1.23151e-07 0)
(3.00164 -1.26553e-07 0)
(3.00164 -1.3531e-07 0)
(3.00164 -1.29256e-07 0)
(3.00164 -1.0637e-07 0)
(3.00164 -8.76833e-08 0)
(3.00164 -9.49836e-08 0)
(3.00164 -1.25807e-07 0)
(3.00164 -1.53747e-07 0)
(3.00164 -1.56355e-07 0)
(3.00164 -1.3816e-07 0)
(3.00164 -1.23334e-07 0)
(3.00164 -1.29438e-07 0)
(3.00164 -1.48007e-07 0)
(3.00164 -1.54653e-07 0)
(3.00164 -1.34487e-07 0)
(3.00164 -9.56429e-08 0)
(3.00164 -5.86507e-08 0)
(3.00164 -3.16231e-08 0)
(3.00164 -2.50202e-09 0)
(3.00164 4.56098e-08 0)
(3.00164 1.12372e-07 0)
(3.00164 1.74529e-07 0)
(3.00164 2.05235e-07 0)
(3.00164 2.01387e-07 0)
(3.00164 1.82108e-07 0)
(3.00164 1.64128e-07 0)
(3.00164 1.47819e-07 0)
(3.00164 1.24409e-07 0)
(3.00164 8.8208e-08 0)
(3.00164 4.63892e-08 0)
(3.00164 1.80095e-08 0)
(3.00164 1.01938e-08 0)
(3.00164 9.27414e-09 0)
(3.00164 8.74526e-10 0)
(3.00164 -1.18496e-08 0)
(3.00164 -1.47164e-08 0)
(3.00164 -1.94861e-09 0)
(3.00164 1.58463e-08 0)
(3.00164 2.31379e-08 0)
(3.00164 1.79172e-08 0)
(3.00164 2.49881e-09 0)
(3.00164 -2.42458e-09 0)
(3.00164 1.42474e-09 0)
(3.00164 -9.94275e-09 0)
(3.00164 -3.14268e-08 0)
(3.00164 -5.56223e-08 0)
(3.00164 -6.40296e-08 0)
(3.00164 -7.68468e-08 0)
(3.00164 -9.37085e-08 0)
(3.00164 -7.88796e-08 0)
(3.00164 -8.30021e-08 0)
(3.00164 -7.67635e-08 0)
(3.00164 -4.11864e-08 0)
(3.00164 1.38182e-08 0)
(3.00164 1.18079e-07 0)
(3.00164 1.73747e-07 0)
(2.55992 1.53613e-06 0)
(2.55992 1.78535e-06 0)
(2.55992 2.2863e-06 0)
(2.55992 2.91101e-06 0)
(2.55992 3.39001e-06 0)
(2.55992 3.82807e-06 0)
(2.55992 4.02743e-06 0)
(2.55992 4.10077e-06 0)
(2.55992 4.08079e-06 0)
(2.55992 3.9394e-06 0)
(2.55993 3.66647e-06 0)
(2.55993 3.29004e-06 0)
(2.55993 2.88458e-06 0)
(2.55993 2.49916e-06 0)
(2.55993 2.15382e-06 0)
(2.55993 1.84852e-06 0)
(2.55993 1.5837e-06 0)
(2.55993 1.35838e-06 0)
(2.55993 1.16245e-06 0)
(2.55993 9.97447e-07 0)
(2.55993 8.84058e-07 0)
(2.55993 8.43616e-07 0)
(2.55993 8.76388e-07 0)
(2.55993 9.49168e-07 0)
(2.55993 1.00276e-06 0)
(2.55993 9.89456e-07 0)
(2.55993 9.0549e-07 0)
(2.55993 7.85589e-07 0)
(2.55993 6.65534e-07 0)
(2.55993 5.53477e-07 0)
(2.55993 4.42556e-07 0)
(2.55993 3.38334e-07 0)
(2.55993 2.58135e-07 0)
(2.55993 2.1677e-07 0)
(2.55994 2.10835e-07 0)
(2.55994 2.18062e-07 0)
(2.55994 2.13099e-07 0)
(2.55994 1.88808e-07 0)
(2.55994 1.65805e-07 0)
(2.55994 1.73672e-07 0)
(2.55994 2.26835e-07 0)
(2.55994 3.15232e-07 0)
(2.55994 4.13194e-07 0)
(2.55994 4.93566e-07 0)
(2.55994 5.39494e-07 0)
(2.55994 5.47833e-07 0)
(2.55994 5.22367e-07 0)
(2.55994 4.68099e-07 0)
(2.55994 3.84329e-07 0)
(2.55994 2.76769e-07 0)
(2.55994 1.62306e-07 0)
(2.55994 6.44895e-08 0)
(2.55994 -1.68669e-09 0)
(2.55994 -3.75411e-08 0)
(2.55994 -5.7162e-08 0)
(2.55994 -7.4366e-08 0)
(2.55994 -9.17004e-08 0)
(2.55994 -9.82253e-08 0)
(2.55994 -8.7658e-08 0)
(2.55994 -7.07496e-08 0)
(2.55994 -6.00263e-08 0)
(2.55994 -5.66739e-08 0)
(2.55994 -5.24687e-08 0)
(2.55994 -3.86984e-08 0)
(2.55994 -1.91612e-08 0)
(2.55994 -1.19696e-08 0)
(2.55994 -3.61541e-08 0)
(2.55994 -9.01905e-08 0)
(2.55994 -1.49958e-07 0)
(2.55994 -1.89014e-07 0)
(2.55994 -2.00805e-07 0)
(2.55994 -1.98593e-07 0)
(2.55994 -1.9383e-07 0)
(2.55994 -1.83361e-07 0)
(2.55994 -1.53e-07 0)
(2.55994 -9.73977e-08 0)
(2.55994 -3.10471e-08 0)
(2.55994 2.17067e-08 0)
(2.55994 4.85161e-08 0)
(2.55994 6.07568e-08 0)
(2.55994 7.73939e-08 0)
(2.55994 1.03123e-07 0)
(2.55994 1.22413e-07 0)
(2.55994 1.13081e-07 0)
(2.55994 7.14996e-08 0)
(2.55994 1.59801e-08 0)
(2.55994 -3.37816e-08 0)
(2.55994 -7.40977e-08 0)
(2.55994 -1.14616e-07 0)
(2.55994 -1.62892e-07 0)
(2.55994 -2.10529e-07 0)
(2.55994 -2.35259e-07 0)
(2.55994 -2.25787e-07 0)
(2.55994 -1.92479e-07 0)
(2.55994 -1.59112e-07 0)
(2.55994 -1.41071e-07 0)
(2.55994 -1.33354e-07 0)
(2.55994 -1.20116e-07 0)
(2.55994 -9.44879e-08 0)
(2.55994 -6.6846e-08 0)
(2.55994 -5.30867e-08 0)
(2.55994 -5.67451e-08 0)
(2.55994 -6.56836e-08 0)
(2.55994 -6.7155e-08 0)
(2.55994 -6.2401e-08 0)
(2.55994 -6.38283e-08 0)
(2.55994 -7.89245e-08 0)
(2.55994 -1.01593e-07 0)
(2.55994 -1.14934e-07 0)
(2.55994 -1.0448e-07 0)
(2.55993 -7.25431e-08 0)
(2.55993 -3.36062e-08 0)
(2.55993 2.57877e-09 0)
(2.55993 3.79525e-08 0)
(2.55993 7.96252e-08 0)
(2.55993 1.28218e-07 0)
(2.55993 1.69394e-07 0)
(2.55993 1.84576e-07 0)
(2.55993 1.71514e-07 0)
(2.55993 1.46646e-07 0)
(2.55993 1.27119e-07 0)
(2.55993 1.17982e-07 0)
(2.55993 1.1486e-07 0)
(2.55993 1.0624e-07 0)
(2.55993 8.58029e-08 0)
(2.55993 6.07399e-08 0)
(2.55993 4.35317e-08 0)
(2.55993 3.53313e-08 0)
(2.55993 2.84423e-08 0)
(2.55994 1.94378e-08 0)
(2.55994 9.03525e-09 0)
(2.55994 -3.9991e-09 0)
(2.55994 -2.46548e-08 0)
(2.55994 -3.92123e-08 0)
(2.55994 -4.15413e-08 0)
(2.55994 -3.75373e-08 0)
(2.55994 -3.33226e-08 0)
(2.55994 -4.4706e-08 0)
(2.55994 -6.38701e-08 0)
(2.55994 -1.00668e-07 0)
(2.55994 -1.31807e-07 0)
(2.55994 -1.47341e-07 0)
(2.55994 -1.42412e-07 0)
(2.55994 -9.60234e-08 0)
(2.55994 -6.70772e-08 0)
(2.55994 -1.58781e-08 0)
(2.55994 4.56799e-08 0)
(2.55994 1.11026e-07 0)
(2.55994 2.16556e-07 0)
(2.55994 2.64534e-07 0)
(1.99167 1.053e-06 0)
(1.99167 1.32576e-06 0)
(1.99168 1.72949e-06 0)
(1.99168 2.16808e-06 0)
(1.99168 2.37198e-06 0)
(1.99168 2.55656e-06 0)
(1.99168 2.67372e-06 0)
(1.99168 2.71071e-06 0)
(1.99168 2.65662e-06 0)
(1.99168 2.50579e-06 0)
(1.99169 2.27947e-06 0)
(1.99169 1.99892e-06 0)
(1.99169 1.71854e-06 0)
(1.99169 1.4719e-06 0)
(1.99169 1.2543e-06 0)
(1.99169 1.05208e-06 0)
(1.99169 8.7067e-07 0)
(1.99169 7.26738e-07 0)
(1.99169 6.22565e-07 0)
(1.99169 5.57335e-07 0)
(1.99169 5.41268e-07 0)
(1.99169 5.76097e-07 0)
(1.99169 6.3795e-07 0)
(1.99169 6.92711e-07 0)
(1.99169 7.16963e-07 0)
(1.9917 7.01721e-07 0)
(1.9917 6.48705e-07 0)
(1.9917 5.6793e-07 0)
(1.9917 4.7109e-07 0)
(1.9917 3.64553e-07 0)
(1.9917 2.54864e-07 0)
(1.9917 1.62153e-07 0)
(1.9917 1.06204e-07 0)
(1.9917 8.01584e-08 0)
(1.9917 5.81286e-08 0)
(1.9917 2.52506e-08 0)
(1.9917 -1.2427e-08 0)
(1.9917 -3.94487e-08 0)
(1.9917 -3.89585e-08 0)
(1.9917 -1.57414e-09 0)
(1.9917 7.05564e-08 0)
(1.9917 1.65322e-07 0)
(1.9917 2.66345e-07 0)
(1.9917 3.54119e-07 0)
(1.9917 4.0684e-07 0)
(1.9917 4.09669e-07 0)
(1.9917 3.66006e-07 0)
(1.9917 2.95585e-07 0)
(1.9917 2.13965e-07 0)
(1.9917 1.2705e-07 0)
(1.9917 3.85551e-08 0)
(1.9917 -4.0572e-08 0)
(1.9917 -9.43471e-08 0)
(1.9917 -1.13287e-07 0)
(1.9917 -1.02854e-07 0)
(1.9917 -8.24412e-08 0)
(1.9917 -7.27897e-08 0)
(1.9917 -7.78425e-08 0)
(1.9917 -8.0774e-08 0)
(1.9917 -6.68721e-08 0)
(1.9917 -3.71761e-08 0)
(1.9917 -2.20149e-09 0)
(1.9917 2.9517e-08 0)
(1.9917 5.68427e-08 0)
(1.9917 8.05515e-08 0)
(1.9917 9.69787e-08 0)
(1.9917 9.33697e-08 0)
(1.9917 6.0521e-08 0)
(1.9917 4.54378e-09 0)
(1.9917 -5.21737e-08 0)
(1.9917 -8.68015e-08 0)
(1.9917 -9.42684e-08 0)
(1.9917 -8.53685e-08 0)
(1.9917 -7.35786e-08 0)
(1.9917 -6.17873e-08 0)
(1.9917 -4.20664e-08 0)
(1.9917 -9.41778e-09 0)
(1.9917 2.7757e-08 0)
(1.9917 5.36766e-08 0)
(1.9917 6.07759e-08 0)
(1.9917 5.72245e-08 0)
(1.9917 5.68081e-08 0)
(1.9917 6.38186e-08 0)
(1.9917 6.45575e-08 0)
(1.9917 4.00299e-08 0)
(1.9917 -1.16926e-08 0)
(1.9917 -7.39978e-08 0)
(1.9917 -1.27303e-07 0)
(1.9917 -1.63719e-07 0)
(1.9917 -1.89548e-07 0)
(1.9917 -2.14089e-07 0)
(1.9917 -2.37038e-07 0)
(1.9917 -2.47903e-07 0)
(1.9917 -2.38813e-07 0)
(1.9917 -2.15333e-07 0)
(1.9917 -1.93799e-07 0)
(1.9917 -1.85586e-07 0)
(1.9917 -1.85203e-07 0)
(1.9917 -1.76345e-07 0)
(1.9917 -1.49817e-07 0)
(1.9917 -1.14388e-07 0)
(1.9917 -8.93744e-08 0)
(1.9917 -8.48938e-08 0)
(1.9917 -9.35981e-08 0)
(1.9917 -1.0247e-07 0)
(1.9917 -1.03583e-07 0)
(1.9917 -9.8785e-08 0)
(1.9917 -9.48505e-08 0)
(1.9917 -9.17483e-08 0)
(1.9917 -7.81882e-08 0)
(1.9917 -4.33694e-08 0)
(1.9917 7.24299e-09 0)
(1.9917 5.78774e-08 0)
(1.9917 9.83369e-08 0)
(1.9917 1.27116e-07 0)
(1.9917 1.50126e-07 0)
(1.9917 1.72384e-07 0)
(1.9917 1.87027e-07 0)
(1.9917 1.82821e-07 0)
(1.9917 1.64983e-07 0)
(1.9917 1.50846e-07 0)
(1.9917 1.49862e-07 0)
(1.9917 1.60485e-07 0)
(1.9917 1.73893e-07 0)
(1.9917 1.75035e-07 0)
(1.9917 1.54831e-07 0)
(1.9917 1.27921e-07 0)
(1.9917 1.15191e-07 0)
(1.9917 1.11734e-07 0)
(1.9917 9.80567e-08 0)
(1.9917 7.04616e-08 0)
(1.9917 4.33155e-08 0)
(1.9917 1.85299e-08 0)
(1.9917 5.97595e-09 0)
(1.9917 1.7931e-08 0)
(1.9917 3.38874e-08 0)
(1.9917 3.75708e-08 0)
(1.9917 2.58212e-08 0)
(1.9917 1.57829e-08 0)
(1.9917 -1.32119e-08 0)
(1.9917 -5.31642e-08 0)
(1.9917 -8.09512e-08 0)
(1.9917 -7.67909e-08 0)
(1.9917 -1.89076e-08 0)
(1.9917 3.24574e-08 0)
(1.9917 8.56e-08 0)
(1.9917 1.17927e-07 0)
(1.9917 1.50152e-07 0)
(1.9917 1.9149e-07 0)
(1.9917 1.95834e-07 0)
(1.29667 5.63412e-07 0)
(1.29667 6.95759e-07 0)
(1.29667 8.35331e-07 0)
(1.29668 1.01942e-06 0)
(1.29668 1.06027e-06 0)
(1.29668 1.0782e-06 0)
(1.29668 1.11627e-06 0)
(1.29668 1.16242e-06 0)
(1.29668 1.15392e-06 0)
(1.29668 1.04884e-06 0)
(1.29668 8.96001e-07 0)
(1.29669 7.39384e-07 0)
(1.29669 6.02784e-07 0)
(1.29669 4.88978e-07 0)
(1.29669 3.84678e-07 0)
(1.29669 2.84487e-07 0)
(1.29669 2.02826e-07 0)
(1.29669 1.63345e-07 0)
(1.29669 1.67188e-07 0)
(1.29669 1.93606e-07 0)
(1.29669 2.3084e-07 0)
(1.29669 2.8042e-07 0)
(1.29669 3.33414e-07 0)
(1.29669 3.68535e-07 0)
(1.29669 3.76383e-07 0)
(1.29669 3.6314e-07 0)
(1.29669 3.35878e-07 0)
(1.29669 2.92895e-07 0)
(1.29669 2.29934e-07 0)
(1.29669 1.53953e-07 0)
(1.29669 7.96419e-08 0)
(1.29669 2.36871e-08 0)
(1.29669 -2.11844e-09 0)
(1.29669 -1.00545e-08 0)
(1.29669 -2.66548e-08 0)
(1.29669 -6.28795e-08 0)
(1.29669 -1.00279e-07 0)
(1.29669 -1.11686e-07 0)
(1.29669 -8.62871e-08 0)
(1.29669 -3.36845e-08 0)
(1.29669 2.86247e-08 0)
(1.29669 8.8571e-08 0)
(1.29669 1.41177e-07 0)
(1.29669 1.84079e-07 0)
(1.29669 2.09992e-07 0)
(1.29669 2.06665e-07 0)
(1.29669 1.70357e-07 0)
(1.29669 1.13835e-07 0)
(1.29669 5.85993e-08 0)
(1.29669 1.6084e-08 0)
(1.29669 -1.73348e-08 0)
(1.29669 -4.70784e-08 0)
(1.29669 -6.81022e-08 0)
(1.29669 -7.0597e-08 0)
(1.29669 -5.30648e-08 0)
(1.29669 -2.49704e-08 0)
(1.29669 -2.04628e-09 0)
(1.29669 2.20514e-09 0)
(1.29669 -7.95289e-09 0)
(1.29669 -1.23397e-08 0)
(1.29669 1.32765e-09 0)
(1.29669 2.77982e-08 0)
(1.29669 5.40124e-08 0)
(1.29669 6.98045e-08 0)
(1.29669 7.31556e-08 0)
(1.29669 6.92219e-08 0)
(1.29669 6.18431e-08 0)
(1.29669 4.76734e-08 0)
(1.29669 2.0336e-08 0)
(1.29669 -1.72658e-08 0)
(1.29669 -4.95762e-08 0)
(1.29669 -6.08996e-08 0)
(1.29669 -5.10883e-08 0)
(1.29669 -3.21755e-08 0)
(1.29669 -1.80766e-08 0)
(1.29669 -1.14977e-08 0)
(1.29669 -4.4939e-09 0)
(1.29669 9.66995e-09 0)
(1.29669 2.82504e-08 0)
(1.29669 4.03243e-08 0)
(1.29669 3.83585e-08 0)
(1.29669 2.50687e-08 0)
(1.29669 9.96504e-09 0)
(1.29669 -1.46624e-09 0)
(1.29669 -1.62541e-08 0)
(1.29669 -4.37506e-08 0)
(1.29669 -8.33911e-08 0)
(1.29669 -1.22328e-07 0)
(1.29669 -1.46233e-07 0)
(1.29669 -1.52202e-07 0)
(1.29669 -1.48408e-07 0)
(1.29669 -1.46723e-07 0)
(1.29669 -1.50166e-07 0)
(1.29669 -1.5218e-07 0)
(1.29669 -1.45749e-07 0)
(1.29669 -1.32599e-07 0)
(1.29669 -1.22013e-07 0)
(1.29669 -1.1958e-07 0)
(1.29669 -1.1901e-07 0)
(1.29669 -1.08923e-07 0)
(1.29669 -8.54538e-08 0)
(1.29669 -6.02649e-08 0)
(1.29669 -5.14347e-08 0)
(1.29669 -6.40788e-08 0)
(1.29669 -8.65913e-08 0)
(1.29669 -1.00818e-07 0)
(1.29669 -9.5796e-08 0)
(1.29669 -7.48637e-08 0)
(1.29669 -5.09329e-08 0)
(1.29669 -3.17924e-08 0)
(1.29669 -1.06377e-08 0)
(1.29669 2.13491e-08 0)
(1.29669 6.03874e-08 0)
(1.29669 9.54267e-08 0)
(1.29669 1.17286e-07 0)
(1.29669 1.23869e-07 0)
(1.29669 1.23441e-07 0)
(1.29669 1.26677e-07 0)
(1.29669 1.32547e-07 0)
(1.29669 1.34514e-07 0)
(1.29669 1.36153e-07 0)
(1.29669 1.43836e-07 0)
(1.29669 1.55341e-07 0)
(1.29669 1.66303e-07 0)
(1.29669 1.72296e-07 0)
(1.29669 1.64033e-07 0)
(1.29669 1.4049e-07 0)
(1.29669 1.20708e-07 0)
(1.29669 1.14131e-07 0)
(1.29669 1.04554e-07 0)
(1.29669 7.9008e-08 0)
(1.29669 5.42182e-08 0)
(1.29669 4.2048e-08 0)
(1.29669 3.61992e-08 0)
(1.29669 4.5731e-08 0)
(1.29669 5.92066e-08 0)
(1.29669 6.16711e-08 0)
(1.29669 4.83845e-08 0)
(1.29669 3.36508e-08 0)
(1.29669 1.18632e-08 0)
(1.29669 -2.38114e-08 0)
(1.2967 -2.47655e-08 0)
(1.2967 3.5462e-09 0)
(1.2967 4.0241e-08 0)
(1.2967 6.82983e-08 0)
(1.2967 8.96042e-08 0)
(1.2967 7.97918e-08 0)
(1.2967 8.04255e-08 0)
(1.2967 8.3369e-08 0)
(1.2967 4.97003e-08 0)
(0.474655 1.56701e-07 0)
(0.474655 2.16795e-07 0)
(0.474656 2.18227e-07 0)
(0.474656 2.12144e-07 0)
(0.474657 1.94483e-07 0)
(0.474658 1.78258e-07 0)
(0.474658 1.73512e-07 0)
(0.474659 1.86088e-07 0)
(0.47466 1.90753e-07 0)
(0.474661 1.62907e-07 0)
(0.474661 1.18187e-07 0)
(0.474662 7.58413e-08 0)
(0.474662 3.93978e-08 0)
(0.474662 6.76618e-09 0)
(0.474662 -2.05102e-08 0)
(0.474662 -3.63578e-08 0)
(0.474662 -3.53592e-08 0)
(0.474662 -1.60228e-08 0)
(0.474663 1.41261e-08 0)
(0.474663 4.14507e-08 0)
(0.474663 5.94089e-08 0)
(0.474664 7.27687e-08 0)
(0.474664 8.48764e-08 0)
(0.474664 9.04101e-08 0)
(0.474664 8.57119e-08 0)
(0.474665 7.30818e-08 0)
(0.474665 5.83082e-08 0)
(0.474665 4.41154e-08 0)
(0.474665 2.86044e-08 0)
(0.474665 1.22737e-08 0)
(0.474665 -2.56936e-09 0)
(0.474665 -1.3523e-08 0)
(0.474665 -1.77216e-08 0)
(0.474665 -1.80888e-08 0)
(0.474665 -2.08178e-08 0)
(0.474665 -2.89446e-08 0)
(0.474665 -3.60117e-08 0)
(0.474665 -3.23353e-08 0)
(0.474665 -1.51082e-08 0)
(0.474665 8.56542e-09 0)
(0.474665 2.85542e-08 0)
(0.474666 4.06711e-08 0)
(0.474666 4.62558e-08 0)
(0.474666 4.94681e-08 0)
(0.474666 5.26849e-08 0)
(0.474666 5.15184e-08 0)
(0.474666 4.13492e-08 0)
(0.474666 2.321e-08 0)
(0.474666 6.63777e-09 0)
(0.474666 -3.12431e-10 0)
(0.474666 1.99896e-09 0)
(0.474666 6.5247e-09 0)
(0.474666 8.94683e-09 0)
(0.474666 1.10956e-08 0)
(0.474666 1.68969e-08 0)
(0.474666 2.86083e-08 0)
(0.474666 4.24788e-08 0)
(0.474666 5.0512e-08 0)
(0.474666 4.77002e-08 0)
(0.474666 3.92865e-08 0)
(0.474666 3.39496e-08 0)
(0.474666 3.46523e-08 0)
(0.474666 3.66505e-08 0)
(0.474666 3.29475e-08 0)
(0.474666 2.11653e-08 0)
(0.474666 5.72252e-09 0)
(0.474666 -6.08165e-09 0)
(0.474666 -1.1794e-08 0)
(0.474666 -1.57888e-08 0)
(0.474666 -2.39232e-08 0)
(0.474666 -3.51765e-08 0)
(0.474666 -4.16607e-08 0)
(0.474666 -3.89777e-08 0)
(0.474666 -2.80757e-08 0)
(0.474666 -1.63363e-08 0)
(0.474666 -9.7898e-09 0)
(0.474666 -7.36921e-09 0)
(0.474666 -4.55394e-09 0)
(0.474666 1.14062e-09 0)
(0.474666 6.62962e-09 0)
(0.474666 5.7033e-09 0)
(0.474666 -4.59233e-09 0)
(0.474666 -2.03843e-08 0)
(0.474666 -3.33042e-08 0)
(0.474666 -3.9518e-08 0)
(0.474666 -4.28636e-08 0)
(0.474665 -4.98295e-08 0)
(0.474665 -6.03466e-08 0)
(0.474665 -6.78436e-08 0)
(0.474665 -6.70425e-08 0)
(0.474665 -5.75707e-08 0)
(0.474665 -4.55622e-08 0)
(0.474665 -3.70385e-08 0)
(0.474665 -3.29082e-08 0)
(0.474665 -2.915e-08 0)
(0.474665 -2.19217e-08 0)
(0.474665 -1.2408e-08 0)
(0.474664 -5.86102e-09 0)
(0.474664 -4.49325e-09 0)
(0.474664 -4.66674e-09 0)
(0.474664 -1.12252e-09 0)
(0.474664 6.00715e-09 0)
(0.474664 1.02715e-08 0)
(0.474664 6.15768e-09 0)
(0.474664 -5.55882e-09 0)
(0.474663 -1.74344e-08 0)
(0.474663 -2.15044e-08 0)
(0.474663 -1.61378e-08 0)
(0.474663 -7.77819e-09 0)
(0.474663 -3.71815e-09 0)
(0.474663 -3.65173e-09 0)
(0.474663 -1.66701e-11 0)
(0.474663 1.10884e-08 0)
(0.474663 2.50817e-08 0)
(0.474663 3.40718e-08 0)
(0.474663 3.43387e-08 0)
(0.474663 2.98278e-08 0)
(0.474663 2.89356e-08 0)
(0.474663 3.51474e-08 0)
(0.474664 4.442e-08 0)
(0.474664 5.2684e-08 0)
(0.474664 5.89444e-08 0)
(0.474664 6.20459e-08 0)
(0.474664 6.33472e-08 0)
(0.474664 6.49953e-08 0)
(0.474664 6.45596e-08 0)
(0.474665 5.59136e-08 0)
(0.474665 4.392e-08 0)
(0.474665 3.74799e-08 0)
(0.474665 3.45319e-08 0)
(0.474665 2.65822e-08 0)
(0.474665 1.65098e-08 0)
(0.474666 1.04338e-08 0)
(0.474666 4.63577e-09 0)
(0.474666 3.08533e-09 0)
(0.474666 6.69643e-09 0)
(0.474666 6.8239e-09 0)
(0.474666 -3.96514e-10 0)
(0.474666 -1.15409e-08 0)
(0.474666 -2.44757e-08 0)
(0.474667 -3.69046e-08 0)
(0.474667 -2.30347e-08 0)
(0.474667 1.53361e-08 0)
(0.474667 3.32516e-08 0)
(0.474667 2.89435e-08 0)
(0.474667 2.4212e-08 0)
(0.474667 1.00389e-08 0)
(0.474667 6.48705e-09 0)
(0.474667 1.59452e-08 0)
(0.474667 -5.08389e-09 0)
)
;

boundaryField
{
    inlet
    {
        type            zeroGradient;
    }
    outlet
    {
        type            zeroGradient;
    }
    walls
    {
        type            noSlip;
    }
    frontAndBack
    {
        type            empty;
    }
}


// ************************************************************************* //
