/*--------------------------------*- C++ -*----------------------------------*\
| =========                 |                                                 |
| \\      /  F ield         | OpenFOAM: The Open Source CFD Toolbox           |
|  \\    /   O peration     | Version:  2406                                  |
|   \\  /    A nd           | Website:  www.openfoam.com                      |
|    \\/     M anipulation  |                                                 |
\*---------------------------------------------------------------------------*/
FoamFile
{
    version     2.0;
    format      ascii;
    arch        "LSB;label=32;scalar=64";
    class       volScalarField;
    location    "500";
    object      alphat;
}
// * * * * * * * * * * * * * * * * * * * * * * * * * * * * * * * * * * * * * //

dimensions      [0 2 -1 0 0 0 0];

internalField   nonuniform List<scalar> 
5619
(
6.08045e-05
6.25103e-05
6.41737e-05
6.58467e-05
6.74638e-05
6.90207e-05
7.05128e-05
7.19513e-05
7.33555e-05
7.47503e-05
7.61614e-05
7.76117e-05
7.91181e-05
8.0691e-05
8.23344e-05
8.40479e-05
8.58278e-05
8.76687e-05
8.95647e-05
9.15098e-05
9.34982e-05
9.55243e-05
9.75831e-05
9.96694e-05
0.000101779
0.000103906
0.000106048
0.000108201
0.000110361
0.000112527
0.000114697
0.00011687
0.000119048
0.00012123
0.000123419
0.000125617
0.000127828
0.000130053
0.000132295
0.000134555
0.000136834
0.000139131
0.000141443
0.000143767
0.000146098
0.000148429
0.000150753
0.000153062
0.000155347
0.000157598
0.000159808
0.000161968
0.000164073
0.000166116
0.000168096
0.000170014
0.000171875
0.000173691
0.000175482
0.000177232
0.00017889
0.000180446
0.000181894
0.000183225
0.000184428
0.000185493
0.000186405
0.000187145
0.00018769
0.000188009
0.000188066
0.000187808
0.000187171
0.000186065
0.000184373
0.000181932
0.000178518
0.000173819
0.000167389
0.000158594
0.000146516
0.000129872
0.000107061
7.72465e-05
4.57463e-05
3.3388e-05
3.39872e-05
3.44921e-05
3.47279e-05
3.48881e-05
3.4994e-05
3.50562e-05
3.50824e-05
3.50784e-05
3.50489e-05
3.49976e-05
3.49271e-05
3.48397e-05
3.47372e-05
3.46209e-05
3.44917e-05
3.43357e-05
3.41491e-05
3.39284e-05
3.36699e-05
3.33706e-05
3.30392e-05
3.26824e-05
3.23034e-05
3.19063e-05
3.14957e-05
3.10772e-05
3.06565e-05
3.02396e-05
2.9832e-05
2.9439e-05
2.90647e-05
2.87125e-05
2.83848e-05
2.80829e-05
2.7807e-05
2.75568e-05
2.73311e-05
2.71285e-05
2.69473e-05
2.67855e-05
2.66414e-05
2.65132e-05
2.63994e-05
2.62878e-05
2.61778e-05
2.60687e-05
2.596e-05
2.58512e-05
2.57419e-05
2.56316e-05
2.55198e-05
2.54063e-05
2.52908e-05
2.51729e-05
2.50524e-05
2.4929e-05
2.48027e-05
2.46733e-05
2.45408e-05
2.44052e-05
2.42666e-05
2.41253e-05
2.39814e-05
2.38353e-05
2.36875e-05
2.35386e-05
2.33892e-05
2.32403e-05
2.30927e-05
2.29474e-05
2.28055e-05
2.26682e-05
2.25366e-05
2.2412e-05
2.22956e-05
2.21884e-05
2.20916e-05
2.20058e-05
2.19318e-05
2.18699e-05
2.18203e-05
2.17829e-05
2.17573e-05
2.1743e-05
2.17391e-05
2.17448e-05
2.17591e-05
2.17809e-05
2.18094e-05
2.18447e-05
2.18885e-05
2.19462e-05
2.20287e-05
2.21553e-05
2.23556e-05
2.26661e-05
2.31177e-05
2.37046e-05
2.43128e-05
2.45255e-05
2.30393e-05
0.00028454
0.000297232
0.000313095
0.000329075
0.00034555
0.000362345
0.000379453
0.000396819
0.000414416
0.000432241
0.000450326
0.000468736
0.000487546
0.000506823
0.000526609
0.000546913
0.000567712
0.000588953
0.000610566
0.000632467
0.000654562
0.000676756
0.00069895
0.000721045
0.000742942
0.000764543
0.000785756
0.000806493
0.000826674
0.000846232
0.000865114
0.000883284
0.000900728
0.000917453
0.000933492
0.0009489
0.00096376
0.000978174
0.000992266
0.00100617
0.00102005
0.00103405
0.00104833
0.00106306
0.00107839
0.00109446
0.00111141
0.00112934
0.00114837
0.00116856
0.00118998
0.00121265
0.00123656
0.00126168
0.00128792
0.00131516
0.00134321
0.00137184
0.00140075
0.00142993
0.00145988
0.00149046
0.00152157
0.0015531
0.0015849
0.00161685
0.00164875
0.0016804
0.00171155
0.00174188
0.00177102
0.00179847
0.0018236
0.00184557
0.00186323
0.00187501
0.0018787
0.00187117
0.00184787
0.00180224
0.0017246
0.0016008
0.0014105
0.00112728
0.000733748
0.000297532
6.41261e-05
2.71065e-05
2.5409e-05
2.54326e-05
2.56351e-05
2.59308e-05
2.62913e-05
2.66976e-05
2.71336e-05
2.7585e-05
2.80409e-05
2.84922e-05
2.89322e-05
2.93558e-05
2.97598e-05
3.01799e-05
3.06088e-05
3.10345e-05
3.14397e-05
3.17992e-05
3.21366e-05
3.25096e-05
3.29165e-05
3.33545e-05
3.38198e-05
3.43075e-05
3.48122e-05
3.53283e-05
3.58497e-05
3.63705e-05
3.68849e-05
3.73871e-05
3.78724e-05
3.83362e-05
3.87753e-05
3.9187e-05
3.95701e-05
3.99237e-05
4.02482e-05
4.05441e-05
4.08127e-05
4.10552e-05
4.12732e-05
4.14903e-05
4.17075e-05
4.19261e-05
4.21469e-05
4.23709e-05
4.25992e-05
4.28327e-05
4.30722e-05
4.33188e-05
4.35731e-05
4.38359e-05
4.4108e-05
4.43899e-05
4.46822e-05
4.49852e-05
4.52993e-05
4.56246e-05
4.59607e-05
4.63075e-05
4.66641e-05
4.70297e-05
4.74029e-05
4.77819e-05
4.81645e-05
4.85481e-05
4.89293e-05
4.93044e-05
4.96692e-05
5.00189e-05
5.03484e-05
5.06522e-05
5.09244e-05
5.11591e-05
5.13502e-05
5.14916e-05
5.15773e-05
5.16012e-05
5.15569e-05
5.14377e-05
5.12354e-05
5.09402e-05
5.05385e-05
5.00139e-05
4.94024e-05
4.8671e-05
4.77774e-05
4.6665e-05
4.52624e-05
4.3487e-05
4.12604e-05
3.85416e-05
3.53839e-05
3.20048e-05
2.88364e-05
2.65326e-05
2.60331e-05
2.91792e-05
4.27104e-05
0.000788894
0.000826638
0.000871805
0.000916772
0.000962317
0.00100805
0.00105398
0.00109999
0.00114604
0.00119213
0.00123838
0.00128499
0.0013322
0.00138024
0.00142927
0.00147934
0.00153042
0.00158241
0.00163515
0.00168844
0.00174207
0.00179581
0.00184944
0.00190271
0.0019554
0.00200728
0.00205812
0.00210772
0.0021559
0.00220249
0.00224737
0.00229047
0.00233177
0.00237131
0.00240922
0.00244566
0.00248087
0.00251517
0.00254889
0.00258242
0.00261616
0.00265052
0.00268591
0.00272269
0.00276121
0.00280176
0.0028446
0.0028899
0.00293779
0.00298834
0.00304152
0.00309726
0.0031554
0.00321572
0.00327794
0.00334171
0.00340663
0.0034723
0.00353831
0.00360504
0.00367219
0.00373922
0.00380564
0.00387095
0.00393459
0.00399595
0.00405434
0.00410894
0.00415885
0.00420298
0.00424005
0.00426849
0.00428639
0.00429137
0.00428041
0.00424963
0.00419402
0.00410709
0.00398042
0.00380326
0.00356227
0.00324169
0.00282521
0.00230188
0.00168023
0.00101249
0.000423273
0.000106769
4.04627e-05
3.74616e-05
3.98356e-05
4.25453e-05
4.52978e-05
4.80047e-05
5.06031e-05
5.30425e-05
5.52846e-05
5.73049e-05
5.90924e-05
6.06473e-05
6.19789e-05
6.32105e-05
6.43022e-05
6.52077e-05
6.58788e-05
6.62969e-05
6.66254e-05
6.68532e-05
6.6967e-05
6.696e-05
6.68335e-05
6.65983e-05
6.62737e-05
6.58851e-05
6.54614e-05
6.50307e-05
6.46176e-05
6.42408e-05
6.39126e-05
6.3639e-05
6.34209e-05
6.32552e-05
6.31363e-05
6.30576e-05
6.30116e-05
6.29917e-05
6.29918e-05
6.30058e-05
6.30298e-05
6.30638e-05
6.31067e-05
6.31584e-05
6.32182e-05
6.32861e-05
6.33618e-05
6.34453e-05
6.35367e-05
6.36361e-05
6.37436e-05
6.38594e-05
6.39837e-05
6.41167e-05
6.42586e-05
6.44095e-05
6.45695e-05
6.47384e-05
6.49158e-05
6.51014e-05
6.52942e-05
6.54931e-05
6.56964e-05
6.59018e-05
6.61067e-05
6.63072e-05
6.64992e-05
6.66771e-05
6.6835e-05
6.69656e-05
6.70608e-05
6.71116e-05
6.71084e-05
6.70406e-05
6.68974e-05
6.66677e-05
6.63404e-05
6.59047e-05
6.53502e-05
6.4667e-05
6.38464e-05
6.2881e-05
6.17651e-05
6.05346e-05
5.92133e-05
5.78016e-05
5.63109e-05
5.47693e-05
5.32308e-05
5.17877e-05
5.0587e-05
4.98481e-05
4.98825e-05
5.11195e-05
5.41716e-05
6.0049e-05
7.08365e-05
9.19076e-05
0.000143291
0.00155578
0.00162562
0.00170777
0.00178888
0.00186979
0.00194963
0.00202831
0.00210563
0.00218164
0.00225658
0.00233093
0.00240531
0.00248037
0.00255665
0.00263452
0.00271413
0.00279546
0.00287832
0.00296241
0.00304741
0.00313295
0.00321863
0.00330409
0.00338893
0.00347277
0.00355524
0.00363601
0.00371473
0.00379112
0.00386497
0.0039361
0.00400445
0.00407005
0.00413303
0.00419363
0.0042522
0.0043092
0.00436517
0.00442071
0.00447646
0.00453306
0.00459117
0.00465137
0.0047142
0.00478011
0.00484946
0.0049225
0.00499936
0.00508007
0.00516454
0.00525256
0.00534383
0.00543795
0.00553443
0.00563272
0.00573223
0.00583231
0.00593232
0.00603157
0.00613006
0.00622671
0.00632023
0.00640955
0.0064936
0.00657124
0.00664123
0.00670223
0.00675272
0.00679102
0.00681523
0.00682315
0.00681225
0.00677955
0.0067215
0.00663393
0.00651182
0.0063493
0.00613953
0.00587488
0.00554734
0.00514943
0.0046758
0.00412537
0.00350307
0.00281987
0.00209217
0.00135041
0.00067246
0.000225674
9.74438e-05
0.000102339
0.000113378
0.000121177
0.000127597
0.000132975
0.000137478
0.000141222
0.000144311
0.000146839
0.000148883
0.000150509
0.000151885
0.000152956
0.000153657
0.000153918
0.000153751
0.000153165
0.000152093
0.000150477
0.000148283
0.000145513
0.00014221
0.000138465
0.000134401
0.000130166
0.000125913
0.00012178
0.000117877
0.000114284
0.000111044
0.000108175
0.00010567
0.000103508
0.000101659
0.000100089
9.87617e-05
9.76445e-05
9.67042e-05
9.59128e-05
9.5179e-05
9.44931e-05
9.38493e-05
9.32419e-05
9.26661e-05
9.21175e-05
9.15926e-05
9.10882e-05
9.06017e-05
9.01308e-05
8.96739e-05
8.92296e-05
8.87968e-05
8.83748e-05
8.79633e-05
8.7562e-05
8.71711e-05
8.67907e-05
8.64212e-05
8.60629e-05
8.57161e-05
8.53811e-05
8.50578e-05
8.47458e-05
8.44444e-05
8.41521e-05
8.38671e-05
8.3587e-05
8.33089e-05
8.30295e-05
8.27452e-05
8.24526e-05
8.21487e-05
8.18317e-05
8.15013e-05
8.11595e-05
8.08115e-05
8.04662e-05
8.01372e-05
7.98432e-05
7.96094e-05
7.94689e-05
7.95551e-05
7.99188e-05
8.06366e-05
8.18095e-05
8.35682e-05
8.60793e-05
8.95517e-05
9.42431e-05
0.000100468
0.000108618
0.000119225
0.000133138
0.000151976
0.000179251
0.000223395
0.000309453
0.00251562
0.00262063
0.00274253
0.00286205
0.00297969
0.00309404
0.00320483
0.00331198
0.00341582
0.00351709
0.00361685
0.00371633
0.00381668
0.00391885
0.00402341
0.0041306
0.00424035
0.00435237
0.00446622
0.0045814
0.00469738
0.00481362
0.00492956
0.0050447
0.00515851
0.00527051
0.00538023
0.00548728
0.00559131
0.00569206
0.00578936
0.00588319
0.00597363
0.0060609
0.00614538
0.00622757
0.00630807
0.00638759
0.00646689
0.00654677
0.006628
0.00671134
0.00679745
0.00688692
0.00698017
0.00707753
0.00717915
0.00728502
0.007395
0.00750878
0.00762592
0.00774583
0.00786785
0.00799117
0.00811495
0.00823824
0.00836008
0.00847943
0.00859518
0.00870627
0.00881178
0.00890973
0.00899858
0.00907682
0.00914289
0.00919514
0.00923178
0.00925086
0.00925026
0.00922765
0.00918045
0.0091058
0.00900055
0.00886122
0.00868405
0.00846507
0.00820024
0.00788572
0.00751833
0.00709606
0.00661877
0.00608867
0.0055103
0.00488936
0.0042303
0.00353399
0.00279836
0.00202705
0.00125422
0.000587231
0.00021154
0.000145358
0.000216826
0.000270222
0.000285224
0.000290071
0.00029265
0.000294672
0.000296529
0.000298267
0.000299893
0.000301544
0.000303128
0.000304523
0.000305591
0.000306514
0.000307179
0.000307364
0.000306793
0.000305156
0.00030216
0.000297591
0.000291378
0.00028363
0.000274628
0.000264779
0.000254535
0.000244325
0.000234498
0.000225305
0.000216898
0.000209351
0.000202674
0.000196836
0.000191777
0.000187427
0.000183708
0.000180537
0.000177833
0.00017531
0.000172936
0.000170693
0.000168563
0.000166533
0.000164587
0.000162714
0.000160903
0.000159144
0.00015743
0.000155755
0.000154113
0.000152501
0.000150916
0.000149357
0.000147824
0.000146319
0.000144845
0.000143404
0.000142002
0.000140645
0.00013934
0.000138093
0.000136914
0.000135812
0.000134797
0.000133878
0.000133067
0.000132375
0.000131814
0.000131397
0.000131138
0.000131051
0.000131153
0.000131462
0.000131998
0.000132785
0.000133848
0.000135216
0.00013692
0.000138996
0.000141486
0.000144665
0.000148554
0.00015323
0.00015879
0.000165348
0.000173036
0.000182016
0.00019249
0.000204731
0.000219143
0.000236377
0.00025753
0.000284519
0.000320754
0.000372204
0.000448375
0.00359885
0.00373998
0.00390129
0.0040584
0.00421109
0.00435755
0.00449759
0.00463141
0.00475991
0.0048845
0.00500693
0.00512905
0.00525249
0.00537851
0.00550786
0.0056408
0.0057772
0.00591666
0.0060586
0.00620237
0.00634729
0.00649269
0.00663789
0.00678228
0.00692523
0.00706619
0.00720463
0.0073401
0.00747222
0.00760071
0.00772542
0.00784631
0.00796348
0.00807718
0.00818779
0.00829582
0.00840187
0.00850663
0.00861083
0.00871522
0.00882052
0.00892741
0.00903648
0.0091482
0.00926289
0.00938075
0.0095018
0.00962589
0.00975271
0.00988178
0.0100125
0.010144
0.0102756
0.0104062
0.0105347
0.01066
0.0107809
0.0108961
0.0110043
0.0111041
0.0111948
0.0112743
0.011341
0.0113934
0.0114298
0.0114486
0.011448
0.011426
0.0113806
0.0113097
0.0112109
0.0110819
0.0109202
0.0107234
0.0104891
0.0102151
0.00989972
0.00954174
0.00914078
0.00869752
0.00821381
0.00769269
0.00713793
0.00655324
0.00594092
0.00530027
0.00462648
0.00391094
0.00314497
0.00233027
0.00150337
0.000772336
0.000316307
0.000182913
0.000228817
0.000314863
0.000352196
0.000359169
0.000359402
0.000358911
0.000358867
0.000359523
0.000360795
0.000362566
0.000364739
0.000368803
0.000375807
0.000385791
0.000398406
0.00041282
0.000427673
0.000441173
0.000451431
0.00045694
0.00045701
0.000451912
0.000442679
0.000430699
0.000417317
0.000403606
0.000390297
0.000377827
0.00036642
0.000356165
0.000347063
0.000339068
0.000332109
0.00032608
0.000320862
0.000315969
0.000311346
0.000306969
0.000302813
0.000298851
0.000295062
0.000291422
0.000287911
0.000284512
0.000281209
0.000277988
0.000274838
0.00027175
0.00026872
0.000265742
0.000262817
0.000259948
0.000257137
0.000254395
0.000251729
0.000249152
0.000246679
0.000244326
0.000242111
0.000240054
0.000238175
0.000236497
0.000235042
0.000233832
0.000232891
0.000232242
0.000231907
0.000231909
0.00023227
0.000233012
0.000234157
0.000235726
0.000237742
0.000240228
0.000243208
0.000246711
0.000250771
0.000255487
0.000261072
0.00026748
0.000274764
0.000282994
0.000292269
0.000302726
0.000314554
0.000328022
0.000343509
0.000361559
0.000382926
0.000408607
0.00043973
0.000476896
0.000517956
0.00473746
0.00491422
0.00511263
0.00530464
0.00548901
0.00566386
0.00582931
0.00598617
0.0061361
0.00628125
0.00642406
0.00656688
0.00671173
0.00686004
0.00701265
0.0071698
0.00733131
0.00749668
0.00766522
0.00783617
0.00800878
0.00818226
0.00835591
0.00852901
0.00870092
0.00887103
0.00903877
0.00920365
0.00936527
0.00952329
0.00967749
0.00982775
0.00997407
0.0101165
0.0102554
0.0103909
0.0105235
0.0106536
0.0107816
0.010908
0.0110333
0.0111579
0.0112821
0.0114062
0.0115304
0.0116547
0.0117791
0.0119033
0.0120271
0.0121501
0.0122717
0.0123913
0.0125081
0.0126214
0.0127303
0.0128338
0.0129309
0.0130207
0.0131021
0.013174
0.0132364
0.0132875
0.013326
0.0133505
0.0133594
0.0133513
0.0133246
0.0132774
0.013208
0.0131145
0.012995
0.0128476
0.0126704
0.0124617
0.01222
0.011944
0.011633
0.0112864
0.0109046
0.0104884
0.0100393
0.00955953
0.00905156
0.00851797
0.00796068
0.00738012
0.00677429
0.00613805
0.00546304
0.00473873
0.00395542
0.00311129
0.00222837
0.00137904
0.000706097
0.000329042
0.0002108
0.000196933
0.000202355
0.000204472
0.00020375
0.000202584
0.000201699
0.000201235
0.000201162
0.000203281
0.00020903
0.000219266
0.000235259
0.000258618
0.000290988
0.000333338
0.00038472
0.000440962
0.000494642
0.000537603
0.000564788
0.000576121
0.000575181
0.000566599
0.000554233
0.000540615
0.000527147
0.000514504
0.000502959
0.000492592
0.000483393
0.000475279
0.000468123
0.000461352
0.00045491
0.000448781
0.000442943
0.000437375
0.000432053
0.000426953
0.000422052
0.000417325
0.000412752
0.000408313
0.000403993
0.000399778
0.000395657
0.000391624
0.000387678
0.000383818
0.000380049
0.000376379
0.000372821
0.000369389
0.0003661
0.000362975
0.000360035
0.000357303
0.000354805
0.000352565
0.000350606
0.000348953
0.000347628
0.000346652
0.000346045
0.000345824
0.000346005
0.000346603
0.000347632
0.000349103
0.000351028
0.00035342
0.000356292
0.00035966
0.000363542
0.000367963
0.000373017
0.000378803
0.000385299
0.000392554
0.000400631
0.000409616
0.00041962
0.000430775
0.000443233
0.000457148
0.00047263
0.000489645
0.000507806
0.000525994
0.00054195
0.00586492
0.00607587
0.00630799
0.0065313
0.00674326
0.00694232
0.00712913
0.00730538
0.00747361
0.00763678
0.00779789
0.00795969
0.00812438
0.00829346
0.00846778
0.00864754
0.00883249
0.00902208
0.00921558
0.00941219
0.00961112
0.00981157
0.0100128
0.0102141
0.0104148
0.0106143
0.0108119
0.0110071
0.0111995
0.0113885
0.0115738
0.0117551
0.0119321
0.0121045
0.0122722
0.0124352
0.0125933
0.0127465
0.0128948
0.0130381
0.0131765
0.0133101
0.0134387
0.0135625
0.0136814
0.0137954
0.0139046
0.014009
0.0141086
0.0142034
0.0142935
0.0143788
0.0144594
0.0145353
0.0146063
0.0146724
0.0147332
0.0147885
0.0148379
0.0148806
0.0149182
0.0149488
0.0149709
0.0149832
0.014984
0.0149717
0.0149446
0.0149008
0.0148384
0.0147554
0.01465
0.0145202
0.0143645
0.0141813
0.0139693
0.0137276
0.0134555
0.0131528
0.0128197
0.012457
0.0120657
0.0116474
0.0112039
0.0107369
0.0102482
0.00973869
0.00920821
0.00865502
0.00807542
0.00746371
0.00681246
0.00611343
0.00535916
0.00454602
0.0036807
0.00279218
0.00194451
0.00123667
0.000751475
0.000483196
0.000352641
0.00028532
0.000248474
0.000225579
0.000207982
0.000192187
0.000177278
0.000163497
0.000151761
0.000143438
0.00014033
0.000144859
0.000160458
0.000191971
0.000245198
0.000323647
0.000421498
0.00051924
0.000593756
0.000635346
0.000649845
0.000648253
0.000639225
0.000627667
0.000615864
0.000604734
0.00059459
0.000585461
0.000577252
0.000569385
0.000561821
0.000554563
0.000547605
0.00054094
0.000534553
0.000528427
0.000522543
0.000516879
0.000511416
0.000506132
0.00050101
0.000496036
0.000491199
0.00048649
0.000481905
0.000477447
0.000473118
0.000468928
0.000464888
0.000461014
0.000457324
0.000453838
0.000450578
0.000447565
0.000444821
0.000442368
0.000440226
0.000438412
0.00043694
0.000435822
0.000435069
0.000434684
0.000434673
0.000435037
0.000435774
0.000436885
0.000438367
0.00044022
0.000442443
0.000445037
0.000448007
0.000451358
0.0004551
0.000459288
0.000463958
0.000469096
0.000474714
0.000480826
0.000487441
0.000494558
0.000502154
0.000510163
0.000518456
0.000526804
0.000534847
0.000542094
0.000548049
0.00691587
0.00715863
0.00742028
0.00767069
0.00790575
0.00812456
0.00832849
0.0085203
0.0087035
0.00888185
0.00905885
0.00923745
0.0094199
0.00960767
0.00980151
0.0100016
0.0102076
0.010419
0.010635
0.0108549
0.011078
0.0113034
0.0115304
0.0117584
0.0119867
0.0122145
0.0124413
0.0126665
0.0128893
0.0131091
0.0133253
0.0135373
0.0137444
0.013946
0.0141414
0.01433
0.0145112
0.0146842
0.0148485
0.0150035
0.0151487
0.0152836
0.015408
0.0155215
0.0156241
0.0157159
0.0157972
0.0158685
0.0159305
0.0159839
0.0160299
0.0160696
0.0161041
0.0161348
0.0161627
0.0161887
0.0162137
0.016238
0.0162617
0.0162847
0.0163081
0.0163317
0.0163532
0.0163707
0.0163821
0.0163854
0.0163783
0.0163589
0.0163247
0.0162739
0.0162043
0.0161141
0.0160016
0.0158653
0.0157041
0.0155171
0.0153038
0.015064
0.0147978
0.0145058
0.0141888
0.0138479
0.0134845
0.0130997
0.0126949
0.012271
0.0118284
0.0113667
0.0108846
0.0103798
0.00984887
0.0092876
0.0086915
0.00805642
0.00737952
0.00666047
0.00590313
0.00511833
0.00432746
0.00356438
0.00285658
0.00223081
0.00173351
0.00136689
0.00109967
0.000896498
0.000732872
0.000595084
0.000476562
0.000374916
0.000289873
0.000221849
0.000171082
0.000137386
0.000120671
0.00012237
0.000147635
0.000206708
0.000309135
0.000443778
0.000568347
0.00064654
0.000679333
0.000685668
0.000680635
0.000671852
0.00066241
0.00065335
0.000644923
0.000636676
0.000628615
0.000620773
0.000613172
0.000605822
0.000598726
0.00059188
0.000585278
0.000578906
0.000572751
0.000566798
0.000561034
0.000555447
0.000550028
0.000544773
0.00053968
0.000534752
0.000529994
0.000525416
0.000521033
0.000516858
0.000512911
0.00050921
0.000505773
0.000502622
0.000499771
0.000497238
0.000495033
0.000493166
0.000491641
0.000490458
0.000489613
0.000489099
0.000488905
0.000489019
0.000489426
0.000490112
0.000491062
0.000492263
0.000493704
0.000495373
0.000497263
0.000499368
0.000501682
0.000504202
0.000506946
0.000509915
0.000513089
0.000516455
0.000519991
0.000523672
0.00052746
0.000531304
0.000535143
0.000538903
0.000542518
0.000545949
0.000549234
0.00782419
0.00809527
0.00838127
0.00865373
0.00890681
0.00914047
0.00935689
0.00955996
0.00975423
0.0099442
0.0101338
0.010326
0.0105231
0.0107264
0.0109364
0.0111533
0.0113767
0.0116061
0.0118409
0.0120804
0.0123238
0.0125704
0.0128197
0.013071
0.0133235
0.0135766
0.0138296
0.0140817
0.0143322
0.0145802
0.0148248
0.015065
0.0152998
0.0155281
0.0157488
0.0159607
0.0161626
0.0163532
0.0165315
0.0166963
0.0168467
0.0169816
0.0171006
0.0172033
0.0172895
0.0173595
0.017414
0.0174538
0.0174805
0.0174958
0.0175015
0.0175
0.0174936
0.0174845
0.0174749
0.0174666
0.0174613
0.0174599
0.017463
0.0174705
0.0174818
0.0174991
0.0175209
0.0175447
0.017568
0.0175885
0.0176038
0.0176116
0.0176097
0.017596
0.0175686
0.0175255
0.0174653
0.0173864
0.0172877
0.0171683
0.0170277
0.0168654
0.0166815
0.016476
0.0162495
0.0160024
0.0157354
0.0154493
0.0151446
0.0148219
0.0144811
0.014122
0.0137438
0.0133451
0.0129237
0.0124772
0.0120024
0.0114964
0.0109563
0.0103802
0.00976758
0.00912004
0.00844202
0.00774114
0.00700674
0.0062267
0.00543596
0.00467367
0.00397245
0.00334902
0.00280284
0.00232321
0.00189806
0.00151905
0.00118286
0.000890259
0.000644127
0.00044716
0.00029963
0.000198133
0.000136075
0.000106215
0.000104982
0.000137966
0.000222312
0.000367155
0.000528904
0.000639305
0.000687262
0.000699578
0.000697659
0.000691184
0.000683629
0.000675622
0.000667491
0.000659397
0.000651414
0.000643586
0.000635939
0.000628486
0.000621236
0.000614191
0.000607349
0.000600706
0.000594258
0.000588002
0.000581935
0.00057606
0.00057038
0.000564901
0.000559636
0.000554595
0.000549795
0.000545252
0.000540984
0.000537009
0.000533344
0.000530003
0.000527
0.000524341
0.000522033
0.000520073
0.000518458
0.000517176
0.000516212
0.000515549
0.000515163
0.000515033
0.000515134
0.000515441
0.000515933
0.00051659
0.000517394
0.00051833
0.000519388
0.000520556
0.00052183
0.000523203
0.000524671
0.000526237
0.000527899
0.00052965
0.000531483
0.000533394
0.000535378
0.000537435
0.000539568
0.000541792
0.000544135
0.000546649
0.000549414
0.00852345
0.00881796
0.0091219
0.00941029
0.0096756
0.00991874
0.0101426
0.0103522
0.010553
0.0107503
0.0109481
0.0111498
0.0113572
0.0115715
0.0117931
0.012022
0.0122578
0.0125001
0.0127483
0.0130019
0.0132601
0.0135225
0.0137884
0.0140573
0.0143285
0.0146014
0.0148751
0.015149
0.015422
0.0156932
0.0159615
0.0162256
0.0164843
0.0167361
0.0169796
0.0172131
0.0174352
0.0176442
0.0178385
0.0180167
0.0181775
0.0183197
0.0184425
0.0185454
0.0186282
0.0186913
0.0187354
0.0187618
0.0187721
0.0187684
0.0187529
0.0187282
0.018697
0.0186618
0.0186253
0.0185896
0.0185566
0.0185279
0.0185047
0.0184874
0.0184763
0.018471
0.0184729
0.0184827
0.0184978
0.0185161
0.0185358
0.0185547
0.0185711
0.018583
0.0185886
0.0185864
0.0185747
0.0185522
0.0185177
0.0184702
0.0184087
0.0183328
0.0182417
0.0181354
0.0180134
0.0178757
0.0177222
0.0175527
0.0173671
0.017165
0.0169459
0.0167088
0.0164527
0.0161758
0.0158764
0.015552
0.0151999
0.0148175
0.0144019
0.0139504
0.013461
0.0129323
0.0123645
0.0117591
0.0110974
0.0103557
0.00955106
0.00870721
0.00785085
0.0070065
0.00619228
0.00541799
0.0046862
0.0039953
0.00334312
0.00272971
0.0021591
0.0016399
0.00118442
0.000805894
0.000513878
0.00030918
0.000181767
0.000114255
9.02311e-05
0.00010463
0.00017327
0.000320461
0.000507246
0.000637445
0.000692107
0.000706532
0.000706055
0.000700418
0.000692917
0.000684764
0.000676412
0.000668044
0.000659742
0.000651553
0.000643505
0.000635619
0.000627908
0.000620385
0.000613058
0.000605936
0.000599028
0.000592344
0.000585896
0.000579698
0.000573764
0.000568113
0.000562761
0.000557727
0.000553029
0.000548682
0.000544701
0.000541096
0.000537874
0.000535036
0.000532579
0.000530496
0.000528771
0.000527386
0.000526318
0.000525539
0.00052502
0.000524732
0.000524644
0.000524728
0.000524959
0.000525314
0.000525774
0.000526325
0.000526956
0.000527659
0.000528431
0.000529268
0.000530172
0.000531144
0.000532189
0.000533313
0.000534523
0.000535828
0.00053724
0.000538776
0.000540459
0.00054232
0.000544399
0.000546749
0.000549434
0.00895325
0.00926492
0.00957916
0.0098764
0.0101476
0.0103945
0.0106208
0.010832
0.0110345
0.0112342
0.0114354
0.0116414
0.0118541
0.0120741
0.0123019
0.0125371
0.0127795
0.0130286
0.0132839
0.0135449
0.0138113
0.0140825
0.014358
0.0146375
0.0149202
0.0152057
0.0154931
0.0157817
0.0160705
0.0163586
0.0166446
0.0169273
0.0172053
0.0174772
0.0177411
0.0179956
0.0182388
0.0184689
0.0186843
0.0188834
0.0190647
0.0192269
0.019369
0.0194903
0.0195906
0.0196699
0.0197287
0.0197679
0.0197888
0.019793
0.0197822
0.0197584
0.0197238
0.0196805
0.0196305
0.019576
0.0195189
0.019461
0.019404
0.0193496
0.019299
0.0192532
0.0192131
0.0191794
0.0191544
0.0191382
0.0191297
0.0191277
0.0191312
0.0191392
0.0191505
0.0191638
0.0191779
0.0191916
0.0192038
0.0192134
0.0192192
0.0192204
0.0192161
0.0192053
0.0191874
0.0191613
0.0191264
0.0190814
0.0190254
0.0189571
0.0188749
0.0187771
0.0186617
0.0185265
0.018369
0.0181862
0.0179751
0.0177327
0.0174557
0.0171408
0.0167852
0.0163864
0.0159423
0.0154519
0.0148944
0.0142427
0.0135021
0.0126844
0.0118071
0.0108908
0.00995655
0.00902273
0.00810317
0.00720644
0.00633653
0.00549454
0.00468069
0.00389644
0.00314661
0.00244121
0.00179685
0.00123608
0.000782869
0.000453035
0.000243673
0.000131642
8.6317e-05
8.92717e-05
0.000152797
0.000310831
0.000514292
0.000644916
0.000696098
0.000709927
0.00070897
0.000702698
0.000694574
0.000685815
0.000676855
0.000667868
0.000658937
0.000650112
0.00064143
0.00063292
0.000624609
0.000616519
0.000608674
0.000601094
0.0005938
0.000586815
0.00058016
0.000573856
0.000567923
0.00056238
0.000557243
0.000552527
0.000548242
0.000544393
0.000540979
0.000537997
0.000535435
0.000533277
0.0005315
0.000530078
0.000528981
0.000528176
0.000527627
0.000527301
0.000527165
0.000527187
0.00052734
0.000527602
0.000527954
0.000528382
0.000528877
0.000529433
0.000530046
0.000530719
0.000531454
0.000532255
0.00053313
0.000534087
0.000535138
0.000536296
0.000537578
0.000539004
0.0005406
0.000542396
0.000544433
0.000546759
0.000549436
0.00907033
0.0093917
0.00970778
0.0100061
0.0102764
0.0105214
0.0107448
0.010953
0.0111526
0.0113498
0.0115496
0.0117549
0.0119675
0.012188
0.0124163
0.0126522
0.0128952
0.0131449
0.0134009
0.0136627
0.0139303
0.0142031
0.014481
0.0147636
0.0150503
0.0153407
0.0156342
0.0159301
0.0162274
0.0165253
0.0168226
0.0171181
0.0174104
0.0176982
0.0179799
0.0182539
0.0185186
0.0187722
0.0190131
0.0192398
0.0194508
0.0196446
0.0198202
0.0199766
0.0201131
0.0202293
0.0203251
0.0204007
0.0204564
0.0204928
0.0205108
0.0205112
0.0204953
0.020464
0.0204188
0.0203611
0.0202923
0.0202142
0.0201286
0.0200375
0.019943
0.0198474
0.0197528
0.0196615
0.0195755
0.0194972
0.0194291
0.0193717
0.0193249
0.0192888
0.0192637
0.0192493
0.0192456
0.019252
0.0192679
0.0192926
0.0193254
0.0193653
0.0194115
0.0194631
0.0195189
0.0195779
0.0196387
0.0196999
0.0197596
0.019816
0.0198667
0.0199092
0.0199405
0.0199575
0.0199568
0.0199345
0.0198868
0.0198095
0.0196985
0.0195498
0.0193592
0.0191231
0.018838
0.0185012
0.018094
0.0175913
0.0169898
0.0162916
0.0155032
0.0146356
0.0137029
0.0127213
0.0117081
0.01068
0.00965207
0.0086364
0.00764152
0.00667266
0.00573275
0.00482401
0.00394993
0.00311764
0.00234059
0.00164107
0.00105008
0.000599759
0.000305127
0.000147516
8.42959e-05
8.31507e-05
0.000156136
0.000337056
0.000535068
0.000649643
0.00069034
0.00069844
0.000695121
0.000688017
0.00067963
0.000670787
0.000661786
0.000652761
0.000643788
0.000634925
0.00062622
0.000617713
0.000609443
0.000601447
0.000593759
0.00058641
0.000579429
0.000572845
0.000566681
0.000560959
0.000555695
0.000550901
0.000546584
0.000542746
0.00053938
0.000536475
0.000534015
0.000531976
0.000530329
0.000529043
0.000528081
0.000527407
0.000526981
0.000526768
0.000526732
0.000526842
0.000527071
0.000527395
0.000527798
0.000528267
0.000528794
0.000529374
0.000530006
0.000530692
0.000531436
0.000532244
0.000533123
0.000534083
0.000535136
0.000536295
0.000537578
0.000539004
0.0005406
0.000542396
0.000544433
0.000546759
0.000549436
0.00885789
0.00918085
0.00949007
0.00978147
0.010044
0.0102812
0.0104968
0.0106973
0.0108896
0.0110801
0.0112738
0.0114738
0.0116816
0.0118976
0.0121216
0.012353
0.0125913
0.012836
0.0130869
0.0133436
0.013606
0.0138741
0.0141476
0.0144263
0.01471
0.0149983
0.0152907
0.0155866
0.0158854
0.0161862
0.0164882
0.0167902
0.0170912
0.01739
0.0176852
0.0179754
0.0182594
0.0185355
0.0188024
0.0190586
0.0193026
0.019533
0.0197486
0.0199481
0.0201304
0.0202945
0.0204394
0.0205645
0.0206691
0.0207529
0.0208156
0.020857
0.0208774
0.0208768
0.0208557
0.0208149
0.0207552
0.0206779
0.0205844
0.0204765
0.020356
0.0202253
0.0200866
0.0199426
0.0197959
0.0196497
0.0195071
0.019372
0.0192478
0.0191356
0.0190362
0.0189509
0.0188809
0.018827
0.0187901
0.0187704
0.0187683
0.0187835
0.0188161
0.0188656
0.0189315
0.0190134
0.0191103
0.0192213
0.0193449
0.0194794
0.0196227
0.019772
0.0199242
0.0200756
0.020222
0.0203586
0.0204804
0.0205821
0.020658
0.0207024
0.0207098
0.0206745
0.0205914
0.0204554
0.020254
0.0199678
0.0195876
0.0191073
0.0185241
0.0178381
0.0170526
0.0161737
0.0152105
0.0141752
0.0130839
0.0119555
0.0108102
0.00966697
0.00854182
0.00744703
0.00639149
0.00538155
0.00442193
0.00351696
0.00267313
0.00190355
0.00123351
0.000701077
0.000340888
0.000149903
7.93227e-05
8.62006e-05
0.000185957
0.000397767
0.000566786
0.000632328
0.000649019
0.000649648
0.000645299
0.000639293
0.000632638
0.000625682
0.000618575
0.000611406
0.000604247
0.000597154
0.000590184
0.000583386
0.000576807
0.000570492
0.000564479
0.000558807
0.000553506
0.000548605
0.000544124
0.00054008
0.000536481
0.00053333
0.000530623
0.000528348
0.000526488
0.000525019
0.000523912
0.000523133
0.000522647
0.000522416
0.000522403
0.000522572
0.00052289
0.000523326
0.000523857
0.000524463
0.000525128
0.000525845
0.000526605
0.000527409
0.000528256
0.00052915
0.000530095
0.000531097
0.000532162
0.000533298
0.000534515
0.000535824
0.000537238
0.000538775
0.000540459
0.00054232
0.000544399
0.000546749
0.000549434
0.00832834
0.00864452
0.00893876
0.00921579
0.00946408
0.00968784
0.00989066
0.010079
0.0102599
0.0104396
0.0106231
0.0108136
0.0110123
0.0112195
0.0114347
0.011657
0.0118859
0.0121208
0.0123614
0.0126077
0.0128596
0.0131172
0.0133804
0.0136492
0.0139236
0.0142032
0.0144879
0.0147773
0.0150708
0.0153678
0.0156677
0.0159696
0.0162727
0.0165761
0.0168788
0.0171795
0.0174773
0.017771
0.0180592
0.0183407
0.0186142
0.0188782
0.0191314
0.0193723
0.0195993
0.0198109
0.0200055
0.0201816
0.0203378
0.0204729
0.0205856
0.020675
0.0207404
0.0207811
0.020797
0.020788
0.0207547
0.0206978
0.0206186
0.0205185
0.0203993
0.0202629
0.0201112
0.0199462
0.0197701
0.0195848
0.0193923
0.0191951
0.018996
0.0187998
0.0186107
0.0184314
0.0182644
0.0181123
0.0179775
0.0178619
0.0177672
0.0176948
0.0176455
0.0176202
0.0176196
0.017644
0.0176939
0.0177697
0.0178715
0.0179993
0.0181527
0.0183309
0.0185322
0.0187542
0.0189933
0.0192452
0.0195044
0.0197643
0.0200178
0.0202571
0.020474
0.0206603
0.0208079
0.020909
0.0209584
0.0209465
0.0208592
0.0206831
0.0204065
0.0200195
0.0195148
0.0188878
0.0181369
0.0172643
0.0162765
0.0151858
0.0140106
0.0127736
0.0115002
0.0102164
0.008947
0.0077161
0.00654551
0.00545235
0.00444583
0.00352603
0.00268715
0.00192585
0.00125296
0.000702529
0.000322762
0.000129645
7.26699e-05
0.000115742
0.000299901
0.00046934
0.000531216
0.000547337
0.000550467
0.00055
0.000548372
0.000546244
0.000543833
0.000541232
0.000538499
0.000535679
0.000532813
0.000529936
0.000527086
0.000524295
0.000521597
0.000519025
0.000516611
0.000514385
0.000512375
0.000510605
0.000509095
0.000507862
0.000506912
0.000506249
0.000505869
0.000505758
0.000505901
0.000506275
0.000506853
0.000507607
0.000508508
0.000509528
0.000510643
0.00051183
0.000513073
0.00051436
0.000515684
0.000517043
0.000518437
0.00051987
0.000521348
0.000522877
0.000524462
0.000526111
0.000527825
0.000529608
0.000531461
0.000533382
0.000535372
0.000537432
0.000539567
0.000541792
0.000544135
0.000546649
0.000549414
0.00752028
0.00782134
0.0080936
0.00834999
0.00857863
0.00878417
0.0089699
0.00914215
0.00930758
0.00947251
0.00964182
0.00981854
0.0100039
0.0101979
0.0103998
0.0106085
0.0108233
0.0110436
0.0112692
0.0115
0.0117361
0.0119778
0.012225
0.0124781
0.0127371
0.0130018
0.0132723
0.0135483
0.0138296
0.0141156
0.0144061
0.0147004
0.0149979
0.015298
0.0156
0.015903
0.0162061
0.0165085
0.0168092
0.0171069
0.0174006
0.0176889
0.0179702
0.018243
0.0185054
0.0187555
0.0189913
0.0192107
0.0194116
0.019592
0.0197503
0.0198848
0.0199942
0.0200771
0.0201328
0.0201608
0.020161
0.020134
0.0200807
0.0200027
0.0199015
0.0197791
0.0196374
0.0194786
0.0193045
0.0191168
0.0189169
0.0187059
0.0184846
0.0182534
0.0180136
0.0177694
0.0175247
0.0172834
0.0170494
0.0168263
0.0166176
0.0164267
0.0162566
0.01611
0.015989
0.0158951
0.0158297
0.0157942
0.0157902
0.0158194
0.015884
0.0159863
0.0161286
0.0163129
0.0165404
0.0168109
0.0171223
0.01747
0.0178471
0.0182438
0.0186487
0.0190489
0.019431
0.019782
0.0201042
0.0203984
0.0206462
0.0208271
0.0209199
0.0209045
0.0207631
0.0204816
0.02005
0.019463
0.0187199
0.0178252
0.016789
0.0156267
0.0143581
0.0130059
0.0115954
0.0101571
0.00872981
0.00736016
0.00609491
0.00496686
0.00398351
0.00312719
0.0023681
0.00168316
0.00107292
0.000571421
0.000234987
8.65021e-05
9.46197e-05
0.000248977
0.000361971
0.000393724
0.000402195
0.000405813
0.000408497
0.000411054
0.000413662
0.000416358
0.000419143
0.000422005
0.000424921
0.000427864
0.000430805
0.000433715
0.000436568
0.000439342
0.000442022
0.000444603
0.000447087
0.000449485
0.000451813
0.000454093
0.000456346
0.000458595
0.000460858
0.000463148
0.000465473
0.000467836
0.000470234
0.000472662
0.000475111
0.000477576
0.000480048
0.000482526
0.000485011
0.000487507
0.000490025
0.000492578
0.000495182
0.000497857
0.000500622
0.000503495
0.000506494
0.000509633
0.00051292
0.000516357
0.000519938
0.000523644
0.000527446
0.000531298
0.00053514
0.000538903
0.000542518
0.000545949
0.000549234
0.00649454
0.00677197
0.0070165
0.00724726
0.00745221
0.00763603
0.00780149
0.00795446
0.00810118
0.00824769
0.00839877
0.00855741
0.00872479
0.00890075
0.00908433
0.00927442
0.00947005
0.00967063
0.00987589
0.0100858
0.0103007
0.0105207
0.0107461
0.0109773
0.0112143
0.0114574
0.0117066
0.0119618
0.012223
0.0124899
0.0127623
0.01304
0.0133225
0.0136094
0.0139003
0.0141946
0.0144917
0.0147909
0.0150914
0.0153924
0.0156926
0.015991
0.016286
0.0165759
0.0168588
0.0171325
0.0173947
0.0176428
0.0178742
0.0180866
0.018278
0.0184464
0.01859
0.018707
0.018796
0.0188562
0.0188871
0.0188887
0.0188614
0.0188079
0.0187293
0.0186274
0.0185043
0.0183619
0.0182026
0.0180283
0.0178407
0.0176413
0.017431
0.0172102
0.0169786
0.0167352
0.0164807
0.0162178
0.0159489
0.0156764
0.0154023
0.0151291
0.0148637
0.0146115
0.0143757
0.0141595
0.0139655
0.0137961
0.0136535
0.0135404
0.0134595
0.0134143
0.0134092
0.0134503
0.0135452
0.0137026
0.0139311
0.0142378
0.0146255
0.0150909
0.0156229
0.0162026
0.0168061
0.0174078
0.018011
0.0186236
0.0192199
0.0197707
0.020246
0.0206167
0.0208561
0.0209422
0.0208588
0.0205958
0.0201491
0.0195201
0.0187151
0.0177453
0.0166253
0.0153705
0.0139952
0.0125144
0.0109501
0.00934349
0.00776379
0.00630055
0.00503209
0.00398836
0.00314125
0.00243012
0.00179925
0.00122266
0.000704227
0.000292536
8.99676e-05
9.74344e-05
0.000207513
0.000245574
0.000252725
0.000255464
0.000258127
0.000261311
0.00026509
0.000269457
0.000274387
0.000279842
0.000285779
0.000292143
0.000298867
0.000305878
0.000313096
0.000320437
0.000327816
0.000335152
0.000342374
0.000349421
0.000356247
0.000362822
0.000369127
0.00037516
0.000380926
0.000386438
0.000391713
0.00039677
0.000401629
0.000406308
0.000410828
0.00041521
0.000419476
0.00042365
0.000427763
0.000431847
0.000435939
0.00044008
0.000444314
0.000448689
0.000453253
0.000458057
0.000463151
0.000468583
0.0004744
0.000480641
0.000487337
0.000494502
0.000502125
0.000510149
0.00051845
0.000526802
0.000534846
0.000542094
0.000548049
0.0053302
0.00557551
0.00578752
0.00598854
0.00616681
0.00632651
0.0064697
0.00660141
0.00672714
0.00685244
0.00698185
0.00711831
0.00726305
0.00741593
0.00757598
0.00774204
0.0079131
0.0080885
0.00826797
0.00845153
0.0086394
0.00883191
0.0090294
0.00923221
0.00944063
0.00965491
0.00987519
0.0101016
0.0103342
0.0105728
0.0108176
0.0110683
0.0113249
0.011587
0.0118545
0.012127
0.0124042
0.0126856
0.0129706
0.0132585
0.0135483
0.0138391
0.0141294
0.0144177
0.014702
0.0149801
0.0152494
0.0155069
0.0157497
0.0159749
0.0161809
0.0163657
0.0165272
0.0166633
0.0167718
0.0168525
0.0169048
0.0169283
0.0169235
0.0168917
0.0168342
0.0167526
0.0166487
0.0165247
0.0163829
0.0162253
0.0160543
0.0158717
0.0156793
0.0154782
0.0152693
0.0150527
0.0148259
0.01459
0.0143458
0.0140941
0.0138359
0.0135722
0.0133047
0.0130355
0.0127666
0.0125003
0.0122387
0.0119841
0.0117386
0.0115109
0.0113056
0.0111236
0.0109673
0.0108416
0.0107543
0.0107168
0.0107464
0.0108652
0.0110992
0.011473
0.0120008
0.0126757
0.0134643
0.014314
0.0152095
0.0161508
0.0170937
0.0179977
0.018827
0.0195491
0.0201342
0.0205562
0.0207945
0.0208354
0.020672
0.0203037
0.0197355
0.0189775
0.0180439
0.0169503
0.0157104
0.0143328
0.0128213
0.0111821
0.00944356
0.00768352
0.00603721
0.00464743
0.00357772
0.00278039
0.00215068
0.00160014
0.00107734
0.000577734
0.000203474
6.52592e-05
0.000113589
0.000149091
0.000152125
0.000152053
0.000152433
0.000153519
0.000155285
0.000157698
0.000160732
0.000164366
0.000168584
0.000173373
0.000178713
0.000184583
0.000190954
0.000197786
0.000205032
0.000212633
0.000220521
0.000228619
0.000236846
0.000245122
0.000253368
0.00026151
0.000269487
0.00027725
0.000284762
0.000292
0.000298954
0.000305627
0.000312033
0.000318195
0.000324144
0.000329921
0.000335574
0.000341157
0.000346732
0.000352364
0.000358127
0.000364097
0.000370357
0.000376995
0.000384105
0.000391788
0.000400156
0.000409332
0.000419457
0.000430685
0.000443185
0.000457124
0.000472619
0.000489641
0.000507804
0.000525994
0.00054195
0.0041178
0.00432338
0.004499
0.00466672
0.00481575
0.00494945
0.005069
0.0051783
0.0052818
0.00538424
0.00548969
0.00560098
0.00571941
0.00584502
0.00597701
0.00611432
0.006256
0.00640142
0.00655028
0.00670257
0.00685851
0.0070184
0.00718259
0.00735142
0.00752523
0.00770429
0.00788883
0.00807902
0.008275
0.00847687
0.00868468
0.00889846
0.0091182
0.00934387
0.00957538
0.00981261
0.0100554
0.0103034
0.0105563
0.0108136
0.0110745
0.0113383
0.0116038
0.0118695
0.0121338
0.0123946
0.0126492
0.0128944
0.0131265
0.0133422
0.0135408
0.0137212
0.0138812
0.0140189
0.0141324
0.0142206
0.0142827
0.0143184
0.0143279
0.0143119
0.0142714
0.0142076
0.0141222
0.0140172
0.0138945
0.0137564
0.0136051
0.0134429
0.0132718
0.0130939
0.0129107
0.0127237
0.0125335
0.0123393
0.0121415
0.0119406
0.0117363
0.0115285
0.0113166
0.0111001
0.0108785
0.0106515
0.0104193
0.0101824
0.00994211
0.00970002
0.00945722
0.00921403
0.00897025
0.00873642
0.00851759
0.0083178
0.00814958
0.00803436
0.00800813
0.00812432
0.0084503
0.0090457
0.00991815
0.0109907
0.0121911
0.0134707
0.0147446
0.0159598
0.0170854
0.0180968
0.018968
0.019672
0.020185
0.0204887
0.0205723
0.020432
0.0200704
0.0194961
0.0187232
0.0177699
0.016655
0.0153938
0.0139952
0.0124578
0.0107745
0.00895383
0.00706981
0.00530238
0.00386897
0.00285695
0.00216886
0.00164453
0.00116795
0.000685676
0.000275281
7.38777e-05
7.78201e-05
0.000103401
0.000103717
0.00010245
0.000101674
0.000101394
0.000101535
0.000102043
0.000102885
0.000104044
0.000105514
0.000107294
0.000109392
0.000111817
0.000114579
0.000117691
0.00012116
0.00012499
0.00012918
0.000133723
0.0001386
0.000143787
0.00014925
0.000154945
0.000160827
0.000166842
0.000172941
0.000179073
0.000185195
0.000191275
0.000197289
0.000203225
0.000209088
0.000214892
0.000220669
0.000226461
0.000232323
0.00023832
0.000244528
0.000251034
0.00025793
0.000265322
0.000273322
0.000282061
0.000291685
0.000302373
0.000314349
0.000327906
0.000343447
0.000361528
0.000382911
0.0004086
0.000439728
0.000476895
0.000517956
0.0029477
0.00310825
0.00324489
0.00337651
0.0034941
0.0036
0.00369467
0.00378073
0.00386143
0.00394043
0.00402111
0.00410595
0.00419629
0.00429236
0.00439367
0.00449938
0.00460872
0.00472113
0.00483633
0.00495429
0.00507515
0.00519916
0.00532662
0.00545783
0.00559309
0.00573266
0.00587676
0.0060256
0.00617935
0.00633814
0.00650209
0.00667131
0.00684586
0.00702581
0.00721117
0.00740196
0.0075981
0.00779949
0.00800591
0.00821706
0.00843246
0.0086515
0.00887333
0.00909687
0.00932076
0.00954326
0.00976209
0.00997401
0.0101743
0.0103585
0.0105288
0.0106853
0.0108259
0.0109483
0.0110511
0.0111329
0.011193
0.0112308
0.0112465
0.0112404
0.011213
0.0111654
0.0110989
0.011015
0.0109155
0.0108021
0.010677
0.0105422
0.0103998
0.0102518
0.0101002
0.00994687
0.00979362
0.00964108
0.00948998
0.00934093
0.0091943
0.00905016
0.00890815
0.00876747
0.00862685
0.00848454
0.00833841
0.00818612
0.00802531
0.00785379
0.00766958
0.00747093
0.00725624
0.00702391
0.00677105
0.00649567
0.00621931
0.00594641
0.00570026
0.00552797
0.00552066
0.00582339
0.0065894
0.00780777
0.00931231
0.010924
0.0124844
0.0139414
0.0152898
0.0165231
0.0176216
0.0185569
0.0192999
0.0198262
0.0201192
0.0201705
0.0199793
0.0195521
0.0189023
0.018049
0.0170149
0.0158235
0.0144956
0.0130446
0.0114702
0.00975548
0.00789047
0.00594838
0.00416615
0.00282919
0.00198843
0.00145246
0.00103246
0.000602364
0.000235693
6.51434e-05
7.34954e-05
8.70924e-05
8.657e-05
8.5653e-05
8.50169e-05
8.45816e-05
8.42817e-05
8.408e-05
8.39576e-05
8.3908e-05
8.39319e-05
8.40355e-05
8.42281e-05
8.45209e-05
8.49258e-05
8.54551e-05
8.61204e-05
8.69324e-05
8.79002e-05
8.90307e-05
9.03286e-05
9.17956e-05
9.34305e-05
9.52288e-05
9.7183e-05
9.92833e-05
0.000101517
0.000103872
0.000106335
0.000108893
0.000111539
0.000114269
0.000117086
0.000119998
0.000123026
0.0001262
0.000129561
0.000133162
0.00013707
0.000141367
0.000146145
0.000151517
0.000157606
0.000164554
0.000172523
0.000181696
0.000192298
0.000204621
0.000219083
0.000236345
0.000257514
0.000284512
0.00032075
0.000372203
0.000448374
0.00189778
0.00201128
0.00210811
0.00220218
0.00228685
0.00236355
0.00243221
0.00249439
0.00255215
0.00260801
0.00266443
0.00272337
0.00278599
0.00285267
0.00292317
0.00299697
0.0030735
0.00315237
0.00323333
0.00331634
0.00340148
0.00348892
0.00357886
0.00367154
0.00376717
0.00386597
0.00396811
0.00407377
0.00418309
0.00429621
0.00441324
0.00453431
0.00465949
0.00478888
0.00492255
0.00506053
0.00520284
0.00534946
0.00550029
0.00565516
0.00581382
0.00597586
0.00614075
0.00630777
0.00647599
0.00664421
0.00681077
0.00697295
0.00712521
0.00726114
0.00738794
0.00750567
0.00761199
0.0077052
0.00778425
0.00784811
0.00789606
0.00792768
0.00794288
0.0079418
0.00792482
0.00789261
0.00784603
0.00778619
0.00771434
0.0076319
0.00754037
0.00744135
0.00733647
0.00722741
0.00711576
0.00700297
0.00689033
0.00678003
0.00667291
0.00656991
0.00647199
0.00637998
0.00629449
0.00621585
0.00614391
0.00607795
0.00601651
0.00595729
0.00589702
0.00583155
0.00575595
0.00566471
0.00555196
0.00541149
0.00523665
0.00502042
0.0047555
0.00443239
0.00408742
0.00373341
0.00343645
0.00335024
0.0037974
0.00501741
0.00680436
0.00870427
0.0104635
0.0120734
0.0135729
0.0149722
0.0162518
0.0173779
0.0183137
0.0190276
0.0194962
0.0197059
0.019652
0.0193387
0.0187787
0.0179912
0.0170014
0.0158379
0.0145309
0.0131088
0.0115912
0.00997812
0.00824338
0.00636523
0.00444469
0.00280672
0.00173598
0.00113023
0.000772787
0.000412393
0.000138046
5.44142e-05
7.75861e-05
8.16804e-05
8.16389e-05
8.13782e-05
8.11232e-05
8.08551e-05
8.05553e-05
8.02197e-05
7.98538e-05
7.94679e-05
7.90735e-05
7.86823e-05
7.83048e-05
7.79503e-05
7.76262e-05
7.73386e-05
7.70918e-05
7.68886e-05
7.67302e-05
7.66162e-05
7.6545e-05
7.65137e-05
7.65181e-05
7.6553e-05
7.66125e-05
7.66902e-05
7.67793e-05
7.68732e-05
7.6966e-05
7.70525e-05
7.71292e-05
7.71946e-05
7.72498e-05
7.72991e-05
7.73514e-05
7.74205e-05
7.75263e-05
7.7697e-05
7.797e-05
7.8395e-05
7.9037e-05
7.99797e-05
8.13312e-05
8.32287e-05
8.58452e-05
8.93956e-05
9.41428e-05
0.000100406
0.000108582
0.000119204
0.000133127
0.000151971
0.000179248
0.000223394
0.000309452
0.0010277
0.0010955
0.00115358
0.00121046
0.00126206
0.00130908
0.0013513
0.00138947
0.00142469
0.00145843
0.00149218
0.0015272
0.00156431
0.00160382
0.00164568
0.00168961
0.00173531
0.00178252
0.00183109
0.00188098
0.00193221
0.0019849
0.00203915
0.00209509
0.00215288
0.00221263
0.00227446
0.00233848
0.0024048
0.00247349
0.00254466
0.00261836
0.00269468
0.00277367
0.00285539
0.00293989
0.00302719
0.0031173
0.00321017
0.00330574
0.00340387
0.00350436
0.00360693
0.00371118
0.0038166
0.00392255
0.0040281
0.00413154
0.00422742
0.00430796
0.00438445
0.00445521
0.00451918
0.00457543
0.00462335
0.00466236
0.00469197
0.00471191
0.00472211
0.0047226
0.00471359
0.00469543
0.00466863
0.00463381
0.00459172
0.0045432
0.00448915
0.00443053
0.00436836
0.00430366
0.00423736
0.00416985
0.0041011
0.00403393
0.00396913
0.00390765
0.00385049
0.00379866
0.00375317
0.00371494
0.00368477
0.00366324
0.00365057
0.00364645
0.00364981
0.00365861
0.00366962
0.00367819
0.00367814
0.0036614
0.00361771
0.00353439
0.00339819
0.0031956
0.00291057
0.00252486
0.00210164
0.00170949
0.0017578
0.00277393
0.00479401
0.00687812
0.00871744
0.0103981
0.0119954
0.0135201
0.0149452
0.016228
0.0173238
0.0181933
0.0188067
0.0191451
0.0191996
0.0189725
0.0184759
0.0177296
0.0167603
0.0156001
0.0142854
0.0128546
0.011343
0.00977295
0.00813931
0.00640352
0.0045543
0.00278533
0.0014924
0.000761913
0.000483262
0.000216361
6.80958e-05
6.01527e-05
7.35391e-05
7.45982e-05
7.47921e-05
7.47104e-05
7.43196e-05
7.38908e-05
7.34268e-05
7.2941e-05
7.24467e-05
7.19577e-05
7.14854e-05
7.1039e-05
7.0625e-05
7.02479e-05
6.99102e-05
6.96125e-05
6.9354e-05
6.91325e-05
6.89445e-05
6.87853e-05
6.86493e-05
6.853e-05
6.84202e-05
6.8312e-05
6.81975e-05
6.8068e-05
6.79153e-05
6.77307e-05
6.75062e-05
6.72336e-05
6.69052e-05
6.65136e-05
6.60513e-05
6.55115e-05
6.48874e-05
6.4172e-05
6.33591e-05
6.24423e-05
6.14165e-05
6.0278e-05
5.90264e-05
5.76669e-05
5.62149e-05
5.47014e-05
5.31832e-05
5.17547e-05
5.05644e-05
4.98329e-05
4.98727e-05
5.11135e-05
5.41682e-05
6.00472e-05
7.08355e-05
9.19071e-05
0.000143291
0.000388512
0.000415275
0.00043808
0.000460632
0.000481207
0.000500048
0.000517029
0.000532427
0.000546668
0.00056034
0.000574047
0.000588306
0.000603447
0.000619607
0.000636766
0.00065482
0.000673646
0.000693144
0.000713255
0.000733962
0.000755278
0.00077724
0.000799898
0.000823304
0.000847516
0.000872585
0.00089856
0.000925485
0.000953402
0.000982348
0.00101235
0.00104345
0.00107567
0.00110904
0.00114356
0.00117927
0.00121617
0.00125425
0.00129351
0.00133391
0.0013754
0.00141791
0.00146132
0.0015055
0.00155026
0.00159538
0.00164054
0.00168514
0.00172566
0.00175627
0.00178519
0.0018116
0.00183537
0.00185618
0.00187387
0.00188823
0.0018991
0.0019064
0.0019101
0.00191023
0.00190687
0.00190014
0.00189024
0.0018774
0.00186189
0.00184402
0.00182412
0.00180256
0.00177969
0.00175592
0.00173154
0.00170547
0.00167846
0.00165152
0.00162537
0.00160062
0.00157783
0.00155755
0.00154037
0.00152687
0.00151768
0.00151341
0.00151468
0.00152205
0.00153593
0.00155657
0.00158391
0.00161742
0.0016559
0.0016969
0.0017349
0.00175533
0.00174637
0.00170773
0.00163215
0.0015029
0.00126858
0.000798863
0.000560829
0.00116417
0.00329475
0.00541268
0.00722907
0.00892722
0.0105867
0.0122052
0.0137441
0.0151519
0.0163762
0.017371
0.0181008
0.0185418
0.01868
0.0185166
0.0180638
0.0173419
0.016379
0.0152102
0.0138763
0.0124222
0.0108933
0.00932744
0.00774245
0.00611849
0.00441293
0.00268738
0.00127688
0.000418074
0.000233848
8.2729e-05
4.65817e-05
5.82259e-05
6.0423e-05
6.00791e-05
5.94441e-05
5.85618e-05
5.74332e-05
5.64479e-05
5.56144e-05
5.48924e-05
5.42625e-05
5.37132e-05
5.32375e-05
5.28303e-05
5.2487e-05
5.22032e-05
5.19751e-05
5.17984e-05
5.16686e-05
5.1581e-05
5.15306e-05
5.15125e-05
5.1521e-05
5.15505e-05
5.15954e-05
5.16499e-05
5.17085e-05
5.17658e-05
5.18162e-05
5.1855e-05
5.18777e-05
5.18799e-05
5.18576e-05
5.18071e-05
5.17247e-05
5.16068e-05
5.14494e-05
5.12478e-05
5.09961e-05
5.06868e-05
5.03095e-05
4.98497e-05
4.92868e-05
4.85919e-05
4.77248e-05
4.66311e-05
4.52413e-05
4.34744e-05
4.12531e-05
3.85375e-05
3.53817e-05
3.20037e-05
2.88359e-05
2.65323e-05
2.6033e-05
2.91791e-05
4.27103e-05
5.29347e-05
5.37879e-05
5.46022e-05
5.53637e-05
5.60728e-05
5.67443e-05
5.73972e-05
5.80576e-05
5.87532e-05
5.95092e-05
6.03424e-05
6.12589e-05
6.22548e-05
6.33197e-05
6.44413e-05
6.56095e-05
6.68179e-05
6.80641e-05
6.93487e-05
7.06744e-05
7.20449e-05
7.3464e-05
7.49353e-05
7.64618e-05
7.80462e-05
7.96903e-05
8.13956e-05
8.31629e-05
8.49931e-05
8.68864e-05
8.88428e-05
9.08622e-05
9.29442e-05
9.50882e-05
9.72932e-05
9.9558e-05
0.000101881
0.000104259
0.000106689
0.000109168
0.000111689
0.000114245
0.000116828
0.000119428
0.000122032
0.000124627
0.000127199
0.000129747
0.000132591
0.000135711
0.000138674
0.000141485
0.000144124
0.000146564
0.000148792
0.00015079
0.000152545
0.000154045
0.000155283
0.000156257
0.000156965
0.00015741
0.000157598
0.000157536
0.000157237
0.000156713
0.000155979
0.000155052
0.000153949
0.000152691
0.000151295
0.000149839
0.000148433
0.000147035
0.000145641
0.000144261
0.000142914
0.000141624
0.000140417
0.000139328
0.000138394
0.000137657
0.000137169
0.000136983
0.00013716
0.000137763
0.000138856
0.000140493
0.000142712
0.000145514
0.000148836
0.000152885
0.00015764
0.000162631
0.000167273
0.000169603
0.000164257
0.000150982
0.000118505
0.000290857
0.00221286
0.00423597
0.0059742
0.00765991
0.00935435
0.0110379
0.0126609
0.0141636
0.015487
0.0165793
0.0173997
0.0179202
0.018122
0.0180054
0.0175824
0.0168742
0.0159103
0.0147284
0.0133729
0.0118935
0.0103417
0.00876524
0.00719746
0.00564272
0.00406907
0.0024675
0.00106259
0.000168212
4.06406e-05
2.1892e-05
1.66511e-05
1.50501e-05
1.43938e-05
1.39089e-05
1.35741e-05
1.34521e-05
1.35952e-05
1.37809e-05
1.40011e-05
1.42497e-05
1.4521e-05
1.48107e-05
1.51155e-05
1.54321e-05
1.57571e-05
1.60877e-05
1.64214e-05
1.67558e-05
1.70888e-05
1.7418e-05
1.77416e-05
1.8058e-05
1.83655e-05
1.86624e-05
1.89473e-05
1.92192e-05
1.94771e-05
1.97202e-05
1.99476e-05
2.01592e-05
2.03546e-05
2.05341e-05
2.06978e-05
2.08462e-05
2.09799e-05
2.10999e-05
2.12072e-05
2.13031e-05
2.13887e-05
2.14655e-05
2.15347e-05
2.15978e-05
2.16559e-05
2.17104e-05
2.17625e-05
2.18144e-05
2.18696e-05
2.19348e-05
2.2022e-05
2.21516e-05
2.23536e-05
2.26651e-05
2.31172e-05
2.37044e-05
2.43127e-05
2.45255e-05
2.30393e-05
4.159e-05
4.51798e-05
4.62033e-05
4.61742e-05
4.57494e-05
4.52142e-05
4.46893e-05
4.42212e-05
4.38236e-05
4.34957e-05
4.32319e-05
4.30248e-05
4.2868e-05
4.2756e-05
4.26836e-05
4.26406e-05
4.26278e-05
4.26451e-05
4.26918e-05
4.27669e-05
4.28691e-05
4.29964e-05
4.31465e-05
4.33166e-05
4.35037e-05
4.37048e-05
4.39172e-05
4.41387e-05
4.43678e-05
4.46037e-05
4.48463e-05
4.5096e-05
4.53545e-05
4.5627e-05
4.59417e-05
4.64589e-05
4.81019e-05
5.39588e-05
6.84569e-05
0.000109463
7.16526e-05
5.81121e-05
5.24189e-05
5.02607e-05
4.99514e-05
5.06833e-05
5.20078e-05
5.36512e-05
5.54388e-05
5.72595e-05
5.90455e-05
6.07598e-05
6.23878e-05
6.39246e-05
6.5246e-05
6.6347e-05
6.72273e-05
6.78908e-05
6.83466e-05
6.86089e-05
6.86983e-05
6.86423e-05
6.8475e-05
6.82369e-05
6.79734e-05
6.77344e-05
6.7574e-05
6.75517e-05
6.77404e-05
6.82538e-05
6.93539e-05
7.18838e-05
7.9094e-05
0.000103906
0.000191056
0.000430684
0.000862716
0.00142396
0.000307738
0.000201191
0.000156406
0.000132078
0.000117253
0.000107598
0.000101067
9.65659e-05
9.34548e-05
9.13332e-05
8.99372e-05
8.9087e-05
8.86593e-05
8.85711e-05
8.87901e-05
8.91041e-05
8.94892e-05
8.993e-05
9.04201e-05
9.09628e-05
9.15724e-05
9.22763e-05
9.31171e-05
9.41548e-05
9.54706e-05
9.71718e-05
9.94007e-05
0.000102351
0.000106303
0.000111729
0.000119649
0.000132994
0.000161731
0.000238317
0.000437926
0.000847833
0.001489
0.00231013
0.00324559
0.000572978
0.000409163
0.000330371
0.000283974
0.000253402
0.000231683
0.000215423
0.000202799
0.000192757
0.000184652
0.00017807
0.000172738
0.000168473
0.00016516
0.000162736
0.000160861
0.000159511
0.000158683
0.000158385
0.000158649
0.000159523
0.000161085
0.000163448
0.000166771
0.000171287
0.000177327
0.000185374
0.000196147
0.000210777
0.000231233
0.000261499
0.000311489
0.000411132
0.000637814
0.0010888
0.00179361
0.0027051
0.00374956
0.00486084
0.000800146
0.000630821
0.000532668
0.000469837
0.000426456
0.000394712
0.000370434
0.000351238
0.000335688
0.000322883
0.000312246
0.000303401
0.000296106
0.000290302
0.000285658
0.000281992
0.000279275
0.000277514
0.000276753
0.000277071
0.000278595
0.000281507
0.000286074
0.000292678
0.000301872
0.000314463
0.000331627
0.000355041
0.000386818
0.000428141
0.0004765
0.000547923
0.000748345
0.00121337
0.00197452
0.00296705
0.00409957
0.00529516
0.00649828
0.000947575
0.000813963
0.0007191
0.000651586
0.000602042
0.00056445
0.000535072
0.000511547
0.000492347
0.000476464
0.000463219
0.000452159
0.000442992
0.000435607
0.000429581
0.000424831
0.000421325
0.000419085
0.000418183
0.000418758
0.000421024
0.000425307
0.000432084
0.000442052
0.00045623
0.000476087
0.000503626
0.00054091
0.000586498
0.000624847
0.000648288
0.000788501
0.00124219
0.00205492
0.0031397
0.00437625
0.00566886
0.00695468
0.00819408
0.00102896
0.000940872
0.000865156
0.000804626
0.000756808
0.000718734
0.000688014
0.000662887
0.000642091
0.000624726
0.000610153
0.000597922
0.000587792
0.000579425
0.000572579
0.000567165
0.000563154
0.000560582
0.000559551
0.000560257
0.000563014
0.000568305
0.000576857
0.000589746
0.000608542
0.000635416
0.000672723
0.000719425
0.000756062
0.000741918
0.000787589
0.00117998
0.00201699
0.00319465
0.00455235
0.00596442
0.00735385
0.00867773
0.00991214
0.00106935
0.00101785
0.000965581
0.000918703
0.000878599
0.000844826
0.000816459
0.000792574
0.00077238
0.000755248
0.000740696
0.000728368
0.000718063
0.000709409
0.000702272
0.000696576
0.000692306
0.000689513
0.000688333
0.000689019
0.000691984
0.000697877
0.000707689
0.0007229
0.000745639
0.000778559
0.000822675
0.000864884
0.000848784
0.00079077
0.00104431
0.00183998
0.00308567
0.00457075
0.00612295
0.00764062
0.00907195
0.0103927
0.011592
0.00108789
0.00105985
0.00102739
0.000995074
0.000965169
0.000938452
0.000914987
0.00089454
0.000876789
0.000861414
0.000848135
0.000836758
0.000827048
0.000818802
0.000811923
0.000806365
0.000802132
0.000799298
0.000798031
0.000798636
0.000801619
0.000807785
0.000818377
0.000835263
0.000861042
0.000898263
0.000942898
0.000954531
0.000852543
0.000891797
0.00152865
0.00277074
0.00436528
0.00606948
0.00773884
0.00930351
0.0107344
0.0120223
0.0131658
0.00109589
0.00108087
0.00106196
0.0010415
0.00102119
0.00100197
0.000984317
0.00096836
0.000954095
0.000941441
0.000930297
0.000920589
0.000912134
0.000904856
0.000898702
0.000893659
0.000889754
0.000887085
0.000885846
0.000886383
0.000889277
0.000895463
0.000906399
0.000924277
0.000951977
0.000990913
0.00102574
0.000973023
0.000826917
0.00114981
0.00224115
0.00387734
0.00572419
0.00756242
0.00928661
0.0108551
0.0122564
0.013492
0.0145677
0.00109916
0.00109065
0.00107977
0.00106739
0.00105443
0.00104155
0.00102922
0.00101767
0.00100703
0.000997358
0.000988666
0.000980914
0.000974047
0.000968042
0.000962888
0.000958598
0.000955222
0.000952872
0.00095176
0.000952259
0.000954997
0.000960994
0.000971867
0.000990029
0.00101838
0.00105574
0.00106726
0.000927435
0.000862305
0.00157386
0.00308868
0.0050188
0.00702429
0.0089297
0.0106646
0.0122086
0.0135629
0.0147365
0.0157397
0.00110045
0.00109494
0.00108831
0.00108076
0.00107264
0.00106431
0.00105605
0.00104808
0.00104054
0.00103351
0.00102705
0.00102116
0.00101585
0.00101113
0.001007
0.00100351
0.00100071
0.000998728
0.000997772
0.000998223
0.00100072
0.00100633
0.00101675
0.00103447
0.00106218
0.00109441
0.00106951
0.000856007
0.000989886
0.00208844
0.00393295
0.00605389
0.00814448
0.0100709
0.011789
0.0132933
0.0145933
0.0157029
0.0166354
0.00110094
0.00109672
0.00109216
0.00108718
0.00108187
0.00107635
0.00107078
0.00106528
0.00105996
0.0010549
0.00105014
0.00104571
0.00104164
0.00103795
0.00103467
0.00103183
0.0010295
0.0010278
0.00102693
0.00102725
0.00102939
0.0010344
0.00104396
0.00106056
0.00108642
0.00111088
0.00104314
0.000801089
0.00116785
0.00257603
0.00463867
0.00686574
0.00899009
0.0109092
0.0125966
0.0140565
0.0153033
0.0163538
0.0172227
0.00110111
0.0010974
0.00109373
0.00108995
0.00108602
0.00108197
0.00107786
0.00107376
0.00106973
0.00106583
0.00106209
0.00105855
0.00105525
0.00105219
0.00104941
0.00104694
0.00104485
0.00104323
0.00104228
0.00104232
0.00104394
0.00104811
0.00105644
0.00107133
0.00109446
0.00111082
0.00100671
0.000773291
0.00132049
0.00292264
0.00510023
0.00737001
0.0094947
0.011391
0.0130428
0.0144598
0.0156597
0.0166607
0.017478
0.00110115
0.00109758
0.00109414
0.0010907
0.00108719
0.00108359
0.00107993
0.00107627
0.00107265
0.00106911
0.00106569
0.00106241
0.00105931
0.0010564
0.00105369
0.00105122
0.00104905
0.00104725
0.00104598
0.00104554
0.00104645
0.00104957
0.00105638
0.00106908
0.00108912
0.00110009
0.000979572
0.000757229
0.00137888
0.00304657
0.00524878
0.00751216
0.00961483
0.0114825
0.013103
0.0144874
0.0156535
0.0166193
0.0174
0.00110111
0.0010974
0.00109373
0.00108994
0.00108602
0.00108197
0.00107785
0.00107373
0.00106966
0.0010657
0.00106188
0.00105823
0.00105475
0.00105146
0.00104836
0.00104549
0.00104287
0.00104058
0.00103875
0.00103761
0.00103762
0.00103953
0.00104463
0.0010549
0.00107187
0.00108185
0.00097246
0.00074159
0.00130878
0.00291302
0.00506254
0.00728399
0.00935275
0.0111923
0.0127886
0.0141511
0.0152965
0.0162416
0.0170005
0.00110094
0.00109672
0.00109216
0.00108718
0.00108186
0.00107634
0.00107075
0.00106521
0.00105983
0.00105464
0.0010497
0.00104501
0.00104058
0.0010364
0.00103246
0.00102879
0.00102538
0.00102231
0.00101967
0.00101766
0.00101665
0.00101727
0.0010206
0.00102839
0.00104239
0.00105438
0.000978894
0.000734217
0.00113421
0.00255888
0.00458103
0.00672331
0.00874295
0.0105515
0.012128
0.0134774
0.0146134
0.0155506
0.0163015
0.00110045
0.00109494
0.00108831
0.00108076
0.00107263
0.00106429
0.001056
0.00104797
0.00104032
0.0010331
0.00102634
0.00102002
0.00101412
0.0010086
0.00100345
0.000998639
0.000994177
0.000990098
0.000986481
0.00098349
0.000981419
0.000980786
0.000982466
0.000987875
0.000998772
0.00101185
0.000975298
0.000751355
0.000922708
0.00206223
0.00387511
0.00589201
0.00783991
0.00960871
0.0111648
0.0125058
0.0136404
0.01458
0.0153345
0.00109916
0.00109065
0.00107976
0.00106739
0.00105441
0.00104152
0.00102914
0.0010175
0.0010067
0.00099676
0.00098763
0.000979245
0.000971525
0.000964396
0.000957793
0.000951672
0.000946016
0.000940839
0.000936203
0.000932239
0.000929185
0.000927449
0.0009277
0.000930932
0.000938448
0.000950768
0.000943997
0.000791578
0.000747229
0.00152409
0.00304042
0.0048734
0.00671632
0.00842813
0.00995665
0.0112883
0.0124249
0.0133731
0.0141396
0.00109589
0.00108086
0.00106195
0.00104149
0.00102116
0.00100192
0.000984198
0.00096812
0.00095364
0.00094063
0.000928927
0.00091836
0.000908768
0.00090001
0.000891974
0.000884582
0.000877789
0.000871596
0.000866049
0.000861256
0.000857409
0.00085482
0.000853953
0.000855224
0.000860159
0.000870169
0.00087838
0.00081372
0.000661406
0.00105131
0.00219016
0.00376811
0.00546006
0.00708736
0.00857271
0.00988736
0.0110236
0.011982
0.0127648
0.00108789
0.00105985
0.00102738
0.000995062
0.000965138
0.000938379
0.000914829
0.000894227
0.000876206
0.00086039
0.000846429
0.000834013
0.000822878
0.000812808
0.000803639
0.000795257
0.000787598
0.000780648
0.000774446
0.000769085
0.000764724
0.000761595
0.000759856
0.000759959
0.000762914
0.000770081
0.00078144
0.000773798
0.000658509
0.000727384
0.00144074
0.00268711
0.00416927
0.00567328
0.00709081
0.00837336
0.00950083
0.0104655
0.0112641
0.00106935
0.00101785
0.000965575
0.000918687
0.000878558
0.000844733
0.000816265
0.000792195
0.000771685
0.000754043
0.000738708
0.000725228
0.000713243
0.000702473
0.000692713
0.000683822
0.000675727
0.000668411
0.000661912
0.000656319
0.000651771
0.000648444
0.000646292
0.000645744
0.000647363
0.000652053
0.000661082
0.000671776
0.000644288
0.00057767
0.000887835
0.00174075
0.00294557
0.00427654
0.00559237
0.00682019
0.00792403
0.00888564
0.00969421
0.00102896
0.000940869
0.000865149
0.000804606
0.000756759
0.000718627
0.000687794
0.000662465
0.000641325
0.000623408
0.000607992
0.000594531
0.00058261
0.000571921
0.000562242
0.00055343
0.000545415
0.000538189
0.000531801
0.000526343
0.000521944
0.000518743
0.000516599
0.000515776
0.000516582
0.000519491
0.000525336
0.000535341
0.000545502
0.000521924
0.000571869
0.00102193
0.00188587
0.00298546
0.00415693
0.00530012
0.00635931
0.00730267
0.00810948
0.000947574
0.00081396
0.000719091
0.000651563
0.00060199
0.000564338
0.000534846
0.000511116
0.000491572
0.000475136
0.00046105
0.000448767
0.000437883
0.000428107
0.00041924
0.000411158
0.000403809
0.000397203
0.0003914
0.000386498
0.000382616
0.000379863
0.000378024
0.000377223
0.000377598
0.000379347
0.000382799
0.000388663
0.000398526
0.000412305
0.0004257
0.00057571
0.00107124
0.00187998
0.00285677
0.00387827
0.00486544
0.00576872
0.00655384
0.000800145
0.000630818
0.000532659
0.000469816
0.000426407
0.000394609
0.000370229
0.000350851
0.000334993
0.0003217
0.000310323
0.000300407
0.000291627
0.000283752
0.000276626
0.000270159
0.000264319
0.000259121
0.000254619
0.000250892
0.000248033
0.000246115
0.000244874
0.000244335
0.000244544
0.000245558
0.000247456
0.000250406
0.000254932
0.000263017
0.000281621
0.000336831
0.000541032
0.00102463
0.00175219
0.00260691
0.00348652
0.00431827
0.00504876
0.000572977
0.00040916
0.000330364
0.000283958
0.000253366
0.000231608
0.000215275
0.000202523
0.00019227
0.000183835
0.000176764
0.000170739
0.00016553
0.000160975
0.000156961
0.000153416
0.000150308
0.00014763
0.000145398
0.000143642
0.000142403
0.000141714
0.000141357
0.000141313
0.000141595
0.000142212
0.000143174
0.000144497
0.000146238
0.000148669
0.000153234
0.000167947
0.000230971
0.000440609
0.000881043
0.00151561
0.00223979
0.00295413
0.00357974
0.000307737
0.000201189
0.000156402
0.00013207
0.000117236
0.000107564
0.000101002
9.64477e-05
9.32525e-05
9.10038e-05
8.94245e-05
8.83215e-05
8.75574e-05
8.70352e-05
8.66885e-05
8.64748e-05
8.63703e-05
8.63661e-05
8.64635e-05
8.66718e-05
8.7008e-05
8.74881e-05
8.79738e-05
8.84566e-05
8.89405e-05
8.94344e-05
8.99512e-05
9.05066e-05
9.1119e-05
9.18204e-05
9.2717e-05
9.43555e-05
0.000100242
0.000132346
0.000272517
0.000614643
0.00111696
0.00165718
0.00212562
0.000109463
7.16523e-05
5.81114e-05
5.24174e-05
5.02576e-05
4.99449e-05
5.06703e-05
5.1983e-05
5.36057e-05
5.53598e-05
5.71283e-05
5.88371e-05
6.04417e-05
6.19191e-05
6.32622e-05
6.44758e-05
6.55732e-05
6.65743e-05
6.75035e-05
6.83877e-05
6.92602e-05
7.01402e-05
7.0873e-05
7.14598e-05
7.19099e-05
7.22404e-05
7.24752e-05
7.2643e-05
7.27767e-05
7.29131e-05
7.30985e-05
7.34055e-05
7.39333e-05
7.50726e-05
8.2762e-05
0.000127879
0.000279817
0.000546523
0.000820716
4.159e-05
4.51797e-05
4.62031e-05
4.61738e-05
4.57483e-05
4.52117e-05
4.4684e-05
4.42107e-05
4.38038e-05
4.34607e-05
4.31728e-05
4.29301e-05
4.27225e-05
4.25414e-05
4.23797e-05
4.22322e-05
4.20958e-05
4.19691e-05
4.18523e-05
4.17471e-05
4.16559e-05
4.15857e-05
4.15263e-05
4.14816e-05
4.14547e-05
4.14469e-05
4.14588e-05
4.149e-05
4.15402e-05
4.16086e-05
4.16952e-05
4.17998e-05
4.19144e-05
4.20163e-05
4.20831e-05
4.19955e-05
4.17829e-05
4.3969e-05
5.2643e-05
)
;

boundaryField
{
    frontandback
    {
        type            empty;
    }
    in1
    {
        type            calculated;
        value           uniform 0.00055244;
    }
    in2
    {
        type            calculated;
        value           uniform 0.00110488;
    }
    out
    {
        type            calculated;
        value           nonuniform List<scalar> 
24
(
6.08045e-05
0.00028454
0.000788894
0.00155578
0.00251562
0.00359885
0.00473746
0.00586492
0.00691587
0.00782419
0.00852345
0.00895325
0.00907033
0.00885789
0.00832834
0.00752028
0.00649454
0.0053302
0.0041178
0.0029477
0.00189778
0.0010277
0.000388512
5.29347e-05
)
;
    }
    walls
    {
        type            alphatJayatillekeWallFunction;
        Prt             0.85;
        value           nonuniform List<scalar> 
423
(
2.46646e-06
2.53805e-06
2.60796e-06
2.67833e-06
2.74636e-06
2.81177e-06
2.87428e-06
2.93429e-06
2.99254e-06
3.05005e-06
3.10792e-06
3.16715e-06
3.22851e-06
3.29249e-06
3.35931e-06
3.42898e-06
3.50135e-06
3.5762e-06
3.6533e-06
3.73237e-06
3.81319e-06
3.89551e-06
3.97911e-06
4.06381e-06
4.14939e-06
4.23567e-06
4.3225e-06
4.40973e-06
4.49723e-06
4.58492e-06
4.67272e-06
4.76063e-06
4.84865e-06
4.93683e-06
5.02524e-06
5.11398e-06
5.20315e-06
5.29285e-06
5.38316e-06
5.47414e-06
5.56581e-06
5.65813e-06
5.75101e-06
5.8443e-06
5.9378e-06
6.03126e-06
6.12438e-06
6.21683e-06
6.30827e-06
6.39834e-06
6.48671e-06
6.57305e-06
6.65712e-06
6.7387e-06
6.81769e-06
6.89411e-06
6.96812e-06
7.04013e-06
7.11085e-06
7.18053e-06
7.24659e-06
7.30868e-06
7.36649e-06
7.41972e-06
7.468e-06
7.51091e-06
7.54792e-06
7.57835e-06
7.60137e-06
7.61592e-06
7.6206e-06
7.61365e-06
7.5927e-06
7.55467e-06
7.49537e-06
7.40916e-06
7.28821e-06
7.12159e-06
6.89376e-06
6.5823e-06
6.15453e-06
5.56297e-06
4.74245e-06
3.62997e-06
2.31559e-06
1.48789e-06
1.34338e-06
1.35488e-06
1.36729e-06
1.37587e-06
1.38166e-06
1.3853e-06
1.3872e-06
1.38767e-06
1.38694e-06
1.38519e-06
1.38256e-06
1.37915e-06
1.37507e-06
1.37037e-06
1.3651e-06
1.35869e-06
1.35099e-06
1.34185e-06
1.3311e-06
1.31863e-06
1.30462e-06
1.28949e-06
1.2734e-06
1.25649e-06
1.23898e-06
1.22109e-06
1.20306e-06
1.18516e-06
1.16763e-06
1.15069e-06
1.13453e-06
1.11932e-06
1.10514e-06
1.09206e-06
1.08011e-06
1.06927e-06
1.05949e-06
1.05071e-06
1.04286e-06
1.03585e-06
1.02961e-06
1.02406e-06
1.01913e-06
1.0143e-06
1.00954e-06
1.00482e-06
1.00012e-06
9.95419e-07
9.90694e-07
9.85928e-07
9.81103e-07
9.76203e-07
9.71216e-07
9.66129e-07
9.60929e-07
9.5561e-07
9.50163e-07
9.44585e-07
9.38874e-07
9.33031e-07
9.27061e-07
9.20971e-07
9.14772e-07
9.08481e-07
9.02117e-07
8.95706e-07
8.89278e-07
8.82867e-07
8.76512e-07
8.70257e-07
8.64148e-07
8.58236e-07
8.52572e-07
8.47209e-07
8.42198e-07
8.37587e-07
8.33419e-07
8.29729e-07
8.26545e-07
8.23885e-07
8.21754e-07
8.20149e-07
8.19053e-07
8.18441e-07
8.1828e-07
8.18532e-07
8.19156e-07
8.20103e-07
8.21338e-07
8.22865e-07
8.24762e-07
8.27257e-07
8.30822e-07
8.36297e-07
8.44953e-07
8.58364e-07
8.77853e-07
9.03158e-07
9.29356e-07
9.3851e-07
8.7447e-07
2.14314e-06
2.17927e-06
2.21374e-06
2.24583e-06
2.2755e-06
2.30332e-06
2.33002e-06
2.35669e-06
2.38454e-06
2.41471e-06
2.448e-06
2.48479e-06
2.52498e-06
2.56816e-06
2.6138e-06
2.66141e-06
2.7107e-06
2.76151e-06
2.81386e-06
2.86783e-06
2.92359e-06
2.98129e-06
3.04109e-06
3.10312e-06
3.16749e-06
3.2343e-06
3.3036e-06
3.37544e-06
3.44984e-06
3.52682e-06
3.60639e-06
3.68854e-06
3.77326e-06
3.86051e-06
3.95025e-06
4.04245e-06
4.13701e-06
4.23385e-06
4.33282e-06
4.43376e-06
4.53643e-06
4.64056e-06
4.74581e-06
4.85174e-06
4.95789e-06
5.06369e-06
5.16858e-06
5.27236e-06
5.38349e-06
5.51096e-06
5.63182e-06
5.74666e-06
5.85454e-06
5.95444e-06
6.04578e-06
6.1279e-06
6.20021e-06
6.26227e-06
6.3138e-06
6.35466e-06
6.3848e-06
6.40432e-06
6.41344e-06
6.41249e-06
6.40189e-06
6.38216e-06
6.35389e-06
6.31774e-06
6.27441e-06
6.22469e-06
6.16936e-06
6.11058e-06
6.05379e-06
5.99733e-06
5.94099e-06
5.88514e-06
5.83051e-06
5.778e-06
5.72873e-06
5.68398e-06
5.64526e-06
5.61432e-06
5.59315e-06
5.584e-06
5.58933e-06
5.61178e-06
5.65397e-06
5.7183e-06
5.80652e-06
5.91904e-06
6.05371e-06
6.21713e-06
6.41192e-06
6.61894e-06
6.81518e-06
6.92216e-06
6.72901e-06
6.22254e-06
5.01494e-06
1.7906e-06
8.72078e-07
6.10438e-07
5.31335e-07
5.02226e-07
4.81313e-07
4.66756e-07
4.61007e-07
4.66177e-07
4.742e-07
4.83734e-07
4.94491e-07
5.06249e-07
5.18817e-07
5.32033e-07
5.4575e-07
5.59832e-07
5.74155e-07
5.88608e-07
6.03087e-07
6.17495e-07
6.31741e-07
6.45743e-07
6.59423e-07
6.72709e-07
6.85537e-07
6.97847e-07
7.09591e-07
7.20724e-07
7.31212e-07
7.41028e-07
7.50156e-07
7.58589e-07
7.66329e-07
7.73387e-07
7.79785e-07
7.85552e-07
7.90726e-07
7.95355e-07
7.99488e-07
8.03181e-07
8.06494e-07
8.09484e-07
8.12206e-07
8.14717e-07
8.17067e-07
8.1932e-07
8.21562e-07
8.23948e-07
8.26765e-07
8.30536e-07
8.36137e-07
8.44868e-07
8.58321e-07
8.77832e-07
9.03149e-07
9.29352e-07
9.38509e-07
8.7447e-07
1.66391e-06
1.81469e-06
1.85759e-06
1.85637e-06
1.83857e-06
1.81613e-06
1.79412e-06
1.77447e-06
1.75777e-06
1.744e-06
1.7329e-06
1.72418e-06
1.71756e-06
1.71282e-06
1.70975e-06
1.70791e-06
1.70734e-06
1.70803e-06
1.70997e-06
1.71312e-06
1.71742e-06
1.7228e-06
1.72916e-06
1.73637e-06
1.74433e-06
1.75289e-06
1.76195e-06
1.77141e-06
1.78123e-06
1.79138e-06
1.80187e-06
1.81274e-06
1.82413e-06
1.83667e-06
1.85351e-06
1.89021e-06
2.00664e-06
2.33502e-06
3.0174e-06
1.66391e-06
1.81469e-06
1.85758e-06
1.85636e-06
1.83853e-06
1.81603e-06
1.7939e-06
1.77405e-06
1.75697e-06
1.74257e-06
1.7305e-06
1.72033e-06
1.71164e-06
1.70408e-06
1.69735e-06
1.69125e-06
1.68565e-06
1.68049e-06
1.6758e-06
1.67166e-06
1.66817e-06
1.66546e-06
1.66329e-06
1.66181e-06
1.66113e-06
1.6613e-06
1.66232e-06
1.6642e-06
1.6669e-06
1.67042e-06
1.67475e-06
1.67994e-06
1.68572e-06
1.69102e-06
1.69618e-06
1.70819e-06
1.77278e-06
2.00086e-06
2.47734e-06
)
;
    }
}


// ************************************************************************* //
