/*--------------------------------*- C++ -*----------------------------------*\
| =========                 |                                                 |
| \\      /  F ield         | OpenFOAM: The Open Source CFD Toolbox           |
|  \\    /   O peration     | Version:  2406                                  |
|   \\  /    A nd           | Website:  www.openfoam.com                      |
|    \\/     M anipulation  |                                                 |
\*---------------------------------------------------------------------------*/
FoamFile
{
    version     2.0;
    format      ascii;
    arch        "LSB;label=32;scalar=64";
    class       volScalarField;
    location    "500";
    object      epsilon;
}
// * * * * * * * * * * * * * * * * * * * * * * * * * * * * * * * * * * * * * //

dimensions      [0 2 -3 0 0 0 0];

internalField   nonuniform List<scalar> 
5619
(
4.89058
5.31973
5.76288
6.23366
6.71301
7.19701
7.68128
8.16651
8.65705
9.16069
9.68725
10.2471
10.85
11.5038
12.2146
12.987
13.8238
14.7272
15.6988
16.7397
17.851
19.0336
20.2881
21.615
23.0146
24.4869
26.0318
27.6492
29.3391
31.1017
32.9375
34.8479
36.8349
38.9013
41.0509
43.2883
45.6187
48.0475
50.5804
53.2223
55.9775
58.8487
61.8368
64.9403
68.1554
71.4756
74.8913
78.3907
81.9595
85.5814
89.239
92.9144
96.5902
100.251
103.884
107.483
111.048
114.594
118.15
121.726
125.184
128.495
131.63
134.563
137.261
139.689
141.807
143.565
144.904
145.755
146.03
145.622
144.399
142.195
138.806
133.977
127.397
118.697
107.466
93.3139
76.0207
55.8908
34.4467
15.4004
4.06444
1.13839
0.854464
0.875063
0.897661
0.913527
0.92434
0.931174
0.93476
0.935648
0.934266
0.93096
0.92601
0.919641
0.912033
0.903335
0.893645
0.881962
0.868063
0.851747
0.832849
0.811259
0.787478
0.762344
0.736199
0.709404
0.682351
0.655446
0.629083
0.603625
0.579382
0.556596
0.535442
0.516019
0.498363
0.482449
0.468207
0.455536
0.44431
0.434395
0.425654
0.417958
0.411183
0.405218
0.399975
0.39488
0.389901
0.385009
0.380178
0.375386
0.370613
0.365839
0.36105
0.356231
0.351371
0.346459
0.341488
0.336453
0.33135
0.326178
0.320941
0.315642
0.31029
0.304894
0.299468
0.294029
0.288596
0.283192
0.277843
0.272577
0.267425
0.262419
0.257592
0.252979
0.248612
0.244525
0.240747
0.237307
0.234225
0.231521
0.229204
0.22728
0.225748
0.224598
0.223815
0.223378
0.223264
0.223443
0.223888
0.224564
0.225449
0.226545
0.227914
0.22972
0.23232
0.23635
0.242819
0.253078
0.268507
0.28948
0.31234
0.320609
0.265784
1.42272
1.54889
1.68287
1.82469
1.97105
2.12057
2.27238
2.42691
2.58577
2.75155
2.92746
3.11679
3.32256
3.54732
3.79302
4.06113
4.35273
4.66866
5.00962
5.37618
5.76887
6.18815
6.6344
7.10792
7.60892
8.13754
8.69385
9.27793
9.88987
10.5299
11.1983
11.8957
12.6227
13.3805
14.1702
14.993
15.8506
16.744
17.6744
18.6426
19.6484
20.6914
21.7701
22.8819
24.0235
25.1905
26.3778
27.5794
28.789
30.0001
31.2062
32.4016
33.5812
34.7414
35.8803
36.9982
38.0979
39.1856
40.2705
41.3468
42.3739
43.3449
44.2537
45.0935
45.8569
46.5345
47.1157
47.5871
47.9323
48.131
48.1581
47.9818
47.563
46.8521
45.7875
44.2925
42.273
39.6175
36.2025
31.9133
26.6938
20.649
14.1977
8.16991
3.57663
1.03098
0.312626
0.218316
0.195428
0.179542
0.167123
0.156731
0.147737
0.139843
0.132864
0.126678
0.121189
0.116313
0.111976
0.108111
0.104666
0.101296
0.0980396
0.0949625
0.0921515
0.0897806
0.0877177
0.0857212
0.0838173
0.0820302
0.0803797
0.0788812
0.077545
0.0763758
0.0753727
0.0745302
0.0738378
0.073282
0.0728468
0.0725148
0.0722687
0.0720923
0.0719709
0.0718921
0.0718454
0.0718226
0.0718176
0.0718244
0.0718393
0.0718615
0.0718901
0.071925
0.0719664
0.0720143
0.0720692
0.0721315
0.0722018
0.072281
0.0723697
0.0724689
0.0725796
0.0727029
0.07284
0.0729923
0.0731609
0.0733471
0.0735521
0.073777
0.074023
0.0742911
0.074582
0.0748959
0.0752328
0.0755922
0.0759732
0.0763742
0.076793
0.077227
0.0776726
0.078126
0.0785826
0.0790374
0.079485
0.0799196
0.0803353
0.0807251
0.0810811
0.0813933
0.0816486
0.0818289
0.0819082
0.0819056
0.0818142
0.0815791
0.0811196
0.0803232
0.0790426
0.077101
0.0743192
0.0705789
0.0659252
0.0606806
0.0554702
0.0510175
0.0475961
0.0440459
0.0357099
0.745714
0.819934
0.898794
0.982305
1.06936
1.15968
1.2533
1.35088
1.4536
1.56306
1.68105
1.80939
1.94975
2.10357
2.27203
2.45612
2.65666
2.87438
3.10995
3.36399
3.63707
3.92973
4.24247
4.57572
4.92984
5.30517
5.70196
6.12049
6.561
7.02376
7.50909
8.01733
8.54891
9.10423
9.68372
10.2877
10.9163
11.5695
12.2469
12.9475
13.6698
14.412
15.1713
15.9445
16.7278
17.517
18.3077
19.0953
19.8753
20.6436
21.3966
22.1313
22.8457
23.5386
24.2098
24.8599
25.4902
26.1024
26.6978
27.2719
27.8128
28.3187
28.7878
29.2182
29.6071
29.9506
30.2435
30.4787
30.6471
30.7365
30.7316
30.6127
30.3551
29.9278
29.2929
28.4048
27.2108
25.654
23.6815
21.259
18.3955
15.1721
11.7587
8.38336
5.25761
2.58942
0.773856
0.140952
0.0573356
0.0462348
0.0400086
0.035275
0.03159
0.028681
0.0263756
0.024548
0.0230972
0.0219436
0.0210251
0.0202939
0.0197139
0.0192129
0.0187946
0.0184652
0.0182327
0.0180849
0.0179617
0.0178632
0.0177914
0.0177482
0.0177349
0.0177522
0.0178006
0.0178796
0.0179881
0.0181242
0.0182853
0.018468
0.0186682
0.0188815
0.0191032
0.0193287
0.0195536
0.019774
0.0199868
0.0201894
0.0203801
0.0205572
0.0207204
0.0208853
0.0210522
0.0212217
0.0213944
0.021571
0.0217521
0.0219385
0.0221309
0.0223303
0.0225373
0.0227529
0.0229779
0.0232133
0.0234598
0.0237185
0.0239901
0.0242752
0.0245744
0.0248883
0.0252169
0.0255603
0.0259179
0.0262887
0.0266715
0.0270639
0.0274633
0.0278657
0.0282668
0.0286608
0.0290414
0.0294011
0.0297313
0.030023
0.0302664
0.0304513
0.0305673
0.0306042
0.0305518
0.0304008
0.0301429
0.0297721
0.0292861
0.0286982
0.0279819
0.0271239
0.0261098
0.0249273
0.0235706
0.0220467
0.0203839
0.0186397
0.0169061
0.0153031
0.0139534
0.0129303
0.0121633
0.0112655
0.0091252
0.527924
0.58537
0.646327
0.710991
0.778808
0.849867
0.924499
1.00344
1.08773
1.17864
1.27754
1.38579
1.50465
1.63525
1.77856
1.93547
2.10678
2.29323
2.49554
2.71443
2.95058
3.20465
3.47724
3.76895
4.0803
4.41176
4.76375
5.13664
5.53076
5.94639
6.38373
6.84295
7.32412
7.82716
8.35187
8.89777
9.46411
10.0498
10.6533
11.2727
11.9055
12.5488
13.1993
13.8533
14.5069
15.1561
15.7971
16.4261
17.0399
17.6358
18.2116
18.7659
19.2982
19.8084
20.297
20.765
21.2133
21.6433
22.0557
22.4495
22.8199
23.166
23.4873
23.7826
24.0499
24.2861
24.4868
24.646
24.7561
24.8073
24.7873
24.6814
24.4716
24.1374
23.6551
22.9993
22.1443
21.0673
19.7531
18.2006
16.4287
14.4778
12.3998
10.233
7.97644
5.61136
3.23147
1.24037
0.229379
0.037263
0.0155875
0.0124542
0.0109392
0.00990165
0.00915475
0.00860396
0.00819445
0.00788972
0.00766338
0.00749534
0.00737124
0.00727203
0.0071954
0.00713997
0.00710502
0.00707832
0.0070548
0.00703329
0.00701293
0.00699317
0.00697388
0.00695543
0.0069387
0.00692498
0.00691581
0.00691274
0.0069171
0.00692979
0.00695111
0.00698079
0.007018
0.00706152
0.00710987
0.00716146
0.00721476
0.00726843
0.00732137
0.00737233
0.0074208
0.00747112
0.00752312
0.00757699
0.00763282
0.00769075
0.00775095
0.0078136
0.00787893
0.00794717
0.00801855
0.00809337
0.00817187
0.00825436
0.0083411
0.00843235
0.00852834
0.00862925
0.00873521
0.00884625
0.00896229
0.00908308
0.00920818
0.00933694
0.00946839
0.00960124
0.00973383
0.00986408
0.00998947
0.0101071
0.0102134
0.0103048
0.0103773
0.0104266
0.0104487
0.0104398
0.0103967
0.0103171
0.0101995
0.0100443
0.00985312
0.00962996
0.00938084
0.00909364
0.00877283
0.00842277
0.0080489
0.00765825
0.00725988
0.00686523
0.00648821
0.0061447
0.00585094
0.00562017
0.00545602
0.00534029
0.00521048
0.00492331
0.0042058
0.43778
0.488476
0.542413
0.59981
0.660288
0.724075
0.791593
0.863587
0.941037
1.02509
1.11695
1.21782
1.32886
1.4511
1.58551
1.73298
1.89435
2.07045
2.2621
2.4701
2.69526
2.93837
3.20018
3.48141
3.78273
4.10473
4.44793
4.81277
5.19955
5.60848
6.0396
6.49277
6.96766
7.46366
7.97988
8.51508
9.06768
9.63566
10.2166
10.8078
11.4059
12.0076
12.6092
13.2069
13.7971
14.3763
14.9412
15.4892
16.0182
16.5266
17.0138
17.4795
17.9241
18.3485
18.7541
19.1422
19.5145
19.8722
20.2168
20.5489
20.865
21.164
21.445
21.7063
21.9452
22.1582
22.3403
22.4857
22.5871
22.6359
22.6222
22.5349
22.362
22.0906
21.7082
21.203
20.5656
19.7906
18.8786
17.8372
16.681
15.4281
14.0918
12.6667
11.1152
9.36406
7.33292
5.02156
2.67991
0.90336
0.154701
0.0273348
0.00972541
0.00686863
0.00601707
0.00557568
0.00529814
0.00510881
0.00497502
0.00487882
0.0048098
0.0047563
0.00471519
0.00468368
0.00465917
0.00463053
0.00459383
0.00454694
0.00448889
0.00441988
0.00434114
0.00425455
0.00416231
0.00406666
0.00396981
0.00387398
0.00378135
0.00369402
0.00361381
0.00354201
0.00347938
0.00342604
0.00338167
0.00334555
0.00331679
0.0032944
0.00327748
0.00326479
0.00325564
0.00324879
0.00324387
0.00324079
0.00323943
0.00323966
0.0032414
0.00324458
0.00324916
0.00325509
0.00326237
0.003271
0.00328101
0.00329243
0.00330529
0.00331965
0.00333556
0.00335305
0.00337217
0.00339293
0.00341531
0.00343927
0.00346469
0.00349141
0.00351918
0.00354766
0.00357642
0.0036049
0.00363246
0.00365833
0.00368166
0.00370155
0.00371708
0.00372735
0.00373157
0.00372911
0.00371958
0.00370288
0.00367928
0.00364942
0.00361433
0.00357541
0.00353435
0.00348541
0.00343153
0.00337506
0.0033185
0.00326451
0.00321595
0.0031758
0.00314702
0.00313228
0.00313324
0.00314944
0.00317613
0.00320101
0.00319956
0.00313229
0.00295543
0.398906
0.447186
0.498827
0.553973
0.612276
0.674016
0.739639
0.809895
0.885735
0.968264
1.05865
1.15807
1.26766
1.38848
1.52154
1.66779
1.82817
2.0036
2.19501
2.40333
2.6295
2.87445
3.13906
3.42419
3.73063
4.05906
4.41008
4.7841
5.1814
5.60201
6.04574
6.51209
7.00024
7.50901
8.03682
8.58169
9.1412
9.71256
10.2926
10.8779
11.4648
12.0495
12.6283
13.1976
13.7543
14.2956
14.8191
15.3234
15.8076
16.2714
16.7154
17.1405
17.5483
17.9407
18.3196
18.6871
19.0452
19.3954
19.7392
20.0773
20.4065
20.7246
21.0296
21.3185
21.5877
21.8324
22.047
22.225
22.3589
22.4407
22.4618
22.4136
22.2874
22.0752
21.7703
21.3678
20.8655
20.2648
19.5711
18.7939
17.9461
17.0415
16.09
15.0905
14.0222
12.8361
11.4528
9.77421
7.72528
5.34771
2.94879
1.11991
0.2581
0.049318
0.0152537
0.00848036
0.00683835
0.00626631
0.00598989
0.00583501
0.00574014
0.00567163
0.0056174
0.00556946
0.00552218
0.00543763
0.00529887
0.00510696
0.00487121
0.00460695
0.00433236
0.00406447
0.00381583
0.00359287
0.00339628
0.00322292
0.00306825
0.00292829
0.00280059
0.00268415
0.00257882
0.00248467
0.0024016
0.0023292
0.00226676
0.00221345
0.00216837
0.00213028
0.00209832
0.00206929
0.00204274
0.00201852
0.00199642
0.00197624
0.00195782
0.00194098
0.00192557
0.00191149
0.00189861
0.00188687
0.00187618
0.00186652
0.00185786
0.00185019
0.00184353
0.00183789
0.00183332
0.00182985
0.00182754
0.00182642
0.00182655
0.00182794
0.00183061
0.00183454
0.0018397
0.001846
0.00185334
0.00186158
0.00187055
0.00188005
0.00188988
0.00189983
0.00190974
0.00191944
0.00192887
0.00193801
0.00194693
0.00195582
0.00196494
0.00197461
0.00198526
0.00199687
0.00200872
0.00202215
0.00203813
0.00205764
0.00208168
0.00211121
0.00214712
0.00219004
0.00224015
0.00229687
0.00235842
0.00242146
0.00248143
0.00253543
0.00259216
0.386183
0.434331
0.486114
0.541555
0.600255
0.662513
0.728789
0.799851
0.876666
0.96035
1.05209
1.15307
1.26447
1.38739
1.52291
1.67206
1.83589
2.01542
2.2117
2.4258
2.65878
2.9117
3.18558
3.48142
3.80009
4.14236
4.50885
4.89997
5.31589
5.75648
6.22126
6.70938
7.21956
7.75006
8.29866
8.86272
9.43911
10.0244
10.6148
11.2063
11.7951
12.3771
12.9488
13.507
14.049
14.5729
15.0776
15.5626
16.0284
16.4762
16.9079
17.3259
17.7328
18.1317
18.5253
18.9164
19.3071
19.6993
20.0939
20.4913
20.8882
21.2809
21.6655
22.0377
22.3921
22.7225
23.0217
23.2816
23.4939
23.6499
23.7408
23.7584
23.6951
23.5447
23.3028
22.9673
22.5388
22.0214
21.4223
20.7523
20.0248
19.254
18.453
17.6292
16.7799
15.887
14.9116
13.7929
12.4524
10.809
8.81061
6.49555
4.08829
2.02883
0.742328
0.205638
0.0620497
0.0308368
0.0216116
0.0186523
0.0175786
0.0170822
0.0168243
0.0166661
0.0165456
0.0160571
0.0151048
0.013765
0.0121591
0.0104349
0.00874228
0.00720827
0.00591654
0.0048994
0.00414337
0.00360449
0.00322691
0.00295804
0.00275701
0.00259659
0.00246115
0.00234298
0.00223868
0.00214673
0.00206612
0.00199599
0.00193546
0.00188328
0.00183847
0.001797
0.00175841
0.00172261
0.00168937
0.00165852
0.00162983
0.00160313
0.00157822
0.00155494
0.00153313
0.00151266
0.00149343
0.00147535
0.00145836
0.00144243
0.00142753
0.00141368
0.0014009
0.00138923
0.00137873
0.00136946
0.00136149
0.00135489
0.00134973
0.00134607
0.00134396
0.00134342
0.00134446
0.00134708
0.00135125
0.0013569
0.00136399
0.00137243
0.00138216
0.00139311
0.00140525
0.00141855
0.00143306
0.00144884
0.00146601
0.00148475
0.00150527
0.00152786
0.00155263
0.00157979
0.00160997
0.00164373
0.00168167
0.00172442
0.00177265
0.00182706
0.00188835
0.00195732
0.00203493
0.00212267
0.0022234
0.0023431
0.0024938
0.388221
0.437404
0.490485
0.547368
0.607533
0.671301
0.739157
0.811917
0.8906
0.976367
1.07044
1.17403
1.28834
1.41452
1.55371
1.70701
1.87554
2.06043
2.26285
2.48396
2.72497
2.98705
3.27135
3.57895
3.91084
4.26787
4.65067
5.05966
5.49493
5.95623
6.44289
6.95381
7.48734
8.04136
8.6132
9.19972
9.79731
10.402
11.0097
11.616
12.2167
12.8079
13.3861
13.9484
14.4928
15.018
15.5239
16.0114
16.4822
16.939
17.3853
17.8248
18.2616
18.7
19.1438
19.5963
20.0601
20.537
21.0275
21.5309
22.0452
22.5639
23.0809
23.59
24.0836
24.5533
24.9898
25.3832
25.7232
25.9996
26.2026
26.3231
26.3533
26.2873
26.1212
25.8537
25.4864
25.0242
24.475
23.8494
23.1606
22.423
21.6507
20.8556
20.0445
19.2166
18.3608
17.453
16.4564
15.3229
13.9991
12.4363
10.6062
8.52601
6.29982
4.15449
2.38919
1.21396
0.595355
0.325004
0.215278
0.167504
0.14568
0.133098
0.122337
0.110948
0.0983199
0.0846079
0.0703739
0.0563689
0.0433653
0.0320113
0.0227208
0.0156208
0.0105658
0.00721381
0.00513548
0.00391723
0.00322643
0.00283152
0.00259038
0.00242528
0.00229812
0.00219215
0.0021006
0.00202067
0.00195093
0.00188996
0.00183676
0.00178684
0.00173982
0.00169571
0.00165437
0.00161565
0.0015794
0.00154542
0.00151355
0.00148358
0.00145537
0.00142876
0.00140362
0.00137985
0.00135736
0.0013361
0.00131604
0.00129717
0.00127952
0.00126311
0.00124799
0.00123424
0.00122192
0.0012111
0.00120188
0.00119431
0.00118846
0.00118439
0.00118212
0.00118167
0.00118305
0.00118623
0.00119117
0.00119785
0.0012062
0.0012162
0.0012278
0.001241
0.00125581
0.00127229
0.00129052
0.00131065
0.00133287
0.00135739
0.00138452
0.00141453
0.00144779
0.00148482
0.00152623
0.0015727
0.00162506
0.00168431
0.00175169
0.0018288
0.00191776
0.00202148
0.0021441
0.00229154
0.00247204
0.397653
0.448192
0.502741
0.561137
0.622692
0.687759
0.756862
0.830896
0.910952
0.998245
1.09402
1.19952
1.31591
1.44438
1.58606
1.7421
1.91368
2.10199
2.30827
2.53378
2.77981
3.04763
3.3385
3.65359
3.994
4.36064
4.75423
5.17525
5.62382
6.09971
6.60224
7.13023
7.682
8.25529
8.84733
9.45481
10.074
10.7007
11.3306
11.9593
12.5825
13.1962
13.797
14.3823
14.9503
15.5004
16.033
16.55
17.0541
17.5491
18.0397
18.531
19.0284
19.5371
20.062
20.6069
21.1748
21.7671
22.3838
23.0232
23.6846
24.3613
25.0446
25.7257
26.395
27.0422
27.6561
28.225
28.737
29.1802
29.5436
29.817
29.9919
30.0616
30.0219
29.8712
29.6107
29.2446
28.7799
28.2262
27.5953
26.9001
26.1541
25.3696
24.5567
23.7215
22.8646
21.9801
21.0546
20.0676
18.9928
17.8014
16.4663
14.9689
13.3053
11.4937
9.5833
7.66384
5.86676
4.33316
3.14147
2.27961
1.70926
1.33761
1.08219
0.891644
0.737772
0.605718
0.488457
0.383572
0.291134
0.212195
0.147699
0.097768
0.0614102
0.0366621
0.0210108
0.0118667
0.00693903
0.00447137
0.00329877
0.00274771
0.00247254
0.00231326
0.00220247
0.00211414
0.00203891
0.00197293
0.00191464
0.00185913
0.00180609
0.00175568
0.00170788
0.00166267
0.00161996
0.00157963
0.00154155
0.00150557
0.00147154
0.00143933
0.0014088
0.00137987
0.00135244
0.00132646
0.0013019
0.00127876
0.00125705
0.0012368
0.00121806
0.00120089
0.00118536
0.00117154
0.00115951
0.00114933
0.00114106
0.00113475
0.00113042
0.0011281
0.00112777
0.00112942
0.00113302
0.00113852
0.00114589
0.00115507
0.00116603
0.00117878
0.00119331
0.00120968
0.00122797
0.00124831
0.00127089
0.00129592
0.00132371
0.0013546
0.001389
0.0014274
0.00147046
0.00151892
0.00157371
0.00163597
0.00170713
0.00178897
0.00188379
0.00199459
0.00212525
0.00228091
0.0024683
0.408266
0.459766
0.515155
0.574289
0.636279
0.701521
0.770578
0.844426
0.924229
1.01125
1.10673
1.21188
1.32785
1.45575
1.5967
1.75183
1.92232
2.10937
2.31425
2.53827
2.78277
3.04908
3.33853
3.65239
3.99184
4.35792
4.7515
5.1732
5.62333
6.10186
6.60834
7.14184
7.70096
8.28374
8.88772
9.5099
10.1468
10.7947
11.4495
12.1071
12.7632
13.4143
14.057
14.6887
15.3078
15.9136
16.5068
17.0891
17.6633
18.2333
18.8038
19.3801
19.9676
20.5718
21.1975
21.8489
22.5289
23.2391
23.9794
24.7482
25.5417
26.361
27.1981
28.0423
28.8833
29.7097
30.5098
31.2711
31.9809
32.6268
33.1965
33.679
34.0645
34.3451
34.5151
34.5712
34.5129
34.342
34.0632
33.6836
33.2119
32.6586
32.0343
31.3499
30.6148
29.8364
29.0192
28.1636
27.2659
26.3178
25.3072
24.2187
23.0361
21.7444
20.3338
18.8033
17.1642
15.4423
13.6794
11.93
10.2251
8.58681
7.12264
5.89402
4.90195
4.10496
3.44973
2.89185
2.40136
1.96064
1.56152
1.20293
0.888524
0.623842
0.413078
0.256351
0.148547
0.0803402
0.0407601
0.0197801
0.0096807
0.00525303
0.00344506
0.00272504
0.00242185
0.00227024
0.00217342
0.00209815
0.00203391
0.00197281
0.00191386
0.00185715
0.00180275
0.00175074
0.00170113
0.0016539
0.00160899
0.00156631
0.00152577
0.00148725
0.00145067
0.00141595
0.00138303
0.00135187
0.00132244
0.00129476
0.00126883
0.00124469
0.00122239
0.00120199
0.00118353
0.00116709
0.00115272
0.00114046
0.00113037
0.00112246
0.00111675
0.00111323
0.00111188
0.00111266
0.00111553
0.00112042
0.00112729
0.00113608
0.00114676
0.00115929
0.00117371
0.00119004
0.00120837
0.00122882
0.00125159
0.00127689
0.00130502
0.00133634
0.00137128
0.00141038
0.00145426
0.0015037
0.00155964
0.00162325
0.00169596
0.00177957
0.00187634
0.00198917
0.00212182
0.00227919
0.00246778
0.414733
0.466286
0.521368
0.579946
0.640925
0.704728
0.771927
0.843553
0.920812
1.00498
1.0973
1.1989
1.31087
1.43422
1.56998
1.71922
1.88305
2.06265
2.25924
2.47413
2.70865
2.96416
3.24201
3.54356
3.87007
4.22274
4.60262
5.01055
5.44716
5.91279
6.40743
6.9307
7.48179
8.05943
8.6619
9.28702
9.93221
10.5945
11.2707
11.9574
12.6512
13.3489
14.0476
14.7448
15.4389
16.1287
16.8141
17.4959
18.1756
18.8554
19.5383
20.2278
20.9275
21.641
22.3721
23.124
23.8992
24.6998
25.5267
26.3798
27.2579
28.1579
29.0809
30.0252
30.9811
31.9393
32.8895
33.8204
34.7201
35.576
36.376
37.108
37.7609
38.3251
38.7923
39.1564
39.4134
39.5617
39.6019
39.5366
39.3704
39.109
38.7591
38.3273
37.8201
37.2425
36.5977
35.8869
35.1085
34.258
33.3287
32.3117
31.1968
29.9745
28.6367
27.1796
25.6054
23.9246
22.1581
20.3369
18.4585
16.5205
14.6296
12.8749
11.3077
9.93879
8.74873
7.70239
6.76132
5.89147
5.06693
4.27168
3.50089
2.76192
2.07392
1.46411
0.959952
0.578464
0.318235
0.159614
0.0733335
0.0313643
0.0131701
0.00614613
0.00365989
0.00279943
0.00247722
0.00232727
0.0022338
0.00215615
0.00208425
0.00201556
0.00194953
0.00188611
0.00182534
0.00176726
0.00171186
0.00165909
0.00160891
0.00156125
0.00151605
0.00147324
0.00143279
0.00139466
0.00135884
0.00132531
0.0012941
0.00126522
0.0012387
0.00121457
0.00119288
0.00117364
0.00115688
0.00114262
0.00113085
0.00112158
0.00111476
0.00111036
0.00110832
0.00110858
0.00111105
0.00111566
0.00112233
0.001131
0.0011416
0.00115412
0.00116854
0.00118491
0.00120331
0.00122386
0.00124673
0.00127217
0.00130046
0.00133196
0.00136712
0.00140646
0.00145062
0.00150037
0.00155667
0.00162067
0.00169379
0.00177783
0.00187504
0.00198828
0.00212129
0.00227893
0.00246771
0.413517
0.463999
0.517483
0.574117
0.632618
0.693395
0.756974
0.824377
0.896805
0.975525
1.06173
1.15651
1.26083
1.37561
1.50176
1.64022
1.792
1.95818
2.1399
2.33839
2.55493
2.79085
3.04751
3.32627
3.62848
3.95545
4.30841
4.68847
5.0966
5.53355
5.99989
6.49587
7.02148
7.57634
8.15974
8.77063
9.4076
10.0689
10.7526
11.4565
12.1782
12.9155
13.6659
14.4273
15.1978
15.9758
16.76
17.5494
18.3434
19.1418
19.9447
20.7524
21.5655
22.3848
23.2117
24.0475
24.8941
25.7534
26.6274
27.5181
28.4271
29.3553
30.3028
31.2692
32.2563
33.2626
34.284
35.3146
36.3461
37.3689
38.3719
39.3432
40.2712
41.1441
41.9513
42.6833
43.332
43.8912
44.3567
44.7258
44.9976
45.1726
45.252
45.2373
45.1299
44.9303
44.6377
44.2496
43.7616
43.1672
42.4583
41.6253
40.6582
39.5473
38.2846
36.8655
35.2899
33.5641
31.7022
29.7269
27.6143
25.3462
23.0334
20.788
18.6997
16.823
15.1742
13.7392
12.4835
11.3624
10.3283
9.33581
8.34461
7.32309
6.2531
5.13644
4.00177
2.90758
1.93379
1.15657
0.613968
0.287912
0.119911
0.045191
0.0164074
0.00679947
0.00387886
0.00297899
0.00265458
0.00249045
0.00237606
0.00227811
0.00218714
0.00210081
0.00201865
0.00194057
0.00186652
0.00179641
0.00173017
0.00166769
0.00160887
0.00155362
0.00150185
0.0014535
0.0014085
0.00136679
0.00132834
0.00129312
0.00126109
0.00123223
0.00120651
0.00118389
0.00116434
0.00114779
0.0011342
0.00112349
0.00111557
0.00111035
0.00110772
0.00110756
0.00110977
0.00111423
0.00112083
0.00112948
0.00114011
0.00115267
0.00116716
0.00118361
0.00120208
0.0012227
0.00124565
0.00127116
0.00129952
0.00133109
0.00136631
0.00140572
0.00144995
0.00149978
0.00155615
0.00162022
0.00169343
0.00177754
0.00187482
0.00198813
0.00212119
0.00227888
0.00246769
0.403837
0.452206
0.503004
0.55658
0.611512
0.668143
0.726883
0.788668
0.854632
0.925999
1.00393
1.08944
1.18343
1.2867
1.40005
1.52427
1.66022
1.80885
1.97119
2.14833
2.34146
2.55182
2.78072
3.02949
3.29949
3.5921
3.90864
4.25044
4.61873
5.01465
5.43922
5.89332
6.37766
6.89272
7.4388
8.01593
8.6239
9.26227
9.93031
10.6271
11.3514
12.1017
12.8765
13.6738
14.4916
15.3276
16.1793
17.044
17.9189
18.8013
19.6882
20.5768
21.4649
22.3504
23.2323
24.1102
24.9852
25.8591
26.7352
27.6177
28.5113
29.4209
30.3513
31.3062
32.2884
33.2974
34.3301
35.387
36.4708
37.5798
38.709
39.8505
40.9944
42.129
43.242
44.3212
45.3548
46.332
47.2433
48.0809
48.8388
49.5123
50.0979
50.593
50.995
51.3008
51.5062
51.6055
51.5905
51.451
51.1744
50.7461
50.1502
49.3705
48.3919
47.2016
45.791
44.1576
42.3061
40.2508
37.9504
35.3712
32.6227
29.8311
27.1186
24.5865
22.3039
20.3049
18.591
17.1377
15.9024
14.8301
13.8595
12.9258
11.9635
10.9099
9.71068
8.33136
6.7766
5.11355
3.48531
2.08444
1.06751
0.462572
0.170464
0.0549922
0.0171994
0.00679175
0.00407207
0.00322415
0.00289293
0.00270594
0.00256077
0.00243083
0.00230996
0.00219685
0.0020911
0.00199238
0.00190038
0.00181476
0.00173523
0.00166151
0.00159334
0.00153048
0.00147274
0.00141991
0.00137182
0.00132831
0.00128921
0.00125438
0.00122367
0.00119694
0.00117403
0.00115479
0.00113907
0.00112671
0.00111754
0.00111139
0.00110811
0.00110751
0.00110944
0.00111374
0.00112027
0.00112891
0.00113958
0.00115219
0.00116675
0.00118326
0.0012018
0.00122248
0.00124548
0.00127103
0.00129942
0.00133102
0.00136626
0.00140568
0.00144992
0.00149976
0.00155614
0.00162022
0.00169342
0.00177754
0.00187482
0.00198813
0.00212119
0.00227888
0.00246769
0.387779
0.433301
0.480736
0.530609
0.581437
0.633455
0.686909
0.742574
0.801458
0.864708
0.933435
1.00863
1.09114
1.1817
1.28096
1.38961
1.50836
1.63798
1.77937
1.93347
2.10134
2.2841
2.48294
2.69913
2.93396
3.18878
3.46497
3.7639
4.08696
4.43552
4.81091
5.21441
5.64723
6.11051
6.60527
7.13238
7.69257
8.2864
8.91416
9.57591
10.2714
10.9999
11.7604
12.5513
13.3703
14.2147
15.081
15.9651
16.8624
17.7676
18.6756
19.5808
20.4779
21.3624
22.2303
23.0795
23.909
24.7203
25.5166
26.3035
27.0886
27.881
28.6914
29.5308
30.4104
31.3408
32.3302
33.3761
34.4653
35.6012
36.7885
38.0268
39.3119
40.6355
41.9865
43.3511
44.7145
46.0608
47.3747
48.6417
49.849
50.9857
52.0434
53.0155
53.8976
54.6863
55.3786
55.971
56.4583
56.8329
57.0838
57.1962
57.1516
56.9281
56.5011
55.8453
54.9358
53.7512
52.2754
50.5004
48.367
45.825
42.9572
39.8733
36.6978
33.5564
30.5632
27.8112
25.3655
23.2605
21.4999
20.0603
18.8974
17.9518
17.1538
16.4249
15.6767
14.8084
13.7077
12.2633
10.3984
8.13287
5.65646
3.3453
1.611
0.616729
0.189404
0.0500048
0.0144757
0.00601682
0.00403141
0.00342841
0.00313599
0.00292175
0.00273445
0.00256367
0.00240718
0.00226389
0.00213282
0.00201302
0.00190364
0.00180391
0.00171315
0.00163075
0.00155616
0.0014889
0.0014285
0.00137456
0.00132669
0.00128452
0.00124772
0.00121598
0.00118898
0.00116644
0.00114808
0.00113364
0.00112284
0.00111546
0.00111123
0.00110994
0.00111136
0.00111531
0.0011216
0.00113008
0.00114064
0.00115319
0.00116771
0.00118419
0.00120271
0.00122338
0.00124636
0.00127188
0.00130025
0.00133181
0.00136701
0.00140638
0.00145056
0.00150034
0.00155665
0.00162066
0.00169379
0.00177783
0.00187503
0.00198828
0.00212129
0.00227894
0.00246771
0.369399
0.411765
0.455632
0.501651
0.548362
0.595887
0.644294
0.69416
0.746325
0.801822
0.861713
0.926973
0.998428
1.07676
1.16256
1.25638
1.3588
1.47047
1.5921
1.72451
1.86861
2.02536
2.19585
2.3812
2.58263
2.80138
3.03876
3.29615
3.57492
3.87651
4.20236
4.55395
4.93274
5.34019
5.77772
6.24672
6.74846
7.28411
7.85464
8.46077
9.10288
9.7809
10.4942
11.2415
12.0206
12.8287
13.6616
14.5144
15.3814
16.256
17.1312
17.9994
18.8532
19.6853
20.4894
21.2603
21.9949
22.6918
23.3524
23.9806
24.5828
25.1686
25.7497
26.3406
26.9577
27.6194
28.3456
29.1572
30.0749
31.0926
32.1989
33.4031
34.7078
36.1109
37.6055
39.1797
40.8171
42.4975
44.1975
45.8917
47.5542
49.1599
50.6858
52.1128
53.4258
54.6152
55.6765
56.6097
57.4186
58.1087
58.6853
59.1512
59.5047
59.7373
59.8328
59.7668
59.5073
59.0167
58.2544
57.1804
55.7215
53.8219
51.5098
48.8327
45.8586
42.6758
39.3914
36.126
33.0019
30.1293
27.5909
25.4333
23.6664
22.2705
21.2065
20.4258
19.8724
19.4778
19.1457
18.7316
18.0273
16.769
14.7016
11.7246
8.09514
4.53054
1.91242
0.586203
0.139563
0.0278392
0.00816947
0.00489567
0.00406119
0.0036602
0.00335829
0.00309526
0.00286019
0.0026497
0.00246118
0.00229229
0.00214092
0.0020053
0.00188387
0.0017753
0.00167842
0.00159219
0.0015157
0.00144812
0.00138873
0.00133685
0.00129189
0.0012533
0.00122057
0.00119326
0.00117093
0.00115321
0.00113971
0.0011301
0.00112406
0.00112128
0.00112151
0.00112447
0.00112996
0.00113779
0.00114781
0.00115991
0.00117405
0.0011902
0.00120843
0.00122884
0.00125157
0.00127686
0.00130499
0.0013363
0.00137125
0.00141034
0.00145423
0.00150367
0.00155962
0.00162324
0.00169595
0.00177956
0.00187634
0.00198917
0.00212182
0.0022792
0.00246779
0.353379
0.392741
0.433284
0.475724
0.518699
0.562242
0.606277
0.651192
0.697649
0.746554
0.798907
0.855667
0.917658
0.985542
1.05986
1.14108
1.22968
1.32617
1.43115
1.5453
1.66937
1.80423
1.9508
2.11011
2.28321
2.47127
2.67547
2.89709
3.13744
3.39789
3.67987
3.98485
4.31434
4.66989
5.05305
5.46539
5.9084
6.38354
6.89208
7.43511
8.01338
8.62721
9.27635
9.95983
10.6758
11.4215
12.1929
12.9849
13.7916
14.6058
15.4198
16.2252
17.0131
17.7747
18.5016
19.1867
19.8243
20.4111
20.9457
21.4291
21.8655
22.2618
22.6273
22.9741
23.3168
23.6724
24.0608
24.5049
25.0309
25.6692
26.4428
27.3454
28.3917
29.5924
30.9546
32.4803
34.1656
35.9991
37.9612
40.0238
42.1509
44.2999
46.423
48.4701
50.392
52.1441
53.6899
55.0046
56.0776
56.9135
57.5312
57.9612
58.2413
58.4102
58.5011
58.5345
58.5137
58.4206
58.2161
57.8429
57.2245
56.3239
55.1163
53.5614
51.6179
49.2649
46.5233
43.469
40.2303
36.9682
33.8444
30.9914
28.494
26.3886
24.6767
23.3451
22.3841
21.7946
21.5813
21.7257
22.1374
22.5874
22.6496
21.7154
19.1823
14.8639
9.44587
4.47893
1.42452
0.266754
0.0355741
0.00896118
0.00565938
0.00479882
0.00430334
0.00390115
0.00355205
0.00324619
0.00297739
0.00274048
0.00253112
0.00234576
0.00218146
0.00203578
0.00190665
0.00179232
0.00169131
0.00160231
0.0015242
0.00145598
0.00139676
0.00134577
0.0013023
0.00126568
0.00123535
0.00121074
0.00119135
0.00117671
0.00116639
0.00115998
0.00115711
0.00115745
0.00116071
0.00116663
0.00117502
0.00118573
0.00119866
0.00121376
0.00123106
0.00125062
0.00127258
0.00129714
0.00132455
0.00135515
0.00138933
0.0014276
0.00147057
0.00151898
0.00157374
0.00163599
0.00170713
0.00178897
0.00188379
0.00199458
0.00212525
0.00228091
0.0024683
0.34407
0.381005
0.418852
0.458338
0.498241
0.538539
0.579079
0.620112
0.662158
0.70601
0.752604
0.802876
0.857646
0.917567
0.983143
1.05479
1.13289
1.21788
1.31024
1.41055
1.51946
1.63773
1.76618
1.90569
2.05725
2.22188
2.40066
2.59474
2.80534
3.03372
3.28121
3.5492
3.83911
4.15245
4.49073
4.85549
5.24825
5.67049
6.12357
6.60867
7.12672
7.67822
8.2632
8.881
9.53014
10.2082
10.9116
11.6359
12.3751
13.1228
13.8711
14.6116
15.3347
16.0306
16.6899
17.303
17.8645
18.3708
18.8194
19.2056
19.5338
19.8092
20.0388
20.2317
20.3988
20.5532
20.71
20.8865
21.1031
21.3834
21.7557
22.2485
22.8705
23.6415
24.5824
25.7151
27.0623
28.6476
30.47
32.5253
34.8039
37.2814
39.917
42.6509
45.4043
48.0816
50.5786
52.7917
54.6276
56.0153
56.916
57.3323
57.3109
56.94
56.3379
55.6358
54.9549
54.3839
53.9604
53.6634
53.4258
53.252
53.096
52.8368
52.3067
51.3366
49.8054
47.6797
45.0299
42.0143
38.8388
35.705
32.7685
30.1205
27.7962
25.801
24.142
22.8546
22.0156
21.7394
22.1498
23.3112
25.0954
26.9834
27.9125
26.4673
21.7269
14.4116
7.0061
2.00686
0.270839
0.0259848
0.00867519
0.00660348
0.00581498
0.00523087
0.00473703
0.00431033
0.00393808
0.00361069
0.00332078
0.0030627
0.00283205
0.00262539
0.00244004
0.00227382
0.00212498
0.00199207
0.00187383
0.00176918
0.00167713
0.00159673
0.00152713
0.00146747
0.00141693
0.00137472
0.00134009
0.00131229
0.00129065
0.00127453
0.00126335
0.00125657
0.00125374
0.00125445
0.00125836
0.00126522
0.00127483
0.00128706
0.00130184
0.00131919
0.00133916
0.0013619
0.00138761
0.00141656
0.00144909
0.00148563
0.00152672
0.00157299
0.00162522
0.00168439
0.00175173
0.00182882
0.00191776
0.00202148
0.0021441
0.00229154
0.00247204
0.345405
0.380854
0.416941
0.454385
0.492097
0.530041
0.568051
0.606322
0.645306
0.685731
0.728486
0.774484
0.824529
0.879252
0.939125
1.00451
1.07574
1.15317
1.23723
1.32841
1.42731
1.5346
1.65103
1.77742
1.91466
2.06367
2.22546
2.40108
2.59165
2.79832
3.02232
3.26493
3.52748
3.81135
4.11795
4.44873
4.80512
5.18851
5.6002
6.04136
6.51289
7.01538
7.54898
8.11323
8.70699
9.32825
9.97409
10.6406
11.3231
12.0157
12.7114
13.4012
14.0752
14.7222
15.3351
15.8962
16.4042
16.8557
17.2479
17.5789
17.8497
18.0637
18.2257
18.3425
18.4225
18.4754
18.5127
18.5471
18.5935
18.6689
18.7936
18.9922
19.2838
19.6863
20.2195
20.9066
21.7733
22.8482
24.1605
25.741
27.6203
29.827
32.3831
35.2995
38.5689
42.0832
45.7168
49.3172
52.6884
55.6034
57.8381
59.2048
59.5872
58.9771
57.497
55.4011
53.0407
50.7915
48.9586
47.6958
46.9706
46.8305
47.2206
47.9331
48.6678
49.1033
48.9687
48.101
46.4762
44.2045
41.4895
38.5652
35.6338
32.8286
30.2094
27.7873
25.5641
23.5708
21.8947
20.6934
20.1954
20.6891
22.4712
25.6593
29.742
32.9624
32.397
26.0786
15.9032
6.28388
1.2582
0.105572
0.0148366
0.00946399
0.0083286
0.00758011
0.00695567
0.00641332
0.00593193
0.00549749
0.00510033
0.00473397
0.0043941
0.00407796
0.00378388
0.00351087
0.00325838
0.00302608
0.00281369
0.00262089
0.00244725
0.00229215
0.00215484
0.00203437
0.00192968
0.00183961
0.00176294
0.00169842
0.00164484
0.00160104
0.00156591
0.00153846
0.00151778
0.00150307
0.00149365
0.00148895
0.00148849
0.00149192
0.00149896
0.00150944
0.00152328
0.00154048
0.00156113
0.00158541
0.00161357
0.00164597
0.00168301
0.0017252
0.00177309
0.00182729
0.00188847
0.00195738
0.00203495
0.00212268
0.00222341
0.0023431
0.0024938
0.361847
0.39707
0.432598
0.469168
0.50578
0.542418
0.578957
0.615626
0.6529
0.691524
0.732385
0.776382
0.824288
0.876694
0.934019
0.996578
1.06465
1.13855
1.21867
1.30548
1.39952
1.50146
1.612
1.73192
1.86206
2.00332
2.15664
2.32302
2.50351
2.69921
2.91126
3.14086
3.38927
3.65777
3.94768
4.26034
4.59708
4.95918
5.34786
5.76416
6.20894
6.68275
7.18574
7.71755
8.27722
8.86307
9.47272
10.1032
10.7513
11.4131
12.0815
12.7461
13.397
14.012
14.5896
15.1209
15.6011
16.0262
16.3932
16.7001
16.9469
17.1357
17.2701
17.3551
17.3974
17.4047
17.3858
17.3507
17.3104
17.2774
17.2662
17.2939
17.3811
17.5411
17.7899
18.1456
18.6297
19.2672
20.088
21.1272
22.4262
24.0334
26.0029
28.3931
31.2596
34.6444
38.5659
43.0045
47.8764
52.839
57.4909
61.3625
63.9215
64.7035
63.4282
60.1525
55.3815
50.0452
45.2268
41.6943
39.5583
38.8368
39.3431
40.684
42.3949
44.0199
45.1717
45.5803
45.127
43.8501
41.9133
39.5441
36.9627
34.3277
31.7175
29.1494
26.6194
24.1473
21.8102
19.7589
18.2226
17.5173
18.0765
20.4738
25.2246
31.8484
37.0331
34.7924
23.6908
10.3764
2.43966
0.238614
0.0237193
0.013749
0.0125041
0.0117881
0.0111821
0.0106287
0.0101016
0.00958649
0.00907631
0.00856863
0.00806414
0.00756541
0.00707606
0.00660012
0.00614162
0.00570423
0.00529109
0.00490464
0.0045466
0.00421795
0.00391896
0.0036493
0.00340808
0.00319401
0.00300547
0.00284062
0.00269749
0.00257408
0.00246841
0.00237856
0.00230273
0.00223927
0.00218668
0.00214363
0.00210893
0.0020816
0.00206081
0.00204589
0.00203635
0.00203185
0.00203223
0.00203751
0.00204785
0.00206358
0.00208519
0.00211321
0.00214822
0.00219062
0.00224045
0.00229701
0.00235849
0.00242149
0.00248144
0.00253544
0.00259216
0.400738
0.437372
0.473856
0.511025
0.547906
0.584527
0.620856
0.657243
0.694298
0.732877
0.773939
0.818393
0.866979
0.920218
0.978455
1.04194
1.1109
1.18563
1.26651
1.35401
1.4487
1.55123
1.66235
1.78282
1.91352
2.05533
2.20919
2.37612
2.55713
2.75334
2.96585
3.19587
3.4446
3.7133
4.00325
4.31574
4.65203
5.01335
5.40081
5.81539
6.25785
6.72865
7.22789
7.75516
8.30951
8.88939
9.49274
10.1175
10.7633
11.4299
12.1081
12.7807
13.4261
14.0387
14.6137
15.1441
15.6239
16.0488
16.4151
16.7209
16.9654
17.15
17.2772
17.3513
17.3777
17.3629
17.3142
17.2399
17.149
17.0513
16.9581
16.8829
16.8422
16.8478
16.9113
17.0458
17.2665
17.5914
18.0425
18.6468
19.4378
20.4577
21.7595
23.4088
25.4853
28.083
31.307
35.2659
40.0519
45.698
52.1393
59.055
65.3876
70.0557
71.7325
69.352
62.6626
52.9308
43.0022
35.6089
31.4333
30.0572
30.6991
32.5837
35.0809
37.6659
39.9047
41.4681
42.1618
41.9447
40.9168
39.2691
37.2136
34.9188
32.4786
29.9222
27.2526
24.4921
21.7177
19.0743
16.7718
15.0798
14.3573
15.1592
18.4074
25.1776
34.4134
37.9759
27.2545
11.3818
2.46935
0.225891
0.0283136
0.0199881
0.01942
0.0192262
0.0190177
0.0187352
0.0183591
0.0178868
0.0173254
0.0166876
0.0159891
0.0152462
0.0144751
0.0136906
0.0129063
0.0121334
0.0113817
0.0106589
0.00997075
0.00932162
0.00871427
0.00815023
0.00762991
0.00715282
0.00671775
0.00632292
0.0059661
0.00564477
0.00535624
0.00509769
0.00486627
0.00465918
0.00447371
0.00430727
0.00415742
0.00402195
0.00389885
0.00378638
0.00368311
0.00358795
0.00350021
0.00341962
0.00334644
0.00328139
0.00322574
0.00318125
0.00314992
0.00313376
0.00313396
0.00314977
0.00317628
0.00320107
0.00319959
0.0031323
0.00295543
0.478275
0.518631
0.558162
0.59797
0.637011
0.675404
0.713263
0.751171
0.789999
0.830844
0.87483
0.92293
0.975848
1.03401
1.09765
1.16693
1.24202
1.3232
1.41086
1.50554
1.60786
1.71855
1.83841
1.96831
2.10917
2.26197
2.42772
2.60748
2.80238
3.01355
3.24222
3.48962
3.75703
4.04578
4.35719
4.6926
5.05329
5.4405
5.85534
6.29876
6.77145
7.27378
7.80572
8.3667
8.9556
9.57071
10.21
10.8721
11.5617
12.2872
13.0281
13.7458
14.4358
15.0922
15.7088
16.2783
16.794
17.2508
17.6444
17.9724
18.2337
18.4288
18.5599
18.6307
18.646
18.6117
18.5347
18.4223
18.2827
18.1247
17.9583
17.7958
17.6537
17.5411
17.4666
17.4398
17.471
17.5723
17.7582
18.0466
18.4602
19.0283
19.7889
20.7921
22.1031
23.8069
26.0127
28.8585
32.5141
37.1784
43.0649
50.3451
59.0138
68.5234
76.1804
78.8833
73.3985
59.2949
41.8053
28.7648
22.7213
21.3432
22.4601
24.8924
27.9941
31.2892
34.3709
36.8922
38.6017
39.3799
39.25
38.3472
36.8559
34.9422
32.7108
30.2091
27.4598
24.5052
21.4391
18.416
15.6372
13.3329
11.7656
11.3063
12.6687
17.3118
26.7075
34.9516
25.3203
8.68492
1.38255
0.110503
0.0319228
0.0296478
0.0305042
0.0314744
0.0321797
0.0325593
0.0326273
0.0324153
0.0319643
0.0313171
0.0305154
0.0295966
0.0285939
0.0275362
0.0264478
0.0253485
0.0242552
0.0231809
0.0221361
0.0211287
0.0201645
0.0192473
0.0183795
0.0175621
0.016795
0.016077
0.0154063
0.0147803
0.014196
0.0136498
0.0131379
0.0126561
0.0122001
0.0117654
0.0113474
0.0109415
0.0105434
0.0101488
0.00975396
0.00935563
0.00895161
0.0085409
0.00812422
0.0077044
0.00728694
0.00688036
0.00649623
0.00614872
0.00585284
0.00562102
0.00545638
0.00534044
0.00521054
0.00492333
0.0042058
0.640303
0.688347
0.734537
0.780484
0.824949
0.868235
0.910706
0.953353
0.997515
1.04473
1.09645
1.1538
1.21746
1.28772
1.36464
1.44823
1.53859
1.636
1.74092
1.85399
1.97599
2.10782
2.25045
2.40495
2.57242
2.75402
2.95096
3.16452
3.39599
3.64675
3.91821
4.21183
4.52913
4.87165
5.24094
5.63854
6.06595
6.52457
7.01565
7.54022
8.09899
8.69225
9.31979
9.98075
10.6736
11.396
12.1453
12.9207
13.738
14.6269
15.5144
16.3727
17.2004
17.9891
18.7302
19.4148
20.0344
20.5821
21.0526
21.4423
21.7493
21.9738
22.1175
22.184
22.1784
22.1068
21.9764
21.7951
21.5714
21.3145
21.0349
20.7489
20.4786
20.2293
20.0074
19.8196
19.6733
19.5767
19.5398
19.5747
19.6967
19.925
20.2854
20.8115
21.5483
22.5557
23.9133
25.7268
28.1361
31.3267
35.5483
41.1399
48.529
58.148
70.0317
81.6329
83.128
67.5166
40.7913
21.0558
14.5096
13.9546
15.6572
18.458
21.8973
25.6201
29.2756
32.516
35.0443
36.6686
37.3328
37.1065
36.1338
34.5695
32.5258
30.0697
27.2523
24.147
20.8768
17.6159
14.5684
11.94
9.92627
8.7507
8.82247
11.1774
17.8992
26.8592
18.6426
4.38902
0.480499
0.0616201
0.040873
0.042865
0.0456926
0.0479595
0.0497472
0.0509422
0.0516124
0.051856
0.0517587
0.0513955
0.0508287
0.0501095
0.0492792
0.0483711
0.047412
0.0464237
0.0454235
0.0444255
0.0434409
0.0424784
0.0415452
0.0406461
0.0397852
0.0389646
0.0381857
0.0374483
0.0367516
0.0360936
0.0354712
0.0348807
0.034317
0.0337743
0.0332457
0.032723
0.0321969
0.0316566
0.0310899
0.0304828
0.0298196
0.0290826
0.0282525
0.0273091
0.0262326
0.0250058
0.0236188
0.0220749
0.0203995
0.0186479
0.0169102
0.015305
0.0139542
0.0129306
0.0121634
0.0112656
0.00912522
1.07337
1.1393
1.20203
1.2636
1.32245
1.3793
1.43507
1.49161
1.55127
1.61655
1.68963
1.77202
1.86441
1.96685
2.07904
2.20072
2.33182
2.47265
2.62385
2.78636
2.96135
3.15014
3.35417
3.57498
3.81417
4.0734
4.3544
4.65898
4.98899
5.34639
5.73317
6.15145
6.60336
7.09113
7.61698
8.18314
8.79176
9.44486
10.1442
10.8913
11.6871
12.532
13.4254
14.3659
15.3509
16.3767
17.4387
18.5351
19.7165
21.0565
22.3672
23.649
24.8911
26.0771
27.1925
28.2224
29.1525
29.971
30.6686
31.2386
31.6771
31.983
32.158
32.2066
32.1354
31.953
31.6695
31.2963
30.8454
30.3299
29.7647
29.1859
28.6339
28.1058
27.6028
27.1289
26.6906
26.2958
25.9541
25.6771
25.4789
25.3769
25.3929
25.5544
25.8964
26.4632
27.3108
28.5098
30.1484
32.3381
35.2336
39.1342
44.3993
51.3746
60.5
72.2898
85.1685
79.3022
38.4296
13.6816
8.33381
8.70652
10.6753
13.5361
17.0344
20.922
24.8965
28.6127
31.7383
34.019
35.3258
35.6619
35.123
33.8495
31.9569
29.5317
26.6551
23.436
20.0303
16.6349
13.46
10.6952
8.49105
6.97731
6.35901
7.2005
10.9358
16.8254
9.96733
1.28515
0.156577
0.0581631
0.0557046
0.059629
0.06328
0.0660035
0.0677466
0.0690787
0.0700834
0.070862
0.0714877
0.0720108
0.0724657
0.0728772
0.0732622
0.0736317
0.0739926
0.0743497
0.0747052
0.07506
0.0754146
0.075769
0.0761223
0.0764742
0.0768241
0.0771717
0.0775162
0.0778572
0.0781942
0.078527
0.078855
0.0791776
0.0794941
0.0798036
0.0801053
0.0803973
0.0806771
0.0809406
0.081182
0.0813911
0.0815532
0.081644
0.0816281
0.0814509
0.0810347
0.0802694
0.0790101
0.0770825
0.0743094
0.0705741
0.065923
0.0606797
0.0554699
0.0510174
0.0475961
0.0440459
0.03571
3.24282
3.4046
3.56396
3.71685
3.86211
4.00175
4.139
4.27927
4.42914
4.59542
4.78386
4.99812
5.23956
5.50765
5.80098
6.1182
6.45875
6.82313
7.21285
7.63031
8.07848
8.56079
9.08094
9.6428
10.2504
10.908
11.6199
12.3905
13.2246
14.1269
15.1027
16.1572
17.2959
18.5245
19.8489
21.275
22.8086
24.4551
26.2198
28.1065
30.1185
32.2568
34.5205
36.9059
39.4061
42.0105
44.7054
47.4851
50.5899
54.3174
58.0204
61.6945
65.2871
68.7386
72.0008
75.0225
77.7535
80.1506
82.1789
83.8115
85.0301
85.8258
86.1992
86.16
85.7262
84.9228
83.7807
82.3352
80.6255
78.693
76.5801
74.3782
72.2921
70.2579
68.2668
66.3316
64.4749
62.7241
61.1107
59.6702
58.4427
57.4741
56.8176
56.5354
56.6998
57.395
58.7173
60.7729
63.671
67.5016
72.2889
78.4022
86.1366
94.9085
103.767
108.825
99.8108
78.6103
40.7964
9.0098
4.6883
5.39887
7.27331
9.95766
13.313
17.1642
21.247
25.2229
28.7354
31.4809
33.2681
34.0402
33.8429
32.7984
31.0245
28.625
25.7095
22.4198
18.9425
15.4948
12.292
9.51105
7.27092
5.64353
4.70687
4.71616
6.40549
8.72836
1.92879
0.26387
0.105993
0.075626
0.0661438
0.0598549
0.0557262
0.0541507
0.0555661
0.0578122
0.060561
0.0637677
0.0674029
0.0714422
0.0758642
0.0806473
0.0857671
0.0911975
0.0969097
0.102872
0.109048
0.115399
0.121882
0.128451
0.135058
0.141653
0.148185
0.154605
0.160864
0.166915
0.172718
0.178236
0.18344
0.188306
0.192819
0.196973
0.20077
0.204218
0.207337
0.210149
0.212684
0.214975
0.217057
0.218966
0.220735
0.222401
0.224005
0.22561
0.227326
0.229363
0.23211
0.236232
0.242755
0.253045
0.26849
0.289472
0.312337
0.320608
0.265784
1.56347
2.00426
2.14358
2.13954
2.08103
2.00884
1.93968
1.87936
1.82909
1.78832
1.75593
1.73076
1.71183
1.69835
1.68966
1.68446
1.68284
1.68479
1.69026
1.69918
1.71141
1.72679
1.74509
1.76602
1.78928
1.81456
1.84156
1.87008
1.89997
1.93121
1.96384
1.99805
2.03437
2.07484
2.13005
2.25382
2.67882
4.16504
8.87241
0.238276
0.306511
0.334574
0.3484
0.358278
0.368305
0.379574
0.391968
0.404977
0.418042
0.430687
0.442554
0.453396
0.463038
0.471358
0.478235
0.483225
0.486071
0.486633
0.484868
0.480826
0.474657
0.466612
0.457031
0.446322
0.434929
0.423302
0.411864
0.400989
0.391002
0.382204
0.375012
0.370417
0.371835
0.392128
0.474915
0.724587
1.35019
2.71548
0.0741187
0.095447
0.103999
0.107652
0.109804
0.111926
0.114537
0.117718
0.121366
0.12531
0.129367
0.133361
0.137128
0.140512
0.143325
0.145823
0.147807
0.149118
0.149644
0.149319
0.148127
0.146114
0.143379
0.140074
0.136392
0.13255
0.12878
0.125313
0.122385
0.120272
0.119452
0.12127
0.130453
0.163491
0.266374
0.522474
1.02826
1.89743
3.31945
0.038479
0.0476525
0.0519027
0.0536598
0.0542941
0.0545281
0.0547086
0.0549805
0.0553848
0.0559099
0.0565185
0.0571612
0.0577822
0.0583203
0.0587269
0.0590769
0.0593192
0.059408
0.0593076
0.0589962
0.0584713
0.0577531
0.0568867
0.055943
0.0550173
0.0542282
0.0537194
0.0536688
0.0543301
0.0562083
0.0607955
0.073461
0.112823
0.228521
0.504412
1.02834
1.87837
3.14151
4.92609
0.0275228
0.0316798
0.0339279
0.034952
0.0352917
0.0352908
0.0351468
0.0349648
0.0347951
0.0346565
0.0345495
0.0344642
0.0343846
0.0342835
0.0341729
0.0340511
0.0339048
0.0337223
0.0334959
0.0332248
0.0329183
0.0325987
0.0323044
0.0320928
0.0320442
0.0322683
0.0329179
0.0342252
0.036649
0.0415208
0.0537831
0.0918319
0.209074
0.501632
1.0687
1.98107
3.29084
5.04369
7.27767
0.0233305
0.0250231
0.0260722
0.026576
0.0267187
0.0266505
0.0264724
0.0262463
0.0260077
0.0257744
0.0255536
0.0253455
0.0251459
0.0249462
0.0247542
0.0245652
0.0243749
0.0241807
0.0239835
0.0237899
0.0236146
0.0234833
0.0234369
0.0235362
0.0238697
0.0245674
0.0258289
0.0280213
0.0321284
0.0418355
0.0724494
0.177035
0.468834
1.07533
2.07714
3.50699
5.36915
7.65194
10.3301
0.0215655
0.0219357
0.0222134
0.0223124
0.0222621
0.0221127
0.0219069
0.0216749
0.0214359
0.0212009
0.0209753
0.0207605
0.0205538
0.0203571
0.0201703
0.0199917
0.0198202
0.0196568
0.0195057
0.0193767
0.0192874
0.0192671
0.0193609
0.0196378
0.0202019
0.0212142
0.0229487
0.0260441
0.0327598
0.0532899
0.131798
0.39229
1.00744
2.09134
3.66914
5.70785
8.14886
10.9266
13.9721
0.0208064
0.0204545
0.0202317
0.0200226
0.0197956
0.0195512
0.0192983
0.0190461
0.0188012
0.0185677
0.0183473
0.0181401
0.0179441
0.0177614
0.0175906
0.0174309
0.0172828
0.0171485
0.0170339
0.0169505
0.0169177
0.0169676
0.0171501
0.0175431
0.018268
0.0195229
0.0216987
0.0259853
0.0377137
0.0848598
0.279382
0.842091
1.95789
3.66903
5.90896
8.567
11.5302
14.6984
17.9806
0.0204861
0.0197518
0.0192161
0.0187848
0.0184111
0.018074
0.0177648
0.0174798
0.0172171
0.0169754
0.016753
0.0165476
0.0163585
0.0161848
0.0160253
0.0158795
0.0157481
0.0156341
0.0155441
0.0154903
0.0154933
0.0155873
0.0158262
0.0162963
0.0171359
0.0185868
0.0212341
0.0273695
0.0498256
0.161374
0.592613
1.63584
3.40653
5.82295
8.71594
11.9126
15.2695
18.6744
22.0332
0.0203558
0.0194305
0.0187115
0.0181319
0.0176478
0.0172322
0.0168688
0.0165473
0.0162606
0.0160036
0.0157722
0.0155627
0.0153735
0.0152024
0.0150478
0.0149091
0.0147873
0.0146852
0.0146096
0.0145729
0.0145963
0.0147149
0.0149856
0.0155009
0.0164142
0.0180228
0.0212224
0.030502
0.0766004
0.324657
1.1469
2.82167
5.31606
8.40861
11.8499
15.4352
19.0158
22.4857
25.761
0.020305
0.0192907
0.0184726
0.0178023
0.0172431
0.0167688
0.0163608
0.0160062
0.0156953
0.015421
0.0151773
0.0149603
0.0147666
0.0145935
0.0144391
0.0143026
0.0141847
0.0140881
0.0140193
0.0139903
0.0140221
0.0141498
0.0144316
0.0149634
0.0159108
0.0176402
0.0215213
0.0363517
0.130853
0.613391
1.95736
4.32208
7.49275
11.1346
14.956
18.7497
22.3807
25.7606
28.8222
0.0202861
0.0192329
0.0183655
0.0176448
0.0170396
0.0165261
0.016086
0.0157057
0.0153748
0.0150848
0.0148295
0.014604
0.0144042
0.0142271
0.0140704
0.0139331
0.0138155
0.0137201
0.0136527
0.0136246
0.0136558
0.0137803
0.0140553
0.0145771
0.0155207
0.0173267
0.0220552
0.0461775
0.222952
1.0226
2.93093
5.92279
9.62343
13.6311
17.6469
21.4808
25.0209
28.2007
30.9708
0.0202793
0.0192102
0.0183202
0.0175741
0.0169436
0.0164069
0.0159465
0.0155491
0.0152039
0.0149024
0.014638
0.0144054
0.0142001
0.0140189
0.0138593
0.0137201
0.0136012
0.0135046
0.0134354
0.0134037
0.0134278
0.0135396
0.0137934
0.0142824
0.0151855
0.0170119
0.022709
0.0598982
0.343529
1.47544
3.87334
7.32881
11.3598
15.5405
19.5876
23.3373
26.7009
29.6309
32.0928
0.020277
0.0192019
0.0183027
0.0175453
0.0169028
0.0163544
0.0158833
0.0154764
0.0151231
0.0148148
0.0145448
0.0143076
0.0140988
0.0139148
0.0137531
0.0136123
0.0134918
0.0133933
0.0133207
0.013283
0.0132961
0.0133889
0.0136111
0.0140495
0.0148788
0.0166545
0.0231702
0.0734722
0.454164
1.84009
4.55259
8.25092
12.4023
16.5866
20.5444
24.1368
27.2957
29.9857
32.1801
0.0202764
0.0191999
0.0182982
0.0175376
0.0168917
0.0163398
0.0158655
0.0154556
0.0150997
0.0147893
0.0145175
0.0142789
0.014069
0.0138843
0.0137221
0.0135808
0.0134597
0.0133596
0.0132837
0.0132391
0.0132397
0.0133102
0.0134944
0.0138704
0.0145997
0.0162378
0.0229279
0.0791686
0.502893
1.98337
4.77178
8.47142
12.5518
16.6162
20.4253
23.8515
26.832
29.3343
31.333
0.020277
0.0192019
0.0183027
0.0175453
0.0169028
0.0163544
0.0158834
0.0154765
0.0151234
0.0148154
0.0145458
0.0143092
0.0141011
0.0139181
0.0137575
0.0136174
0.013497
0.0133965
0.0133181
0.0132673
0.0132552
0.0133026
0.0134465
0.0137542
0.0143671
0.0157794
0.0216846
0.071684
0.458142
1.84135
4.47392
7.97741
11.8476
15.7085
19.3314
22.5915
25.4242
27.7931
29.6694
0.0202793
0.0192102
0.0183202
0.0175741
0.0169436
0.0164069
0.0159467
0.0155494
0.0152046
0.0149038
0.0146405
0.0144092
0.0142059
0.014027
0.0138702
0.0137333
0.0136152
0.0135157
0.0134361
0.0133802
0.0133565
0.0133817
0.0134859
0.0137247
0.014215
0.0153475
0.0197978
0.0550901
0.345947
1.48951
3.78543
6.92866
10.4636
14.0389
17.433
20.5178
23.2206
25.4964
27.3083
0.0202861
0.0192329
0.0183655
0.0176448
0.0170397
0.0165262
0.0160863
0.0157065
0.0153762
0.0150876
0.0148344
0.0146117
0.0144156
0.0142432
0.0140919
0.0139598
0.0138456
0.0137485
0.0136688
0.0136089
0.013575
0.0135796
0.0136464
0.0138195
0.0141898
0.0150346
0.0180269
0.0390594
0.220679
1.04837
2.88658
5.54694
8.6424
11.8529
14.965
17.8459
20.4126
22.6085
24.3863
0.020305
0.0192907
0.0184726
0.0178024
0.0172432
0.0167691
0.0163615
0.0160076
0.015698
0.0154259
0.0151859
0.014974
0.014787
0.0146222
0.0144776
0.0143514
0.0142418
0.0141479
0.014069
0.014006
0.0139628
0.0139483
0.0139803
0.014093
0.0143548
0.0149476
0.0168239
0.0278592
0.121313
0.635016
1.96883
4.07691
6.65876
9.4345
12.2046
14.8349
17.2338
19.3337
21.0765
0.0203558
0.0194305
0.0187115
0.018132
0.017648
0.0172327
0.01687
0.0165497
0.0162652
0.0160118
0.0157861
0.0155854
0.0154075
0.0152505
0.0151126
0.0149923
0.0148878
0.0147973
0.0147194
0.0146536
0.0146015
0.0145687
0.0145683
0.0146283
0.0147944
0.0151809
0.0162834
0.021595
0.0619239
0.326888
1.18322
2.72862
4.76465
7.05927
9.43438
11.7615
13.9456
15.9114
17.5926
0.0204861
0.0197518
0.0192161
0.018785
0.0184115
0.0180749
0.0177667
0.0174838
0.0172247
0.0169887
0.0167753
0.0165837
0.0164131
0.0162626
0.0161309
0.0160164
0.0159171
0.0158305
0.0157541
0.0156857
0.0156248
0.015574
0.015543
0.0155531
0.0156348
0.0158575
0.0164605
0.0188711
0.0342244
0.144433
0.611285
1.6375
3.14197
4.94541
6.89608
8.87853
10.8014
12.588
14.1684
0.0208064
0.0204545
0.0202318
0.0200229
0.0197963
0.0195527
0.0193015
0.0190525
0.0188133
0.0185889
0.0183828
0.0181966
0.0180314
0.0178868
0.0177622
0.0176557
0.0175647
0.0174854
0.0174136
0.017345
0.0172763
0.0172073
0.0171471
0.0171079
0.017112
0.0172019
0.0174898
0.0185119
0.0239104
0.0610322
0.264514
0.855947
1.88015
3.22044
4.7509
6.37285
8.00546
9.57729
11.021
0.0215655
0.0219358
0.0222135
0.0223129
0.0222632
0.0221152
0.0219122
0.0216854
0.0214554
0.0212353
0.021033
0.020853
0.0206974
0.0205667
0.0204599
0.0203745
0.0203061
0.0202486
0.0201947
0.0201362
0.0200661
0.0199803
0.0198882
0.0197988
0.019727
0.0197004
0.0197751
0.0201402
0.0218807
0.0325498
0.0997752
0.373128
0.988765
1.91831
3.06381
4.34069
5.68125
7.02509
8.31373
0.0233305
0.0250231
0.0260724
0.0265767
0.0267205
0.0266546
0.0264813
0.0262641
0.0260411
0.0258339
0.0256545
0.0255088
0.0253993
0.0253257
0.0252856
0.0252737
0.0252819
0.0252988
0.0253101
0.0253002
0.0252541
0.0251609
0.0250365
0.0248905
0.024734
0.0245874
0.0244848
0.0244998
0.024925
0.0275602
0.0444678
0.135883
0.432936
1.00856
1.81811
2.78924
3.86416
4.99548
6.13867
0.0275228
0.0316799
0.0339283
0.0349533
0.0352949
0.0352983
0.0351631
0.0349979
0.0348585
0.0347714
0.0347474
0.0347896
0.0348964
0.0350633
0.0352825
0.0355417
0.0358227
0.0361006
0.0363448
0.0365205
0.0365934
0.0365369
0.0363928
0.036181
0.0359124
0.0356083
0.0353011
0.0350379
0.0349135
0.0353006
0.0385148
0.0592271
0.158632
0.443407
0.958649
1.66788
2.52182
3.48397
4.52634
0.038479
0.0476527
0.0519036
0.0536624
0.0543006
0.0545435
0.0547427
0.0550511
0.0555227
0.0561645
0.0569642
0.0579035
0.0589626
0.0601207
0.0613526
0.0626256
0.0638944
0.0651004
0.0661714
0.0670258
0.0675805
0.0677655
0.0677052
0.0674524
0.0670197
0.0664432
0.0657794
0.065102
0.0645025
0.0641167
0.0643336
0.067382
0.0872704
0.180188
0.441378
0.917789
1.59479
2.45213
3.48327
0.0741188
0.0954474
0.104001
0.107658
0.109818
0.11196
0.114613
0.117876
0.121675
0.12588
0.13036
0.135005
0.139724
0.144444
0.149099
0.153613
0.157896
0.161838
0.165305
0.168149
0.170206
0.17132
0.171776
0.171628
0.17089
0.169653
0.16807
0.166339
0.164696
0.163406
0.162789
0.163338
0.16678
0.184327
0.268004
0.5273
1.05408
1.89202
3.08921
0.238276
0.306511
0.334578
0.348407
0.358298
0.368349
0.379665
0.392147
0.405309
0.418624
0.431656
0.4441
0.45576
0.466537
0.47638
0.48527
0.493188
0.500109
0.505995
0.510788
0.514386
0.516563
0.517413
0.516783
0.514735
0.511524
0.507554
0.503348
0.499515
0.49676
0.49594
0.498183
0.50597
0.525235
0.564896
0.676577
1.02875
1.90112
3.62067
1.56347
2.00425
2.14356
2.13949
2.08089
2.00852
1.93902
1.87806
1.8267
1.78414
1.74898
1.71971
1.69499
1.67367
1.65486
1.63793
1.62247
1.60834
1.59556
1.58432
1.57491
1.56763
1.5618
1.55784
1.55603
1.55647
1.55922
1.56425
1.5715
1.58097
1.59272
1.60683
1.62269
1.63727
1.65161
1.68525
1.87422
2.65651
4.95422
)
;

boundaryField
{
    frontandback
    {
        type            empty;
    }
    in1
    {
        type            turbulentMixingLengthDissipationRateInlet;
        mixingLength    0.014;
        phi             phi;
        k               k;
        value           uniform 0.00269526;
    }
    in2
    {
        type            turbulentMixingLengthDissipationRateInlet;
        mixingLength    0.014;
        phi             phi;
        k               k;
        value           uniform 0.0215621;
    }
    out
    {
        type            zeroGradient;
    }
    walls
    {
        type            epsilonWallFunction;
        blending        stepwise;
        value           nonuniform List<scalar> 
423
(
4.89058
5.31973
5.76288
6.23366
6.71301
7.19701
7.68128
8.16651
8.65705
9.16069
9.68725
10.2471
10.85
11.5038
12.2146
12.987
13.8238
14.7272
15.6988
16.7397
17.851
19.0336
20.2881
21.615
23.0146
24.4869
26.0318
27.6492
29.3391
31.1017
32.9375
34.8479
36.8349
38.9013
41.0509
43.2883
45.6187
48.0475
50.5804
53.2223
55.9775
58.8487
61.8368
64.9403
68.1554
71.4756
74.8913
78.3907
81.9595
85.5814
89.239
92.9144
96.5902
100.251
103.884
107.483
111.048
114.594
118.15
121.726
125.184
128.495
131.63
134.563
137.261
139.689
141.807
143.565
144.904
145.755
146.03
145.622
144.399
142.195
138.806
133.977
127.397
118.697
107.466
93.3139
76.0207
55.8908
34.4467
15.4004
4.06444
1.13839
0.854464
0.875063
0.897661
0.913527
0.92434
0.931174
0.93476
0.935648
0.934266
0.93096
0.92601
0.919641
0.912033
0.903335
0.893645
0.881962
0.868063
0.851747
0.832849
0.811259
0.787478
0.762344
0.736199
0.709404
0.682351
0.655446
0.629083
0.603625
0.579382
0.556596
0.535442
0.516019
0.498363
0.482449
0.468207
0.455536
0.44431
0.434395
0.425654
0.417958
0.411183
0.405218
0.399975
0.39488
0.389901
0.385009
0.380178
0.375386
0.370613
0.365839
0.36105
0.356231
0.351371
0.346459
0.341488
0.336453
0.33135
0.326178
0.320941
0.315642
0.31029
0.304894
0.299468
0.294029
0.288596
0.283192
0.277843
0.272577
0.267425
0.262419
0.257592
0.252979
0.248612
0.244525
0.240747
0.237307
0.234225
0.231521
0.229204
0.22728
0.225748
0.224598
0.223815
0.223378
0.223264
0.223443
0.223888
0.224564
0.225449
0.226545
0.227914
0.22972
0.23232
0.23635
0.242819
0.253078
0.268507
0.28948
0.31234
0.320609
0.265784
3.24282
3.4046
3.56396
3.71685
3.86211
4.00175
4.139
4.27927
4.42914
4.59542
4.78386
4.99812
5.23956
5.50765
5.80098
6.1182
6.45875
6.82313
7.21285
7.63031
8.07848
8.56079
9.08094
9.6428
10.2504
10.908
11.6199
12.3905
13.2246
14.1269
15.1027
16.1572
17.2959
18.5245
19.8489
21.275
22.8086
24.4551
26.2198
28.1065
30.1185
32.2568
34.5205
36.9059
39.4061
42.0105
44.7054
47.4851
50.5899
54.3174
58.0204
61.6945
65.2871
68.7386
72.0008
75.0225
77.7535
80.1506
82.1789
83.8115
85.0301
85.8258
86.1992
86.16
85.7262
84.9228
83.7807
82.3352
80.6255
78.693
76.5801
74.3782
72.2921
70.2579
68.2668
66.3316
64.4749
62.7241
61.1107
59.6702
58.4427
57.4741
56.8176
56.5354
56.6998
57.395
58.7173
60.7729
63.671
67.5016
72.2889
78.4022
86.1366
94.9085
103.767
108.825
99.8108
78.6103
40.7964
1.92879
0.26387
0.105993
0.075626
0.0661438
0.0598549
0.0557262
0.0541507
0.0555661
0.0578122
0.060561
0.0637677
0.0674029
0.0714422
0.0758642
0.0806473
0.0857671
0.0911975
0.0969097
0.102872
0.109048
0.115399
0.121882
0.128451
0.135058
0.141653
0.148185
0.154605
0.160864
0.166915
0.172718
0.178236
0.18344
0.188306
0.192819
0.196973
0.20077
0.204218
0.207337
0.210149
0.212684
0.214975
0.217057
0.218966
0.220735
0.222401
0.224005
0.22561
0.227326
0.229363
0.23211
0.236232
0.242755
0.253045
0.26849
0.289472
0.312337
0.320608
0.265784
1.56347
2.00426
2.14358
2.13954
2.08103
2.00884
1.93968
1.87936
1.82909
1.78832
1.75593
1.73076
1.71183
1.69835
1.68966
1.68446
1.68284
1.68479
1.69026
1.69918
1.71141
1.72679
1.74509
1.76602
1.78928
1.81456
1.84156
1.87008
1.89997
1.93121
1.96384
1.99805
2.03437
2.07484
2.13005
2.25382
2.67882
4.16504
8.87241
1.56347
2.00425
2.14356
2.13949
2.08089
2.00852
1.93902
1.87806
1.8267
1.78414
1.74898
1.71971
1.69499
1.67367
1.65486
1.63793
1.62247
1.60834
1.59556
1.58432
1.57491
1.56763
1.5618
1.55784
1.55603
1.55647
1.55922
1.56425
1.5715
1.58097
1.59272
1.60683
1.62269
1.63727
1.65161
1.68525
1.87422
2.65651
4.95422
)
;
    }
}


// ************************************************************************* //
