/*--------------------------------*- C++ -*----------------------------------*\
| =========                 |                                                 |
| \\      /  F ield         | OpenFOAM: The Open Source CFD Toolbox           |
|  \\    /   O peration     | Version:  2406                                  |
|   \\  /    A nd           | Website:  www.openfoam.com                      |
|    \\/     M anipulation  |                                                 |
\*---------------------------------------------------------------------------*/
FoamFile
{
    version     2.0;
    format      ascii;
    arch        "LSB;label=32;scalar=64";
    class       volScalarField;
    location    "500";
    object      k;
}
// * * * * * * * * * * * * * * * * * * * * * * * * * * * * * * * * * * * * * //

dimensions      [0 2 -2 0 0 0 0];

internalField   nonuniform List<scalar> 
5619
(
0.0529913
0.0560338
0.0590879
0.0622455
0.0653783
0.0684666
0.0714896
0.0744589
0.0774059
0.0803793
0.083435
0.0866275
0.0900027
0.093594
0.0974224
0.101498
0.105822
0.110392
0.115203
0.120248
0.125518
0.131007
0.136707
0.142608
0.148702
0.15498
0.161433
0.168053
0.174832
0.181765
0.188847
0.196078
0.203459
0.210995
0.218693
0.226564
0.234619
0.242869
0.251326
0.259998
0.26889
0.278002
0.28733
0.29686
0.306574
0.316446
0.326444
0.336531
0.346663
0.356796
0.366885
0.376884
0.386754
0.396459
0.405976
0.415297
0.424435
0.433432
0.442373
0.451251
0.459748
0.467806
0.475371
0.482387
0.488791
0.494509
0.499455
0.503524
0.506585
0.508478
0.509001
0.507898
0.504843
0.499416
0.491073
0.479105
0.462587
0.440321
0.41077
0.372047
0.322033
0.258961
0.183297
0.1028
0.0402068
0.0188753
0.0165954
0.0168983
0.0171696
0.017358
0.0174849
0.0175634
0.0176025
0.0176088
0.0175875
0.0175428
0.0174778
0.0173953
0.0172972
0.0171852
0.0170605
0.0169098
0.0167299
0.0165179
0.0162708
0.0159865
0.0156719
0.0153362
0.0149833
0.0146174
0.0142435
0.0138669
0.0134931
0.0131272
0.0127742
0.012438
0.0121218
0.0118278
0.0115574
0.011311
0.0110881
0.0108879
0.0107089
0.0105496
0.0104081
0.0102826
0.0101715
0.0100732
0.00998641
0.00990166
0.00981846
0.00973636
0.00965494
0.00957381
0.00949264
0.0094111
0.00932893
0.00924586
0.00916168
0.00907621
0.00898928
0.00890078
0.00881062
0.00871877
0.00862524
0.00853008
0.00843341
0.00833537
0.00823618
0.00813613
0.00803558
0.00793492
0.00783465
0.0077353
0.00763747
0.00754179
0.00744894
0.00735964
0.00727461
0.00719457
0.00712019
0.00705209
0.00699083
0.00693682
0.00689039
0.0068517
0.0068208
0.00679755
0.0067817
0.00677284
0.00677048
0.00677407
0.00678305
0.00679668
0.00681451
0.00683657
0.00686406
0.00690029
0.00695224
0.00703242
0.00716016
0.00736044
0.00765663
0.00805032
0.00846875
0.00861758
0.00760479
0.0617925
0.0658963
0.0704959
0.0752569
0.0801517
0.0851339
0.0901865
0.0953133
0.100544
0.105927
0.111527
0.117411
0.123639
0.13026
0.137307
0.144796
0.152734
0.161116
0.169935
0.179174
0.188819
0.198849
0.209243
0.219977
0.231026
0.242361
0.253956
0.265781
0.277812
0.290024
0.302397
0.314916
0.327574
0.340368
0.353303
0.366391
0.379647
0.393094
0.406754
0.420651
0.434807
0.449241
0.463966
0.478992
0.494319
0.509942
0.525849
0.542022
0.558438
0.575068
0.591883
0.60885
0.625937
0.643115
0.660357
0.677643
0.69496
0.712304
0.729686
0.747072
0.764207
0.781002
0.797377
0.813239
0.828483
0.842984
0.856591
0.869119
0.880338
0.889966
0.897645
0.902922
0.905221
0.903792
0.897664
0.885561
0.865805
0.836201
0.793926
0.735505
0.657078
0.555406
0.430344
0.289156
0.151188
0.049281
0.0124797
0.00739001
0.00684855
0.00657299
0.00636901
0.00620442
0.00606599
0.00594717
0.00584371
0.00575284
0.00567254
0.00560118
0.00553743
0.00548014
0.00542855
0.00537743
0.00532718
0.00527862
0.00523306
0.00519392
0.00516096
0.00513129
0.00510552
0.00508416
0.0050676
0.00505606
0.00504967
0.00504834
0.00505184
0.00505977
0.00507161
0.00508669
0.00510429
0.00512368
0.00514413
0.00516502
0.0051858
0.00520604
0.00522543
0.00524376
0.0052609
0.00527674
0.00529127
0.00530598
0.0053209
0.00533611
0.00535168
0.00536766
0.00538415
0.00540121
0.00541894
0.0054374
0.00545668
0.00547687
0.00549803
0.00552026
0.00554363
0.00556821
0.00559408
0.00562127
0.00564983
0.00567977
0.00571112
0.00574384
0.00577788
0.00581315
0.00584951
0.0058868
0.00592476
0.00596313
0.00600157
0.00603969
0.00607704
0.00611315
0.00614747
0.00617946
0.00620853
0.00623408
0.00625549
0.00627213
0.00628327
0.0062881
0.00628558
0.00627438
0.00625263
0.00622001
0.00617842
0.0061237
0.0060501
0.00594983
0.00581283
0.00562728
0.00538153
0.00506863
0.00469372
0.00428273
0.00388677
0.00357551
0.00342087
0.003484
0.00379533
0.074487
0.0799514
0.0859632
0.0921566
0.0985138
0.105001
0.111618
0.118387
0.125353
0.132579
0.14014
0.148109
0.156554
0.165527
0.175065
0.185189
0.195907
0.207216
0.219109
0.231571
0.244586
0.258131
0.272182
0.286713
0.301693
0.31709
0.332869
0.348997
0.365438
0.382163
0.399144
0.416358
0.433788
0.451424
0.469263
0.487308
0.505564
0.524042
0.542753
0.561707
0.580912
0.600367
0.62007
0.640007
0.660157
0.680495
0.700985
0.721588
0.742263
0.762964
0.783649
0.804276
0.824805
0.845203
0.86544
0.885491
0.905334
0.924948
0.944311
0.963402
0.981958
0.999877
1.01707
1.03342
1.04881
1.06309
1.07607
1.0875
1.09711
1.10451
1.10926
1.11078
1.10835
1.10105
1.08777
1.06708
1.03725
0.996215
0.941675
0.871312
0.783302
0.677142
0.554618
0.420361
0.281742
0.150889
0.0516473
0.0109419
0.0046048
0.00406781
0.00390471
0.00378744
0.00369612
0.00362323
0.00356509
0.00351914
0.00348303
0.00345469
0.00343249
0.00341512
0.00340167
0.00339038
0.00338118
0.00337406
0.00336912
0.00336571
0.00336218
0.00335833
0.0033541
0.00334953
0.00334482
0.00334033
0.00333653
0.00333399
0.00333326
0.00333483
0.00333902
0.00334595
0.00335556
0.00336758
0.00338163
0.00339722
0.00341385
0.00343102
0.00344828
0.00346525
0.00348166
0.0034972
0.00351178
0.00352672
0.00354203
0.00355775
0.00357392
0.00359059
0.00360781
0.00362564
0.00364415
0.00366339
0.00368345
0.00370439
0.00372628
0.0037492
0.00377323
0.00379842
0.00382484
0.00385252
0.00388149
0.00391177
0.00394332
0.00397611
0.00401003
0.00404492
0.00408058
0.00411672
0.00415297
0.00418888
0.00422391
0.00425741
0.00428863
0.00431675
0.00434083
0.00435988
0.00437285
0.00437866
0.00437623
0.00436448
0.00434237
0.00430893
0.00426332
0.00420487
0.00413325
0.00405059
0.00395583
0.003848
0.00372638
0.00359083
0.00344235
0.00328378
0.00312069
0.00296232
0.00282218
0.00271814
0.00267186
0.00270798
0.00285261
0.00312709
0.00351414
0.0880267
0.0947471
0.102039
0.109531
0.117198
0.125013
0.132991
0.141169
0.14961
0.158393
0.167606
0.177335
0.187655
0.198626
0.21029
0.222672
0.235783
0.249624
0.264189
0.279464
0.295434
0.312078
0.329372
0.347286
0.36579
0.384848
0.404422
0.424472
0.444958
0.465841
0.487084
0.508652
0.530516
0.552649
0.575032
0.597647
0.62048
0.643519
0.66675
0.690159
0.713726
0.737428
0.761235
0.78511
0.809012
0.832894
0.856705
0.880393
0.903907
0.927196
0.950217
0.972927
0.995292
1.01728
1.03887
1.06003
1.08074
1.10097
1.12068
1.13987
1.15827
1.17577
1.19224
1.20756
1.22156
1.23406
1.24481
1.25353
1.25984
1.26334
1.26349
1.25968
1.25117
1.23709
1.21642
1.18804
1.15071
1.10317
1.04427
0.973235
0.88987
0.794828
0.689533
0.575614
0.45408
0.32585
0.196261
0.0838756
0.0205024
0.00579845
0.0039251
0.00367726
0.00355685
0.00346857
0.00340191
0.0033512
0.00331303
0.0032849
0.00326464
0.0032502
0.00324004
0.0032322
0.00322583
0.00322015
0.00321438
0.00320612
0.0031942
0.00317762
0.00315557
0.00312752
0.00309336
0.00305352
0.00300898
0.00296123
0.00291205
0.00286332
0.00281681
0.00277393
0.00273568
0.00270259
0.00267479
0.00265209
0.00263405
0.00262013
0.00260971
0.00260218
0.00259702
0.00259363
0.00259161
0.00259055
0.00259029
0.00259079
0.002592
0.00259387
0.00259637
0.00259948
0.0026032
0.00260752
0.00261245
0.002618
0.00262418
0.00263102
0.00263855
0.00264678
0.00265575
0.00266546
0.00267593
0.00268715
0.00269911
0.00271176
0.00272503
0.00273881
0.00275295
0.00276725
0.00278146
0.00279526
0.00280826
0.00282003
0.00283007
0.00283783
0.00284274
0.00284423
0.00284174
0.00283479
0.002823
0.00280613
0.00278413
0.00275721
0.00272583
0.00269084
0.00265345
0.00261393
0.00257327
0.0025327
0.00249379
0.00245852
0.00242942
0.00240965
0.00240312
0.00241464
0.00244992
0.00251563
0.00261925
0.00276859
0.00297001
0.00322295
0.00350598
0.101945
0.109906
0.118472
0.127263
0.136236
0.145372
0.154693
0.164252
0.174128
0.184416
0.19522
0.20664
0.218762
0.231656
0.245371
0.259938
0.275371
0.291676
0.308849
0.326881
0.345758
0.365461
0.385968
0.407249
0.429273
0.452001
0.475391
0.499399
0.523974
0.549067
0.574625
0.600596
0.62693
0.653577
0.680486
0.707612
0.734907
0.762324
0.789817
0.817338
0.844835
0.872258
0.899551
0.926658
0.953524
0.980092
1.00631
1.03213
1.0575
1.08239
1.10676
1.1306
1.15387
1.17658
1.19869
1.2202
1.24109
1.26132
1.28086
1.29968
1.31755
1.33431
1.34981
1.36388
1.37633
1.3869
1.39532
1.40124
1.40428
1.40398
1.39985
1.3913
1.37773
1.35848
1.33285
1.3002
1.2599
1.21152
1.15482
1.0899
1.01721
0.937493
0.851502
0.759494
0.660639
0.552807
0.433517
0.303185
0.172091
0.0671027
0.0167885
0.00622476
0.00455319
0.00420794
0.00403112
0.00391024
0.00382797
0.00377184
0.00373383
0.00370832
0.00369191
0.00368124
0.00367467
0.00367051
0.00366701
0.00366109
0.00365031
0.00363245
0.00360546
0.0035676
0.0035177
0.00345537
0.00338117
0.00329671
0.00320453
0.00310787
0.00301018
0.00291474
0.00282429
0.00274079
0.00266543
0.0025987
0.00254055
0.00249055
0.00244802
0.00241218
0.00238223
0.00235724
0.00233644
0.00231756
0.00230026
0.00228439
0.00226979
0.00225631
0.00224384
0.00223226
0.00222148
0.00221144
0.00220205
0.00219329
0.00218512
0.0021775
0.00217045
0.00216395
0.00215801
0.00215266
0.00214791
0.0021438
0.00214034
0.00213755
0.00213547
0.00213408
0.00213339
0.00213336
0.00213396
0.00213513
0.00213676
0.00213876
0.00214101
0.00214337
0.00214573
0.00214797
0.00215001
0.00215182
0.00215344
0.00215499
0.00215669
0.00215885
0.00216194
0.0021665
0.00217323
0.00218224
0.00219421
0.00221006
0.00223086
0.00225786
0.00229251
0.00233652
0.0023919
0.00246099
0.00254654
0.0026516
0.0027794
0.00293283
0.00311329
0.00331826
0.00353768
0.116405
0.125635
0.135514
0.145647
0.155966
0.166455
0.177145
0.188103
0.199424
0.211224
0.223623
0.236735
0.250661
0.265479
0.281247
0.298002
0.315767
0.334551
0.354355
0.375175
0.397001
0.419816
0.443601
0.468328
0.493965
0.520472
0.547801
0.575899
0.604706
0.634154
0.664171
0.69468
0.725601
0.756847
0.788332
0.819966
0.851659
0.88332
0.914858
0.946186
0.977217
1.00787
1.03807
1.06774
1.09683
1.12529
1.15307
1.18016
1.20652
1.23216
1.25708
1.2813
1.30483
1.32769
1.3499
1.37145
1.39235
1.41257
1.43209
1.45082
1.46861
1.48524
1.50053
1.51425
1.52618
1.53601
1.54344
1.54809
1.54957
1.54744
1.54125
1.53054
1.51486
1.49375
1.46683
1.43381
1.39447
1.3488
1.29695
1.2393
1.17641
1.10893
1.03744
0.962109
0.882388
0.796626
0.701989
0.594903
0.472557
0.336413
0.19866
0.0865878
0.0265555
0.00921852
0.00585024
0.00505724
0.0047653
0.0045988
0.00449718
0.00443643
0.00440078
0.00437907
0.00436625
0.00435856
0.00435324
0.00434564
0.00433224
0.00431087
0.00427982
0.00423765
0.00418309
0.00411503
0.00403271
0.0039361
0.00382625
0.00370557
0.00357768
0.00344695
0.00331779
0.00319408
0.00307866
0.0029733
0.00287883
0.00279531
0.00272232
0.00265917
0.00260503
0.00255873
0.00251927
0.00248284
0.00244896
0.00241743
0.00238802
0.00236051
0.00233471
0.00231042
0.00228748
0.00226574
0.00224507
0.00222537
0.00220655
0.00218855
0.00217133
0.00215487
0.00213916
0.00212424
0.00211013
0.00209689
0.00208458
0.00207327
0.00206303
0.00205396
0.00204612
0.00203959
0.00203445
0.00203073
0.00202848
0.00202774
0.00202851
0.00203081
0.00203463
0.00203997
0.00204686
0.00205532
0.00206541
0.00207721
0.00209087
0.00210656
0.00212451
0.00214501
0.00216841
0.00219508
0.00222551
0.00226018
0.00229977
0.0023451
0.0023971
0.00245686
0.0025256
0.00260475
0.00269585
0.00280057
0.0029205
0.00305689
0.0032102
0.0033793
0.00356095
0.131415
0.141934
0.153148
0.164642
0.176312
0.188149
0.200192
0.212525
0.225268
0.238553
0.252521
0.267299
0.283
0.299712
0.317502
0.336413
0.356475
0.377703
0.400106
0.423685
0.448435
0.474346
0.501402
0.529577
0.558839
0.589145
0.620444
0.652672
0.685753
0.719602
0.754122
0.789204
0.82473
0.860573
0.896598
0.932665
0.968631
1.00435
1.03969
1.0745
1.10867
1.14208
1.17463
1.20625
1.23688
1.26649
1.29507
1.32264
1.34924
1.37492
1.39975
1.42382
1.44721
1.46999
1.49224
1.51401
1.53533
1.5562
1.5766
1.59645
1.61563
1.63387
1.65092
1.66653
1.6804
1.69218
1.70151
1.70798
1.71117
1.71064
1.70597
1.69674
1.68258
1.66316
1.63826
1.60772
1.57152
1.52979
1.48281
1.43101
1.37497
1.31533
1.25267
1.18741
1.11955
1.04844
0.972618
0.889722
0.796652
0.690128
0.567839
0.430781
0.287569
0.158072
0.0679273
0.0245671
0.0110393
0.00757396
0.00641574
0.00598186
0.00579507
0.00569694
0.00564253
0.00561052
0.00559
0.00554063
0.00545351
0.00533586
0.00519833
0.00505249
0.00490836
0.00477219
0.00464537
0.00452483
0.00440508
0.00428081
0.00414911
0.00401023
0.00386708
0.00372397
0.00358531
0.00345473
0.00333458
0.00322602
0.00312927
0.00304397
0.00296951
0.00290469
0.00284843
0.00279587
0.00274652
0.00270023
0.00265681
0.00261603
0.00257766
0.0025415
0.00250732
0.00247493
0.00244414
0.0024148
0.00238678
0.00235997
0.0023343
0.00230972
0.00228621
0.00226378
0.00224247
0.00222233
0.00220345
0.00218591
0.00216982
0.00215531
0.00214247
0.00213143
0.00212229
0.00211515
0.00211007
0.00210713
0.00210637
0.00210779
0.00211143
0.00211726
0.0021253
0.00213554
0.00214799
0.00216269
0.00217971
0.00219912
0.00222108
0.00224576
0.0022734
0.00230427
0.00233878
0.00237737
0.00242046
0.00246861
0.00252249
0.00258284
0.0026505
0.0027264
0.00281155
0.00290701
0.00301386
0.00313307
0.00326548
0.00341173
0.00357272
0.146609
0.158381
0.170877
0.183668
0.196603
0.209682
0.222959
0.236545
0.250582
0.265228
0.280638
0.296954
0.314296
0.332758
0.352412
0.37331
0.395486
0.418966
0.443764
0.46989
0.497346
0.526128
0.556227
0.58762
0.620278
0.654157
0.689199
0.725334
0.762471
0.800507
0.839318
0.878766
0.918694
0.958931
0.999293
1.03959
1.07962
1.11918
1.15807
1.19612
1.23314
1.26899
1.30356
1.33675
1.36853
1.39888
1.42784
1.4555
1.48196
1.50737
1.5319
1.55574
1.57908
1.60208
1.62491
1.6477
1.67052
1.6934
1.71634
1.73925
1.7621
1.78451
1.80615
1.82667
1.84569
1.86279
1.87751
1.88938
1.89793
1.90266
1.90312
1.8989
1.88964
1.87504
1.85492
1.82918
1.79786
1.76113
1.7193
1.67279
1.62216
1.56799
1.51092
1.45147
1.38998
1.32647
1.2605
1.19111
1.11679
1.0355
0.94494
0.842916
0.727895
0.600023
0.462996
0.326484
0.205935
0.116857
0.0639443
0.03813
0.0266773
0.0212529
0.0185331
0.0168859
0.0155379
0.0142154
0.0128447
0.0114376
0.0100477
0.00874367
0.0075898
0.00663176
0.00588751
0.00534591
0.00497249
0.0047201
0.00454064
0.00439516
0.00425938
0.00412323
0.00398595
0.00385082
0.00372173
0.00360167
0.00349229
0.00339415
0.00330705
0.00322999
0.00316195
0.00309751
0.00303629
0.0029783
0.00292344
0.00287158
0.00282254
0.00277614
0.00273218
0.00269045
0.00265076
0.00261293
0.00257681
0.00254227
0.00250922
0.0024776
0.00244737
0.00241855
0.00239115
0.00236525
0.00234093
0.00231829
0.00229745
0.00227853
0.00226166
0.00224697
0.00223458
0.00222458
0.00221705
0.00221205
0.00220961
0.00220973
0.00221241
0.00221761
0.0022253
0.00223542
0.00224796
0.00226288
0.0022802
0.00229995
0.00232221
0.0023471
0.00237479
0.00240549
0.00243945
0.00247707
0.00251872
0.00256482
0.00261586
0.00267243
0.00273517
0.00280484
0.00288227
0.00296842
0.00306437
0.00317137
0.00329098
0.00342523
0.00357706
0.161127
0.174023
0.187632
0.201532
0.215513
0.229597
0.243854
0.258428
0.273491
0.289225
0.3058
0.323364
0.34204
0.361924
0.383089
0.405591
0.429472
0.454764
0.481491
0.50967
0.539315
0.57043
0.603011
0.637046
0.672508
0.709356
0.747534
0.786966
0.827555
0.869184
0.911714
0.954981
0.998801
1.04297
1.08726
1.13144
1.17525
1.21845
1.26079
1.30203
1.34196
1.38039
1.41717
1.45222
1.48548
1.51698
1.54678
1.57503
1.60192
1.6277
1.65263
1.67703
1.70118
1.72539
1.74989
1.7749
1.80055
1.8269
1.85393
1.88153
1.90972
1.9382
1.96646
1.99405
2.02049
2.04527
2.06786
2.08771
2.10428
2.11706
2.12555
2.12931
2.12796
2.12122
2.1089
2.0909
2.06726
2.03814
2.00379
1.96461
1.92104
1.87363
1.82291
1.76943
1.7136
1.6557
1.59577
1.53357
1.46854
1.3998
1.3262
1.24643
1.15924
1.06363
0.959181
0.846361
0.726964
0.604771
0.486059
0.37878
0.288579
0.217283
0.166021
0.130587
0.105469
0.0864965
0.0711571
0.0580978
0.0466797
0.0366815
0.0280967
0.0209883
0.0153883
0.0112372
0.00836853
0.00653321
0.00544959
0.00485452
0.00453796
0.00435507
0.00422195
0.00410154
0.00398383
0.00386937
0.00376091
0.00366058
0.00356941
0.00348708
0.003413
0.00334166
0.00327283
0.00320676
0.00314352
0.00308313
0.00302553
0.00297065
0.00291835
0.00286847
0.00282087
0.00277539
0.0027319
0.00269029
0.00265046
0.00261237
0.002576
0.00254136
0.00250849
0.00247745
0.00244835
0.00242129
0.00239638
0.00237376
0.00235356
0.00233589
0.00232085
0.00230854
0.00229901
0.0022923
0.00228841
0.00228732
0.00228898
0.00229332
0.00230026
0.00230972
0.00232162
0.0023359
0.00235253
0.0023715
0.00239286
0.00241667
0.00244307
0.00247223
0.00250437
0.00253978
0.00257881
0.00262187
0.00266939
0.0027219
0.00278003
0.0028445
0.00291619
0.00299613
0.0030856
0.00318618
0.00329989
0.0034294
0.00357821
0.173653
0.18743
0.201856
0.216547
0.231229
0.245949
0.260801
0.275961
0.291633
0.308024
0.325313
0.343652
0.36316
0.383927
0.406026
0.429513
0.454435
0.480829
0.508729
0.538164
0.569154
0.601717
0.63586
0.671579
0.708858
0.747666
0.787953
0.829649
0.872661
0.916875
0.962147
1.00831
1.05517
1.10251
1.15008
1.19764
1.24489
1.29157
1.33739
1.38209
1.42541
1.46714
1.50711
1.5452
1.58135
1.61557
1.64796
1.67866
1.7079
1.73596
1.76317
1.78987
1.81644
1.8432
1.87048
1.89852
1.92752
1.95755
1.98863
2.02066
2.05344
2.08712
2.12129
2.15539
2.18888
2.22122
2.25185
2.28021
2.30576
2.32795
2.34627
2.36028
2.36957
2.37384
2.37285
2.36646
2.35466
2.3375
2.31516
2.2879
2.25605
2.22
2.18017
2.13696
2.09073
2.04176
1.9902
1.93605
1.87911
1.81899
1.75513
1.6868
1.61322
1.53362
1.44743
1.35441
1.25485
1.14968
1.04063
0.93018
0.818887
0.70706
0.601404
0.507086
0.426245
0.358098
0.300286
0.250271
0.206089
0.166535
0.13109
0.099767
0.072898
0.0508762
0.0338908
0.0217305
0.0137425
0.00896986
0.00639027
0.00512919
0.00456236
0.00430927
0.00417168
0.00406629
0.00396821
0.00387369
0.00378401
0.00370022
0.00362301
0.00354714
0.00347264
0.00340001
0.00332955
0.00326145
0.00319582
0.00313271
0.00307209
0.00301391
0.00295811
0.00290459
0.00285327
0.0028041
0.00275702
0.00271203
0.00266913
0.00262836
0.00258977
0.00255345
0.00251951
0.00248805
0.0024592
0.00243306
0.00240976
0.00238939
0.00237203
0.00235774
0.00234654
0.00233843
0.00233337
0.00233129
0.00233211
0.00233571
0.00234198
0.00235079
0.00236203
0.00237562
0.00239148
0.00240958
0.00242996
0.00245266
0.00247779
0.00250552
0.00253607
0.00256969
0.00260673
0.00264757
0.00269268
0.0027426
0.00279798
0.0028596
0.00292837
0.00300544
0.0030922
0.00319037
0.00330215
0.00343031
0.00357842
0.182674
0.196996
0.211848
0.226919
0.241875
0.256787
0.271764
0.287018
0.302779
0.319274
0.336693
0.355186
0.374865
0.395813
0.418096
0.441768
0.466875
0.493462
0.521568
0.551232
0.582486
0.615358
0.64987
0.686033
0.723844
0.763289
0.804334
0.846927
0.890993
0.936433
0.983124
1.03092
1.07963
1.12907
1.179
1.22917
1.27932
1.32918
1.37847
1.42691
1.47424
1.52025
1.56473
1.60753
1.64858
1.68783
1.72533
1.76117
1.79552
1.82857
1.86059
1.89186
1.92266
1.95328
1.98402
2.01511
2.04675
2.07911
2.11225
2.14622
2.18094
2.21629
2.2524
2.28924
2.3263
2.36313
2.39925
2.43415
2.46734
2.4983
2.52655
2.55162
2.57309
2.5906
2.60384
2.6126
2.61672
2.61614
2.61089
2.60104
2.58675
2.5682
2.5456
2.51917
2.48909
2.4555
2.41847
2.37794
2.33377
2.2857
2.23334
2.17622
2.11378
2.04546
1.97077
1.88932
1.80098
1.70597
1.60494
1.49906
1.38696
1.26709
1.14468
1.0249
0.911679
0.80713
0.711637
0.62435
0.543814
0.468513
0.397252
0.329397
0.265025
0.204987
0.150825
0.104439
0.0674807
0.0406275
0.023136
0.0130445
0.00791824
0.00562501
0.00471173
0.00436885
0.00421878
0.00411887
0.00402939
0.00394307
0.00386066
0.00377732
0.00369361
0.00361067
0.00352922
0.00344975
0.00337254
0.00329778
0.00322557
0.00315596
0.00308898
0.00302462
0.00296288
0.00290376
0.00284726
0.00279342
0.00274227
0.00269387
0.00264831
0.00260566
0.00256603
0.00252953
0.00249624
0.00246627
0.00243969
0.00241655
0.0023969
0.00238073
0.00236801
0.00235869
0.00235268
0.00234986
0.00235009
0.00235321
0.00235907
0.0023675
0.00237837
0.00239156
0.00240698
0.0024246
0.00244442
0.0024665
0.00249093
0.00251789
0.0025476
0.00258031
0.00261637
0.00265618
0.00270021
0.00274903
0.0028033
0.00286383
0.00293158
0.00300772
0.00309367
0.00319121
0.00330253
0.00343043
0.00357844
0.186946
0.201427
0.216277
0.231294
0.246088
0.260746
0.275385
0.290234
0.305546
0.321563
0.338485
0.356464
0.375604
0.39598
0.417649
0.440658
0.465051
0.490875
0.518174
0.546992
0.577375
0.609361
0.642985
0.678276
0.715249
0.75391
0.794248
0.836238
0.879834
0.924968
0.971553
1.01947
1.0686
1.11876
1.16978
1.22144
1.27354
1.32583
1.37807
1.43001
1.48142
1.53206
1.58173
1.63027
1.67751
1.72336
1.76776
1.81068
1.85214
1.89218
1.93089
1.96838
2.00477
2.04021
2.07487
2.10892
2.14253
2.17592
2.20925
2.24269
2.2764
2.31047
2.34496
2.37993
2.41558
2.45189
2.48865
2.5256
2.56241
2.5987
2.63406
2.66806
2.70028
2.7303
2.75777
2.78235
2.80378
2.82183
2.83637
2.84728
2.85452
2.85805
2.85787
2.85396
2.8463
2.83479
2.81931
2.79962
2.77544
2.74637
2.71195
2.67162
2.62483
2.57096
2.50948
2.43993
2.36202
2.27567
2.18111
2.07895
1.96683
1.84219
1.70939
1.57352
1.4394
1.31077
1.18987
1.07742
0.972899
0.874972
0.781903
0.691901
0.603417
0.515412
0.427658
0.34107
0.257983
0.182145
0.118052
0.0693753
0.0370738
0.0187178
0.00986439
0.00623389
0.00495094
0.00453587
0.00437655
0.00427467
0.00418393
0.00408942
0.00399053
0.00388959
0.00378879
0.00368962
0.00359293
0.00349921
0.00340871
0.00332157
0.00323789
0.00315771
0.00308108
0.00300803
0.00293861
0.00287285
0.00281081
0.00275254
0.00269811
0.00264758
0.00260102
0.00255849
0.00252004
0.00248571
0.0024555
0.0024294
0.00240737
0.00238935
0.00237522
0.00236486
0.0023581
0.00235477
0.00235467
0.00235759
0.00236333
0.0023717
0.00238252
0.00239566
0.00241102
0.00242854
0.00244824
0.00247015
0.00249439
0.00252112
0.00255056
0.002583
0.00261876
0.00265826
0.00270197
0.00275047
0.00280444
0.00286469
0.00293219
0.00300811
0.0030939
0.00319131
0.00330256
0.00343042
0.00357843
0.185944
0.200202
0.214652
0.229218
0.243473
0.257505
0.271422
0.285456
0.299864
0.314902
0.330782
0.347657
0.365633
0.384777
0.405136
0.42675
0.449657
0.473901
0.499526
0.526584
0.555123
0.585195
0.616847
0.650121
0.685053
0.721668
0.759982
0.799996
0.841699
0.885062
0.930037
0.97656
1.02455
1.07389
1.12447
1.17614
1.22874
1.2821
1.33602
1.3903
1.44474
1.49913
1.55325
1.6069
1.65988
1.71198
1.76303
1.81286
1.8613
1.90824
1.95354
1.99712
2.03891
2.07891
2.11714
2.15366
2.18863
2.22224
2.25473
2.2864
2.31756
2.34855
2.37965
2.41116
2.44329
2.47617
2.50984
2.54438
2.57989
2.61633
2.65357
2.69136
2.7294
2.76732
2.80474
2.84129
2.87661
2.91037
2.9423
2.97214
2.99969
3.02478
3.04726
3.06695
3.08368
3.09721
3.10725
3.11344
3.11529
3.11225
3.10363
3.08869
3.06661
3.03653
2.99759
2.94902
2.89013
2.82043
2.73967
2.64793
2.54231
2.41962
2.28318
2.13748
1.98757
1.8383
1.6937
1.55659
1.42845
1.30944
1.19868
1.09453
0.994851
0.897329
0.799706
0.700059
0.59714
0.490886
0.383103
0.278204
0.183366
0.106953
0.0545294
0.0250088
0.0115845
0.00664259
0.0051396
0.00472443
0.00457174
0.00446092
0.00434801
0.00422722
0.00410166
0.00397545
0.0038515
0.0037314
0.0036159
0.00350531
0.00339978
0.00329933
0.00320401
0.00311382
0.00302878
0.00294889
0.00287416
0.0028046
0.00274023
0.00268103
0.00262701
0.00257815
0.0025344
0.0024957
0.00246197
0.00243311
0.00240897
0.00238938
0.00237416
0.00236308
0.00235592
0.00235242
0.00235232
0.00235536
0.00236129
0.0023699
0.00238098
0.00239437
0.00240997
0.00242771
0.00244759
0.00246965
0.00249402
0.00252085
0.00255037
0.00258286
0.00261867
0.0026582
0.00270193
0.00275045
0.00280443
0.00286469
0.00293219
0.00300811
0.00309389
0.00319131
0.00330256
0.00343042
0.00357843
0.180059
0.193755
0.207474
0.221274
0.234704
0.247847
0.260784
0.273731
0.286938
0.300663
0.315126
0.330493
0.346872
0.364328
0.382902
0.402624
0.423525
0.445642
0.469017
0.493702
0.519748
0.547214
0.576155
0.606625
0.638675
0.672347
0.707678
0.744696
0.783418
0.82385
0.865984
0.909803
0.95527
1.00234
1.05094
1.101
1.15242
1.20508
1.25885
1.31359
1.36913
1.42527
1.4818
1.53851
1.59512
1.65138
1.70698
1.76162
1.81501
1.86682
1.91676
1.96456
2.00999
2.05285
2.09302
2.13047
2.16526
2.19752
2.22753
2.25563
2.28225
2.30789
2.33311
2.35845
2.38446
2.41167
2.44051
2.47104
2.50295
2.53641
2.57162
2.60864
2.64741
2.68773
2.72932
2.77182
2.81485
2.85802
2.90094
2.94326
2.98469
3.02497
3.06387
3.10122
3.13684
3.17056
3.20216
3.23133
3.25768
3.2807
3.29971
3.31389
3.32228
3.32375
3.31711
3.30107
3.27436
3.23579
3.18429
3.11906
3.03701
2.93473
2.81377
2.67696
2.52815
2.37183
2.21268
2.05511
1.90285
1.75859
1.62386
1.49889
1.38283
1.27399
1.17006
1.06844
0.966398
0.861218
0.750439
0.632344
0.506957
0.377655
0.252919
0.146199
0.0705658
0.028991
0.011832
0.00647993
0.00516079
0.00481822
0.00466632
0.00453091
0.00438628
0.00423482
0.00408282
0.00393476
0.00379285
0.00365795
0.00353026
0.00340976
0.00329637
0.00318998
0.00309049
0.00299784
0.00291191
0.00283264
0.00275992
0.00269366
0.00263374
0.00258003
0.00253238
0.00249063
0.00245459
0.00242404
0.00239876
0.00237848
0.00236295
0.00235186
0.00234491
0.0023418
0.0023422
0.00234583
0.0023524
0.00236166
0.00237338
0.0023874
0.0024036
0.0024219
0.00244232
0.00246489
0.00248973
0.00251701
0.00254697
0.00257987
0.00261608
0.00265599
0.00270009
0.00274896
0.00280326
0.00286381
0.00293157
0.00300771
0.00309367
0.00319121
0.00330253
0.00343043
0.00357844
0.170401
0.183273
0.196023
0.20883
0.221245
0.233338
0.245158
0.25689
0.268762
0.281027
0.293909
0.307582
0.322164
0.337722
0.354293
0.371899
0.390563
0.410313
0.431186
0.45323
0.476498
0.501048
0.526941
0.554238
0.582998
0.613275
0.645122
0.678583
0.713697
0.750497
0.789006
0.829239
0.871201
0.914887
0.960282
1.00736
1.05607
1.10635
1.15814
1.21131
1.26576
1.3213
1.37776
1.43489
1.49242
1.55002
1.60735
1.66399
1.71953
1.77355
1.82561
1.8753
1.92223
1.96605
2.0065
2.0434
2.07667
2.10636
2.13265
2.15583
2.17634
2.19468
2.2115
2.2275
2.24343
2.26009
2.27829
2.29887
2.32259
2.34931
2.37867
2.41102
2.44647
2.485
2.52642
2.57043
2.61659
2.66442
2.71335
2.76282
2.81229
2.86127
2.90935
2.95622
3.00168
3.04562
3.08801
3.12889
3.16826
3.2061
3.24227
3.27643
3.30804
3.33628
3.36003
3.37791
3.38827
3.38927
3.37898
3.35544
3.31587
3.25749
3.17962
3.0823
2.96641
2.83384
2.68756
2.53157
2.37057
2.20941
2.05245
1.90292
1.76265
1.63209
1.51055
1.39659
1.28838
1.18375
1.08013
0.9743
0.862311
0.739884
0.603965
0.45574
0.304579
0.169924
0.0745152
0.0261956
0.00977048
0.00565387
0.00489055
0.00467952
0.00451768
0.0043497
0.00417762
0.00400892
0.00384806
0.00369667
0.00355498
0.00342272
0.00329951
0.003185
0.00307886
0.0029808
0.00289056
0.00280789
0.00273258
0.00266439
0.00260312
0.00254853
0.0025004
0.00245851
0.0024226
0.00239243
0.00236772
0.00234818
0.00233351
0.00232339
0.00231749
0.00231548
0.00231702
0.00232181
0.00232953
0.00233993
0.00235278
0.0023679
0.00238517
0.00240454
0.002426
0.00244962
0.0024755
0.00250384
0.00253486
0.00256886
0.00260617
0.00264721
0.00269246
0.00274247
0.00279791
0.00285956
0.00292835
0.00300543
0.00309219
0.00319037
0.00330215
0.00343031
0.00357842
0.15837
0.170249
0.181888
0.193567
0.204858
0.215817
0.226467
0.236958
0.247491
0.258298
0.269604
0.281588
0.294376
0.308039
0.322612
0.33811
0.354548
0.371946
0.390335
0.409756
0.430261
0.451905
0.474751
0.498861
0.524299
0.551124
0.579397
0.609172
0.640502
0.673432
0.708007
0.744262
0.782229
0.821933
0.863389
0.906604
0.951573
0.998275
1.04667
1.0967
1.14826
1.20123
1.25544
1.31068
1.36666
1.42306
1.4795
1.53554
1.59071
1.64452
1.69647
1.74606
1.79279
1.83621
1.87591
1.91157
1.94302
1.97017
1.9931
2.01199
2.02717
2.0391
2.04835
2.05558
2.06153
2.06703
2.07296
2.08026
2.08995
2.10311
2.12046
2.14165
2.16714
2.19719
2.23191
2.27122
2.3149
2.36249
2.4134
2.46687
2.52199
2.57781
2.63334
2.68766
2.73995
2.78962
2.83628
2.87986
2.92055
2.95882
2.99531
3.03077
3.06589
3.10114
3.13662
3.17195
3.2061
3.23743
3.26367
3.28209
3.29057
3.28791
3.27168
3.23878
3.18603
3.11089
3.01234
2.89148
2.75175
2.59847
2.4379
2.27602
2.11755
1.96553
1.82138
1.68544
1.55758
1.43759
1.32526
1.2199
1.11959
1.02001
0.913954
0.792171
0.647081
0.479232
0.303945
0.151882
0.0546196
0.0145057
0.00576879
0.00465554
0.00440882
0.00422303
0.0040401
0.00386384
0.00369927
0.0035477
0.00340863
0.00328105
0.00316396
0.00305647
0.00295781
0.00286736
0.00278458
0.00270902
0.00264031
0.00257814
0.00252223
0.00247238
0.00242838
0.00239006
0.00235724
0.00232974
0.00230737
0.0022899
0.0022771
0.00226869
0.00226438
0.00226388
0.00226687
0.00227305
0.00228214
0.00229389
0.00230808
0.00232455
0.0023432
0.00236398
0.0023869
0.00241205
0.00243957
0.00246964
0.00250252
0.00253851
0.00257797
0.00262132
0.00266904
0.00272169
0.00277991
0.00284444
0.00291616
0.00299611
0.00308559
0.00318617
0.00329989
0.0034294
0.00357821
0.14522
0.156029
0.166505
0.177002
0.187126
0.196925
0.206404
0.215684
0.224938
0.234379
0.24422
0.254641
0.26577
0.277679
0.290401
0.303947
0.318324
0.333545
0.349633
0.366625
0.384568
0.403515
0.423526
0.444664
0.466989
0.490566
0.515455
0.541715
0.569403
0.598573
0.629277
0.661563
0.695476
0.731055
0.768335
0.807344
0.848099
0.890603
0.934845
0.980789
1.02837
1.0775
1.12802
1.17976
1.23246
1.28582
1.33947
1.39297
1.44587
1.49766
1.54783
1.59584
1.64112
1.68314
1.7214
1.75546
1.78511
1.81023
1.83081
1.84681
1.85857
1.86647
1.87099
1.87268
1.87218
1.87019
1.86748
1.86488
1.86329
1.86366
1.86708
1.87448
1.88596
1.9021
1.9234
1.9503
1.98314
2.02219
2.06714
2.11752
2.17267
2.23167
2.29327
2.356
2.41816
2.47796
2.53372
2.584
2.62782
2.66481
2.69535
2.7206
2.74244
2.76325
2.78555
2.81163
2.84297
2.87991
2.92131
2.96462
3.00847
3.05378
3.09725
3.13313
3.15412
3.1527
3.12283
3.06132
2.96867
2.84899
2.70894
2.55609
2.3973
2.23764
2.08018
1.92649
1.77759
1.63473
1.49989
1.37567
1.26453
1.16739
1.08142
0.997595
0.899939
0.770224
0.59964
0.401468
0.211337
0.0723061
0.0148334
0.00500187
0.00414944
0.00391211
0.00372092
0.00354801
0.00339414
0.00325783
0.00313667
0.00302834
0.0029309
0.00284278
0.0027627
0.00268964
0.00262282
0.00256161
0.00250556
0.00245436
0.00240779
0.00236574
0.00232816
0.00229502
0.00226634
0.0022421
0.00222227
0.00220678
0.00219552
0.00218832
0.00218499
0.0021853
0.00218899
0.00219581
0.00220551
0.00221788
0.00223273
0.00224993
0.0022694
0.00229112
0.00231514
0.00234156
0.00237055
0.00240233
0.0024372
0.00247551
0.00251766
0.00256411
0.00261541
0.00267215
0.00273501
0.00280475
0.00288223
0.0029684
0.00306436
0.00317137
0.00329098
0.00342523
0.00357706
0.131814
0.141547
0.150874
0.1602
0.169167
0.177821
0.186158
0.194283
0.202345
0.21054
0.219067
0.228098
0.237756
0.248111
0.259192
0.271004
0.283547
0.296827
0.310864
0.32569
0.341346
0.357883
0.375358
0.393829
0.413357
0.434002
0.455825
0.478883
0.503235
0.528935
0.556037
0.584594
0.614655
0.646267
0.679472
0.714307
0.750801
0.788971
0.82882
0.870332
0.913464
0.958142
1.00425
1.05164
1.10009
1.14933
1.19904
1.24881
1.29821
1.34679
1.39405
1.43945
1.48239
1.52222
1.55855
1.59055
1.61818
1.64137
1.66005
1.67426
1.68417
1.69006
1.6923
1.69133
1.68768
1.68192
1.67469
1.66666
1.65857
1.65121
1.64547
1.64235
1.64236
1.64611
1.65421
1.66723
1.68576
1.7103
1.7413
1.77905
1.82372
1.87527
1.93338
1.99739
2.06624
2.1372
2.20746
2.274
2.33359
2.38317
2.4204
2.44416
2.455
2.45548
2.45013
2.44498
2.44656
2.46038
2.48941
2.5332
2.59099
2.66556
2.7532
2.84583
2.93242
3.00106
3.04108
3.04509
3.01018
2.93824
2.83506
2.70852
2.5665
2.41525
2.25877
2.09919
1.9379
1.77674
1.61884
1.46881
1.33227
1.21486
1.12078
1.04961
0.990922
0.919516
0.801553
0.619652
0.395964
0.181192
0.0476998
0.00802518
0.00403891
0.0036507
0.0034549
0.00329504
0.0031605
0.00304574
0.00294617
0.00285834
0.00277966
0.00270823
0.00264262
0.00258183
0.00252516
0.00247213
0.00242247
0.00237606
0.00233288
0.00229302
0.00225661
0.00222379
0.00219472
0.00216952
0.0021483
0.00213108
0.00211785
0.00210853
0.00210298
0.00210104
0.0021025
0.00210715
0.00211479
0.00212522
0.00213828
0.00215387
0.00217193
0.00219246
0.00221551
0.00224124
0.00226983
0.00230156
0.00233677
0.00237588
0.00241939
0.00246788
0.002522
0.00258253
0.00265031
0.00272629
0.00281149
0.00290698
0.00301385
0.00313307
0.00326547
0.00341173
0.00357272
0.118584
0.12727
0.135498
0.143701
0.151555
0.159105
0.16635
0.173382
0.180341
0.187408
0.194766
0.202575
0.210949
0.219948
0.229592
0.239882
0.250812
0.262383
0.274611
0.287524
0.30116
0.315567
0.330796
0.346903
0.363946
0.38198
0.401063
0.42125
0.442596
0.465154
0.488978
0.514117
0.540623
0.568543
0.59792
0.628794
0.661198
0.695156
0.730679
0.767758
0.806367
0.846448
0.887911
0.930623
0.974407
1.01903
1.06421
1.10959
1.15481
1.19949
1.24319
1.28533
1.32532
1.36202
1.39535
1.42487
1.4504
1.47179
1.48896
1.50193
1.51078
1.51571
1.51701
1.51503
1.51018
1.50293
1.4938
1.48335
1.47215
1.46084
1.4501
1.4407
1.43348
1.42885
1.42736
1.42956
1.43605
1.44741
1.46425
1.4872
1.51685
1.55376
1.59843
1.65114
1.71186
1.78
1.85425
1.93252
2.0116
2.08525
2.14726
2.19167
2.21353
2.21055
2.18443
2.14213
2.09595
2.06134
2.05194
2.07392
2.12734
2.21535
2.33237
2.46719
2.60551
2.73218
2.83333
2.89828
2.92102
2.90079
2.84156
2.75039
2.63515
2.50252
2.35692
2.20074
2.03549
1.86322
1.68772
1.51481
1.35191
1.20705
1.08792
1.00096
0.947854
0.915083
0.860213
0.726081
0.50417
0.254571
0.0775945
0.0126562
0.00422987
0.00366606
0.00349746
0.00337495
0.00327468
0.0031883
0.00311043
0.0030377
0.00296796
0.00289999
0.00283314
0.00276722
0.00270229
0.00263863
0.00257662
0.00251672
0.00245938
0.00240506
0.00235417
0.00230708
0.00226408
0.00222537
0.00219111
0.00216135
0.00213607
0.00211521
0.00209863
0.00208615
0.00207756
0.00207265
0.00207119
0.00207299
0.00207787
0.0020857
0.0020964
0.00210995
0.00212639
0.00214587
0.00216857
0.00219481
0.00222497
0.00225955
0.00229918
0.00234461
0.00239672
0.00245658
0.00252542
0.00260463
0.00269579
0.00280053
0.00292048
0.00305688
0.0032102
0.0033793
0.00356095
0.105587
0.113259
0.120438
0.127571
0.134363
0.140862
0.147067
0.153071
0.159007
0.165043
0.17135
0.178072
0.185307
0.193104
0.201474
0.210408
0.219898
0.229942
0.24055
0.25175
0.263575
0.27607
0.289283
0.303265
0.318069
0.333747
0.350351
0.367932
0.386542
0.40623
0.427045
0.449036
0.472249
0.496729
0.52252
0.54966
0.578183
0.608111
0.63946
0.672228
0.706395
0.741914
0.778713
0.81668
0.855666
0.895474
0.935861
0.976537
1.0172
1.0576
1.09737
1.13571
1.1716
1.20471
1.23481
1.26158
1.28479
1.30426
1.31992
1.33172
1.33973
1.34407
1.34498
1.34271
1.3376
1.33004
1.32043
1.30923
1.29691
1.28396
1.27095
1.25846
1.24723
1.23769
1.23027
1.22542
1.22362
1.22537
1.23121
1.24173
1.25758
1.27945
1.3081
1.34429
1.38875
1.44208
1.50456
1.5759
1.65492
1.73888
1.82319
1.89995
1.95549
1.97826
1.95886
1.89569
1.79993
1.69871
1.62894
1.61379
1.65581
1.75337
1.89396
2.06169
2.24018
2.41305
2.56503
2.68337
2.7594
2.78956
2.77537
2.72221
2.63717
2.52677
2.39563
2.2464
2.08094
1.90174
1.71326
1.52234
1.3377
1.16874
1.02425
0.912009
0.83919
0.807945
0.792584
0.712494
0.508541
0.250081
0.0723742
0.0116306
0.00447268
0.00405661
0.00398457
0.00394362
0.00390762
0.00386854
0.00382268
0.0037686
0.00370622
0.00363622
0.00355974
0.00347814
0.00339286
0.00330532
0.00321687
0.00312874
0.00304202
0.00295767
0.00287647
0.00279909
0.00272603
0.00265767
0.00259425
0.00253591
0.0024827
0.00243455
0.00239135
0.00235292
0.00231903
0.00228946
0.00226393
0.00224221
0.00222406
0.0022093
0.00219777
0.00218939
0.00218415
0.00218214
0.00218354
0.00218867
0.00219798
0.0022121
0.00223185
0.00225824
0.00229259
0.00233647
0.0023918
0.00246091
0.00254647
0.00265156
0.00277938
0.00293282
0.00311328
0.00331826
0.00353768
0.0925568
0.0992121
0.10536
0.111448
0.117209
0.122689
0.127895
0.132919
0.137887
0.142959
0.148289
0.154004
0.160187
0.166871
0.174057
0.18173
0.189878
0.198495
0.207593
0.217192
0.227327
0.238035
0.249362
0.261354
0.274059
0.287522
0.301792
0.316914
0.332935
0.349899
0.36785
0.386833
0.40689
0.428062
0.45039
0.473908
0.498647
0.524632
0.551876
0.580381
0.610129
0.641086
0.673188
0.706342
0.740423
0.775265
0.810664
0.846379
0.882196
0.918018
0.953446
0.987063
1.0186
1.04779
1.07438
1.09809
1.11868
1.13599
1.14991
1.16041
1.16751
1.1713
1.17193
1.16964
1.16467
1.15734
1.14797
1.13693
1.12459
1.11136
1.09767
1.084
1.07097
1.05898
1.04837
1.03947
1.03264
1.02827
1.02677
1.02861
1.03431
1.04446
1.05974
1.0809
1.10878
1.14427
1.18825
1.2415
1.30446
1.37691
1.45745
1.54247
1.62458
1.68917
1.70906
1.66053
1.53508
1.36124
1.21711
1.16114
1.20181
1.3171
1.48111
1.67489
1.88345
2.09167
2.2844
2.44769
2.57058
2.64668
2.67473
2.65792
2.60198
2.51295
2.3955
2.25274
2.08721
1.90229
1.70345
1.49862
1.29759
1.11067
0.947159
0.81436
0.718338
0.665576
0.650311
0.602015
0.423688
0.180574
0.0415022
0.00756603
0.00485212
0.0047846
0.0048513
0.00491973
0.00496669
0.00498753
0.00498334
0.00495663
0.00491064
0.00484877
0.00477428
0.00469008
0.00459877
0.00450259
0.00440343
0.00430289
0.00420229
0.00410271
0.00400502
0.00390989
0.00381784
0.00372922
0.00364428
0.00356314
0.00348581
0.00341222
0.00334224
0.00327565
0.00321219
0.00315158
0.00309346
0.00303751
0.00298336
0.00293068
0.00287913
0.00282845
0.00277842
0.00272894
0.00268002
0.00263188
0.00258495
0.00253997
0.00249808
0.0024609
0.00243063
0.00241019
0.00240332
0.00241469
0.00244991
0.0025156
0.00261923
0.00276858
0.00297
0.00322295
0.00350598
0.0788104
0.0843568
0.0894106
0.0943991
0.0990887
0.103524
0.107718
0.111758
0.115762
0.119874
0.124232
0.128943
0.134068
0.139628
0.145616
0.152011
0.158798
0.16597
0.173537
0.181517
0.18994
0.19884
0.208257
0.218231
0.228804
0.240015
0.251907
0.264518
0.277888
0.292057
0.307063
0.322943
0.339736
0.357478
0.376203
0.395943
0.416724
0.438569
0.46149
0.485489
0.510554
0.536655
0.563741
0.591733
0.620527
0.649987
0.679944
0.710205
0.740658
0.771433
0.801467
0.829894
0.856639
0.881434
0.904046
0.924234
0.941783
0.956539
0.968401
0.977321
0.983306
0.986416
0.986769
0.984526
0.979891
0.973101
0.964421
0.954131
0.942533
0.929937
0.916676
0.903113
0.889815
0.877134
0.865302
0.854564
0.845184
0.837449
0.831672
0.828204
0.827437
0.829821
0.835872
0.846183
0.861433
0.882387
0.909881
0.944786
0.98792
1.0399
1.1009
1.17026
1.2458
1.32168
1.38302
1.38917
1.2767
1.03543
0.815863
0.73739
0.80465
0.944873
1.12673
1.33644
1.56405
1.79679
2.0201
2.21911
2.38081
2.49612
2.56097
2.57614
2.54566
2.47491
2.36858
2.23035
2.0637
1.87326
1.66581
1.45048
1.23797
1.03917
0.863519
0.717801
0.606022
0.531301
0.491171
0.432143
0.286974
0.0928703
0.0173722
0.00596499
0.00533413
0.00549849
0.00568391
0.00581949
0.00591128
0.00596439
0.00598441
0.00597842
0.00595231
0.00591113
0.00585892
0.00579895
0.00573377
0.00566537
0.00559531
0.00552478
0.00545471
0.00538577
0.00531845
0.00525309
0.0051899
0.00512896
0.00507027
0.00501374
0.00495921
0.00490644
0.00485513
0.00480493
0.00475544
0.00470616
0.00465658
0.00460608
0.00455399
0.00449956
0.00444193
0.00438017
0.00431321
0.00423989
0.00415893
0.00406896
0.00396862
0.00385661
0.00373194
0.00359425
0.00344432
0.00328483
0.00312119
0.00296252
0.00282224
0.00271814
0.00267185
0.00270797
0.0028526
0.00312709
0.00351414
0.0627394
0.0668188
0.0704846
0.0740951
0.0774675
0.080643
0.0836387
0.086531
0.089421
0.0924253
0.0956513
0.0991775
0.103044
0.107258
0.111802
0.116657
0.121804
0.127239
0.132968
0.139007
0.145379
0.152114
0.159242
0.166796
0.174809
0.183311
0.192336
0.201915
0.212077
0.222855
0.234278
0.246377
0.25918
0.272716
0.287012
0.302094
0.317984
0.334698
0.352247
0.370634
0.389849
0.409869
0.430656
0.452149
0.474267
0.496908
0.519944
0.54324
0.566845
0.590925
0.613991
0.635951
0.65666
0.675879
0.69342
0.709088
0.722707
0.734148
0.743324
0.750189
0.754736
0.757003
0.757065
0.755035
0.751059
0.745306
0.737968
0.729249
0.719369
0.708554
0.697033
0.684984
0.673085
0.66149
0.650354
0.639845
0.63015
0.621473
0.614044
0.608116
0.603981
0.601966
0.60245
0.605867
0.612714
0.62355
0.638999
0.659728
0.686402
0.719557
0.759295
0.804606
0.854495
0.908516
0.963236
1.00946
1.00493
0.766882
0.445985
0.384265
0.504116
0.660282
0.84533
1.05858
1.29418
1.54107
1.78494
2.01005
2.20162
2.34815
2.44296
2.48444
2.47474
2.41858
2.32065
2.1852
2.01679
1.8214
1.60724
1.38463
1.16508
0.959736
0.77783
0.625469
0.50545
0.417509
0.352592
0.252328
0.145665
0.0311741
0.00833719
0.00567322
0.00564402
0.00582198
0.00596512
0.00604589
0.00606414
0.0060706
0.00606908
0.00606272
0.00605415
0.0060452
0.00603715
0.00603088
0.00602694
0.00602562
0.00602704
0.00603119
0.00603792
0.00604704
0.0060583
0.0060714
0.00608601
0.00610179
0.00611838
0.00613544
0.00615261
0.00616953
0.00618589
0.00620137
0.00621567
0.00622851
0.00623961
0.00624872
0.00625554
0.00625979
0.00626111
0.00625903
0.00625296
0.006242
0.00622492
0.00619985
0.00616415
0.0061139
0.0060436
0.00594567
0.00581028
0.00562579
0.0053807
0.00506819
0.00469349
0.00428262
0.00388672
0.00357549
0.00342087
0.00348399
0.00379533
0.0402506
0.0415719
0.0428531
0.0440659
0.0452053
0.0462908
0.0473498
0.0484244
0.049563
0.0508127
0.0522099
0.0537739
0.0555066
0.0573964
0.0594268
0.0615829
0.0638556
0.0662433
0.0687507
0.0713871
0.0741647
0.077097
0.080198
0.0834815
0.0869607
0.0906484
0.0945567
0.0986975
0.103082
0.107721
0.112627
0.117808
0.123276
0.129041
0.135113
0.141498
0.148205
0.155238
0.162599
0.170287
0.178293
0.186606
0.195205
0.204061
0.213137
0.222385
0.23175
0.241214
0.25172
0.263851
0.275642
0.287083
0.298046
0.308382
0.317984
0.326741
0.334545
0.341309
0.346968
0.351477
0.354807
0.356952
0.357925
0.357761
0.356507
0.354229
0.351003
0.346917
0.342065
0.336549
0.330475
0.324124
0.318045
0.31206
0.306147
0.300347
0.294731
0.289392
0.284433
0.279976
0.276159
0.273142
0.271107
0.270262
0.270843
0.273111
0.277344
0.283824
0.292802
0.304421
0.318586
0.336249
0.357831
0.381426
0.404361
0.416823
0.392634
0.333803
0.212204
0.155272
0.308446
0.458336
0.632645
0.839385
1.07388
1.32591
1.58122
1.82335
2.03603
2.20569
2.32337
2.38535
2.39181
2.34682
2.25507
2.12137
1.95131
1.75216
1.53345
1.30661
1.08379
0.876253
0.692833
0.539026
0.416409
0.32236
0.24366
0.114634
0.0266361
0.00730246
0.00406559
0.00327322
0.0029938
0.0027991
0.00266804
0.00261864
0.00266816
0.00274037
0.00282734
0.00292704
0.00303802
0.00315902
0.00328889
0.00342651
0.00357081
0.00372075
0.00387528
0.00403335
0.00419388
0.00435581
0.00451805
0.00467952
0.00483915
0.00499591
0.0051488
0.00529685
0.00543921
0.00557511
0.00570389
0.00582501
0.00593807
0.00604282
0.00613917
0.00622718
0.00630708
0.00637921
0.00644409
0.00650231
0.00655457
0.0066016
0.00664421
0.00668312
0.0067191
0.00675288
0.00678533
0.0068177
0.00685224
0.00689313
0.00694806
0.00703007
0.00715889
0.00735979
0.00765631
0.00805018
0.00846869
0.00861756
0.00760479
0.0247815
0.029244
0.030584
0.0305456
0.0299861
0.0292886
0.0286124
0.0280162
0.0275144
0.0271041
0.026776
0.0265198
0.0263262
0.0261882
0.0260991
0.0260459
0.0260296
0.0260501
0.0261067
0.0261985
0.0263241
0.0264813
0.0266676
0.0268798
0.0271144
0.0273681
0.0276375
0.0279205
0.0282153
0.0285212
0.0288385
0.0291687
0.0295157
0.0298954
0.0303908
0.0314206
0.0347729
0.0456658
0.0747533
0.015695
0.0144021
0.0135509
0.0131332
0.0130411
0.0131815
0.0134794
0.0138755
0.014325
0.0147947
0.0152614
0.0157097
0.0161302
0.0165178
0.0168694
0.0171666
0.0174008
0.0175673
0.017664
0.0176911
0.0176512
0.0175493
0.0173931
0.0171929
0.0169609
0.0167106
0.0164565
0.0162127
0.0159934
0.0158132
0.0156902
0.0156593
0.0158214
0.0165415
0.0191742
0.0279886
0.0517458
0.101324
0.186992
0.0146772
0.0134671
0.0123945
0.0115882
0.011027
0.0106649
0.010456
0.0103615
0.01035
0.0103968
0.0104828
0.010593
0.0107158
0.0108419
0.0109634
0.0110781
0.0111772
0.0112543
0.0113047
0.0113261
0.0113184
0.011284
0.0112283
0.0111591
0.0110872
0.0110255
0.0109895
0.0109976
0.0110724
0.0112472
0.0115878
0.0122785
0.0139439
0.0186751
0.0319192
0.0622221
0.116489
0.198567
0.313201
0.0144301
0.01357
0.0127258
0.0119964
0.0113991
0.0109231
0.0105503
0.0102619
0.0100413
0.00987449
0.00974962
0.00965708
0.00958887
0.00953837
0.00950109
0.00947433
0.00945384
0.00943625
0.00941931
0.00940213
0.00938558
0.00937272
0.00936924
0.00938397
0.00942943
0.00952279
0.00968734
0.00995551
0.0103768
0.0110442
0.0121943
0.0145782
0.0205883
0.0360843
0.069738
0.128173
0.213819
0.327115
0.468219
0.0144218
0.0137383
0.0130646
0.0124537
0.0119223
0.0114699
0.0110889
0.0107698
0.0105031
0.0102803
0.010094
0.00993782
0.00980638
0.00969569
0.00960234
0.00952355
0.00945719
0.00940188
0.00935728
0.00932445
0.0093064
0.00930872
0.00934044
0.00941513
0.00955243
0.0097805
0.01014
0.0106918
0.0115407
0.0129185
0.0155158
0.0216531
0.0376495
0.073614
0.1372
0.229985
0.34996
0.494183
0.659493
0.0144496
0.0138695
0.0133067
0.0127885
0.0123256
0.0119194
0.0115662
0.0112607
0.0109971
0.0107696
0.0105733
0.0104038
0.0102573
0.010131
0.010022
0.00992835
0.00984895
0.0097835
0.00973295
0.00970002
0.0096899
0.00971125
0.00977753
0.00990888
0.010135
0.0104996
0.0110673
0.0119405
0.0133151
0.0157191
0.021076
0.035778
0.072095
0.140351
0.242145
0.373134
0.527393
0.699328
0.883884
0.0144766
0.0139614
0.0134723
0.0130214
0.0126143
0.0122516
0.011931
0.011649
0.0114014
0.0111844
0.0109942
0.0108277
0.0106821
0.010555
0.0104442
0.0103487
0.0102677
0.0102019
0.0101532
0.0101257
0.0101268
0.0101682
0.0102681
0.0104543
0.010768
0.011271
0.0120565
0.0132824
0.0153083
0.0194306
0.0310986
0.06437
0.134437
0.244836
0.389021
0.557556
0.741896
0.93526
1.13219
0.014496
0.0140225
0.0135831
0.0131806
0.0128165
0.0124899
0.0121987
0.0119402
0.0117111
0.0115084
0.0113292
0.0111709
0.0110316
0.010909
0.0108017
0.0107089
0.0106306
0.0105678
0.0105234
0.0105026
0.0105146
0.0105741
0.010704
0.0109395
0.0113341
0.011968
0.0129668
0.0145694
0.0174939
0.0252646
0.0513177
0.117211
0.232404
0.389364
0.574411
0.77508
0.982067
1.18882
1.39047
0.0145081
0.0140609
0.0136549
0.0132868
0.0129548
0.0126567
0.0123901
0.0121522
0.0119404
0.0117518
0.0115843
0.0114356
0.011304
0.0111876
0.0110855
0.0109972
0.0109228
0.010864
0.0108241
0.0108092
0.0108301
0.0109038
0.0110575
0.0113333
0.0117959
0.0125436
0.0137405
0.0157586
0.0202463
0.036445
0.0895492
0.200748
0.365955
0.567085
0.786276
1.01046
1.23111
1.4428
1.64173
0.0145149
0.0140837
0.0136992
0.0133549
0.0130462
0.0127699
0.0125227
0.0123018
0.0121047
0.0119287
0.0117719
0.0116323
0.0115082
0.0113983
0.0113016
0.0112178
0.0111475
0.0110923
0.0110559
0.0110452
0.0110717
0.0111544
0.0113236
0.0116272
0.012139
0.0129748
0.0143446
0.0168813
0.0246267
0.0577332
0.150628
0.312935
0.525213
0.762573
1.00617
1.24413
1.46956
1.67853
1.86846
0.0145185
0.0140963
0.0137251
0.0133964
0.013104
0.0128434
0.0126109
0.0124033
0.0122179
0.0120523
0.0119045
0.0117727
0.0116552
0.011551
0.0114591
0.0113794
0.0113124
0.01126
0.0112259
0.0112171
0.0112456
0.0113313
0.0115066
0.0118231
0.0123613
0.0132531
0.0147644
0.0180889
0.0323751
0.092111
0.231527
0.442047
0.692447
0.955278
1.21294
1.45562
1.67835
1.8787
2.05522
0.0145202
0.0141028
0.0137394
0.0134203
0.0131385
0.0128886
0.0126665
0.0124685
0.012292
0.0121343
0.0119936
0.0118679
0.0117557
0.0116561
0.0115681
0.0114915
0.011427
0.0113762
0.0113427
0.0113335
0.0113603
0.0114431
0.0116148
0.0119285
0.0124689
0.0133789
0.015005
0.019623
0.0445488
0.136812
0.320586
0.569715
0.84648
1.12385
1.3865
1.62685
1.84169
2.02987
2.19087
0.014521
0.0141059
0.0137466
0.0134331
0.0131576
0.0129145
0.0126991
0.0125076
0.012337
0.0121849
0.0120491
0.0119277
0.0118193
0.0117229
0.0116376
0.0115631
0.0114999
0.0114495
0.0114153
0.0114035
0.0114253
0.0114998
0.0116591
0.0119553
0.0124741
0.0133632
0.0150866
0.0215392
0.0594677
0.182684
0.401099
0.675979
0.96731
1.24988
1.51078
1.74439
1.94882
2.12386
2.2696
0.0145213
0.0141073
0.0137499
0.0134391
0.013167
0.0129275
0.0127157
0.0125279
0.0123608
0.0122118
0.0120788
0.0119599
0.0118537
0.0117591
0.0116751
0.0116015
0.0115386
0.0114875
0.0114511
0.0114349
0.0114491
0.0115112
0.0116508
0.0119175
0.0123937
0.013228
0.0150127
0.0232961
0.0723724
0.217517
0.456525
0.743743
1.03927
1.31997
1.5748
1.7996
1.99345
2.15665
2.28955
0.0145214
0.0141077
0.0137509
0.0134409
0.0131698
0.0129314
0.0127208
0.012534
0.012368
0.01222
0.0120878
0.0119697
0.011864
0.0117697
0.0116857
0.0116118
0.0115479
0.011495
0.0114554
0.0114336
0.0114384
0.0114852
0.0116004
0.011829
0.0122473
0.0130008
0.0147512
0.0238505
0.0776736
0.230593
0.474253
0.760948
1.05216
1.32643
1.5738
1.79054
1.97593
2.13029
2.25398
0.0145213
0.0141073
0.0137499
0.0134391
0.013167
0.0129274
0.0127156
0.0125277
0.0123605
0.0122113
0.012078
0.0119587
0.0118519
0.0117564
0.0116711
0.0115957
0.0115298
0.0114741
0.0114304
0.0114022
0.0113967
0.0114269
0.0115153
0.011701
0.0120524
0.0127064
0.0142828
0.022509
0.0722037
0.217016
0.450617
0.726689
1.00773
1.27281
1.51212
1.7218
1.90087
2.04942
2.16756
0.014521
0.0141059
0.0137466
0.0134331
0.0131576
0.0129144
0.0126989
0.0125073
0.0123365
0.012184
0.0120475
0.0119253
0.0118157
0.0117174
0.0116296
0.0115514
0.0114826
0.0114234
0.0113748
0.0113398
0.0113238
0.0113372
0.0113986
0.0115406
0.0118219
0.0123643
0.0136539
0.0197706
0.05851
0.182511
0.393535
0.649768
0.914736
1.16743
1.39751
1.60052
1.77482
1.91997
2.03563
0.0145202
0.0141028
0.0137394
0.0134203
0.0131385
0.0128885
0.0126663
0.0124681
0.0122912
0.012133
0.0119913
0.0118643
0.0117503
0.0116479
0.0115562
0.0114743
0.0114017
0.0113382
0.0112845
0.0112425
0.0112163
0.0112138
0.0112497
0.0113498
0.0115613
0.0119817
0.0129571
0.0169419
0.0424403
0.137038
0.315086
0.543043
0.785961
1.02241
1.24115
1.43673
1.60664
1.74965
1.86479
0.0145185
0.0140963
0.0137251
0.0133964
0.013104
0.0128433
0.0126106
0.0124027
0.0122169
0.0120506
0.0119016
0.0117679
0.011648
0.0115403
0.0114437
0.0113572
0.01128
0.0112118
0.0111527
0.0111039
0.0110681
0.0110513
0.0110643
0.0111264
0.0112715
0.0115759
0.0122732
0.0146732
0.0287722
0.0914811
0.229498
0.422017
0.63703
0.852771
1.057
1.24315
1.40764
1.54835
1.66359
0.0145149
0.0140837
0.0136992
0.0133548
0.0130462
0.0127697
0.0125224
0.0123012
0.0121035
0.0119266
0.0117683
0.0116266
0.0114994
0.0113854
0.011283
0.0111912
0.0111091
0.011036
0.0109716
0.0109163
0.010872
0.0108426
0.0108358
0.0108646
0.0109547
0.0111578
0.0116207
0.0130061
0.0197595
0.054671
0.150214
0.302199
0.48423
0.674751
0.86067
1.03436
1.19121
1.32818
1.44281
0.0145081
0.0140609
0.0136548
0.0132867
0.0129547
0.0126565
0.0123897
0.0121515
0.0119389
0.0117494
0.0115802
0.0114291
0.0112939
0.011173
0.0110646
0.0109675
0.0108804
0.0108026
0.0107332
0.0106723
0.0106207
0.0105808
0.0105576
0.01056
0.0106055
0.0107268
0.0110077
0.0117725
0.0147926
0.03071
0.0872151
0.196518
0.342017
0.50354
0.667451
0.825303
0.97162
1.10253
1.21488
0.014496
0.0140225
0.0135831
0.0131806
0.0128164
0.0124897
0.0121983
0.0119393
0.0117095
0.0115057
0.0113247
0.0111639
0.0110208
0.0108933
0.0107794
0.0106777
0.0105866
0.010505
0.0104319
0.0103666
0.0103094
0.0102614
0.0102254
0.0102078
0.0102194
0.0102797
0.0104321
0.0108238
0.012138
0.0182474
0.0452059
0.113608
0.220998
0.35111
0.490206
0.629261
0.762187
0.884495
0.992488
0.0144766
0.0139614
0.0134723
0.0130214
0.0126142
0.0122514
0.0119305
0.011648
0.0113997
0.0111815
0.0109896
0.0108206
0.0106715
0.0105395
0.0104226
0.0103188
0.0102262
0.0101434
0.0100689
0.0100018
0.00994155
0.00988853
0.00984418
0.00981262
0.00980027
0.00981807
0.00988726
0.010067
0.010603
0.0127374
0.0227459
0.0573014
0.12725
0.224938
0.337701
0.45605
0.573466
0.685085
0.786859
0.0144496
0.0138695
0.0133067
0.0127884
0.0123255
0.0119191
0.0115657
0.0112597
0.0109954
0.0107669
0.0105691
0.0103976
0.0102486
0.0101187
0.0100051
0.00990554
0.00981773
0.0097397
0.00966962
0.00960591
0.00954747
0.00949392
0.00944629
0.00940712
0.0093801
0.00937113
0.00939022
0.00945921
0.00965292
0.0103258
0.0133167
0.0262379
0.0630304
0.128304
0.214143
0.31104
0.411979
0.511809
0.60629
0.0144218
0.0137383
0.0130645
0.0124536
0.0119222
0.0114696
0.0110883
0.0107688
0.0105017
0.0102783
0.0100913
0.00993471
0.00980329
0.00969289
0.00959995
0.00952141
0.00945447
0.00939646
0.00934484
0.0092972
0.00925156
0.00920666
0.00916415
0.00912585
0.00909386
0.0090716
0.00906415
0.00907993
0.00913895
0.00931995
0.0100349
0.0134447
0.0271528
0.0621606
0.120548
0.195652
0.280082
0.36817
0.455395
0.0144301
0.01357
0.0127258
0.0119964
0.011399
0.0109229
0.0105499
0.0102614
0.010041
0.00987479
0.00975162
0.00966254
0.00960046
0.00955971
0.00953562
0.00952416
0.00952155
0.00952412
0.00952816
0.00952998
0.00952614
0.00951403
0.00949698
0.00947666
0.00945418
0.0094321
0.00941432
0.00940616
0.00941542
0.00945874
0.00960021
0.0101977
0.01325
0.0256865
0.0570491
0.109212
0.176836
0.253746
0.334716
0.0146772
0.0134671
0.0123945
0.0115881
0.0110269
0.0106648
0.0104561
0.0103621
0.0103518
0.0104014
0.0104926
0.0106117
0.0107486
0.0108959
0.0110477
0.0111995
0.0113473
0.0114872
0.0116154
0.011728
0.0118212
0.0118912
0.0119403
0.011968
0.0119749
0.0119643
0.0119422
0.0119163
0.0118962
0.0118933
0.011925
0.0120353
0.012445
0.0145445
0.0241306
0.0511394
0.0994186
0.164692
0.240695
0.015695
0.0144021
0.0135509
0.0131332
0.013041
0.0131815
0.0134792
0.0138753
0.0143247
0.0147943
0.0152609
0.0157091
0.0161294
0.0165171
0.0168703
0.0171893
0.0174755
0.017731
0.0179584
0.0181601
0.0183385
0.0184931
0.0186078
0.0186762
0.0187005
0.0186876
0.0186478
0.0185942
0.0185424
0.0185102
0.0185197
0.0186002
0.0188042
0.0192581
0.0206175
0.0266384
0.0472796
0.0916046
0.158539
0.0247815
0.029244
0.0305839
0.0305451
0.0299848
0.0292855
0.0286059
0.0280032
0.0274902
0.0270614
0.0267044
0.0264055
0.0261515
0.0259312
0.0257358
0.0255589
0.0253966
0.0252472
0.0251111
0.0249903
0.0248878
0.0248074
0.0247432
0.0246979
0.0246744
0.0246745
0.0246985
0.0247461
0.0248169
0.0249105
0.0250271
0.0251672
0.0253232
0.0254655
0.0255966
0.0258397
0.0271511
0.0327889
0.048367
)
;

boundaryField
{
    frontandback
    {
        type            empty;
    }
    in1
    {
        type            turbulentIntensityKineticEnergyInlet;
        intensity       0.05;
        value           uniform 0.00375;
    }
    in2
    {
        type            turbulentIntensityKineticEnergyInlet;
        intensity       0.05;
        value           uniform 0.015;
    }
    out
    {
        type            zeroGradient;
    }
    walls
    {
        type            kqRWallFunction;
        value           nonuniform List<scalar> 
423
(
0.0529913
0.0560338
0.0590879
0.0622455
0.0653783
0.0684666
0.0714896
0.0744589
0.0774059
0.0803793
0.083435
0.0866275
0.0900027
0.093594
0.0974224
0.101498
0.105822
0.110392
0.115203
0.120248
0.125518
0.131007
0.136707
0.142608
0.148702
0.15498
0.161433
0.168053
0.174832
0.181765
0.188847
0.196078
0.203459
0.210995
0.218693
0.226564
0.234619
0.242869
0.251326
0.259998
0.26889
0.278002
0.28733
0.29686
0.306574
0.316446
0.326444
0.336531
0.346663
0.356796
0.366885
0.376884
0.386754
0.396459
0.405976
0.415297
0.424435
0.433432
0.442373
0.451251
0.459748
0.467806
0.475371
0.482387
0.488791
0.494509
0.499455
0.503524
0.506585
0.508478
0.509001
0.507898
0.504843
0.499416
0.491073
0.479105
0.462587
0.440321
0.41077
0.372047
0.322033
0.258961
0.183297
0.1028
0.0402068
0.0188753
0.0165954
0.0168983
0.0171696
0.017358
0.0174849
0.0175634
0.0176025
0.0176088
0.0175875
0.0175428
0.0174778
0.0173953
0.0172972
0.0171852
0.0170605
0.0169098
0.0167299
0.0165179
0.0162708
0.0159865
0.0156719
0.0153362
0.0149833
0.0146174
0.0142435
0.0138669
0.0134931
0.0131272
0.0127742
0.012438
0.0121218
0.0118278
0.0115574
0.011311
0.0110881
0.0108879
0.0107089
0.0105496
0.0104081
0.0102826
0.0101715
0.0100732
0.00998641
0.00990166
0.00981846
0.00973636
0.00965494
0.00957381
0.00949264
0.0094111
0.00932893
0.00924586
0.00916168
0.00907621
0.00898928
0.00890078
0.00881062
0.00871877
0.00862524
0.00853008
0.00843341
0.00833537
0.00823618
0.00813613
0.00803558
0.00793492
0.00783465
0.0077353
0.00763747
0.00754179
0.00744894
0.00735964
0.00727461
0.00719457
0.00712019
0.00705209
0.00699083
0.00693682
0.00689039
0.0068517
0.0068208
0.00679755
0.0067817
0.00677284
0.00677048
0.00677407
0.00678305
0.00679668
0.00681451
0.00683657
0.00686406
0.00690029
0.00695224
0.00703242
0.00716016
0.00736044
0.00765663
0.00805032
0.00846875
0.00861758
0.00760479
0.0402506
0.0415719
0.0428531
0.0440659
0.0452053
0.0462908
0.0473498
0.0484244
0.049563
0.0508127
0.0522099
0.0537739
0.0555066
0.0573964
0.0594268
0.0615829
0.0638556
0.0662433
0.0687507
0.0713871
0.0741647
0.077097
0.080198
0.0834815
0.0869607
0.0906484
0.0945567
0.0986975
0.103082
0.107721
0.112627
0.117808
0.123276
0.129041
0.135113
0.141498
0.148205
0.155238
0.162599
0.170287
0.178293
0.186606
0.195205
0.204061
0.213137
0.222385
0.23175
0.241214
0.25172
0.263851
0.275642
0.287083
0.298046
0.308382
0.317984
0.326741
0.334545
0.341309
0.346968
0.351477
0.354807
0.356952
0.357925
0.357761
0.356507
0.354229
0.351003
0.346917
0.342065
0.336549
0.330475
0.324124
0.318045
0.31206
0.306147
0.300347
0.294731
0.289392
0.284433
0.279976
0.276159
0.273142
0.271107
0.270262
0.270843
0.273111
0.277344
0.283824
0.292802
0.304421
0.318586
0.336249
0.357831
0.381426
0.404361
0.416823
0.392634
0.333803
0.212204
0.0266361
0.00730246
0.00406559
0.00327322
0.0029938
0.0027991
0.00266804
0.00261864
0.00266816
0.00274037
0.00282734
0.00292704
0.00303802
0.00315902
0.00328889
0.00342651
0.00357081
0.00372075
0.00387528
0.00403335
0.00419388
0.00435581
0.00451805
0.00467952
0.00483915
0.00499591
0.0051488
0.00529685
0.00543921
0.00557511
0.00570389
0.00582501
0.00593807
0.00604282
0.00613917
0.00622718
0.00630708
0.00637921
0.00644409
0.00650231
0.00655457
0.0066016
0.00664421
0.00668312
0.0067191
0.00675288
0.00678533
0.0068177
0.00685224
0.00689313
0.00694806
0.00703007
0.00715889
0.00735979
0.00765631
0.00805018
0.00846869
0.00861756
0.00760479
0.0247815
0.029244
0.030584
0.0305456
0.0299861
0.0292886
0.0286124
0.0280162
0.0275144
0.0271041
0.026776
0.0265198
0.0263262
0.0261882
0.0260991
0.0260459
0.0260296
0.0260501
0.0261067
0.0261985
0.0263241
0.0264813
0.0266676
0.0268798
0.0271144
0.0273681
0.0276375
0.0279205
0.0282153
0.0285212
0.0288385
0.0291687
0.0295157
0.0298954
0.0303908
0.0314206
0.0347729
0.0456658
0.0747533
0.0247815
0.029244
0.0305839
0.0305451
0.0299848
0.0292855
0.0286059
0.0280032
0.0274902
0.0270614
0.0267044
0.0264055
0.0261515
0.0259312
0.0257358
0.0255589
0.0253966
0.0252472
0.0251111
0.0249903
0.0248878
0.0248074
0.0247432
0.0246979
0.0246744
0.0246745
0.0246985
0.0247461
0.0248169
0.0249105
0.0250271
0.0251672
0.0253232
0.0254655
0.0255966
0.0258397
0.0271511
0.0327889
0.048367
)
;
    }
}


// ************************************************************************* //
