/*--------------------------------*- C++ -*----------------------------------*\
| =========                 |                                                 |
| \\      /  F ield         | OpenFOAM: The Open Source CFD Toolbox           |
|  \\    /   O peration     | Version:  2406                                  |
|   \\  /    A nd           | Website:  www.openfoam.com                      |
|    \\/     M anipulation  |                                                 |
\*---------------------------------------------------------------------------*/
FoamFile
{
    version     2.0;
    format      ascii;
    arch        "LSB;label=32;scalar=64";
    class       volScalarField;
    location    "500";
    object      nut;
}
// * * * * * * * * * * * * * * * * * * * * * * * * * * * * * * * * * * * * * //

dimensions      [0 2 -1 0 0 0 0];

internalField   nonuniform List<scalar> 
5619
(
5.16763e-05
5.31194e-05
5.45255e-05
5.5939e-05
5.73049e-05
5.86202e-05
5.98818e-05
6.10997e-05
6.22904e-05
6.3475e-05
6.46753e-05
6.591e-05
6.71931e-05
6.85329e-05
6.99326e-05
7.13916e-05
7.29067e-05
7.44733e-05
7.60863e-05
7.77408e-05
7.94318e-05
8.11547e-05
8.2905e-05
8.46786e-05
8.64714e-05
8.82797e-05
9.00999e-05
9.19291e-05
9.37646e-05
9.56046e-05
9.74479e-05
9.92939e-05
0.000101143
0.000102996
0.000104855
0.000106722
0.000108599
0.000110488
0.000112392
0.000114311
0.000116246
0.000118196
0.000120159
0.000122133
0.000124112
0.000126091
0.000128065
0.000130025
0.000131965
0.000133876
0.000135752
0.000137586
0.000139373
0.000141108
0.000142789
0.000144418
0.000146
0.000147545
0.000149069
0.000150555
0.000151961
0.000153281
0.000154509
0.000155636
0.000156654
0.000157554
0.000158321
0.000158941
0.000159392
0.000159648
0.000159676
0.00015943
0.000158852
0.000157864
0.00015636
0.000154196
0.000151172
0.000147008
0.000141309
0.000133503
0.000122775
0.000107987
8.77824e-05
6.1758e-05
3.57966e-05
2.81671e-05
2.90084e-05
2.9369e-05
2.95562e-05
2.96837e-05
2.97671e-05
2.98145e-05
2.98325e-05
2.98257e-05
2.97976e-05
2.97514e-05
2.96894e-05
2.96132e-05
2.95245e-05
2.94242e-05
2.9313e-05
2.91789e-05
2.90189e-05
2.88298e-05
2.86086e-05
2.83526e-05
2.80705e-05
2.7767e-05
2.74448e-05
2.71074e-05
2.67588e-05
2.64037e-05
2.60469e-05
2.56934e-05
2.5348e-05
2.5015e-05
2.4698e-05
2.43998e-05
2.41223e-05
2.38666e-05
2.3633e-05
2.34211e-05
2.323e-05
2.30584e-05
2.29048e-05
2.27676e-05
2.26455e-05
2.25367e-05
2.24403e-05
2.23457e-05
2.22523e-05
2.21598e-05
2.20676e-05
2.19752e-05
2.18824e-05
2.17888e-05
2.16939e-05
2.15976e-05
2.14994e-05
2.13993e-05
2.12969e-05
2.11921e-05
2.10848e-05
2.09748e-05
2.08622e-05
2.07469e-05
2.06291e-05
2.05089e-05
2.03865e-05
2.02623e-05
2.01366e-05
2.001e-05
1.9883e-05
1.97564e-05
1.96308e-05
1.95072e-05
1.93865e-05
1.92696e-05
1.91576e-05
1.90515e-05
1.89524e-05
1.88612e-05
1.87787e-05
1.87057e-05
1.86426e-05
1.85899e-05
1.85477e-05
1.85158e-05
1.8494e-05
1.84817e-05
1.84784e-05
1.84831e-05
1.84953e-05
1.85138e-05
1.8538e-05
1.8568e-05
1.86052e-05
1.86542e-05
1.87243e-05
1.8832e-05
1.90022e-05
1.92662e-05
1.965e-05
2.01489e-05
2.06659e-05
2.08467e-05
1.95834e-05
0.000241542
0.000252316
0.000265779
0.000279348
0.000293339
0.000307606
0.00032214
0.000336896
0.000351853
0.00036701
0.000382396
0.000398065
0.000414079
0.000430494
0.000447343
0.000464632
0.000482337
0.000500414
0.000518802
0.000537429
0.000556216
0.000575081
0.000593941
0.00061271
0.000631305
0.000649644
0.000667646
0.000685237
0.00070235
0.000718928
0.000734926
0.000750314
0.00076508
0.000779232
0.000792797
0.000805826
0.000818387
0.000830571
0.000842484
0.000854243
0.00086598
0.00087783
0.00088993
0.000902416
0.000915421
0.000929067
0.000943467
0.000958721
0.000974913
0.000992108
0.00101035
0.00102967
0.00105004
0.00107145
0.00109382
0.00111703
0.00114093
0.00116532
0.00118995
0.00121486
0.00124041
0.00126651
0.00129306
0.00131997
0.00134712
0.00137438
0.0014016
0.0014286
0.00145517
0.00148103
0.00150585
0.00152921
0.00155054
0.0015691
0.00158388
0.00159349
0.00159595
0.00158846
0.00156698
0.00152561
0.00145568
0.00134451
0.00117396
0.000921065
0.00057518
0.000212008
4.48356e-05
2.25137e-05
2.16e-05
2.16572e-05
2.18449e-05
2.2105e-05
2.24159e-05
2.27626e-05
2.3132e-05
2.3513e-05
2.38966e-05
2.42758e-05
2.46452e-05
2.50009e-05
2.53398e-05
2.56922e-05
2.60516e-05
2.64077e-05
2.67455e-05
2.70427e-05
2.73286e-05
2.76444e-05
2.79891e-05
2.83601e-05
2.87541e-05
2.91672e-05
2.95947e-05
3.00319e-05
3.04738e-05
3.09152e-05
3.13513e-05
3.17772e-05
3.21887e-05
3.25822e-05
3.29547e-05
3.33041e-05
3.36292e-05
3.39294e-05
3.42049e-05
3.44562e-05
3.46842e-05
3.48901e-05
3.50752e-05
3.52596e-05
3.54441e-05
3.56297e-05
3.58173e-05
3.60076e-05
3.62016e-05
3.63999e-05
3.66035e-05
3.6813e-05
3.70291e-05
3.72525e-05
3.74837e-05
3.77233e-05
3.79717e-05
3.82294e-05
3.84964e-05
3.87729e-05
3.90587e-05
3.93535e-05
3.96568e-05
3.99678e-05
4.02852e-05
4.06076e-05
4.09331e-05
4.12594e-05
4.15838e-05
4.1903e-05
4.22135e-05
4.25111e-05
4.27917e-05
4.30503e-05
4.32822e-05
4.34821e-05
4.3645e-05
4.37656e-05
4.38389e-05
4.38596e-05
4.38223e-05
4.37213e-05
4.35496e-05
4.32989e-05
4.29577e-05
4.2512e-05
4.19921e-05
4.13705e-05
4.06109e-05
3.96653e-05
3.84731e-05
3.6964e-05
3.50714e-05
3.27604e-05
3.00763e-05
2.72041e-05
2.4511e-05
2.25527e-05
2.21281e-05
2.48023e-05
3.63038e-05
0.000669625
0.000701642
0.000739959
0.000778124
0.000816793
0.000855635
0.000894651
0.00093375
0.00097289
0.00101209
0.00105144
0.00109112
0.00113134
0.00117227
0.00121403
0.00125668
0.00130019
0.00134445
0.00138934
0.00143469
0.00148031
0.00152601
0.0015716
0.00161688
0.00166166
0.00170572
0.0017489
0.00179101
0.0018319
0.00187142
0.00190948
0.00194601
0.00198101
0.00201451
0.0020466
0.00207745
0.00210726
0.00213628
0.00216482
0.0021932
0.00222177
0.00225088
0.00228088
0.00231207
0.00234476
0.0023792
0.0024156
0.00245411
0.00249484
0.00253784
0.0025831
0.00263055
0.00268004
0.0027314
0.00278436
0.00283865
0.00289392
0.00294983
0.00300606
0.00306297
0.00312021
0.00317733
0.00323394
0.00328959
0.00334382
0.00339608
0.0034458
0.00349227
0.00353469
0.00357214
0.0036035
0.0036274
0.00364218
0.00364574
0.00363542
0.00360781
0.00355849
0.00348171
0.00337004
0.003214
0.00300186
0.00271991
0.00235435
0.00189701
0.00135881
0.000791323
0.000310225
7.64462e-05
3.32843e-05
3.22104e-05
3.42978e-05
3.65988e-05
3.89211e-05
4.11946e-05
4.33692e-05
4.54046e-05
4.72712e-05
4.89502e-05
5.04341e-05
5.17235e-05
5.28266e-05
5.38451e-05
5.47452e-05
5.54873e-05
5.60303e-05
5.63739e-05
5.66417e-05
5.68238e-05
5.69092e-05
5.68925e-05
5.67755e-05
5.65677e-05
5.62858e-05
5.59518e-05
5.55901e-05
5.52244e-05
5.48754e-05
5.45585e-05
5.42837e-05
5.40558e-05
5.38751e-05
5.37388e-05
5.3642e-05
5.35788e-05
5.35431e-05
5.35289e-05
5.35313e-05
5.35452e-05
5.35672e-05
5.35975e-05
5.36352e-05
5.36802e-05
5.37319e-05
5.37904e-05
5.38554e-05
5.39269e-05
5.4005e-05
5.40898e-05
5.41813e-05
5.42798e-05
5.43855e-05
5.44985e-05
5.4619e-05
5.47471e-05
5.48829e-05
5.50262e-05
5.51767e-05
5.53342e-05
5.54978e-05
5.56666e-05
5.58391e-05
5.60135e-05
5.61874e-05
5.63578e-05
5.65208e-05
5.66721e-05
5.68062e-05
5.69173e-05
5.69984e-05
5.70418e-05
5.70393e-05
5.6982e-05
5.68606e-05
5.66657e-05
5.63879e-05
5.60179e-05
5.55469e-05
5.49665e-05
5.42693e-05
5.34489e-05
5.25006e-05
5.14546e-05
5.03315e-05
4.91315e-05
4.78644e-05
4.6554e-05
4.52462e-05
4.40196e-05
4.2999e-05
4.23709e-05
4.24001e-05
4.34516e-05
4.60459e-05
5.10417e-05
6.02111e-05
7.81215e-05
0.000121797
0.00132099
0.0013802
0.00144986
0.00151864
0.00158727
0.00165501
0.00172178
0.00178743
0.00185201
0.00191573
0.00197901
0.00204236
0.00210633
0.00217136
0.00223775
0.00230562
0.00237492
0.00244551
0.00251713
0.00258949
0.00266229
0.0027352
0.00280789
0.00288003
0.00295131
0.00302141
0.00309004
0.00315691
0.00322178
0.00328447
0.00334484
0.00340283
0.00345847
0.00351186
0.00356322
0.00361286
0.00366116
0.00370858
0.00375564
0.00380288
0.00385086
0.00390014
0.0039512
0.00400453
0.00406049
0.00411939
0.00418145
0.00424679
0.00431541
0.00438725
0.00446212
0.00453976
0.00461983
0.00470192
0.00478554
0.0048702
0.00495534
0.00504042
0.00512488
0.00520887
0.00529115
0.00537073
0.00544672
0.0055182
0.00558418
0.00564362
0.00569533
0.00573802
0.00577024
0.00579033
0.00579639
0.00578621
0.0057572
0.00570626
0.00562973
0.00552323
0.00538163
0.00519897
0.00496863
0.00468374
0.00433802
0.00392722
0.00345095
0.00291407
0.00232647
0.00170298
0.00107278
0.000510463
0.00016493
8.12061e-05
8.89546e-05
9.77181e-05
0.000104085
0.000109354
0.000113773
0.000117475
0.000120552
0.000123091
0.000125168
0.000126844
0.000128175
0.000129296
0.000130158
0.000130707
0.000130879
0.000130699
0.000130161
0.000129208
0.000127791
0.000125883
0.000123489
0.000120648
0.000117437
0.000113964
0.000110356
0.000106741
0.000103236
9.99339e-05
9.68987e-05
9.41669e-05
9.17506e-05
8.96437e-05
8.78273e-05
8.62752e-05
8.49578e-05
8.38451e-05
8.29086e-05
8.21207e-05
8.14577e-05
8.08428e-05
8.02679e-05
7.97281e-05
7.92186e-05
7.87352e-05
7.82744e-05
7.78332e-05
7.74088e-05
7.69991e-05
7.66023e-05
7.62169e-05
7.58417e-05
7.54759e-05
7.5119e-05
7.47706e-05
7.44307e-05
7.40992e-05
7.37764e-05
7.34627e-05
7.31583e-05
7.28636e-05
7.25788e-05
7.23037e-05
7.20382e-05
7.17816e-05
7.15328e-05
7.12902e-05
7.10517e-05
7.0815e-05
7.05772e-05
7.03353e-05
7.00864e-05
6.9828e-05
6.95584e-05
6.92775e-05
6.8987e-05
6.86912e-05
6.83978e-05
6.81181e-05
6.78683e-05
6.76696e-05
6.75497e-05
6.76227e-05
6.79317e-05
6.85417e-05
6.95385e-05
7.10332e-05
7.31675e-05
7.61191e-05
8.01068e-05
8.53979e-05
9.23254e-05
0.000101341
0.000113167
0.00012918
0.000152363
0.000189886
0.000263035
0.00213657
0.00222556
0.00232886
0.00243014
0.00252984
0.00262676
0.00272071
0.00281162
0.00289982
0.00298592
0.00307085
0.00315563
0.00324122
0.00332838
0.00341759
0.00350903
0.00360261
0.00369809
0.0037951
0.00389321
0.00399197
0.00409091
0.00418958
0.00428753
0.00438433
0.00447957
0.00457285
0.00466383
0.00475222
0.0048378
0.00492043
0.00500009
0.00507685
0.00515091
0.00522258
0.00529229
0.00536057
0.00542801
0.00549526
0.00556301
0.00563193
0.00570264
0.00577572
0.00585167
0.00593086
0.00601355
0.00609988
0.00618984
0.00628332
0.00638003
0.00647961
0.00658157
0.00668531
0.00679017
0.00689542
0.00700025
0.00710382
0.00720525
0.00730356
0.00739819
0.00748788
0.00757106
0.00764645
0.00771277
0.00776866
0.0078127
0.00784335
0.00785893
0.0078576
0.00783735
0.00779593
0.00773087
0.00763944
0.00751863
0.00736518
0.00717567
0.00694666
0.00667489
0.00635773
0.00599362
0.00558268
0.00512703
0.00463072
0.00409853
0.0035339
0.00293714
0.00230663
0.00164747
0.000994578
0.000448602
0.000163973
0.000127577
0.000191852
0.000232013
0.000243057
0.000246803
0.000248918
0.000250628
0.000252206
0.000253678
0.000255046
0.000256426
0.00025774
0.000258886
0.000259751
0.000260515
0.000261051
0.000261169
0.00026063
0.00025917
0.000256541
0.000252568
0.000247196
0.000240528
0.00023281
0.000224394
0.000215665
0.000206987
0.000198654
0.000190873
0.00018377
0.000177404
0.000171779
0.000166865
0.000162613
0.000158959
0.000155838
0.000153177
0.00015091
0.000148794
0.000146802
0.000144921
0.000143134
0.00014143
0.000139795
0.000138221
0.000136697
0.000135216
0.000133772
0.000132359
0.000130974
0.000129612
0.000128272
0.000126953
0.000125656
0.000124381
0.000123131
0.000121909
0.000120719
0.000119567
0.000118458
0.000117399
0.000116397
0.00011546
0.000114596
0.000113814
0.000113124
0.000112534
0.000112056
0.0001117
0.000111479
0.000111403
0.000111489
0.00011175
0.000112206
0.000112874
0.000113777
0.000114938
0.000116386
0.000118151
0.000120267
0.000122968
0.000126273
0.000130247
0.000134973
0.000140546
0.000147081
0.000154714
0.000163617
0.000174021
0.000186272
0.00020092
0.0002189
0.000241842
0.000272641
0.000316374
0.000381118
0.00305714
0.00317668
0.0033133
0.00344634
0.00357565
0.00369971
0.00381839
0.00393191
0.00404105
0.00414702
0.0042513
0.00435544
0.00446078
0.00456837
0.0046788
0.00479226
0.00490863
0.00502756
0.00514855
0.00527106
0.0053945
0.00551831
0.00564192
0.00576481
0.00588645
0.00600636
0.0061241
0.00623929
0.00635161
0.00646082
0.00656678
0.00666948
0.006769
0.00686556
0.00695947
0.00705118
0.0071412
0.00723011
0.00731854
0.00740714
0.00749651
0.00758723
0.0076798
0.00777463
0.007872
0.00797206
0.00807484
0.00818022
0.00828792
0.00839754
0.00850855
0.00862031
0.00873207
0.00884299
0.00895215
0.00905859
0.00916124
0.00925904
0.00935085
0.00943551
0.00951236
0.00957967
0.00963605
0.00968016
0.00971061
0.00972595
0.00972462
0.00970498
0.00966525
0.00960357
0.00951797
0.00940638
0.00926672
0.0090969
0.0088949
0.00865892
0.0083875
0.00807969
0.00773528
0.00735498
0.00694048
0.00649447
0.00602017
0.00552061
0.00499741
0.00444955
0.00387249
0.00325877
0.00260157
0.00190467
0.00120454
0.000602525
0.000245902
0.000155081
0.000201937
0.000271429
0.000298862
0.000303752
0.000303881
0.000303577
0.000303654
0.000304298
0.000305439
0.000306984
0.000308856
0.000312565
0.000318775
0.000327499
0.000338421
0.000350815
0.000363506
0.00037496
0.000383573
0.000388091
0.000387959
0.000383445
0.000375452
0.000365171
0.000353746
0.000342079
0.000330784
0.000320222
0.000310579
0.000301922
0.000294249
0.000287518
0.000281666
0.0002766
0.00027222
0.000268114
0.000264237
0.000260566
0.000257079
0.000253755
0.000250574
0.000247517
0.000244567
0.000241709
0.000238928
0.000236214
0.000233558
0.000230952
0.000228391
0.000225874
0.000223399
0.000220969
0.000218588
0.000216262
0.000214
0.000211813
0.000209712
0.000207713
0.00020583
0.000204081
0.000202483
0.000201055
0.000199816
0.000198785
0.000197983
0.000197429
0.000197141
0.000197141
0.000197445
0.000198074
0.000199045
0.000200378
0.00020209
0.000204202
0.000206734
0.00020971
0.000213161
0.000217167
0.000221913
0.00022736
0.00023355
0.000240545
0.000248429
0.000257318
0.000267371
0.000278818
0.000291983
0.000307326
0.000325488
0.000347316
0.000373771
0.000405362
0.000440263
0.00402478
0.00417444
0.00434238
0.00450488
0.00466092
0.00480897
0.00494917
0.00508224
0.00520963
0.00533315
0.00545487
0.00557675
0.00570044
0.00582712
0.00595746
0.00609165
0.0062295
0.00637057
0.00651428
0.00666
0.00680707
0.00695485
0.00710272
0.0072501
0.00739643
0.00754119
0.00768391
0.00782418
0.00796163
0.00809601
0.00822711
0.00835484
0.0084792
0.00860028
0.00871826
0.00883339
0.00894599
0.00905644
0.00916512
0.00927244
0.00937879
0.00948452
0.00958992
0.00969522
0.00980057
0.00990602
0.0100115
0.0101169
0.0102219
0.0103262
0.0104293
0.0105307
0.0106298
0.0107259
0.0108182
0.0109059
0.0109883
0.0110643
0.0111332
0.011194
0.0112467
0.0112898
0.0113221
0.0113424
0.0113494
0.0113418
0.0113181
0.011277
0.0112169
0.011136
0.0110329
0.0109057
0.0107531
0.0105735
0.0103657
0.0101287
0.00986165
0.00956446
0.00923732
0.00888103
0.00849697
0.00808702
0.00765334
0.00719805
0.00672261
0.00622713
0.00570958
0.0051653
0.00458696
0.00396566
0.00329372
0.00257122
0.00182047
0.00110843
0.000559417
0.000264148
0.000176759
0.000167425
0.000171415
0.000172656
0.00017194
0.000170995
0.000170316
0.000169986
0.000169975
0.000172066
0.000177207
0.000186155
0.000200017
0.000220174
0.000248023
0.000284346
0.000328258
0.000376101
0.000421498
0.000457563
0.000480138
0.000489302
0.000488169
0.000480674
0.000470066
0.000458461
0.000447025
0.000436314
0.000426551
0.000417797
0.000410041
0.000403208
0.000397188
0.000391498
0.000386087
0.000380942
0.000376043
0.00037137
0.000366904
0.000362622
0.000358504
0.000354531
0.000350684
0.000346947
0.000343306
0.00033975
0.00033627
0.000332863
0.000329524
0.000326257
0.000323064
0.000319953
0.000316934
0.000314021
0.000311228
0.000308572
0.000306073
0.00030375
0.000301625
0.000299718
0.00029805
0.000296642
0.000295512
0.00029468
0.00029416
0.00029397
0.000294121
0.000294627
0.000295499
0.000296748
0.000298382
0.000300414
0.000302854
0.000305716
0.000309015
0.000312772
0.000317067
0.000321984
0.000327505
0.000333671
0.000340536
0.000348174
0.000356677
0.000366159
0.000376748
0.000388576
0.000401736
0.000416199
0.000431635
0.000447095
0.000460657
0.0049829
0.0051614
0.00535777
0.00554667
0.005726
0.00589451
0.00605281
0.00620239
0.00634541
0.00648436
0.00662178
0.00675994
0.00690065
0.00704514
0.00719408
0.00734761
0.00750551
0.00766729
0.00783234
0.00799998
0.00816953
0.00834034
0.00851176
0.00868321
0.00885411
0.00902392
0.00919214
0.0093583
0.00952199
0.00968281
0.00984045
0.00999462
0.0101451
0.0102917
0.0104343
0.0105728
0.0107072
0.0108373
0.0109632
0.0110849
0.0112024
0.0113157
0.0114248
0.0115297
0.0116305
0.0117271
0.0118196
0.0119079
0.0119922
0.0120724
0.0121485
0.0122207
0.0122888
0.0123529
0.012413
0.0124688
0.0125202
0.0125669
0.0126085
0.0126445
0.0126761
0.0127018
0.0127202
0.0127302
0.0127303
0.0127192
0.0126954
0.0126572
0.0126031
0.0125313
0.0124403
0.0123285
0.0121945
0.012037
0.0118549
0.0116475
0.0114142
0.0111549
0.0108699
0.0105597
0.0102253
0.00986819
0.00948975
0.00909156
0.00867493
0.00824056
0.00778817
0.00731609
0.006821
0.00629793
0.00574051
0.00514186
0.00449595
0.00380042
0.00306244
0.00230912
0.00159755
0.00101239
0.000618117
0.000402613
0.000297527
0.000242692
0.000212196
0.000192805
0.000177611
0.000163924
0.000151025
0.000139156
0.000129113
0.000122065
0.000119553
0.000123651
0.000137304
0.000164658
0.000210615
0.000277958
0.000361324
0.000443827
0.000506073
0.000540378
0.000552005
0.000550283
0.000542448
0.000532572
0.000522541
0.000513108
0.000504526
0.000496814
0.00048989
0.000483262
0.000476895
0.00047079
0.000464942
0.000459341
0.000453974
0.000448827
0.00044388
0.000439117
0.000434519
0.000430069
0.000425752
0.000421555
0.00041747
0.000413491
0.000409613
0.000405838
0.000402171
0.000398618
0.000395191
0.000391903
0.000388769
0.000385806
0.000383034
0.000380471
0.000378137
0.000376049
0.000374225
0.000372679
0.000371425
0.000370472
0.000369828
0.000369498
0.000369486
0.000369793
0.000370417
0.00037136
0.000372618
0.000374192
0.00037608
0.000378285
0.000380809
0.000383657
0.000386836
0.000390396
0.000394365
0.000398732
0.000403507
0.000408702
0.000414325
0.000420375
0.000426831
0.000433639
0.000440688
0.000447783
0.00045462
0.00046078
0.000465842
0.00587589
0.00608121
0.00630246
0.00651418
0.006713
0.00689821
0.00707107
0.00723394
0.00738981
0.00754182
0.0076929
0.0078455
0.00800146
0.00816198
0.00832765
0.00849857
0.00867449
0.00885491
0.00903925
0.00922683
0.009417
0.00960914
0.00980262
0.00999686
0.0101913
0.0103854
0.0105785
0.0107702
0.0109599
0.011147
0.011331
0.0115114
0.0116876
0.0118591
0.0120253
0.0121857
0.0123396
0.0124867
0.0126263
0.0127579
0.0128811
0.0129956
0.013101
0.0131971
0.013284
0.0133616
0.0134302
0.0134903
0.0135425
0.0135874
0.013626
0.0136592
0.0136881
0.0137137
0.013737
0.0137587
0.0137796
0.0137999
0.0138197
0.0138388
0.0138586
0.0138783
0.0138963
0.0139107
0.0139199
0.013922
0.0139153
0.0138979
0.0138679
0.0138236
0.0137633
0.0136853
0.0135883
0.0134711
0.0133326
0.0131721
0.0129893
0.0127839
0.0125562
0.0123067
0.0120359
0.011745
0.011435
0.011107
0.0107619
0.0104007
0.0100235
0.00962984
0.00921864
0.00878777
0.00833428
0.00785461
0.00734495
0.00680191
0.00622329
0.0056091
0.0049631
0.00429515
0.00362429
0.00297997
0.00238582
0.00186395
0.00145131
0.00114739
0.000925103
0.000755175
0.00061767
0.000501523
0.000401487
0.000315712
0.000244039
0.000186837
0.000144293
0.000116243
0.000102636
0.00010478
0.000127212
0.000178734
0.000267095
0.000381761
0.000486315
0.000551018
0.0005777
0.000582504
0.000577988
0.000570438
0.00056239
0.000554695
0.000547554
0.000540576
0.000533765
0.000527146
0.000520735
0.00051454
0.000508561
0.000502794
0.000497232
0.000491862
0.000486672
0.000481651
0.000476785
0.000472066
0.000467486
0.00046304
0.000458729
0.000454553
0.00045052
0.000446637
0.000442916
0.000439371
0.000436017
0.000432871
0.000429949
0.000427268
0.000424842
0.000422685
0.000420808
0.000419217
0.000417917
0.000416908
0.000416186
0.000415747
0.000415579
0.000415674
0.000416019
0.0004166
0.000417407
0.000418427
0.00041965
0.000421069
0.000422675
0.000424464
0.000426431
0.000428573
0.000430905
0.000433428
0.000436126
0.000438987
0.000441993
0.000445121
0.000448341
0.000451609
0.000454871
0.000458068
0.00046114
0.000464056
0.000466849
0.00664758
0.00687676
0.00711849
0.00734877
0.00756277
0.00776056
0.00794407
0.00811662
0.00828204
0.0084441
0.00860606
0.00877043
0.00893899
0.00911281
0.00929236
0.0094777
0.00966854
0.00986443
0.0100648
0.0102691
0.0104767
0.0106871
0.0108996
0.0111137
0.0113289
0.0115446
0.0117601
0.0119749
0.0121882
0.0123994
0.0126076
0.0128121
0.013012
0.0132063
0.013394
0.0135743
0.013746
0.0139081
0.0140596
0.0141996
0.0143272
0.0144417
0.0145425
0.0146294
0.0147023
0.0147613
0.0148071
0.0148405
0.0148626
0.014875
0.0148794
0.0148776
0.0148716
0.0148633
0.0148546
0.0148472
0.0148422
0.0148406
0.0148427
0.0148486
0.0148578
0.0148721
0.0148903
0.01491
0.0149293
0.014946
0.0149583
0.0149641
0.0149616
0.0149491
0.0149248
0.0148871
0.0148348
0.0147666
0.0146816
0.014579
0.0144583
0.0143192
0.0141618
0.0139861
0.0137926
0.0135817
0.0133539
0.0131099
0.0128501
0.0125749
0.0122843
0.0119781
0.0116554
0.011315
0.0109551
0.0105735
0.0101677
0.00973493
0.009273
0.00878032
0.00825661
0.00770345
0.00712478
0.00652734
0.00590233
0.00523991
0.00457019
0.0039264
0.00333573
0.00281149
0.00235249
0.00194934
0.00159183
0.00127308
0.00099045
0.000744692
0.000538276
0.00037342
0.00025025
0.000165786
0.000114422
9.01325e-05
9.01665e-05
0.000119705
0.000193515
0.000318156
0.000454641
0.000546093
0.000585173
0.000594869
0.000592929
0.000587302
0.00058083
0.000574003
0.000567088
0.000560216
0.000553448
0.000546817
0.000540343
0.000534038
0.000527905
0.000521946
0.000516158
0.000510537
0.00050508
0.000499782
0.000494644
0.000489664
0.000484848
0.0004802
0.000475731
0.000471451
0.000467374
0.000463513
0.000459885
0.000456504
0.000453386
0.000450543
0.000447985
0.000445722
0.000443755
0.000442085
0.000440708
0.000439615
0.000438793
0.000438226
0.000437897
0.000437784
0.000437868
0.000438128
0.000438546
0.000439103
0.000439786
0.000440582
0.00044148
0.000442474
0.000443556
0.000444723
0.00044597
0.000447301
0.000448714
0.000450202
0.000451761
0.000453385
0.000455071
0.000456819
0.000458633
0.000460523
0.000462515
0.000464652
0.000467002
0.00724151
0.00749043
0.00774723
0.00799091
0.00821521
0.00842105
0.00861096
0.00878918
0.00896033
0.00912873
0.00929791
0.00947043
0.00964791
0.00983125
0.0100208
0.0102164
0.0104179
0.0106249
0.0108368
0.0110532
0.0112735
0.0114973
0.0117242
0.0119534
0.0121847
0.0124173
0.0126506
0.012884
0.0131166
0.0133476
0.0135761
0.013801
0.0140213
0.0142357
0.0144429
0.0146416
0.0148306
0.0150083
0.0151735
0.0153249
0.0154614
0.0155821
0.0156862
0.0157733
0.0158434
0.0158966
0.0159336
0.0159555
0.0159637
0.01596
0.0159462
0.0159246
0.0158975
0.015867
0.0158353
0.0158044
0.0157758
0.0157508
0.0157304
0.0157151
0.0157051
0.0156999
0.015701
0.0157087
0.015721
0.0157359
0.015752
0.0157673
0.0157805
0.0157898
0.0157937
0.015791
0.0157802
0.0157602
0.0157299
0.0156886
0.0156355
0.0155701
0.0154919
0.0154006
0.0152961
0.0151783
0.015047
0.0149021
0.0147435
0.0145709
0.0143836
0.014181
0.013962
0.0137252
0.013469
0.0131913
0.0128899
0.0125624
0.0122065
0.0118198
0.0114007
0.0109481
0.0104623
0.00994472
0.00937935
0.00874648
0.00806078
0.00734279
0.00661534
0.00589924
0.00520972
0.00455484
0.00393651
0.00335322
0.00280304
0.00228603
0.00180566
0.00136926
0.000987186
0.000670489
0.000426926
0.000256807
0.000151381
9.59455e-05
7.6948e-05
9.07931e-05
0.00015171
0.000279496
0.000437671
0.000545418
0.000589869
0.000601262
0.000600513
0.000595567
0.00058911
0.000582132
0.000575003
0.000567871
0.000560805
0.00055384
0.000547
0.000540301
0.000533753
0.000527365
0.000521144
0.000515097
0.000509231
0.000503554
0.000498077
0.00049281
0.000487767
0.000482963
0.000478412
0.00047413
0.000470133
0.000466434
0.000463045
0.000459975
0.00045723
0.000454813
0.00045272
0.000450944
0.000449474
0.000448293
0.000447382
0.000446717
0.000446274
0.000446027
0.000445951
0.000446021
0.000446217
0.000446518
0.000446909
0.000447377
0.000447913
0.000448511
0.000449166
0.000449878
0.000450646
0.000451472
0.000452361
0.000453316
0.000454345
0.000455454
0.000456654
0.000457959
0.00045939
0.000460972
0.00046274
0.000464736
0.000467019
0.0076064
0.00786976
0.00813521
0.00838632
0.00861555
0.00882465
0.0090166
0.00919633
0.00936911
0.00953972
0.00971195
0.00988833
0.0100704
0.0102587
0.0104536
0.0106547
0.0108619
0.0110747
0.0112928
0.0115156
0.011743
0.0119744
0.0122096
0.0124479
0.0126891
0.0129326
0.0131776
0.0134237
0.0136699
0.0139153
0.014159
0.0143998
0.0146367
0.0148681
0.0150929
0.0153094
0.0155163
0.0157121
0.0158953
0.0160645
0.0162185
0.0163562
0.0164768
0.0165796
0.0166645
0.0167315
0.016781
0.0168138
0.016831
0.0168339
0.0168241
0.0168032
0.0167731
0.0167355
0.0166923
0.0166453
0.016596
0.016546
0.0164969
0.0164499
0.0164061
0.0163665
0.0163317
0.0163024
0.0162806
0.0162663
0.0162584
0.0162561
0.0162585
0.0162646
0.0162735
0.0162841
0.0162954
0.0163064
0.016316
0.0163233
0.0163275
0.0163278
0.0163233
0.0163134
0.0162974
0.0162744
0.0162439
0.0162048
0.0161562
0.016097
0.016026
0.0159416
0.0158421
0.0157256
0.0155899
0.0154325
0.0152509
0.0150424
0.0148043
0.0145338
0.0142285
0.0138862
0.0135055
0.0130852
0.0126079
0.0120504
0.0114175
0.0107195
0.00997168
0.0091916
0.0083972
0.00760412
0.00682403
0.00606405
0.00532745
0.00461507
0.0039271
0.0032648
0.00263233
0.0020383
0.00149683
0.00102695
0.000648609
0.000374526
0.00020148
0.00010952
7.30339e-05
7.73942e-05
0.000134456
0.000272326
0.000444429
0.000552052
0.000593493
0.000604351
0.00060318
0.000597692
0.000590701
0.0005832
0.000575544
0.000567875
0.000560262
0.000552744
0.000545352
0.00053811
0.000531039
0.000524158
0.000517485
0.000511038
0.000504835
0.000498893
0.000493231
0.000487867
0.000482818
0.000478099
0.000473726
0.000469711
0.000466061
0.000462782
0.000459874
0.000457332
0.000455149
0.000453309
0.000451794
0.000450581
0.000449645
0.000448958
0.000448489
0.000448211
0.000448093
0.000448111
0.000448241
0.000448463
0.000448762
0.000449125
0.000449546
0.000450018
0.00045054
0.000451111
0.000451736
0.000452417
0.00045316
0.000453974
0.000454867
0.000455852
0.000456941
0.000458154
0.00045951
0.000461037
0.000462768
0.000464745
0.00046702
0.00770552
0.00797706
0.00824401
0.00849599
0.00872447
0.00893193
0.00912157
0.00929877
0.00946918
0.00963794
0.00980898
0.00998488
0.010167
0.0103558
0.0105512
0.010753
0.0109607
0.0111741
0.0113928
0.0116165
0.011845
0.012078
0.0123152
0.0125563
0.012801
0.0130488
0.0132991
0.0135514
0.0138049
0.0140588
0.0143122
0.014564
0.0148131
0.0150582
0.015298
0.0155313
0.0157565
0.0159723
0.0161772
0.0163699
0.0165492
0.0167138
0.0168628
0.0169954
0.0171111
0.0172094
0.0172903
0.0173539
0.0174006
0.0174309
0.0174454
0.017445
0.0174306
0.0174032
0.0173639
0.017314
0.0172547
0.0171875
0.0171139
0.0170357
0.0169547
0.0168727
0.0167916
0.0167134
0.0166397
0.0165727
0.0165143
0.016465
0.0164247
0.0163935
0.0163716
0.0163589
0.0163551
0.0163599
0.0163728
0.0163932
0.0164203
0.0164535
0.0164921
0.0165351
0.0165817
0.016631
0.0166817
0.0167327
0.0167823
0.016829
0.0168708
0.0169055
0.0169305
0.0169432
0.0169406
0.0169196
0.0168767
0.0168085
0.0167115
0.0165821
0.0164171
0.0162131
0.0159675
0.0156776
0.0153279
0.0148966
0.0143814
0.0137841
0.0131106
0.0123703
0.0115753
0.0107397
0.00987798
0.00900448
0.00813186
0.00727032
0.00642705
0.00560648
0.0048111
0.00404286
0.0033048
0.00260308
0.00194922
0.00136222
0.000868241
0.000493899
0.000250687
0.000121688
7.08542e-05
7.22131e-05
0.000138225
0.000295774
0.000461946
0.00055549
0.000588148
0.00059434
0.000591278
0.000585141
0.000577959
0.000570407
0.00056273
0.000555039
0.000547398
0.000539852
0.000532443
0.000525204
0.000518168
0.000511364
0.000504822
0.000498567
0.000492626
0.000487021
0.000481773
0.000476901
0.000472417
0.000468334
0.000464656
0.000461385
0.000458516
0.00045604
0.000453942
0.000452203
0.000450798
0.0004497
0.000448879
0.000448303
0.00044794
0.000447757
0.000447725
0.000447818
0.000448011
0.000448287
0.000448629
0.000449027
0.000449475
0.000449968
0.000450505
0.000451088
0.00045172
0.000452407
0.000453154
0.000453971
0.000454866
0.000455851
0.000456941
0.000458153
0.00045951
0.000461037
0.000462768
0.000464745
0.00046702
0.00752466
0.00779752
0.00805865
0.00830478
0.00852669
0.00872755
0.00891059
0.00908135
0.00924564
0.00940876
0.00957476
0.00974619
0.00992428
0.0101093
0.010301
0.010499
0.0107028
0.010912
0.0111264
0.0113458
0.01157
0.0117989
0.0120325
0.0122705
0.0125126
0.0127586
0.0130081
0.0132606
0.0135154
0.0137719
0.0140293
0.0142867
0.0145432
0.0147977
0.015049
0.0152962
0.0155378
0.0157727
0.0159997
0.0162175
0.0164248
0.0166206
0.0168036
0.0169728
0.0171273
0.0172662
0.0173887
0.0174943
0.0175825
0.0176529
0.0177053
0.0177396
0.0177559
0.0177544
0.0177355
0.0176998
0.0176481
0.0175815
0.0175011
0.0174086
0.0173054
0.0171936
0.017075
0.016952
0.0168268
0.016702
0.0165804
0.0164652
0.0163593
0.0162636
0.0161787
0.0161058
0.0160458
0.0159996
0.0159677
0.0159504
0.015948
0.0159603
0.0159872
0.0160285
0.0160837
0.0161523
0.0162337
0.0163269
0.0164308
0.0165439
0.0166642
0.0167896
0.0169173
0.0170441
0.0171665
0.0172803
0.0173814
0.0174652
0.0175269
0.0175616
0.0175647
0.0175313
0.0174571
0.0173379
0.0171627
0.0169152
0.0165876
0.016175
0.015675
0.0150881
0.0144173
0.0136677
0.0128471
0.0119661
0.0110383
0.0100796
0.00910711
0.00813699
0.00718284
0.00625518
0.00536166
0.00450776
0.00369751
0.00293456
0.00222442
0.0015783
0.00101779
0.000575038
0.000278186
0.000122652
6.65228e-05
7.55738e-05
0.00016559
0.000347256
0.00048611
0.000538915
0.000552154
0.000552421
0.000548649
0.000543521
0.000537857
0.000531942
0.0005259
0.000519807
0.000513722
0.000507694
0.000501769
0.000495989
0.000490394
0.000485022
0.000479906
0.000475078
0.000470566
0.000466392
0.000462575
0.000459129
0.000456062
0.000453376
0.000451067
0.000449127
0.000447539
0.000446285
0.000445339
0.000444674
0.000444257
0.000444059
0.000444046
0.000444188
0.000444457
0.000444828
0.000445279
0.000445793
0.000446359
0.000446968
0.000447614
0.000448298
0.000449018
0.000449778
0.000450581
0.000451432
0.000452338
0.000453304
0.000454338
0.00045545
0.000456652
0.000457959
0.00045939
0.000460972
0.00046274
0.000464736
0.000467019
0.00707442
0.00734156
0.00759
0.00782397
0.00803385
0.00822334
0.00839558
0.0085561
0.00871068
0.00886464
0.00902203
0.00918537
0.00935575
0.00953326
0.00971745
0.00990769
0.0101034
0.0103043
0.01051
0.0107205
0.0109357
0.0111557
0.0113806
0.0116102
0.0118444
0.0120832
0.0123262
0.0125731
0.0128234
0.0130768
0.0133324
0.0135898
0.0138481
0.0141066
0.0143643
0.0146203
0.0148738
0.0151235
0.0153686
0.0156079
0.0158403
0.0160645
0.0162794
0.0164838
0.0166762
0.0168554
0.0170201
0.0171689
0.0173008
0.0174146
0.0175094
0.0175843
0.0176387
0.0176722
0.0176845
0.0176758
0.0176464
0.017597
0.0175287
0.0174427
0.0173405
0.0172237
0.0170941
0.0169532
0.0168029
0.0166448
0.0164807
0.0163126
0.0161429
0.0159759
0.015815
0.0156623
0.0155201
0.0153906
0.0152758
0.0151772
0.0150964
0.0150343
0.0149918
0.0149697
0.0149683
0.0149882
0.0150296
0.0150929
0.0151782
0.0152855
0.0154145
0.0155643
0.0157337
0.0159205
0.0161217
0.0163336
0.0165513
0.0167695
0.0169821
0.0171822
0.0173631
0.0175178
0.0176394
0.0177212
0.0177589
0.0177439
0.0176646
0.0175098
0.0172697
0.016936
0.0165028
0.0159663
0.0153253
0.0145817
0.0137411
0.0128138
0.0118152
0.0107647
0.00968368
0.00859418
0.00751766
0.00647477
0.00548432
0.00456092
0.00371226
0.00293807
0.00223306
0.00159433
0.00103138
0.000573593
0.000261305
0.000105354
6.15609e-05
0.000103342
0.00026349
0.000402562
0.000452294
0.000465218
0.000467716
0.000467306
0.000465942
0.000464161
0.000462139
0.000459955
0.000457657
0.000455282
0.000452865
0.000450437
0.000448028
0.000445666
0.000443381
0.0004412
0.00043915
0.000437259
0.000435549
0.000434042
0.000432756
0.000431704
0.000430893
0.000430326
0.000429999
0.000429902
0.000430021
0.000430336
0.000430826
0.000431466
0.000432231
0.000433098
0.000434045
0.000435054
0.00043611
0.000437205
0.00043833
0.000439485
0.000440671
0.000441889
0.000443145
0.000444445
0.000445793
0.000447194
0.000448651
0.000450167
0.000451742
0.000453375
0.000455067
0.000456817
0.000458632
0.000460523
0.000462515
0.000464652
0.000467002
0.00638771
0.00664207
0.00687193
0.00708844
0.00728168
0.00745574
0.00761348
0.00776029
0.00790175
0.00804312
0.00818839
0.00834002
0.00849899
0.00866521
0.00883802
0.0090166
0.00920029
0.00938865
0.00958147
0.00977874
0.00998053
0.010187
0.0103983
0.0106145
0.0108356
0.0110617
0.0112926
0.0115282
0.0117681
0.0120121
0.0122598
0.0125107
0.0127643
0.0130199
0.013277
0.013535
0.0137929
0.0140502
0.0143058
0.0145589
0.0148084
0.0150531
0.0152919
0.0155233
0.0157457
0.0159576
0.0161572
0.0163427
0.0165124
0.0166647
0.016798
0.0169111
0.0170028
0.017072
0.0171181
0.0171405
0.0171395
0.0171154
0.017069
0.0170016
0.0169147
0.0168097
0.0166886
0.0165529
0.0164042
0.0162441
0.0160736
0.0158937
0.015705
0.0155079
0.0153037
0.0150958
0.0148876
0.0146824
0.0144834
0.0142936
0.0141162
0.0139537
0.013809
0.0136841
0.0135807
0.0135003
0.0134439
0.0134127
0.0134081
0.0134316
0.013485
0.0135702
0.0136894
0.0138441
0.0140353
0.014263
0.0145253
0.0148182
0.0151357
0.0154697
0.0158103
0.0161464
0.0164669
0.0167607
0.0170295
0.0172739
0.0174785
0.017626
0.0176987
0.0176797
0.0175542
0.0173103
0.0169397
0.016438
0.0158048
0.0150436
0.014163
0.013176
0.0120992
0.0109515
0.00975445
0.00853422
0.00732425
0.00616481
0.00509601
0.00414559
0.00331919
0.00260084
0.00196453
0.0013906
0.000880219
0.000463531
0.000188483
7.09923e-05
8.41934e-05
0.00021768
0.000309114
0.00033447
0.000341366
0.000344419
0.000346733
0.000348949
0.000351209
0.000353543
0.000355952
0.000358425
0.00036094
0.000363477
0.000366009
0.000368512
0.000370962
0.000373343
0.00037564
0.000377849
0.000379974
0.000382022
0.000384008
0.000385952
0.000387871
0.000389786
0.000391712
0.00039366
0.000395638
0.000397648
0.000399688
0.000401752
0.000403836
0.000405931
0.000408034
0.000410142
0.000412255
0.000414378
0.000416519
0.000418689
0.000420903
0.000423177
0.000425528
0.00042797
0.00043052
0.000433188
0.000435982
0.000438904
0.000441947
0.000445098
0.000448329
0.000451603
0.000454869
0.000458067
0.00046114
0.000464056
0.000466849
0.00551627
0.00575069
0.00595712
0.00615195
0.00632515
0.00648077
0.00662128
0.00675165
0.00687714
0.00700277
0.00713246
0.00726862
0.00741218
0.00756293
0.00772008
0.00788268
0.00804995
0.00822141
0.00839684
0.00857628
0.00875988
0.00894787
0.00914049
0.00933797
0.00954046
0.00974806
0.0099608
0.0101787
0.0104015
0.0106292
0.0108616
0.0110983
0.011339
0.0115834
0.0118312
0.0120817
0.0123345
0.012589
0.0128445
0.0131003
0.0133553
0.0136086
0.0138589
0.0141048
0.0143446
0.0145765
0.0147984
0.0150083
0.0152038
0.0153831
0.0155445
0.0156863
0.015807
0.015905
0.0159792
0.016029
0.0160539
0.0160539
0.0160296
0.015983
0.0159152
0.0158277
0.0157221
0.0156004
0.0154644
0.0153156
0.0151557
0.0149858
0.0148066
0.0146184
0.014421
0.0142137
0.0139969
0.0137731
0.0135443
0.0133124
0.0130793
0.0128469
0.0126215
0.0124073
0.0122069
0.0120229
0.0118576
0.0117129
0.0115908
0.0114935
0.0114234
0.0113832
0.0113768
0.0114095
0.0114878
0.0116191
0.0118108
0.0120688
0.0123955
0.0127881
0.0132368
0.0137255
0.0142339
0.0147402
0.015247
0.015761
0.0162604
0.016721
0.0171175
0.0174254
0.0176223
0.0176899
0.0176143
0.0173871
0.0170049
0.0164689
0.0157845
0.014961
0.0140106
0.0129462
0.0117796
0.0105235
0.00919673
0.00783471
0.00649722
0.00526147
0.00419412
0.00331936
0.00261138
0.00201728
0.00148945
0.00100654
0.00057374
0.000234464
7.3116e-05
8.66538e-05
0.000178626
0.00020859
0.000214287
0.000216589
0.000218875
0.00022161
0.000224851
0.000228592
0.000232811
0.000237478
0.000242554
0.000247992
0.000253736
0.000259724
0.000265888
0.000272154
0.000278451
0.000284711
0.000290872
0.000296882
0.000302702
0.000308306
0.000313679
0.000318819
0.00032373
0.000328424
0.000332916
0.000337221
0.000341356
0.000345338
0.000349184
0.000352912
0.000356541
0.000360092
0.00036359
0.000367064
0.000370543
0.000374064
0.000377664
0.000381383
0.000385264
0.000389347
0.000393678
0.000398295
0.00040324
0.000408545
0.000414236
0.000420327
0.000426806
0.000433627
0.000440683
0.000447781
0.000454619
0.00046078
0.000465842
0.00452728
0.0047346
0.00491358
0.0050833
0.0052339
0.00536907
0.00549061
0.00560282
0.00571033
0.00581778
0.00592889
0.00604605
0.00617021
0.00630119
0.00643818
0.0065802
0.00672642
0.00687632
0.00702968
0.00718653
0.00734706
0.00751155
0.00768029
0.00785356
0.00803161
0.00821461
0.0084027
0.00859597
0.00879443
0.00899807
0.00920682
0.00942058
0.00963921
0.00986253
0.0100903
0.0103223
0.0105581
0.0107975
0.0110397
0.0112844
0.0115306
0.0117774
0.0120238
0.0122683
0.0125093
0.0127449
0.0129728
0.0131906
0.0133957
0.0135859
0.0137596
0.0139153
0.0140512
0.0141654
0.0142561
0.0143233
0.0143663
0.0143849
0.0143796
0.0143515
0.0143015
0.0142312
0.0141421
0.014036
0.0139148
0.0137804
0.0136346
0.013479
0.0133152
0.013144
0.0129662
0.012782
0.0125888
0.0123879
0.0121801
0.0119661
0.0117465
0.0115223
0.0112949
0.0110661
0.0108376
0.0106111
0.0103886
0.0101719
0.00996245
0.00976844
0.00959292
0.00943679
0.00930203
0.00919289
0.00911596
0.00908121
0.00910319
0.00920096
0.00939668
0.00971123
0.0101565
0.0107264
0.0113922
0.0121088
0.0128631
0.0136549
0.0144473
0.0152063
0.0159021
0.0165075
0.0169973
0.0173496
0.0175468
0.0175773
0.0174353
0.0171203
0.0166365
0.0159924
0.0152
0.0142724
0.0132212
0.0120536
0.0107724
0.00938304
0.00790992
0.00642031
0.00503106
0.00386416
0.00297133
0.00230857
0.00178485
0.00132512
0.0008873
0.000470214
0.000162751
5.49041e-05
9.89544e-05
0.000126742
0.000128986
0.00012891
0.000129245
0.00013018
0.000131693
0.000133754
0.000136342
0.00013944
0.000143035
0.000147115
0.000151664
0.000156664
0.00016209
0.00016791
0.000174082
0.000180556
0.000187274
0.000194172
0.00020118
0.000208229
0.000215251
0.000222186
0.000228979
0.000235589
0.000241985
0.000248146
0.000254066
0.000259746
0.000265197
0.00027044
0.000275502
0.000280417
0.000285225
0.000289974
0.000294715
0.000299504
0.000304404
0.000309479
0.000314801
0.000320444
0.000326488
0.000333019
0.000340132
0.000347932
0.000356538
0.000366082
0.000376707
0.000388555
0.000401726
0.000416195
0.000431634
0.000447095
0.000460657
0.00349757
0.00367137
0.00381965
0.00396127
0.00408717
0.00420028
0.00430169
0.00439474
0.00448318
0.00457099
0.00466153
0.00475708
0.00485869
0.00496631
0.00507928
0.0051967
0.00531778
0.00544203
0.0055692
0.00569931
0.00583253
0.00596913
0.0061094
0.00625363
0.00640209
0.00655501
0.00671258
0.00687493
0.00704218
0.00721439
0.00739162
0.00757388
0.00776115
0.00795339
0.00815053
0.00835246
0.00855902
0.00876995
0.00898495
0.00920356
0.00942521
0.00964913
0.00987438
0.0100998
0.0103238
0.0105447
0.0107602
0.0109676
0.0111636
0.0113457
0.0115132
0.0116652
0.0117999
0.0119155
0.0120106
0.0120842
0.0121356
0.0121647
0.0121716
0.0121569
0.0121214
0.0120663
0.0119929
0.011903
0.0117982
0.0116803
0.0115514
0.0114133
0.0112678
0.0111164
0.0109607
0.0108018
0.0106402
0.0104751
0.010307
0.0101362
0.00996266
0.00978602
0.00960594
0.00942193
0.00923358
0.00904063
0.00884315
0.00864167
0.00843715
0.00823091
0.00802376
0.00781583
0.00760686
0.00740637
0.00721793
0.00704512
0.00689869
0.00679696
0.00677075
0.00686565
0.00713906
0.00764148
0.00837868
0.00928432
0.0102962
0.0113732
0.0124443
0.0134656
0.0144117
0.015262
0.0159945
0.0165862
0.0170167
0.0172705
0.0173382
0.0172166
0.0169079
0.0164193
0.0157628
0.0149538
0.0140081
0.0129391
0.011754
0.0104519
0.00902667
0.00748555
0.00589282
0.00440428
0.00320554
0.00236633
0.00179831
0.00136373
0.000965643
0.000562101
0.000222114
6.04163e-05
6.78881e-05
8.79768e-05
8.80429e-05
8.69629e-05
8.63088e-05
8.60754e-05
8.61975e-05
8.66307e-05
8.73475e-05
8.83332e-05
8.95822e-05
9.10954e-05
9.28784e-05
9.49397e-05
9.72885e-05
9.99343e-05
0.000102884
0.000106142
0.000109707
0.000113571
0.000117721
0.000122134
0.000126783
0.00013163
0.000136635
0.000141755
0.000146945
0.000152163
0.000157374
0.000162548
0.000167664
0.000172715
0.000177703
0.000182641
0.000187555
0.000192481
0.000197466
0.000202565
0.000207845
0.000213375
0.000219238
0.000225522
0.000232323
0.000239751
0.000247932
0.000257017
0.000267196
0.00027872
0.00029193
0.000307298
0.000325474
0.00034731
0.000373768
0.000405361
0.000440262
0.0025038
0.00263959
0.00275501
0.00286617
0.00296551
0.00305508
0.00313532
0.00320851
0.0032774
0.00334507
0.0034143
0.00348715
0.00356465
0.00364698
0.00373369
0.00382408
0.00391752
0.00401354
0.00411194
0.00421269
0.00431593
0.00442186
0.00453073
0.0046428
0.00475832
0.00487749
0.00500052
0.00512756
0.00525875
0.0053942
0.00553401
0.00567826
0.00582701
0.00598029
0.00613813
0.00630052
0.0064674
0.00663866
0.00681414
0.00699355
0.0071765
0.00736244
0.00755067
0.00774026
0.00793004
0.00811852
0.00830375
0.00848291
0.00865193
0.00880737
0.00895096
0.0090829
0.00920127
0.00930413
0.00939027
0.00945864
0.00950853
0.00953962
0.00955192
0.00954571
0.00952158
0.00948037
0.00942317
0.0093513
0.00926623
0.00916956
0.009063
0.00894829
0.00882719
0.00870145
0.00857272
0.00844259
0.00831259
0.0081832
0.00805504
0.00792862
0.00780426
0.00768197
0.00756147
0.00744205
0.00732262
0.00720168
0.00707741
0.00694782
0.00681088
0.00666471
0.00650756
0.00633788
0.00615421
0.00595504
0.00573772
0.00550134
0.00526333
0.00502768
0.00481432
0.00466355
0.00465311
0.00490653
0.00555346
0.00658231
0.00785008
0.00920539
0.0105162
0.0117405
0.0128747
0.0139132
0.0148389
0.0156275
0.0162537
0.0166969
0.0169427
0.0169838
0.0168197
0.0164557
0.0159032
0.0151784
0.0143005
0.0132898
0.012164
0.0109349
0.00960244
0.00815238
0.0065763
0.00493815
0.00344327
0.00233341
0.00164288
0.00120309
0.000853997
0.000494529
0.00019091
5.38949e-05
6.35893e-05
7.40966e-05
7.35797e-05
7.28011e-05
7.22617e-05
7.18914e-05
7.1635e-05
7.14613e-05
7.13548e-05
7.13097e-05
7.13272e-05
7.14125e-05
7.15736e-05
7.18201e-05
7.21622e-05
7.26103e-05
7.31743e-05
7.38634e-05
7.46852e-05
7.56457e-05
7.67489e-05
7.79962e-05
7.93864e-05
8.09159e-05
8.25784e-05
8.4365e-05
8.62657e-05
8.82692e-05
9.03643e-05
9.25411e-05
9.47924e-05
9.71149e-05
9.95106e-05
0.000101988
0.000104564
0.000107263
0.000110121
0.000113183
0.000116507
0.000120159
0.000124222
0.000128788
0.000133964
0.00013987
0.000146644
0.000154441
0.000163453
0.000173927
0.00018622
0.000200893
0.000218886
0.000241835
0.000272638
0.000316373
0.000381118
0.00161206
0.0017081
0.00178993
0.00186941
0.00194095
0.0020058
0.00206396
0.00211679
0.00216604
0.00221383
0.00226222
0.00231281
0.00236654
0.00242369
0.00248403
0.00254714
0.00261254
0.0026799
0.00274905
0.00281994
0.00289264
0.00296732
0.00304413
0.00312327
0.00320492
0.00328927
0.00337645
0.00346661
0.00355988
0.00365635
0.00375614
0.00385933
0.00396599
0.00407619
0.00418999
0.00430742
0.00442849
0.00455317
0.00468138
0.00481297
0.00494771
0.00508528
0.00522519
0.00536684
0.00550944
0.00565196
0.00579296
0.00593005
0.00605829
0.00617293
0.00627993
0.00637914
0.00646863
0.00654697
0.00661325
0.00666664
0.00670653
0.00673258
0.00674472
0.00674309
0.00672802
0.00670006
0.00665998
0.00660872
0.00654733
0.00647703
0.00639909
0.00631487
0.00622575
0.00613315
0.00603842
0.00594274
0.00584733
0.00575391
0.00566322
0.00557604
0.00549319
0.00541535
0.00534304
0.00527651
0.00521563
0.00515976
0.00510764
0.00505726
0.00500586
0.00494989
0.00488513
0.00480688
0.0047101
0.00458947
0.00443921
0.00425322
0.00402503
0.00374757
0.00345077
0.00314593
0.00288947
0.00281253
0.00318911
0.0042184
0.00572115
0.00731506
0.00879041
0.0101425
0.0114047
0.0125845
0.0136646
0.0146157
0.0154064
0.0160092
0.0164045
0.0165803
0.0165327
0.0162653
0.0157886
0.0151192
0.0142783
0.0132904
0.0121814
0.0109757
0.00969071
0.00832692
0.00686236
0.00527905
0.00366579
0.002303
0.00142512
0.000933233
0.000638067
0.000337899
0.000112125
4.66235e-05
6.6375e-05
6.94931e-05
6.94383e-05
6.92098e-05
6.89913e-05
6.87604e-05
6.8502e-05
6.82127e-05
6.78975e-05
6.75653e-05
6.72263e-05
6.68902e-05
6.6566e-05
6.62617e-05
6.59837e-05
6.57371e-05
6.55255e-05
6.53512e-05
6.52154e-05
6.51176e-05
6.50565e-05
6.50295e-05
6.5033e-05
6.50627e-05
6.51134e-05
6.51796e-05
6.52557e-05
6.5336e-05
6.54154e-05
6.54894e-05
6.55551e-05
6.56112e-05
6.56586e-05
6.57011e-05
6.5746e-05
6.58052e-05
6.58956e-05
6.6041e-05
6.62734e-05
6.66348e-05
6.71808e-05
6.79823e-05
6.91311e-05
7.07441e-05
7.29682e-05
7.59861e-05
8.00213e-05
8.53452e-05
9.22944e-05
0.000101324
0.000113158
0.000129175
0.000152361
0.000189885
0.000263035
0.000873019
0.000930411
0.000979506
0.00102758
0.00107118
0.00111093
0.00114668
0.00117908
0.00120908
0.00123792
0.00126684
0.00129689
0.00132873
0.00136259
0.00139843
0.001436
0.00147505
0.00151538
0.00155685
0.00159945
0.0016432
0.00168818
0.00173449
0.00178226
0.00183158
0.00188258
0.00193534
0.00198996
0.00204652
0.0021051
0.00216575
0.00222856
0.00229357
0.00236083
0.0024304
0.0025023
0.00257656
0.00265317
0.00273211
0.00281331
0.00289665
0.00298196
0.00306899
0.00315741
0.00324679
0.00333656
0.00342594
0.00351338
0.0035938
0.00366175
0.0037263
0.00378589
0.00383973
0.00388699
0.00392718
0.00395979
0.00398444
0.00400089
0.00400909
0.00400909
0.00400105
0.00398528
0.00396221
0.00393239
0.00389644
0.00385508
0.00380907
0.00375924
0.00370643
0.00365153
0.00359528
0.00353779
0.0034797
0.0034229
0.00336811
0.00331616
0.0032679
0.00322418
0.00318586
0.0031537
0.00312838
0.00311037
0.00309983
0.00309648
0.00309937
0.00310674
0.00311582
0.00312265
0.00312193
0.00310679
0.00306844
0.00299603
0.0028783
0.0027037
0.00245814
0.00212759
0.0017647
0.00142915
0.00146862
0.00232416
0.00401605
0.00575802
0.00729741
0.00870878
0.0100543
0.0113412
0.0125454
0.0136302
0.0145571
0.0152925
0.0158111
0.0160964
0.0161409
0.0159466
0.0155236
0.0148888
0.0140648
0.013079
0.0119627
0.0107487
0.0094678
0.00813969
0.00676083
0.00529917
0.00374653
0.00227291
0.00121304
0.000625753
0.000397577
0.00017686
5.65277e-05
5.19684e-05
6.26519e-05
6.34785e-05
6.36343e-05
6.35532e-05
6.32174e-05
6.28488e-05
6.24498e-05
6.2032e-05
6.16071e-05
6.11868e-05
6.07812e-05
6.03979e-05
6.00426e-05
5.97191e-05
5.94295e-05
5.91743e-05
5.89529e-05
5.87632e-05
5.86023e-05
5.84661e-05
5.83499e-05
5.82481e-05
5.81545e-05
5.80625e-05
5.79651e-05
5.78552e-05
5.77255e-05
5.75689e-05
5.73782e-05
5.71467e-05
5.68678e-05
5.65351e-05
5.61425e-05
5.56838e-05
5.51535e-05
5.45456e-05
5.38548e-05
5.30756e-05
5.22038e-05
5.12361e-05
5.01723e-05
4.90168e-05
4.77826e-05
4.64962e-05
4.52057e-05
4.39915e-05
4.29798e-05
4.2358e-05
4.23918e-05
4.34464e-05
4.60429e-05
5.10401e-05
6.02102e-05
7.81211e-05
0.000121797
0.000330047
0.000352699
0.000371976
0.000391033
0.000408416
0.000424342
0.000438716
0.000451782
0.000463909
0.000475593
0.00048734
0.000499575
0.000512564
0.000526415
0.000541103
0.000556542
0.000572628
0.000589281
0.000606453
0.000624131
0.000642328
0.000661075
0.000680415
0.000700393
0.000721055
0.000742444
0.000764603
0.000787567
0.00081137
0.000836042
0.000861613
0.000888105
0.000915543
0.000943946
0.00097333
0.00100371
0.00103509
0.00106746
0.00110082
0.00113514
0.00117038
0.00120646
0.0012433
0.00128078
0.00131873
0.00135696
0.00139522
0.00143295
0.0014667
0.00149253
0.0015169
0.00153913
0.00155912
0.0015766
0.00159142
0.00160342
0.00161247
0.00161848
0.00162146
0.00162141
0.00161841
0.00161257
0.00160405
0.00159306
0.00157982
0.00156459
0.00154766
0.00152933
0.00150992
0.00148976
0.00146909
0.00144687
0.00142398
0.00140118
0.00137908
0.00135819
0.00133897
0.00132191
0.00130748
0.00129619
0.00128857
0.00128513
0.00128639
0.0012928
0.00130472
0.00132234
0.00134558
0.00137397
0.00140649
0.00144098
0.00147268
0.00148886
0.00148008
0.00144597
0.00138023
0.00126865
0.00106717
0.000667442
0.000465819
0.000971332
0.00274447
0.00450667
0.0060244
0.00745063
0.00884923
0.0102161
0.0115174
0.0127086
0.013745
0.0145872
0.0152048
0.0155774
0.0156932
0.0155529
0.0151669
0.0145525
0.0137336
0.0127401
0.0116069
0.0103726
0.00907631
0.007751
0.00641284
0.00504621
0.00361585
0.00217877
0.00102314
0.000340572
0.000191589
6.80576e-05
3.99534e-05
4.98028e-05
5.1467e-05
5.11596e-05
5.06074e-05
4.9842e-05
4.88533e-05
4.80134e-05
4.73013e-05
4.66836e-05
4.61442e-05
4.56737e-05
4.52662e-05
4.49172e-05
4.46228e-05
4.43794e-05
4.41838e-05
4.4032e-05
4.39204e-05
4.3845e-05
4.38014e-05
4.37854e-05
4.37921e-05
4.38169e-05
4.38549e-05
4.39012e-05
4.39509e-05
4.39995e-05
4.40426e-05
4.40757e-05
4.4095e-05
4.40969e-05
4.40781e-05
4.40354e-05
4.39655e-05
4.38653e-05
4.37316e-05
4.35603e-05
4.33465e-05
4.30836e-05
4.2763e-05
4.23722e-05
4.18938e-05
4.13031e-05
4.0566e-05
3.96364e-05
3.84551e-05
3.69533e-05
3.50652e-05
3.27569e-05
3.00744e-05
2.72031e-05
2.45105e-05
2.25525e-05
2.2128e-05
2.48023e-05
3.63038e-05
4.4964e-05
4.56853e-05
4.6374e-05
4.70189e-05
4.76208e-05
4.81928e-05
4.8751e-05
4.93176e-05
4.99159e-05
5.05663e-05
5.12825e-05
5.20691e-05
5.2922e-05
5.38326e-05
5.47906e-05
5.57877e-05
5.68188e-05
5.7882e-05
5.8978e-05
6.01091e-05
6.12783e-05
6.2489e-05
6.37439e-05
6.50458e-05
6.63966e-05
6.7798e-05
6.9251e-05
7.07564e-05
7.23148e-05
7.39263e-05
7.5591e-05
7.73086e-05
7.90789e-05
8.09012e-05
8.27747e-05
8.46983e-05
8.66704e-05
8.86889e-05
9.0751e-05
9.28531e-05
9.49903e-05
9.71569e-05
9.93454e-05
0.000101547
0.000103752
0.000105948
0.000108124
0.000110279
0.000112724
0.000115351
0.000117857
0.000120229
0.000122456
0.000124514
0.000126391
0.000128073
0.000129548
0.000130807
0.000131844
0.000132657
0.000133246
0.000133611
0.000133759
0.000133697
0.000133433
0.00013298
0.000132349
0.000131555
0.000130613
0.00012954
0.000128352
0.000127121
0.00012593
0.000124745
0.000123564
0.000122396
0.000121257
0.000120166
0.000119148
0.00011823
0.000117444
0.000116828
0.000116423
0.000116277
0.000116439
0.000116963
0.0001179
0.000119298
0.000121185
0.00012356
0.000126364
0.000129788
0.000133786
0.000137962
0.000141815
0.000143687
0.000139008
0.000127569
9.93406e-05
0.000240832
0.00182635
0.00350193
0.00495257
0.00636807
0.00779616
0.0092182
0.0105908
0.0118628
0.0129836
0.0139087
0.0146034
0.0150436
0.0152135
0.015113
0.0147522
0.0141491
0.0133291
0.0123242
0.0111724
0.00991628
0.0086003
0.00726562
0.00594169
0.00463353
0.00331551
0.00198306
0.000834178
0.000135499
3.31054e-05
1.81882e-05
1.40351e-05
1.27503e-05
1.21954e-05
1.1781e-05
1.14966e-05
1.13969e-05
1.15307e-05
1.16908e-05
1.18797e-05
1.2092e-05
1.23238e-05
1.25717e-05
1.28323e-05
1.31026e-05
1.338e-05
1.36622e-05
1.3947e-05
1.42323e-05
1.45163e-05
1.47971e-05
1.50732e-05
1.53429e-05
1.56049e-05
1.58579e-05
1.61008e-05
1.63326e-05
1.65522e-05
1.67592e-05
1.6953e-05
1.71333e-05
1.72997e-05
1.74525e-05
1.75919e-05
1.77182e-05
1.78321e-05
1.79342e-05
1.80256e-05
1.81071e-05
1.81801e-05
1.82454e-05
1.83043e-05
1.8358e-05
1.84075e-05
1.84537e-05
1.84981e-05
1.85422e-05
1.85891e-05
1.86445e-05
1.87187e-05
1.88288e-05
1.90006e-05
1.92653e-05
1.96496e-05
2.01487e-05
2.06658e-05
2.08467e-05
1.95834e-05
3.53515e-05
3.84028e-05
3.92728e-05
3.92481e-05
3.8887e-05
3.84321e-05
3.79859e-05
3.75881e-05
3.72501e-05
3.69716e-05
3.67474e-05
3.65716e-05
3.64385e-05
3.63436e-05
3.62823e-05
3.6246e-05
3.62355e-05
3.62505e-05
3.62904e-05
3.63545e-05
3.64414e-05
3.65496e-05
3.6677e-05
3.68213e-05
3.69798e-05
3.71501e-05
3.73298e-05
3.75171e-05
3.77106e-05
3.79096e-05
3.81139e-05
3.83238e-05
3.85405e-05
3.87674e-05
3.90245e-05
3.9423e-05
4.06238e-05
4.50615e-05
5.66841e-05
9.30434e-05
6.09047e-05
4.93953e-05
4.45561e-05
4.27216e-05
4.24587e-05
4.30809e-05
4.42068e-05
4.56037e-05
4.71233e-05
4.86711e-05
5.01894e-05
5.16469e-05
5.3031e-05
5.43363e-05
5.54586e-05
5.63938e-05
5.71416e-05
5.77057e-05
5.80937e-05
5.83179e-05
5.83957e-05
5.83501e-05
5.82097e-05
5.80084e-05
5.77842e-05
5.7579e-05
5.74379e-05
5.74106e-05
5.75575e-05
5.79701e-05
5.88497e-05
6.08192e-05
6.62281e-05
8.43818e-05
0.000148453
0.000332585
0.00068434
0.00115889
0.000261577
0.000171012
0.000132945
0.000112266
9.96651e-05
9.1459e-05
8.59075e-05
8.20816e-05
7.94375e-05
7.76347e-05
7.64488e-05
7.57272e-05
7.53646e-05
7.52909e-05
7.54769e-05
7.57436e-05
7.60704e-05
7.64444e-05
7.686e-05
7.73196e-05
7.78352e-05
7.84295e-05
7.91379e-05
8.00104e-05
8.11143e-05
8.25388e-05
8.44021e-05
8.68643e-05
9.01566e-05
9.46599e-05
0.000101169
0.000111886
0.000134139
0.000191988
0.000344235
0.000666909
0.00118771
0.00187022
0.00265964
0.000487031
0.000347788
0.000280815
0.000241378
0.000215392
0.000196931
0.00018311
0.000172381
0.000163846
0.000156958
0.000151366
0.000146836
0.000143213
0.000140401
0.000138342
0.000136748
0.000135601
0.000134895
0.000134639
0.000134856
0.000135588
0.000136899
0.00013888
0.000141667
0.00014545
0.000150503
0.000157225
0.000166206
0.000178372
0.000195305
0.000220132
0.000260373
0.000338131
0.000512806
0.000867753
0.00143779
0.00219056
0.00306553
0.00400533
0.000680124
0.000536198
0.000452768
0.000399362
0.000362488
0.000335506
0.00031487
0.000298554
0.000285338
0.000274456
0.000265418
0.000257903
0.000251707
0.000246783
0.000242837
0.000239723
0.000237413
0.000235915
0.000235261
0.000235519
0.000236793
0.000239233
0.000243061
0.000248592
0.000256284
0.000266801
0.000281114
0.000300608
0.000327074
0.000361742
0.000402851
0.000459505
0.000610185
0.00097225
0.00158524
0.00240293
0.00334945
0.00435782
0.00537861
0.000805439
0.000691869
0.000611235
0.000553848
0.000511736
0.000479783
0.000454812
0.000434817
0.000418499
0.000405
0.000393746
0.000384349
0.000376563
0.000370291
0.000365174
0.00036114
0.000358162
0.000356256
0.000355483
0.000355954
0.00035785
0.000361439
0.000367114
0.000375454
0.000387297
0.000403857
0.000426798
0.000457928
0.000496643
0.000531563
0.000551801
0.000650754
0.000997778
0.00164865
0.00254054
0.00357304
0.00466237
0.00575218
0.0068066
0.000874614
0.000799741
0.000735383
0.000683932
0.000643287
0.000610925
0.000584813
0.000563456
0.000545781
0.000531023
0.000518639
0.000508247
0.000499646
0.000492538
0.000486723
0.000482126
0.000478719
0.000476532
0.000475648
0.000476228
0.000478533
0.000482963
0.000490117
0.000500883
0.000516557
0.00053894
0.000570068
0.000609656
0.000643805
0.000637631
0.000660411
0.00095061
0.0016146
0.00257968
0.00371215
0.0049017
0.00607899
0.00720478
0.00825701
0.000908946
0.000865176
0.000820744
0.000780898
0.000746809
0.000718102
0.000693991
0.000673689
0.000656526
0.000641966
0.0006296
0.000619125
0.000610371
0.000603021
0.00059696
0.000592123
0.000588497
0.000586123
0.000585112
0.000585674
0.00058815
0.000593077
0.000601271
0.000613954
0.000632886
0.000660303
0.000697393
0.000735191
0.000730324
0.000676964
0.000848356
0.00146831
0.0024828
0.0037188
0.00502547
0.00631113
0.00752813
0.00865374
0.00967744
0.000924705
0.000900876
0.000873278
0.000845813
0.000820394
0.000797685
0.00077774
0.000760361
0.000745274
0.000732207
0.000720922
0.000711257
0.000703007
0.000696002
0.00069016
0.000685441
0.000681846
0.000679438
0.000678354
0.000678846
0.000681333
0.000686479
0.000695308
0.000709362
0.000730798
0.000761865
0.000800228
0.000816603
0.000740426
0.000740773
0.00121785
0.00221719
0.00353823
0.00497046
0.00638379
0.00771389
0.00893326
0.0100324
0.0110096
0.000931504
0.000918735
0.000902663
0.000885275
0.000868008
0.000851679
0.00083667
0.000823107
0.000810983
0.000800229
0.000790758
0.000782509
0.000775326
0.000769144
0.000763918
0.000759636
0.000756322
0.000754054
0.000752994
0.000753428
0.000755836
0.000760989
0.000770087
0.000784938
0.000807957
0.000840658
0.00087262
0.000840869
0.000712566
0.000923994
0.00178046
0.00312353
0.00467007
0.00622417
0.00768904
0.0090253
0.0102212
0.011277
0.0121969
0.00093429
0.000927051
0.000917801
0.000907283
0.000896263
0.000885322
0.000874836
0.000865019
0.000855979
0.000847757
0.000840371
0.000833783
0.000827949
0.000822848
0.000818471
0.000814829
0.000811964
0.000809968
0.000809017
0.00080942
0.000811693
0.000816678
0.000825703
0.000840763
0.00086433
0.000896131
0.000911601
0.000810108
0.000720909
0.00124488
0.00246477
0.00406899
0.00575937
0.00737611
0.00885328
0.0101706
0.0113276
0.0123311
0.0131896
0.000935383
0.000930697
0.000925067
0.00091865
0.000911746
0.000904662
0.000897644
0.00089087
0.000884459
0.000878485
0.000872998
0.000867994
0.000863481
0.000859467
0.000855965
0.000853001
0.000850626
0.000848941
0.000848123
0.000848485
0.000850557
0.000855207
0.000863829
0.000878501
0.000901552
0.000929753
0.00091877
0.000750484
0.00080113
0.00164735
0.00315592
0.0049321
0.0067011
0.0083393
0.00980421
0.0110889
0.0122004
0.0131499
0.0139484
0.000935795
0.000932211
0.000928333
0.000924104
0.000919587
0.000914898
0.000910163
0.00090549
0.000900968
0.000896666
0.000892619
0.000888855
0.000885397
0.000882264
0.000879477
0.000877068
0.000875092
0.000873646
0.0008729
0.000873154
0.000874922
0.000879058
0.000886948
0.00090066
0.000922215
0.000944739
0.000902046
0.000697087
0.000926491
0.00203572
0.00373818
0.00561145
0.00741315
0.00904727
0.0104873
0.0117349
0.0128015
0.0137009
0.0144455
0.000935941
0.00093279
0.000929667
0.000926453
0.000923116
0.000919676
0.000916183
0.000912695
0.00090927
0.000905952
0.000902777
0.000899772
0.00089696
0.000894363
0.000892001
0.000889906
0.000888129
0.000886756
0.000885941
0.000885958
0.00088728
0.00089071
0.000897562
0.000909812
0.000929134
0.000945588
0.00087545
0.000664789
0.00103795
0.00231413
0.00412015
0.00603372
0.0078379
0.00945388
0.0108643
0.0120758
0.0131027
0.01396
0.0146608
0.000935977
0.000932939
0.000930021
0.000927098
0.00092411
0.00092105
0.000917943
0.000914829
0.000911749
0.00090874
0.000905833
0.000903052
0.000900414
0.000897937
0.000895639
0.000893544
0.000891694
0.000890162
0.000889081
0.000888688
0.000889403
0.000891945
0.000897509
0.000907921
0.000924646
0.000936816
0.000854147
0.000646675
0.00107973
0.00241285
0.00424212
0.00615171
0.00793786
0.00952978
0.0109137
0.0120975
0.0130958
0.0139233
0.0145929
0.000935941
0.00093279
0.000929666
0.000926453
0.000923114
0.000919671
0.00091617
0.000912668
0.000909213
0.000905848
0.000902601
0.000899492
0.000896533
0.000893734
0.000891106
0.000888663
0.000886438
0.000884487
0.000882919
0.000881935
0.00088189
0.000883405
0.000887524
0.000895882
0.000909962
0.000920865
0.000846674
0.000636112
0.00102414
0.00230192
0.0040848
0.00595769
0.00771435
0.00928194
0.0106451
0.0118103
0.0127909
0.0136008
0.014252
0.000935795
0.00093221
0.000928332
0.000924102
0.000919582
0.000914887
0.000910136
0.000905432
0.000900852
0.000896446
0.000892243
0.000888256
0.000884486
0.00088093
0.000877586
0.000874458
0.000871562
0.000868943
0.000866685
0.000864952
0.000864039
0.000864461
0.000867097
0.000873357
0.000884844
0.000896482
0.000847495
0.000638572
0.00089062
0.00201269
0.00368208
0.00548417
0.00719705
0.00873717
0.0100828
0.0112365
0.012209
0.0130122
0.0136567
0.000935383
0.000930697
0.000925066
0.000918647
0.000911739
0.000904643
0.000897599
0.000890773
0.000884268
0.000878133
0.000872384
0.00086701
0.000861991
0.000857301
0.000852916
0.000848822
0.000845023
0.000841544
0.000838452
0.000835879
0.000834063
0.000833422
0.000834661
0.000838936
0.000847774
0.000859391
0.000838175
0.000661363
0.000734576
0.00161217
0.0030954
0.00478472
0.00643295
0.00793715
0.00926429
0.0104102
0.0113811
0.0121863
0.0128339
0.00093429
0.000927051
0.0009178
0.000907279
0.00089625
0.00088529
0.000874765
0.000864872
0.000855695
0.000847243
0.000839481
0.000832351
0.000825785
0.00081972
0.000814101
0.000808889
0.000804069
0.000799651
0.000795687
0.00079228
0.000789622
0.000788043
0.000788083
0.000790582
0.000796546
0.000806824
0.000805804
0.000695545
0.000614162
0.0011861
0.00240764
0.00393162
0.00548491
0.00693727
0.00823894
0.00937571
0.0103477
0.01116
0.0118178
0.000931504
0.000918735
0.00090266
0.000885268
0.000867989
0.000851633
0.000836568
0.000822901
0.000810592
0.000799532
0.000789582
0.000780596
0.000772437
0.000764986
0.000758146
0.000751849
0.000746058
0.00074077
0.000736023
0.000731902
0.000728563
0.000726257
0.000725365
0.000726231
0.000730037
0.000738078
0.000746384
0.000704987
0.000567461
0.000822919
0.00171631
0.00301221
0.00442909
0.00580458
0.00706647
0.00818693
0.00915766
0.00997804
0.0106495
0.000924705
0.000900875
0.000873274
0.000845802
0.000820367
0.000797622
0.000777604
0.000760091
0.000744772
0.000731327
0.000719457
0.000708899
0.000699427
0.000690859
0.000683053
0.000675911
0.000669377
0.000663439
0.000658127
0.000653515
0.00064973
0.000646964
0.000645415
0.000645284
0.00064746
0.000653058
0.000662512
0.000660976
0.000575432
0.000587673
0.00111991
0.00212259
0.00335072
0.00461432
0.00581406
0.00690444
0.007866
0.00869084
0.00937531
0.000908946
0.000865174
0.000820739
0.000780883
0.000746774
0.000718022
0.000693825
0.000673364
0.000655929
0.000640931
0.000627893
0.000616429
0.000606234
0.000597069
0.000588757
0.00058118
0.000574271
0.000568016
0.000562443
0.000557626
0.000553675
0.000550736
0.000548794
0.00054816
0.000549278
0.000552871
0.00056002
0.000569574
0.000554565
0.000491002
0.000695321
0.00135711
0.00233789
0.0034452
0.00455224
0.00559204
0.00653099
0.00735175
0.00804402
0.000874613
0.000799739
0.000735376
0.000683915
0.000643245
0.000610832
0.000584624
0.000563093
0.000545123
0.000529891
0.000516783
0.000505335
0.000495194
0.000486096
0.000477852
0.000470339
0.000463495
0.000457311
0.000451827
0.000447118
0.000443289
0.000440457
0.000438536
0.000437698
0.000438186
0.000440373
0.000444915
0.000452879
0.000462422
0.000448597
0.000466686
0.000791982
0.00147389
0.00237382
0.00335
0.0043123
0.00520972
0.00601284
0.00670256
0.000805438
0.000691866
0.000611228
0.000553829
0.000511691
0.000479687
0.000454618
0.000434447
0.000417832
0.000403859
0.000391882
0.000381435
0.000372175
0.000363854
0.000356299
0.000349405
0.000343127
0.000337469
0.000332481
0.000328243
0.000324853
0.00032241
0.000320768
0.00031998
0.000320157
0.00032145
0.000324115
0.000328692
0.000336453
0.000348181
0.000358914
0.00045597
0.000825885
0.00146901
0.00227003
0.00312169
0.00395311
0.00471933
0.00538925
0.000680123
0.000536195
0.00045276
0.000399343
0.000362446
0.000335417
0.000314694
0.000298221
0.000284741
0.000273439
0.000263765
0.000255331
0.00024786
0.000241155
0.000235083
0.000229565
0.000224574
0.000220118
0.000216244
0.000213015
0.000210509
0.000208793
0.000207688
0.000207161
0.000207251
0.000207998
0.000209464
0.000211772
0.000215299
0.000221456
0.000235311
0.000274679
0.000418293
0.000784279
0.00136428
0.0020656
0.00279962
0.00350159
0.00412356
0.000487031
0.000347786
0.00028081
0.000241364
0.000215361
0.000196867
0.000182983
0.000172143
0.000163427
0.000156256
0.000150243
0.000145118
0.000140686
0.000136807
0.000133385
0.00013036
0.000127701
0.000125403
0.000123478
0.000121951
0.000120852
0.000120216
0.000119892
0.000119827
0.00012003
0.000120506
0.000121264
0.000122313
0.000123693
0.000125585
0.000128934
0.000138901
0.000181053
0.000329553
0.000663635
0.00116962
0.00176474
0.00236318
0.00289473
0.000261577
0.000171011
0.000132942
0.000112259
9.96505e-05
9.14295e-05
8.58512e-05
8.198e-05
7.92637e-05
7.73516e-05
7.60083e-05
7.50694e-05
7.44181e-05
7.39718e-05
7.36738e-05
7.34878e-05
7.33935e-05
7.33825e-05
7.34559e-05
7.36208e-05
7.38902e-05
7.42817e-05
7.46983e-05
7.51104e-05
7.55209e-05
7.59371e-05
7.63693e-05
7.68303e-05
7.73351e-05
7.79076e-05
7.86196e-05
7.98126e-05
8.35767e-05
0.000103289
0.000195541
0.000446371
0.000843924
0.00129022
0.00168783
9.30433e-05
6.09045e-05
4.93947e-05
4.45548e-05
4.27189e-05
4.24532e-05
4.30697e-05
4.41854e-05
4.55647e-05
4.70555e-05
4.85585e-05
5.00106e-05
5.13739e-05
5.26289e-05
5.37695e-05
5.47993e-05
5.57298e-05
5.65776e-05
5.73629e-05
5.81084e-05
5.88408e-05
5.95852e-05
6.02273e-05
6.07448e-05
6.11458e-05
6.14448e-05
6.16614e-05
6.18199e-05
6.19477e-05
6.20755e-05
6.22414e-05
6.25015e-05
6.28965e-05
6.35503e-05
6.77246e-05
9.43932e-05
0.00019556
0.000397252
0.000624778
3.53515e-05
3.84028e-05
3.92727e-05
3.92478e-05
3.88861e-05
3.843e-05
3.79814e-05
3.75791e-05
3.72332e-05
3.69414e-05
3.66966e-05
3.64901e-05
3.63133e-05
3.6159e-05
3.6021e-05
3.58949e-05
3.5778e-05
3.5669e-05
3.55681e-05
3.54766e-05
3.53965e-05
3.53314e-05
3.52801e-05
3.52401e-05
3.52144e-05
3.52043e-05
3.52106e-05
3.52331e-05
3.52713e-05
3.53249e-05
3.53935e-05
3.54768e-05
3.55669e-05
3.56472e-05
3.57026e-05
3.56576e-05
3.53996e-05
3.64237e-05
4.24978e-05
)
;

boundaryField
{
    frontandback
    {
        type            empty;
    }
    in1
    {
        type            calculated;
        value           uniform 0.000469574;
    }
    in2
    {
        type            calculated;
        value           uniform 0.000939149;
    }
    out
    {
        type            zeroGradient;
    }
    walls
    {
        type            nutkWallFunction;
        blending        stepwise;
        value           nonuniform List<scalar> 
423
(
6.26118e-06
6.43756e-06
6.60931e-06
6.78174e-06
6.94806e-06
7.10772e-06
7.26016e-06
7.40642e-06
7.54841e-06
7.68864e-06
7.82977e-06
7.97418e-06
8.12366e-06
8.27933e-06
8.44164e-06
8.61057e-06
8.78574e-06
8.96661e-06
9.15254e-06
9.34291e-06
9.53714e-06
9.73464e-06
9.9349e-06
1.01374e-05
1.03417e-05
1.05474e-05
1.07541e-05
1.09613e-05
1.11689e-05
1.13767e-05
1.15844e-05
1.17921e-05
1.19997e-05
1.22074e-05
1.24154e-05
1.2624e-05
1.28332e-05
1.30435e-05
1.32549e-05
1.34677e-05
1.36818e-05
1.38972e-05
1.41137e-05
1.43309e-05
1.45484e-05
1.47655e-05
1.49816e-05
1.51959e-05
1.54077e-05
1.5616e-05
1.58203e-05
1.60196e-05
1.62136e-05
1.64016e-05
1.65836e-05
1.67595e-05
1.69299e-05
1.70957e-05
1.72586e-05
1.74185e-05
1.757e-05
1.77122e-05
1.78445e-05
1.79661e-05
1.80763e-05
1.8174e-05
1.8258e-05
1.83268e-05
1.83783e-05
1.84101e-05
1.84189e-05
1.84004e-05
1.8349e-05
1.82573e-05
1.81153e-05
1.79093e-05
1.76202e-05
1.72213e-05
1.66744e-05
1.59236e-05
1.48867e-05
1.34425e-05
1.1422e-05
8.66374e-06
5.44998e-06
3.67237e-06
3.42423e-06
3.45826e-06
3.48844e-06
3.50925e-06
3.52319e-06
3.53179e-06
3.53606e-06
3.53675e-06
3.53443e-06
3.52953e-06
3.52242e-06
3.51335e-06
3.50255e-06
3.49018e-06
3.47634e-06
3.45954e-06
3.43939e-06
3.41547e-06
3.38738e-06
3.35476e-06
3.31828e-06
3.27889e-06
3.23696e-06
3.1929e-06
3.14722e-06
3.10053e-06
3.05347e-06
3.0067e-06
2.96086e-06
2.91654e-06
2.87423e-06
2.83435e-06
2.79716e-06
2.76283e-06
2.73143e-06
2.70291e-06
2.67717e-06
2.65404e-06
2.63334e-06
2.61485e-06
2.59837e-06
2.58371e-06
2.57069e-06
2.55791e-06
2.54532e-06
2.53283e-06
2.52038e-06
2.50792e-06
2.49539e-06
2.48275e-06
2.46994e-06
2.45693e-06
2.44368e-06
2.43016e-06
2.41633e-06
2.40217e-06
2.38766e-06
2.3728e-06
2.35757e-06
2.34198e-06
2.32605e-06
2.30978e-06
2.29321e-06
2.27638e-06
2.25935e-06
2.24218e-06
2.22495e-06
2.20776e-06
2.19071e-06
2.17391e-06
2.1575e-06
2.1416e-06
2.12636e-06
2.11192e-06
2.09843e-06
2.086e-06
2.07476e-06
2.06481e-06
2.05621e-06
2.04903e-06
2.04327e-06
2.03893e-06
2.03597e-06
2.03431e-06
2.03387e-06
2.03454e-06
2.03622e-06
2.03877e-06
2.0421e-06
2.04621e-06
2.05133e-06
2.05805e-06
2.06765e-06
2.0824e-06
2.10569e-06
2.14174e-06
2.19406e-06
2.26185e-06
2.33188e-06
2.35632e-06
2.18499e-06
5.45299e-06
5.54292e-06
5.6286e-06
5.70839e-06
5.78225e-06
5.85165e-06
5.91848e-06
5.98546e-06
6.05551e-06
6.13138e-06
6.21497e-06
6.30708e-06
6.40739e-06
6.51482e-06
6.62806e-06
6.74597e-06
6.86779e-06
6.9932e-06
7.12221e-06
7.25505e-06
7.39208e-06
7.53367e-06
7.68017e-06
7.8319e-06
7.98908e-06
8.1519e-06
8.32049e-06
8.49491e-06
8.67522e-06
8.86143e-06
9.0535e-06
9.25141e-06
9.45508e-06
9.66444e-06
9.87936e-06
1.00997e-05
1.03253e-05
1.05558e-05
1.07909e-05
1.10302e-05
1.12732e-05
1.15191e-05
1.17672e-05
1.20165e-05
1.22657e-05
1.25138e-05
1.27592e-05
1.30016e-05
1.32647e-05
1.3561e-05
1.38418e-05
1.4108e-05
1.43577e-05
1.45884e-05
1.4799e-05
1.49879e-05
1.5154e-05
1.52962e-05
1.5414e-05
1.55071e-05
1.55754e-05
1.56192e-05
1.56391e-05
1.56357e-05
1.56101e-05
1.55636e-05
1.54973e-05
1.54129e-05
1.5312e-05
1.51963e-05
1.50677e-05
1.49318e-05
1.48003e-05
1.46695e-05
1.45389e-05
1.44094e-05
1.42827e-05
1.4161e-05
1.40469e-05
1.39434e-05
1.3854e-05
1.37829e-05
1.37346e-05
1.37145e-05
1.37283e-05
1.37821e-05
1.38818e-05
1.40328e-05
1.42389e-05
1.45005e-05
1.4812e-05
1.519e-05
1.56371e-05
1.61092e-05
1.65529e-05
1.67881e-05
1.63278e-05
1.51383e-05
1.22404e-05
4.40934e-06
2.13136e-06
1.45372e-06
1.24333e-06
1.16228e-06
1.10324e-06
1.06216e-06
1.04638e-06
1.0622e-06
1.08497e-06
1.11194e-06
1.14229e-06
1.17539e-06
1.2107e-06
1.24775e-06
1.28612e-06
1.32542e-06
1.36531e-06
1.40548e-06
1.44563e-06
1.48551e-06
1.52487e-06
1.56348e-06
1.60112e-06
1.63763e-06
1.67282e-06
1.70653e-06
1.73865e-06
1.76906e-06
1.79767e-06
1.82441e-06
1.84926e-06
1.87219e-06
1.89321e-06
1.91237e-06
1.92972e-06
1.94535e-06
1.95936e-06
1.97189e-06
1.98308e-06
1.99307e-06
2.00202e-06
2.0101e-06
2.01745e-06
2.02423e-06
2.03057e-06
2.03665e-06
2.0427e-06
2.04913e-06
2.05672e-06
2.06688e-06
2.08196e-06
2.10546e-06
2.14163e-06
2.194e-06
2.26183e-06
2.33187e-06
2.35632e-06
2.18498e-06
4.24556e-06
4.62917e-06
4.73785e-06
4.73477e-06
4.68969e-06
4.63282e-06
4.57697e-06
4.5271e-06
4.48467e-06
4.44966e-06
4.42143e-06
4.39926e-06
4.38243e-06
4.37039e-06
4.3626e-06
4.35794e-06
4.35651e-06
4.3583e-06
4.36326e-06
4.37129e-06
4.38225e-06
4.39592e-06
4.41207e-06
4.43038e-06
4.45054e-06
4.47221e-06
4.49512e-06
4.51904e-06
4.54382e-06
4.56938e-06
4.59573e-06
4.62298e-06
4.65142e-06
4.68234e-06
4.72235e-06
4.80435e-06
5.06135e-06
5.8118e-06
7.42074e-06
4.24556e-06
4.62916e-06
4.73784e-06
4.73473e-06
4.68958e-06
4.63257e-06
4.57643e-06
4.52601e-06
4.48261e-06
4.44599e-06
4.41525e-06
4.38933e-06
4.36718e-06
4.34787e-06
4.33066e-06
4.31502e-06
4.30062e-06
4.28732e-06
4.27516e-06
4.26434e-06
4.25514e-06
4.2479e-06
4.24211e-06
4.23802e-06
4.2359e-06
4.2359e-06
4.23807e-06
4.24237e-06
4.24875e-06
4.25717e-06
4.26763e-06
4.28018e-06
4.29409e-06
4.30674e-06
4.31836e-06
4.33982e-06
4.45368e-06
4.91102e-06
5.9819e-06
)
;
    }
}


// ************************************************************************* //
