/*--------------------------------*- C++ -*----------------------------------*\
| =========                 |                                                 |
| \\      /  F ield         | OpenFOAM: The Open Source CFD Toolbox           |
|  \\    /   O peration     | Version:  2406                                  |
|   \\  /    A nd           | Website:  www.openfoam.com                      |
|    \\/     M anipulation  |                                                 |
\*---------------------------------------------------------------------------*/
FoamFile
{
    version     2.0;
    format      ascii;
    arch        "LSB;label=32;scalar=64";
    class       surfaceScalarField;
    location    "0.3";
    object      phi;
}
// * * * * * * * * * * * * * * * * * * * * * * * * * * * * * * * * * * * * * //

dimensions      [0 3 -1 0 0 0 0];

oriented        oriented;

internalField   nonuniform List<scalar> 
4335
(
4.0998e-05
6.26096e-11
4.0998e-05
5.24641e-11
4.09979e-05
3.84913e-11
4.09979e-05
2.8046e-11
4.09979e-05
2.63332e-11
4.09978e-05
2.16832e-11
4.09978e-05
1.76849e-11
4.09978e-05
-6.69418e-13
4.09978e-05
4.53152e-12
4.09978e-05
1.92844e-11
4.09978e-05
-2.47753e-13
4.09978e-05
4.29741e-12
4.09978e-05
4.58634e-12
4.09978e-05
-2.27481e-12
4.09978e-05
1.71829e-12
4.09978e-05
1.01227e-11
4.09978e-05
7.75715e-12
4.09978e-05
1.24281e-12
4.09978e-05
1.47313e-11
4.09978e-05
2.67495e-11
4.09978e-05
2.23297e-11
4.09978e-05
1.77786e-11
4.09978e-05
1.06896e-11
4.09977e-05
-3.5149e-14
4.09977e-05
-4.76399e-12
4.09977e-05
-2.2592e-12
4.09977e-05
5.48536e-12
4.09977e-05
1.28376e-11
4.09977e-05
1.31319e-11
4.09977e-05
6.04627e-12
4.09977e-05
-2.92099e-12
4.09976e-05
-9.00625e-12
4.09976e-05
-9.58524e-12
4.09976e-05
-6.48462e-12
4.09976e-05
-5.88206e-12
4.09976e-05
-6.45451e-12
4.09977e-05
-6.39207e-12
4.09977e-05
-1.22081e-11
4.09977e-05
-2.1077e-11
4.09977e-05
-2.07049e-11
4.09977e-05
-1.14238e-11
4.09977e-05
-3.65848e-12
4.09977e-05
-6.16647e-13
4.09977e-05
-2.09942e-12
4.09977e-05
-4.54754e-12
4.09977e-05
-1.82396e-12
4.09977e-05
5.96805e-12
4.09977e-05
1.24774e-11
4.09977e-05
1.55211e-11
4.09977e-05
1.33231e-11
4.09977e-05
4.31649e-12
4.09977e-05
-6.33781e-12
4.09977e-05
-1.12285e-11
4.09977e-05
-9.53528e-12
4.09977e-05
-4.23099e-12
4.09977e-05
2.38232e-12
4.09977e-05
8.31376e-12
4.09977e-05
9.87073e-12
4.09977e-05
5.65189e-12
4.09977e-05
-1.40661e-12
4.09977e-05
-2.11459e-12
4.09977e-05
7.20048e-12
4.09977e-05
1.90245e-11
4.09977e-05
2.24091e-11
4.09976e-05
1.6271e-11
4.09976e-05
6.44999e-12
4.09976e-05
1.54273e-12
4.09976e-05
4.36942e-12
4.09976e-05
8.42643e-12
4.09976e-05
6.96379e-12
4.09976e-05
1.69496e-12
4.09976e-05
-2.49594e-13
4.09976e-05
2.05521e-12
4.09975e-05
6.91037e-12
4.09975e-05
1.32857e-11
4.09975e-05
1.73116e-11
4.09975e-05
1.43992e-11
4.09975e-05
7.29986e-12
4.09975e-05
4.13197e-12
4.09975e-05
7.34576e-12
4.09975e-05
1.15051e-11
4.09975e-05
1.11232e-11
4.09975e-05
6.79254e-12
4.09975e-05
1.50861e-12
4.09974e-05
-2.5125e-12
4.09974e-05
-3.27873e-12
4.09974e-05
-1.57328e-12
4.09974e-05
-2.52219e-12
4.09974e-05
-8.14629e-12
4.09974e-05
-1.25737e-11
4.09974e-05
-1.02328e-11
4.09975e-05
-5.78247e-12
4.09975e-05
-5.4833e-12
4.09975e-05
-7.18397e-12
4.09975e-05
-5.55036e-12
4.09974e-05
-9.2864e-14
4.09974e-05
5.45022e-12
4.09974e-05
7.68304e-12
4.09974e-05
4.39932e-12
4.09974e-05
-1.80422e-12
4.09974e-05
-3.9759e-12
4.09974e-05
-1.25242e-13
4.09974e-05
4.41452e-12
4.09974e-05
4.94752e-12
4.09974e-05
2.96349e-12
4.09974e-05
9.32661e-13
4.09974e-05
-1.35225e-14
4.09974e-05
2.15628e-12
4.09974e-05
7.42775e-12
4.09974e-05
1.0751e-11
4.09974e-05
9.79335e-12
4.09974e-05
8.11831e-12
4.09973e-05
6.73393e-12
4.09973e-05
3.70596e-12
4.09973e-05
-4.54571e-13
4.09973e-05
-3.11818e-12
4.09973e-05
-4.03299e-12
4.09973e-05
-4.20738e-12
4.09973e-05
-4.72697e-12
4.09973e-05
-5.4414e-12
4.09973e-05
-4.76515e-12
4.09973e-05
-1.76509e-12
4.09974e-05
9.9775e-13
4.09974e-05
3.58371e-12
4.09974e-05
8.30701e-12
4.09974e-05
1.36476e-11
4.09974e-05
1.45629e-11
4.09974e-05
9.49842e-12
4.09974e-05
2.73801e-12
4.09974e-05
-4.53102e-12
4.09974e-05
-1.00341e-11
4.09974e-05
-8.65394e-12
4.09974e-05
-6.1836e-12
4.09974e-05
-6.73967e-12
4.09974e-05
-2.59133e-12
4.09974e-05
6.99493e-12
4.09974e-05
1.2424e-11
4.09974e-05
1.06269e-11
4.09974e-05
8.07362e-12
4.09974e-05
6.13091e-12
4.09974e-05
4.69561e-12
4.09974e-05
-7.58646e-14
4.09974e-05
-1.1425e-11
4.09974e-05
-1.55345e-11
4.09974e-05
-1.1528e-11
4.09974e-05
-1.00172e-11
4.09975e-05
-1.53362e-11
4.09975e-05
-2.62924e-11
4.09975e-05
-2.46197e-11
-1.95878e-11
0.000111622
1.06419e-10
0.000111622
1.441e-10
0.000111622
1.47906e-10
0.000111622
1.58395e-10
0.000111622
1.58938e-10
0.000111622
1.50819e-10
0.000111621
1.43925e-10
0.000111621
1.08655e-10
0.000111621
8.1925e-11
0.000111621
7.21604e-11
0.000111621
6.47361e-11
0.000111621
3.4744e-11
0.000111621
4.10991e-11
0.000111621
4.04172e-11
0.000111621
4.08472e-11
0.000111621
5.44441e-11
0.000111621
4.45159e-11
0.000111621
3.7433e-11
0.000111621
5.09418e-11
0.000111621
5.18391e-11
0.000111621
3.75781e-11
0.000111621
2.94405e-11
0.000111621
2.72916e-11
0.000111621
3.18894e-11
0.000111621
4.23289e-11
0.000111621
4.19253e-11
0.000111621
3.47111e-11
0.000111621
3.87098e-11
0.000111621
4.60422e-11
0.00011162
4.11777e-11
0.00011162
2.82116e-11
0.00011162
1.57935e-11
0.00011162
4.55612e-12
0.00011162
-3.29969e-12
0.00011162
-7.92508e-12
0.00011162
-1.12654e-11
0.00011162
-9.16111e-12
0.00011162
-6.54076e-12
0.00011162
-1.27596e-11
0.00011162
-2.11677e-11
0.00011162
-2.05407e-11
0.00011162
-1.38524e-11
0.00011162
-8.03319e-12
0.00011162
-5.40748e-12
0.00011162
-7.39189e-12
0.00011162
-1.16765e-11
0.00011162
-1.50598e-11
0.00011162
-1.84681e-11
0.00011162
-1.93837e-11
0.00011162
-1.47034e-11
0.00011162
-9.23864e-12
0.00011162
-9.63662e-12
0.00011162
-1.30408e-11
0.00011162
-1.23953e-11
0.00011162
-6.03405e-12
0.00011162
3.10263e-12
0.00011162
1.18312e-11
0.00011162
2.0469e-11
0.00011162
2.9369e-11
0.00011162
3.31278e-11
0.00011162
2.90413e-11
0.00011162
2.5412e-11
0.00011162
3.01884e-11
0.00011162
3.82747e-11
0.00011162
4.16729e-11
0.00011162
3.82231e-11
0.00011162
3.06572e-11
0.00011162
2.48576e-11
0.00011162
2.36933e-11
0.00011162
2.50976e-11
0.00011162
2.61783e-11
0.00011162
2.74686e-11
0.00011162
2.95015e-11
0.00011162
2.9731e-11
0.00011162
2.97223e-11
0.00011162
3.30192e-11
0.00011162
3.68955e-11
0.00011162
3.41986e-11
0.00011162
2.31582e-11
0.00011162
1.01588e-11
0.00011162
3.12841e-12
0.00011162
3.33885e-12
0.00011162
7.65937e-12
0.00011162
1.1743e-11
0.00011162
1.06991e-11
0.00011162
4.10638e-12
0.00011162
-3.92241e-13
0.00011162
9.88081e-13
0.00011162
3.4819e-12
0.00011162
2.38118e-12
0.00011162
2.33653e-12
0.00011162
7.38973e-12
0.00011162
1.24094e-11
0.00011162
1.12404e-11
0.00011162
4.92392e-12
0.00011162
-1.99439e-13
0.00011162
-1.63016e-12
0.00011162
2.36183e-13
0.00011162
3.60827e-12
0.00011162
5.92186e-12
0.00011162
6.56062e-12
0.00011162
7.63712e-12
0.00011162
1.04644e-11
0.00011162
1.29291e-11
0.00011162
1.38179e-11
0.00011162
1.38203e-11
0.00011162
1.08826e-11
0.00011162
4.15907e-12
0.00011162
2.15251e-13
0.00011162
1.14607e-12
0.00011162
2.27199e-12
0.00011162
1.375e-12
0.00011162
1.01769e-12
0.00011162
1.71877e-12
0.00011162
2.85898e-12
0.00011162
4.19453e-12
0.00011162
4.68418e-12
0.00011162
3.43569e-12
0.00011162
1.09781e-12
0.00011162
-4.89626e-13
0.00011162
-4.64346e-14
0.00011162
2.40129e-12
0.00011162
4.10124e-12
0.00011162
3.83185e-12
0.00011162
4.93934e-12
0.00011162
8.67544e-12
0.00011162
1.22777e-11
0.00011162
1.28515e-11
0.00011162
1.30511e-11
0.00011162
1.57128e-11
0.00011162
1.6447e-11
0.00011162
1.71812e-11
0.00011162
1.84349e-11
0.00011162
1.29654e-11
0.00011162
6.55865e-12
0.00011162
4.56675e-12
0.00011162
2.54021e-12
0.00011162
2.26208e-12
0.00011162
5.25806e-12
0.00011162
1.00858e-11
0.00011162
1.16892e-11
0.00011162
8.34446e-12
0.00011162
1.08082e-12
0.00011162
-3.96874e-12
0.00011162
-1.15912e-12
0.00011162
-5.15343e-12
0.00011162
-3.16415e-12
0.00011162
-2.725e-11
0.00011162
-4.49657e-11
-4.32708e-11
0.000171043
1.5792e-10
0.000171043
2.31745e-10
0.000171043
2.64978e-10
0.000171043
3.28882e-10
0.000171042
3.52209e-10
0.000171042
3.45278e-10
0.000171042
3.39583e-10
0.000171042
2.95263e-10
0.000171042
2.84064e-10
0.000171042
2.30406e-10
0.000171041
2.02829e-10
0.000171041
1.8566e-10
0.000171041
1.61891e-10
0.000171041
1.49688e-10
0.000171041
1.41565e-10
0.000171041
1.44814e-10
0.000171041
1.37075e-10
0.000171041
1.21316e-10
0.000171041
1.0861e-10
0.000171041
9.65204e-11
0.000171041
8.2989e-11
0.000171041
7.45437e-11
0.000171041
6.67221e-11
0.000171041
5.93086e-11
0.00017104
6.54111e-11
0.00017104
7.3635e-11
0.00017104
6.65173e-11
0.00017104
5.27147e-11
0.00017104
4.36507e-11
0.00017104
3.8935e-11
0.00017104
3.85115e-11
0.00017104
3.76116e-11
0.00017104
2.62674e-11
0.00017104
9.24784e-12
0.00017104
-3.38499e-12
0.00017104
-1.1625e-11
0.00017104
-1.43196e-11
0.00017104
-9.81075e-12
0.00017104
-8.53827e-12
0.00017104
-1.64587e-11
0.00017104
-2.32453e-11
0.00017104
-2.17128e-11
0.00017104
-1.52947e-11
0.00017104
-7.53328e-12
0.00017104
-2.78046e-12
0.00017104
-3.53221e-12
0.00017104
-7.80863e-12
0.00017104
-1.5803e-11
0.00017104
-2.53484e-11
0.00017104
-2.92894e-11
0.00017104
-2.68904e-11
0.00017104
-2.32298e-11
0.00017104
-1.97542e-11
0.00017104
-1.42144e-11
0.00017104
-7.14622e-12
0.00017104
1.07162e-12
0.00017104
8.05073e-12
0.00017104
1.40334e-11
0.00017104
2.20564e-11
0.00017104
3.17404e-11
0.00017104
3.75668e-11
0.00017104
3.69116e-11
0.00017104
3.46667e-11
0.00017104
3.56926e-11
0.00017104
3.8043e-11
0.00017104
3.85291e-11
0.00017104
3.58913e-11
0.00017104
3.19979e-11
0.00017104
3.07279e-11
0.00017104
3.23467e-11
0.00017104
3.33022e-11
0.00017104
3.34535e-11
0.00017104
3.5303e-11
0.00017104
3.78868e-11
0.00017104
3.78398e-11
0.00017104
3.56667e-11
0.00017104
3.37271e-11
0.00017104
3.04727e-11
0.00017104
2.31624e-11
0.00017104
1.34472e-11
0.00017104
5.14855e-12
0.00017104
1.08002e-12
0.00017104
1.11756e-13
0.00017104
1.34045e-12
0.00017104
4.02556e-12
0.00017104
4.1325e-12
0.00017104
4.76479e-13
0.00017104
-7.43303e-13
0.00017104
3.46319e-12
0.00017104
7.88046e-12
0.00017104
8.4551e-12
0.00017104
9.84618e-12
0.00017104
1.6095e-11
0.00017104
2.26357e-11
0.00017104
2.38543e-11
0.00017104
1.95753e-11
0.00017104
1.316e-11
0.00017104
7.02822e-12
0.00017104
2.92255e-12
0.00017104
1.75727e-12
0.00017104
3.34152e-12
0.00017104
6.7334e-12
0.00017104
1.04544e-11
0.00017104
1.2624e-11
0.00017104
1.27026e-11
0.00017104
1.40417e-11
0.00017104
1.76004e-11
0.00017104
1.94814e-11
0.00017104
1.70366e-11
0.00017104
1.34239e-11
0.00017104
9.79302e-12
0.00017104
4.37551e-12
0.00017104
-1.30898e-12
0.00017104
-4.98261e-12
0.00017104
-5.2653e-12
0.00017104
-3.91624e-12
0.00017104
-3.62799e-12
0.00017104
-4.07175e-12
0.00017104
-3.2547e-12
0.00017104
-3.03896e-12
0.00017104
-3.80732e-12
0.00017104
-7.09486e-13
0.00017104
9.03238e-12
0.00017104
1.83211e-11
0.00017104
2.07343e-11
0.00017104
1.74469e-11
0.00017104
1.24166e-11
0.00017104
7.44616e-12
0.00017104
4.26385e-12
0.00017104
7.7656e-12
0.00017104
1.04998e-11
0.00017104
5.95919e-12
0.00017104
6.73302e-12
0.00017104
1.51207e-11
0.00017104
2.2035e-11
0.00017104
2.22329e-11
0.00017104
1.65835e-11
0.00017104
1.15892e-11
0.00017104
5.66076e-12
0.00017104
1.314e-12
0.00017104
-2.94644e-12
0.00017104
-8.46631e-12
0.00017104
-1.48844e-11
0.00017104
-3.0462e-11
0.00017104
-3.38144e-11
0.00017104
-2.85829e-11
0.00017104
-3.84737e-11
0.00017104
-3.55287e-11
0.00017104
-5.57249e-11
-3.77268e-11
0.000219418
2.10745e-10
0.000219418
2.72035e-10
0.000219418
3.11551e-10
0.000219418
3.61295e-10
0.000219417
3.95555e-10
0.000219417
4.61974e-10
0.000219417
4.57852e-10
0.000219417
4.57214e-10
0.000219417
4.20747e-10
0.000219417
4.04728e-10
0.000219417
3.66956e-10
0.000219416
3.45566e-10
0.000219416
3.20254e-10
0.000219416
2.93883e-10
0.000219416
2.65686e-10
0.000219416
2.35745e-10
0.000219416
2.14938e-10
0.000219416
2.02162e-10
0.000219416
1.78999e-10
0.000219416
1.56084e-10
0.000219415
1.42738e-10
0.000219415
1.31915e-10
0.000219415
1.21659e-10
0.000219415
1.10305e-10
0.000219415
1.04044e-10
0.000219415
1.05625e-10
0.000219415
1.02264e-10
0.000219415
9.08852e-11
0.000219415
7.79839e-11
0.000219415
6.27456e-11
0.000219415
4.74572e-11
0.000219415
3.86385e-11
0.000219415
3.17183e-11
0.000219415
2.27025e-11
0.000219415
1.66882e-11
0.000219415
1.26283e-11
0.000219415
6.38495e-12
0.000219415
3.46605e-12
0.000219415
5.17563e-12
0.000219415
5.46148e-12
0.000219415
3.95759e-12
0.000219415
1.66769e-12
0.000219415
-3.7854e-12
0.000219415
-9.61909e-12
0.000219415
-1.3354e-11
0.000219415
-1.72589e-11
0.000219415
-1.91067e-11
0.000219415
-1.99342e-11
0.000219415
-2.57068e-11
0.000219415
-3.55257e-11
0.000219415
-4.42637e-11
0.000219415
-4.87301e-11
0.000219415
-4.61755e-11
0.000219415
-3.52412e-11
0.000219415
-1.90954e-11
0.000219415
-2.45214e-12
0.000219415
8.45073e-12
0.000219415
1.13504e-11
0.000219415
1.27325e-11
0.000219415
2.09192e-11
0.000219415
3.43109e-11
0.000219415
4.20615e-11
0.000219415
3.99352e-11
0.000219415
3.41542e-11
0.000219415
3.26638e-11
0.000219415
3.59401e-11
0.000219415
4.02053e-11
0.000219415
4.21604e-11
0.000219415
4.26654e-11
0.000219415
4.35118e-11
0.000219415
4.29449e-11
0.000219415
4.06088e-11
0.000219415
3.97736e-11
0.000219415
4.27128e-11
0.000219415
4.63958e-11
0.000219415
4.68477e-11
0.000219415
4.37316e-11
0.000219415
3.72529e-11
0.000219415
2.77553e-11
0.000219415
1.77319e-11
0.000219415
1.01706e-11
0.000219415
6.46686e-12
0.000219415
4.38456e-12
0.000219415
1.30993e-12
0.000219415
-4.08109e-13
0.000219415
1.88011e-12
0.000219415
5.42113e-12
0.000219415
9.39307e-12
0.000219415
1.49335e-11
0.000219415
2.17387e-11
0.000219415
2.34624e-11
0.000219415
1.9104e-11
0.000219415
1.64503e-11
0.000219415
2.03983e-11
0.000219415
2.69314e-11
0.000219415
2.9908e-11
0.000219415
2.76225e-11
0.000219415
2.19689e-11
0.000219415
1.52649e-11
0.000219415
9.99401e-12
0.000219415
7.58338e-12
0.000219415
7.95228e-12
0.000219415
9.75027e-12
0.000219415
1.09592e-11
0.000219415
1.05413e-11
0.000219415
9.88747e-12
0.000219415
1.13866e-11
0.000219415
1.41183e-11
0.000219415
1.35379e-11
0.000219415
1.02782e-11
0.000219415
7.44286e-12
0.000219415
6.0511e-12
0.000219415
6.45591e-12
0.000219415
7.26674e-12
0.000219415
7.15647e-12
0.000219415
5.97245e-12
0.000219415
3.83464e-12
0.000219415
1.73564e-12
0.000219415
1.4473e-12
0.000219415
2.38614e-12
0.000219415
1.01517e-12
0.000219415
-1.14702e-12
0.000219415
3.53834e-12
0.000219415
1.36763e-11
0.000219415
1.98158e-11
0.000219415
2.06e-11
0.000219415
2.11129e-11
0.000219415
2.16512e-11
0.000219415
1.84059e-11
0.000219415
1.48877e-11
0.000219415
1.37797e-11
0.000219415
9.83009e-12
0.000219415
9.99735e-12
0.000219415
1.57422e-11
0.000219415
1.66902e-11
0.000219415
1.59863e-11
0.000219415
1.50451e-11
0.000219415
1.34189e-11
0.000219415
1.03024e-11
0.000219415
1.55304e-12
0.000219415
-5.93901e-12
0.000219415
-6.5176e-12
0.000219415
-7.24499e-12
0.000219415
-1.91502e-11
0.000219415
-2.54234e-11
0.000219415
-2.00601e-11
0.000219415
-2.26593e-11
0.000219415
-2.9843e-11
0.000219415
-5.11652e-11
-5.29551e-11
0.000256885
1.78159e-10
0.000256885
2.31504e-10
0.000256886
2.89732e-10
0.000256886
3.35444e-10
0.000256886
3.69562e-10
0.000256886
4.26666e-10
0.000256886
4.49627e-10
0.000256885
4.99619e-10
0.000256885
5.05146e-10
0.000256885
4.97579e-10
0.000256885
4.91059e-10
0.000256885
4.76601e-10
0.000256885
4.50518e-10
0.000256885
4.3408e-10
0.000256885
3.97958e-10
0.000256885
3.39363e-10
0.000256884
3.11609e-10
0.000256884
2.99869e-10
0.000256884
2.70812e-10
0.000256884
2.38344e-10
0.000256884
2.13918e-10
0.000256884
1.90702e-10
0.000256884
1.69833e-10
0.000256884
1.502e-10
0.000256884
1.28768e-10
0.000256884
1.17733e-10
0.000256884
1.19403e-10
0.000256884
1.1729e-10
0.000256884
1.04038e-10
0.000256884
8.62361e-11
0.000256884
7.2204e-11
0.000256884
6.64666e-11
0.000256884
6.37732e-11
0.000256884
5.5897e-11
0.000256883
4.75748e-11
0.000256883
4.45843e-11
0.000256883
4.0931e-11
0.000256883
3.52423e-11
0.000256883
3.29897e-11
0.000256883
3.19424e-11
0.000256883
2.84678e-11
0.000256883
2.16177e-11
0.000256883
1.02917e-11
0.000256883
-4.00134e-13
0.000256883
-4.60729e-12
0.000256883
-5.4437e-12
0.000256883
-6.27193e-12
0.000256883
-7.49226e-12
0.000256883
-1.3482e-11
0.000256883
-2.51074e-11
0.000256883
-3.50632e-11
0.000256883
-3.77884e-11
0.000256883
-3.32963e-11
0.000256883
-2.46008e-11
0.000256883
-1.51083e-11
0.000256883
-6.45387e-12
0.000256883
2.28614e-12
0.000256883
9.96425e-12
0.000256883
1.49954e-11
0.000256883
1.87946e-11
0.000256883
2.48094e-11
0.000256883
2.98177e-11
0.000256883
3.05164e-11
0.000256883
2.7457e-11
0.000256883
2.60724e-11
0.000256883
3.02603e-11
0.000256883
3.65567e-11
0.000256883
3.89601e-11
0.000256883
3.73097e-11
0.000256883
3.77592e-11
0.000256883
4.28398e-11
0.000256883
4.76871e-11
0.000256883
4.86938e-11
0.000256883
4.71218e-11
0.000256883
4.44954e-11
0.000256883
3.90515e-11
0.000256883
3.04569e-11
0.000256883
2.04468e-11
0.000256883
1.04779e-11
0.000256883
1.14842e-12
0.000256883
-5.6657e-12
0.000256883
-8.58751e-12
0.000256883
-8.87576e-12
0.000256883
-1.00653e-11
0.000256883
-1.23436e-11
0.000256883
-1.14586e-11
0.000256883
-6.64287e-12
0.000256883
-1.37398e-12
0.000256883
1.86294e-12
0.000256883
5.10609e-12
0.000256883
8.17588e-12
0.000256883
8.12702e-12
0.000256883
6.02081e-12
0.000256883
7.32169e-12
0.000256883
1.25343e-11
0.000256883
1.63992e-11
0.000256883
1.57718e-11
0.000256883
1.32721e-11
0.000256883
1.19593e-11
0.000256883
1.11417e-11
0.000256883
8.50981e-12
0.000256883
3.59479e-12
0.000256883
-9.13051e-13
0.000256883
-1.44773e-12
0.000256883
1.74888e-12
0.000256883
5.23008e-12
0.000256883
7.81714e-12
0.000256883
1.02307e-11
0.000256883
1.10941e-11
0.000256883
1.04872e-11
0.000256883
9.97468e-12
0.000256883
9.96507e-12
0.000256883
8.8539e-12
0.000256883
5.72657e-12
0.000256883
2.26082e-12
0.000256883
1.69185e-12
0.000256883
3.39592e-12
0.000256883
3.50842e-12
0.000256883
7.42462e-13
0.000256883
-1.06685e-12
0.000256883
5.34786e-13
0.000256883
2.52434e-12
0.000256883
4.54419e-12
0.000256883
8.41114e-12
0.000256883
1.19957e-11
0.000256883
1.39669e-11
0.000256883
1.75254e-11
0.000256883
2.19455e-11
0.000256883
2.15223e-11
0.000256883
1.5695e-11
0.000256883
1.27596e-11
0.000256884
1.22828e-11
0.000256884
1.1105e-11
0.000256884
1.17904e-11
0.000256884
9.80937e-12
0.000256884
8.17144e-12
0.000256884
9.64597e-12
0.000256884
1.27679e-11
0.000256884
2.01095e-11
0.000256884
1.93126e-11
0.000256884
1.98284e-12
0.000256884
-1.7558e-11
0.000256883
-1.68214e-11
0.000256884
-5.21664e-12
0.000256884
-7.41318e-12
0.000256884
-2.55276e-11
0.000256884
-2.71579e-11
0.000256884
-2.81866e-11
0.000256884
-2.66441e-11
-2.86347e-11
0.000283562
1.82933e-10
0.000283562
1.78369e-10
0.000283562
2.44742e-10
0.000283562
2.62351e-10
0.000283562
3.40454e-10
0.000283562
3.48135e-10
0.000283562
4.30616e-10
0.000283562
4.69296e-10
0.000283562
4.98659e-10
0.000283562
5.34725e-10
0.000283562
5.63167e-10
0.000283562
5.42329e-10
0.000283562
5.15336e-10
0.000283562
4.96122e-10
0.000283562
4.67781e-10
0.000283562
4.34643e-10
0.000283561
4.08943e-10
0.000283561
3.82713e-10
0.000283561
3.4978e-10
0.000283561
3.14318e-10
0.000283561
2.81081e-10
0.000283561
2.52262e-10
0.000283561
2.31492e-10
0.000283561
2.15078e-10
0.000283561
1.92861e-10
0.000283561
1.71499e-10
0.000283561
1.60478e-10
0.000283561
1.49871e-10
0.000283561
1.34202e-10
0.000283561
1.20785e-10
0.000283561
1.10557e-10
0.000283561
1.00232e-10
0.000283561
9.08027e-11
0.000283561
8.21938e-11
0.000283561
7.57202e-11
0.000283561
7.42447e-11
0.000283561
7.09697e-11
0.000283561
5.94319e-11
0.000283561
4.76071e-11
0.000283561
4.05962e-11
0.000283561
3.32033e-11
0.000283561
2.20389e-11
0.000283561
7.83147e-12
0.00028356
-3.48376e-12
0.00028356
-4.44139e-12
0.00028356
1.29414e-12
0.00028356
3.31826e-12
0.00028356
-2.33621e-12
0.00028356
-1.41241e-11
0.00028356
-2.7316e-11
0.00028356
-3.31314e-11
0.00028356
-2.68387e-11
0.00028356
-1.41135e-11
0.00028356
-5.72099e-12
0.00028356
-7.2862e-12
0.00028356
-1.26341e-11
0.00028356
-1.01596e-11
0.00028356
4.29087e-12
0.00028356
2.10843e-11
0.00028356
2.76038e-11
0.00028356
2.27893e-11
0.00028356
1.64589e-11
0.00028356
1.47415e-11
0.00028356
1.72179e-11
0.00028356
1.91016e-11
0.00028356
2.0158e-11
0.00028356
2.24104e-11
0.00028356
2.73779e-11
0.00028356
3.28371e-11
0.00028356
3.6999e-11
0.00028356
4.04041e-11
0.00028356
4.22329e-11
0.00028356
4.09907e-11
0.00028356
3.91657e-11
0.00028356
3.97396e-11
0.00028356
3.93774e-11
0.00028356
3.18403e-11
0.00028356
1.8076e-11
0.000283561
5.87523e-12
0.000283561
-4.69185e-13
0.000283561
-3.40961e-12
0.000283561
-6.65951e-12
0.000283561
-1.12264e-11
0.000283561
-1.57884e-11
0.000283561
-1.73783e-11
0.000283561
-1.25355e-11
0.000283561
-1.90174e-12
0.000283561
6.82414e-12
0.000283561
7.90472e-12
0.000283561
5.43682e-12
0.000283561
7.41156e-12
0.000283561
1.30627e-11
0.000283561
1.48252e-11
0.000283561
1.11243e-11
0.000283561
7.59226e-12
0.000283561
7.77054e-12
0.000283561
9.35293e-12
0.000283561
9.01507e-12
0.000283561
6.33192e-12
0.000283561
2.03323e-12
0.000283561
-2.13357e-12
0.000283561
-3.97987e-12
0.000283561
-3.97781e-12
0.000283561
-3.15768e-12
0.000283561
-2.09222e-12
0.000283561
-2.78917e-12
0.000283561
-4.47904e-12
0.000283561
-3.409e-12
0.000283561
1.13171e-13
0.000283561
1.78784e-12
0.000283561
-5.05129e-13
0.000283561
-3.90225e-12
0.000283561
-3.81873e-12
0.000283561
-1.88082e-13
0.000283561
2.19017e-12
0.000283561
1.61816e-12
0.000283561
8.08363e-13
0.000283561
1.10709e-12
0.000283561
1.34632e-12
0.000283561
1.78769e-12
0.000283561
5.81542e-12
0.000283561
1.03304e-11
0.000283561
9.18718e-12
0.000283561
7.62014e-12
0.000283561
1.02174e-11
0.000283561
1.11401e-11
0.000283561
6.96743e-12
0.000283561
2.91028e-12
0.000283561
4.08507e-12
0.000283561
7.65957e-12
0.000283561
1.09343e-11
0.000283561
1.15919e-11
0.000283561
4.9643e-12
0.000283561
-5.08905e-13
0.000283561
-5.61717e-14
0.000283561
-4.40713e-13
0.000283561
3.96567e-12
0.000283561
8.67372e-12
0.000283561
8.97427e-12
0.000283561
8.58641e-12
0.000283561
4.79264e-12
0.000283561
-8.56239e-14
0.000283561
-1.40174e-11
0.000283561
-1.56883e-11
0.000283561
-1.77177e-11
0.000283561
-2.21111e-11
0.000283561
-3.55334e-11
0.000283561
-4.40284e-11
0.000283561
-3.50892e-11
-4.97575e-11
0.000299532
1.63281e-10
0.000299532
1.63035e-10
0.000299532
1.91185e-10
0.000299532
2.15958e-10
0.000299532
2.58913e-10
0.000299532
2.90766e-10
0.000299532
3.57755e-10
0.000299532
4.04024e-10
0.000299532
4.46707e-10
0.000299532
4.89185e-10
0.000299532
5.05088e-10
0.000299532
5.04145e-10
0.000299532
5.12628e-10
0.000299532
4.96671e-10
0.000299532
4.72326e-10
0.000299532
4.66672e-10
0.000299532
4.50602e-10
0.000299532
4.07325e-10
0.000299532
3.6371e-10
0.000299532
3.36964e-10
0.000299532
3.195e-10
0.000299532
3.02469e-10
0.000299532
2.79471e-10
0.000299532
2.51997e-10
0.000299532
2.27601e-10
0.000299532
2.10661e-10
0.000299532
1.9824e-10
0.000299532
1.82026e-10
0.000299532
1.63434e-10
0.000299532
1.51537e-10
0.000299532
1.45249e-10
0.000299532
1.36513e-10
0.000299532
1.23746e-10
0.000299532
1.10367e-10
0.000299532
9.92142e-11
0.000299532
9.38038e-11
0.000299532
9.22888e-11
0.000299532
8.54804e-11
0.000299532
7.09028e-11
0.000299532
5.29717e-11
0.000299532
3.55372e-11
0.000299532
2.47108e-11
0.000299532
2.07005e-11
0.000299532
1.80993e-11
0.000299532
1.54371e-11
0.000299532
1.20532e-11
0.000299532
5.01098e-12
0.000299532
-4.01446e-12
0.000299532
-9.86474e-12
0.000299532
-1.19298e-11
0.000299532
-1.37243e-11
0.000299532
-1.595e-11
0.000299532
-1.51521e-11
0.000299532
-8.49529e-12
0.000299532
-1.71769e-13
0.000299532
2.64558e-12
0.000299532
-1.38252e-12
0.000299532
-4.34139e-12
0.000299532
9.59276e-13
0.000299532
1.30086e-11
0.000299532
2.29534e-11
0.000299532
2.42897e-11
0.000299532
1.95269e-11
0.000299532
1.53482e-11
0.000299532
1.66017e-11
0.000299532
2.30851e-11
0.000299532
3.02106e-11
0.000299532
3.37482e-11
0.000299532
3.29573e-11
0.000299532
3.12508e-11
0.000299532
3.20451e-11
0.000299532
3.61291e-11
0.000299532
3.79366e-11
0.000299532
3.25238e-11
0.000299532
2.30552e-11
0.000299532
1.63645e-11
0.000299532
1.23274e-11
0.000299532
5.02732e-12
0.000299532
-6.88027e-12
0.000299532
-1.80779e-11
0.000299532
-2.45703e-11
0.000299532
-2.56017e-11
0.000299532
-2.22747e-11
0.000299532
-1.82019e-11
0.000299532
-1.7168e-11
0.000299532
-1.77689e-11
0.000299532
-1.33621e-11
0.000299532
-3.01122e-12
0.000299532
5.04489e-12
0.000299532
3.61187e-12
0.000299532
-3.17889e-12
0.000299532
-5.832e-12
0.000299532
-2.06897e-12
0.000299532
3.05634e-12
0.000299532
5.66908e-12
0.000299532
5.07857e-12
0.000299532
2.09595e-12
0.000299532
-1.42402e-12
0.000299532
-2.65164e-12
0.000299532
-1.73799e-12
0.000299532
-2.55877e-12
0.000299532
-5.94684e-12
0.000299532
-8.98949e-12
0.000299532
-9.25127e-12
0.000299532
-5.85355e-12
0.000299532
-2.58198e-12
0.000299532
-3.88779e-12
0.000299532
-7.67925e-12
0.000299532
-8.40744e-12
0.000299532
-3.68888e-12
0.000299532
2.34392e-12
0.000299532
3.52555e-12
0.000299532
3.31204e-14
0.000299532
-1.49842e-12
0.000299532
2.20768e-12
0.000299532
6.25698e-12
0.000299532
6.84566e-12
0.000299532
4.02154e-12
0.000299532
6.53742e-13
0.000299532
2.90478e-13
0.000299532
7.50578e-12
0.000299532
1.88e-11
0.000299532
1.96904e-11
0.000299532
9.3187e-12
0.000299532
3.56813e-12
0.000299532
6.76678e-12
0.000299532
1.0034e-11
0.000299532
9.34551e-12
0.000299532
7.90298e-12
0.000299532
4.49554e-12
0.000299532
-1.64352e-12
0.000299532
-9.8766e-13
0.000299532
1.30267e-12
0.000299532
-2.44544e-12
0.000299532
-5.21469e-12
0.000299532
-6.02801e-12
0.000299532
5.67792e-13
0.000299532
2.88064e-12
0.000299532
-1.14857e-12
0.000299532
4.35389e-12
0.000299532
3.54995e-12
0.000299532
4.63967e-12
0.000299532
2.57016e-12
0.000299532
-6.99479e-12
0.000299532
-1.96019e-11
0.000299532
-2.14312e-11
0.000299532
-1.08722e-11
0.000299532
-3.59163e-11
0.000299532
-4.05644e-11
-5.05225e-11
0.00030485
5.73337e-11
0.00030485
8.955e-11
0.00030485
9.70085e-11
0.00030485
1.4514e-10
0.00030485
1.48678e-10
0.00030485
2.39311e-10
0.00030485
2.76391e-10
0.00030485
3.21714e-10
0.00030485
3.87897e-10
0.00030485
4.23745e-10
0.00030485
4.34083e-10
0.00030485
4.54464e-10
0.00030485
4.69295e-10
0.00030485
4.56973e-10
0.00030485
4.44895e-10
0.00030485
4.38068e-10
0.00030485
4.17749e-10
0.00030485
3.91344e-10
0.00030485
3.75329e-10
0.00030485
3.62295e-10
0.00030485
3.42753e-10
0.00030485
3.21798e-10
0.00030485
2.99958e-10
0.00030485
2.77485e-10
0.00030485
2.57194e-10
0.00030485
2.35408e-10
0.00030485
2.12356e-10
0.00030485
1.93645e-10
0.00030485
1.80347e-10
0.00030485
1.67517e-10
0.00030485
1.50637e-10
0.00030485
1.32247e-10
0.00030485
1.1719e-10
0.00030485
1.06421e-10
0.00030485
9.67073e-11
0.00030485
8.81019e-11
0.00030485
8.28451e-11
0.00030485
7.65988e-11
0.00030485
6.60104e-11
0.00030485
5.24904e-11
0.00030485
3.63928e-11
0.00030485
2.23658e-11
0.00030485
1.8218e-11
0.00030485
2.15792e-11
0.00030485
2.42169e-11
0.00030485
2.08195e-11
0.00030485
1.02653e-11
0.00030485
-1.59985e-12
0.00030485
-6.03558e-12
0.00030485
-8.86232e-13
0.00030485
7.35442e-12
0.00030485
8.54845e-12
0.00030485
4.64597e-14
0.00030485
-1.0332e-11
0.00030485
-1.28954e-11
0.00030485
-6.96387e-12
0.00030485
7.21981e-14
0.00030485
1.62935e-12
0.00030485
5.78543e-13
0.00030485
2.00338e-12
0.00030485
9.43484e-12
0.00030485
1.86188e-11
0.00030485
2.4835e-11
0.00030485
2.50523e-11
0.00030485
2.04396e-11
0.00030485
1.71738e-11
0.00030485
2.04204e-11
0.00030485
2.898e-11
0.00030485
3.62906e-11
0.00030485
3.71528e-11
0.00030485
3.22349e-11
0.00030485
2.87733e-11
0.00030485
3.13249e-11
0.00030485
3.30966e-11
0.00030485
2.55466e-11
0.00030485
1.0393e-11
0.00030485
-3.12771e-12
0.00030485
-1.03414e-11
0.00030485
-1.36937e-11
0.00030485
-1.68025e-11
0.00030485
-2.16505e-11
0.00030485
-2.88599e-11
0.00030485
-3.42648e-11
0.00030485
-3.15506e-11
0.00030485
-2.20536e-11
0.00030485
-1.45771e-11
0.00030485
-1.26069e-11
0.00030485
-1.01076e-11
0.00030485
-3.9995e-12
0.00030485
6.51535e-13
0.00030485
-1.52035e-12
0.00030485
-7.65033e-12
0.00030485
-1.24646e-11
0.00030485
-1.3895e-11
0.00030485
-1.20881e-11
0.00030485
-8.06709e-12
0.00030485
-5.54256e-12
0.00030485
-7.28361e-12
0.00030485
-1.05709e-11
0.00030485
-1.07604e-11
0.00030485
-7.99828e-12
0.00030485
-6.45543e-12
0.00030485
-9.13639e-12
0.00030485
-1.45297e-11
0.00030485
-1.75556e-11
0.00030485
-1.4282e-11
0.00030485
-8.00557e-12
0.00030485
-3.23282e-12
0.00030485
-1.54371e-12
0.00030485
-2.26408e-12
0.00030485
-2.2713e-12
0.00030485
4.94757e-13
0.00030485
4.68957e-12
0.00030485
6.9895e-12
0.00030485
6.37336e-12
0.00030485
4.4802e-12
0.00030485
4.08597e-12
0.00030485
7.8985e-12
0.00030485
1.37149e-11
0.00030485
1.46292e-11
0.00030485
8.82874e-12
0.00030485
5.5722e-12
0.00030485
8.21678e-12
0.00030485
8.62508e-12
0.00030485
5.00503e-12
0.00030485
1.18096e-12
0.00030485
2.29292e-12
0.00030485
7.37573e-12
0.00030485
6.36349e-12
0.00030485
-1.88774e-12
0.00030485
-1.28527e-11
0.00030485
-1.80339e-11
0.00030485
-1.55636e-11
0.00030485
-1.30478e-11
0.00030485
-7.36969e-12
0.00030485
-1.7674e-12
0.00030485
-3.55039e-12
0.00030485
-6.83848e-12
0.00030485
-1.21211e-11
0.00030485
-1.54506e-11
0.00030485
-1.24916e-11
0.00030485
-1.71017e-11
0.00030485
-9.04398e-12
0.00030485
-1.1906e-11
0.00030485
1.0866e-12
0.00030485
-1.42967e-11
0.00030485
-2.73741e-11
0.00030485
-2.41545e-11
0.00030485
-4.49295e-11
-5.67503e-11
0.000299533
6.67835e-11
0.000299533
4.69367e-11
0.000299533
4.88202e-11
0.000299533
9.23622e-11
0.000299533
1.24544e-10
0.000299533
1.78653e-10
0.000299533
2.18562e-10
0.000299533
2.60967e-10
0.000299533
3.14371e-10
0.000299533
3.31422e-10
0.000299533
3.54819e-10
0.000299533
3.95937e-10
0.000299533
4.03517e-10
0.000299533
3.94472e-10
0.000299533
3.98561e-10
0.000299533
3.95652e-10
0.000299533
3.782e-10
0.000299533
3.62046e-10
0.000299533
3.55365e-10
0.000299533
3.54043e-10
0.000299533
3.46134e-10
0.000299533
3.23402e-10
0.000299534
2.90912e-10
0.000299534
2.66185e-10
0.000299534
2.57406e-10
0.000299534
2.47332e-10
0.000299534
2.2264e-10
0.000299534
1.92932e-10
0.000299534
1.71829e-10
0.000299534
1.60197e-10
0.000299534
1.47153e-10
0.000299534
1.26577e-10
0.000299534
1.05651e-10
0.000299534
9.4449e-11
0.000299534
9.14746e-11
0.000299534
8.68065e-11
0.000299534
7.75645e-11
0.000299534
6.67388e-11
0.000299534
5.63273e-11
0.000299534
4.70358e-11
0.000299534
3.70765e-11
0.000299534
2.75589e-11
0.000299534
2.47416e-11
0.000299534
2.6864e-11
0.000299534
2.41262e-11
0.000299534
1.35316e-11
0.000299534
1.69413e-12
0.000299534
-3.14463e-12
0.000299534
9.02917e-13
0.000299534
9.19813e-12
0.000299534
1.55925e-11
0.000299534
1.60089e-11
0.000299534
8.86723e-12
0.000299534
-2.17378e-12
0.000299534
-9.97548e-12
0.000299534
-1.07535e-11
0.000299534
-6.29897e-12
0.000299534
-5.78938e-13
0.000299534
5.38255e-12
0.000299534
1.1604e-11
0.000299534
1.71687e-11
0.000299534
1.97496e-11
0.000299534
2.07939e-11
0.000299534
2.19296e-11
0.000299534
2.17229e-11
0.000299534
1.8747e-11
0.000299534
1.4609e-11
0.000299534
1.25196e-11
0.000299534
1.44595e-11
0.000299534
1.97746e-11
0.000299534
2.33863e-11
0.000299534
2.10749e-11
0.000299534
1.58399e-11
0.000299534
1.10845e-11
0.000299534
4.76896e-12
0.000299534
-4.74786e-12
0.000299534
-1.35348e-11
0.000299534
-1.76427e-11
0.000299534
-1.76371e-11
0.000299534
-1.59891e-11
0.000299534
-1.40333e-11
0.000299534
-1.34358e-11
0.000299534
-1.55788e-11
0.000299534
-1.73583e-11
0.000299534
-1.42683e-11
0.000299534
-7.85562e-12
0.000299534
-4.86523e-12
0.000299534
-5.99047e-12
0.000299534
-6.37724e-12
0.000299534
-5.5106e-12
0.000299534
-6.84563e-12
0.000299534
-9.22947e-12
0.000299534
-9.15869e-12
0.000299534
-8.79771e-12
0.000299534
-1.19976e-11
0.000299534
-1.59303e-11
0.000299534
-1.63107e-11
0.000299534
-1.47688e-11
0.000299534
-1.43426e-11
0.000299534
-1.50404e-11
0.000299534
-1.66225e-11
0.000299534
-1.82252e-11
0.000299534
-1.8672e-11
0.000299534
-1.83749e-11
0.000299534
-1.89305e-11
0.000299534
-1.88021e-11
0.000299534
-1.58982e-11
0.000299534
-1.06555e-11
0.000299534
-4.10425e-12
0.000299534
1.64605e-12
0.000299534
4.91562e-12
0.000299534
5.80223e-12
0.000299534
5.69886e-12
0.000299534
4.47683e-12
0.000299534
1.60773e-12
0.000299534
-1.72469e-12
0.000299534
-3.78378e-12
0.000299534
-2.81892e-12
0.000299534
2.82544e-12
0.000299534
9.78492e-12
0.000299534
9.27048e-12
0.000299534
3.02216e-12
0.000299534
1.19281e-12
0.000299534
1.65111e-12
0.000299534
-1.2208e-12
0.000299534
-5.64517e-12
0.000299534
-8.86745e-12
0.000299534
-1.16557e-11
0.000299534
-1.71867e-11
0.000299534
-2.12961e-11
0.000299534
-2.55997e-11
0.000299534
-3.24556e-11
0.000299534
-3.38001e-11
0.000299534
-3.15719e-11
0.000299534
-2.3822e-11
0.000299534
-1.31045e-11
0.000299534
-1.22767e-11
0.000299534
-1.60294e-11
0.000299534
-2.38362e-11
0.000299534
-2.83486e-11
0.000299534
-2.79792e-11
0.000299534
-2.79775e-11
0.000299534
-2.93423e-11
0.000299534
-2.65084e-11
0.000299534
-2.61961e-11
0.000299534
-1.06592e-11
0.000299534
-1.34467e-11
0.000299534
-1.81347e-11
0.000299534
-3.48904e-11
-5.50282e-11
0.000283563
3.91129e-11
0.000283563
8.26743e-12
0.000283563
3.65426e-11
0.000283563
7.15254e-11
0.000283563
1.32816e-10
0.000283563
1.50645e-10
0.000283563
1.88434e-10
0.000283563
2.35694e-10
0.000283563
2.56045e-10
0.000283563
2.71369e-10
0.000283563
3.01954e-10
0.000283563
3.24871e-10
0.000283563
3.26636e-10
0.000283563
3.24281e-10
0.000283564
3.25008e-10
0.000283564
3.25648e-10
0.000283564
3.27232e-10
0.000283564
3.25229e-10
0.000283564
3.13487e-10
0.000283564
2.98906e-10
0.000283564
2.87722e-10
0.000283564
2.73991e-10
0.000283564
2.55695e-10
0.000283564
2.37984e-10
0.000283564
2.22727e-10
0.000283564
2.0543e-10
0.000283564
1.84696e-10
0.000283564
1.65387e-10
0.000283564
1.48879e-10
0.000283564
1.3413e-10
0.000283564
1.19722e-10
0.000283564
1.05084e-10
0.000283564
9.37791e-11
0.000283564
8.80707e-11
0.000283564
8.3711e-11
0.000283564
7.45948e-11
0.000283564
6.22439e-11
0.000283564
5.28569e-11
0.000283564
4.5993e-11
0.000283564
3.96817e-11
0.000283564
3.39681e-11
0.000283564
2.96809e-11
0.000283564
2.74426e-11
0.000283564
2.47784e-11
0.000283564
1.79141e-11
0.000283564
8.91867e-12
0.000283564
2.9775e-12
0.000283564
3.77276e-12
0.000283564
1.03985e-11
0.000283564
1.80531e-11
0.000283564
2.17785e-11
0.000283564
1.93946e-11
0.000283564
1.1246e-11
0.000283564
7.09019e-13
0.000283564
-7.6221e-12
0.000283564
-8.91784e-12
0.000283564
-4.20415e-12
0.000283564
1.55815e-12
0.000283564
4.18071e-12
0.000283564
6.42085e-12
0.000283564
1.1776e-11
0.000283564
1.83289e-11
0.000283564
2.11563e-11
0.000283564
1.90063e-11
0.000283564
1.44363e-11
0.000283564
1.02432e-11
0.000283564
8.74632e-12
0.000283564
8.54426e-12
0.000283564
6.97994e-12
0.000283564
5.33197e-12
0.000283564
5.5445e-12
0.000283564
6.01327e-12
0.000283564
3.50047e-12
0.000283564
-1.47431e-12
0.000283564
-7.98065e-12
0.000283564
-1.57227e-11
0.000283564
-2.15845e-11
0.000283564
-2.18923e-11
0.000283564
-1.8974e-11
0.000283564
-1.88289e-11
0.000283564
-2.27399e-11
0.000283564
-2.68086e-11
0.000283564
-2.8242e-11
0.000283564
-2.72428e-11
0.000283564
-2.43193e-11
0.000283564
-2.07471e-11
0.000283564
-1.88496e-11
0.000283564
-2.14706e-11
0.000283564
-2.36969e-11
0.000283564
-2.00274e-11
0.000283564
-1.42948e-11
0.000283564
-1.31481e-11
0.000283564
-1.50342e-11
0.000283564
-1.60176e-11
0.000283564
-1.78744e-11
0.000283564
-2.27456e-11
0.000283564
-2.69737e-11
0.000283564
-2.8151e-11
0.000283564
-2.84732e-11
0.000283564
-2.83078e-11
0.000283564
-2.6519e-11
0.000283564
-2.38053e-11
0.000283564
-1.97982e-11
0.000283564
-1.53188e-11
0.000283564
-1.24476e-11
0.000283564
-1.05063e-11
0.000283564
-7.13806e-12
0.000283564
-2.76771e-12
0.000283564
2.96584e-13
0.000283564
3.17076e-12
0.000283564
9.44703e-12
0.000283564
1.72773e-11
0.000283564
1.95221e-11
0.000283564
1.35345e-11
0.000283564
5.70217e-12
0.000283564
3.98889e-12
0.000283564
7.34957e-12
0.000283564
8.79788e-12
0.000283564
6.87161e-12
0.000283564
6.36235e-12
0.000283564
7.15413e-12
0.000283564
6.48802e-12
0.000283564
6.1319e-12
0.000283564
4.89556e-12
0.000283564
-1.64124e-12
0.000283564
-9.79364e-12
0.000283564
-1.53712e-11
0.000283564
-1.74692e-11
0.000283564
-1.58458e-11
0.000283565
-1.57064e-11
0.000283565
-1.69102e-11
0.000283565
-1.49428e-11
0.000283565
-1.0718e-11
0.000283565
-9.79954e-12
0.000283565
-1.50468e-11
0.000283565
-1.9788e-11
0.000283565
-2.41611e-11
0.000283565
-2.45816e-11
0.000283565
-2.75906e-11
0.000283565
-2.91211e-11
0.000283565
-3.20196e-11
0.000283565
-1.29723e-11
0.000283565
-6.5464e-12
0.000283565
-4.00018e-12
0.000283565
-1.19567e-11
0.000283565
-1.54931e-11
0.000283565
-1.04644e-11
0.000283565
-7.88738e-12
0.000283565
-2.20236e-11
-3.63887e-11
0.000256887
5.1332e-12
0.000256887
-1.78811e-12
0.000256887
3.12539e-11
0.000256887
7.5321e-11
0.000256887
1.15592e-10
0.000256887
1.34609e-10
0.000256887
1.77466e-10
0.000256888
2.04777e-10
0.000256888
2.10372e-10
0.000256888
2.40621e-10
0.000256888
2.58702e-10
0.000256888
2.43406e-10
0.000256888
2.39616e-10
0.000256888
2.59989e-10
0.000256888
2.74882e-10
0.000256888
2.6976e-10
0.000256888
2.5571e-10
0.000256888
2.46997e-10
0.000256888
2.43633e-10
0.000256888
2.33234e-10
0.000256888
2.10446e-10
0.000256888
1.86473e-10
0.000256888
1.76062e-10
0.000256888
1.75955e-10
0.000256889
1.69775e-10
0.000256889
1.51785e-10
0.000256889
1.32081e-10
0.000256889
1.19651e-10
0.000256889
1.10697e-10
0.000256889
9.89495e-11
0.000256889
8.61453e-11
0.000256889
7.54175e-11
0.000256889
6.74973e-11
0.000256889
6.12313e-11
0.000256889
5.56066e-11
0.000256889
5.057e-11
0.000256889
4.53624e-11
0.000256889
3.94766e-11
0.000256889
3.34097e-11
0.000256889
3.07216e-11
0.000256889
3.40613e-11
0.000256889
3.78993e-11
0.000256889
3.48067e-11
0.000256889
2.28284e-11
0.000256889
8.67387e-12
0.000256889
3.47909e-12
0.000256889
1.12464e-11
0.000256889
2.39298e-11
0.000256889
2.95146e-11
0.000256889
2.36349e-11
0.000256889
1.30671e-11
0.000256889
7.10735e-12
0.000256889
5.75701e-12
0.000256889
2.04705e-12
0.000256889
-8.54225e-12
0.000256889
-2.10424e-11
0.000256889
-2.39659e-11
0.000256889
-1.30195e-11
0.000256889
1.57362e-12
0.000256889
8.42292e-12
0.000256889
6.90753e-12
0.000256889
4.15057e-12
0.000256889
4.93212e-12
0.000256889
7.65365e-12
0.000256889
8.57915e-12
0.000256889
4.34653e-12
0.000256889
-2.26929e-12
0.000256889
-5.4756e-12
0.000256889
-4.06756e-12
0.000256889
-8.68723e-13
0.000256889
-5.11964e-13
0.000256889
-5.95251e-12
0.000256889
-1.51839e-11
0.000256889
-2.27012e-11
0.000256889
-2.35618e-11
0.000256889
-1.96281e-11
0.000256889
-1.64405e-11
0.000256889
-1.52988e-11
0.000256889
-1.42879e-11
0.000256889
-1.45125e-11
0.000256889
-1.66363e-11
0.000256889
-2.13979e-11
0.000256889
-2.835e-11
0.000256889
-3.61778e-11
0.000256889
-4.03902e-11
0.000256889
-3.71303e-11
0.000256889
-2.86158e-11
0.000256889
-2.33673e-11
0.000256889
-2.4581e-11
0.000256889
-2.49678e-11
0.000256889
-1.84921e-11
0.000256889
-1.09168e-11
0.000256889
-1.02626e-11
0.000256889
-1.65312e-11
0.000256889
-2.49404e-11
0.000256889
-3.10287e-11
0.000256889
-3.22309e-11
0.000256889
-2.94529e-11
0.000256889
-2.81099e-11
0.000256889
-3.0591e-11
0.000256889
-3.27233e-11
0.000256889
-3.02704e-11
0.000256889
-2.27942e-11
0.000256889
-1.37924e-11
0.000256889
-8.30066e-12
0.000256889
-7.23496e-12
0.000256889
-5.97674e-12
0.000256889
-8.17833e-13
0.000256889
6.16547e-12
0.000256889
9.29372e-12
0.000256889
6.70843e-12
0.000256889
2.885e-12
0.000256889
2.01069e-12
0.000256889
3.38549e-12
0.000256889
3.91043e-12
0.000256889
3.79257e-12
0.000256889
5.0627e-12
0.000256889
5.82769e-12
0.000256889
5.07429e-12
0.000256889
5.16714e-12
0.000256889
4.1547e-12
0.000256889
-2.31703e-12
0.000256889
-9.60961e-12
0.000256889
-9.05645e-12
0.000256889
-6.5938e-12
0.000256889
-1.004e-11
0.000256889
-1.48745e-11
0.000256889
-1.84767e-11
0.000256889
-2.09694e-11
0.000256889
-2.17327e-11
0.000256889
-1.6425e-11
0.000256889
-1.09855e-11
0.000256889
-1.35174e-11
0.000256889
-9.84069e-12
0.000256889
-9.5463e-12
0.000256889
-1.74355e-11
0.000256889
-1.90412e-11
0.000256889
-2.80755e-11
0.000256889
-2.49939e-11
0.000256889
-2.73746e-11
0.000256889
-1.71255e-11
0.000256889
-2.07762e-11
0.000256889
-1.50124e-11
0.000256889
-1.114e-12
0.000256889
2.48931e-12
0.000256889
-5.12299e-12
0.000256889
-3.01666e-11
0.000256889
-3.50158e-11
0.000256889
-2.79832e-11
-3.18936e-11
0.00021942
-1.74494e-11
0.00021942
-3.61604e-12
0.00021942
1.71847e-11
0.00021942
7.9858e-11
0.00021942
1.06825e-10
0.00021942
1.27187e-10
0.00021942
1.60262e-10
0.00021942
1.66625e-10
0.00021942
1.68334e-10
0.00021942
1.92348e-10
0.00021942
2.02446e-10
0.00021942
1.92974e-10
0.00021942
1.95841e-10
0.00021942
2.07439e-10
0.00021942
2.08977e-10
0.00021942
2.03894e-10
0.000219421
1.94923e-10
0.000219421
1.79173e-10
0.000219421
1.61783e-10
0.000219421
1.46782e-10
0.000219421
1.32826e-10
0.000219421
1.21429e-10
0.000219421
1.15674e-10
0.000219421
1.13383e-10
0.000219421
1.10685e-10
0.000219421
1.05349e-10
0.000219421
9.72441e-11
0.000219421
8.81283e-11
0.000219421
7.74482e-11
0.000219421
6.33549e-11
0.000219421
4.96264e-11
0.000219421
3.99363e-11
0.000219421
3.30033e-11
0.000219421
2.67474e-11
0.000219421
2.1586e-11
0.000219422
1.86425e-11
0.000219422
1.84833e-11
0.000219422
1.9965e-11
0.000219422
2.24486e-11
0.000219422
2.59831e-11
0.000219422
3.09039e-11
0.000219422
3.27845e-11
0.000219422
2.75137e-11
0.000219422
1.81395e-11
0.000219422
1.18284e-11
0.000219422
1.29604e-11
0.000219422
2.02585e-11
0.000219422
2.79391e-11
0.000219422
3.21497e-11
0.000219422
3.02824e-11
0.000219422
2.28896e-11
0.000219422
1.40921e-11
0.000219422
7.39107e-12
0.000219422
1.82886e-12
0.000219422
-4.39806e-12
0.000219422
-1.20893e-11
0.000219422
-1.86681e-11
0.000219422
-1.7927e-11
0.000219422
-1.00913e-11
0.000219422
-1.53038e-12
0.000219422
1.74882e-12
0.000219422
-1.8629e-12
0.000219422
-8.54525e-12
0.000219422
-1.34582e-11
0.000219422
-1.40846e-11
0.000219422
-1.28188e-11
0.000219422
-1.33396e-11
0.000219422
-1.55716e-11
0.000219422
-1.68562e-11
0.000219422
-1.6067e-11
0.000219422
-1.31916e-11
0.000219422
-1.14898e-11
0.000219422
-1.40115e-11
0.000219422
-1.91439e-11
0.000219422
-2.11935e-11
0.000219422
-1.66697e-11
0.000219422
-8.13045e-12
0.000219422
-1.58533e-12
0.000219422
-2.24435e-13
0.000219422
-4.70997e-12
0.000219422
-1.27294e-11
0.000219422
-2.00829e-11
0.000219422
-2.47984e-11
0.000219422
-2.79569e-11
0.000219422
-3.24504e-11
0.000219422
-3.63173e-11
0.000219422
-3.47801e-11
0.000219422
-2.75842e-11
0.000219422
-1.97104e-11
0.000219422
-1.3929e-11
0.000219422
-8.82857e-12
0.000219422
-5.71583e-12
0.000219422
-7.72983e-12
0.000219422
-1.34006e-11
0.000219422
-1.97413e-11
0.000219422
-2.6171e-11
0.000219422
-3.19015e-11
0.000219422
-3.43085e-11
0.000219422
-3.26409e-11
0.000219422
-2.95854e-11
0.000219422
-2.61816e-11
0.000219422
-2.13087e-11
0.000219422
-1.749e-11
0.000219422
-1.51728e-11
0.000219422
-1.24022e-11
0.000219422
-7.32586e-12
0.000219422
-2.30492e-12
0.000219422
8.32718e-14
0.000219422
1.20267e-12
0.000219422
4.2294e-12
0.000219422
7.91249e-12
0.000219422
7.97641e-12
0.000219422
3.90902e-12
0.000219422
1.38983e-12
0.000219422
3.70021e-12
0.000219422
6.83573e-12
0.000219422
8.89893e-12
0.000219422
9.60238e-12
0.000219422
8.29717e-12
0.000219422
6.11473e-12
0.000219422
2.69721e-12
0.000219422
-3.99202e-12
0.000219422
-1.37452e-11
0.000219422
-2.13032e-11
0.000219422
-2.18283e-11
0.000219422
-1.85432e-11
0.000219422
-1.8098e-11
0.000219422
-2.37025e-11
0.000219422
-2.69276e-11
0.000219422
-2.20872e-11
0.000219422
-1.6877e-11
0.000219422
-1.54115e-11
0.000219422
-1.77051e-11
0.000219422
-1.58641e-11
0.000219422
-1.34934e-11
0.000219422
-1.5798e-11
0.000219422
-1.53873e-11
0.000219422
-2.24492e-11
0.000219422
-9.16824e-12
0.000219422
-1.45413e-11
0.000219422
-5.40648e-12
0.000219422
1.18213e-11
0.000219422
3.24338e-12
0.000219422
-3.32636e-12
0.000219422
-9.98892e-12
0.000219422
1.70206e-12
0.000219422
-7.43404e-13
0.000219422
-4.95924e-12
0.000219422
-7.11817e-12
-1.50274e-11
0.000171045
-1.74537e-11
0.000171045
4.55678e-12
0.000171045
4.96507e-11
0.000171045
7.28413e-11
0.000171045
8.14467e-11
0.000171045
9.9714e-11
0.000171045
9.85941e-11
0.000171045
1.03938e-10
0.000171045
1.14052e-10
0.000171045
1.09632e-10
0.000171045
1.0494e-10
0.000171045
1.1172e-10
0.000171046
1.2144e-10
0.000171046
1.26791e-10
0.000171046
1.27132e-10
0.000171046
1.21028e-10
0.000171046
1.07545e-10
0.000171046
9.08386e-11
0.000171046
7.52663e-11
0.000171046
6.12339e-11
0.000171046
5.23348e-11
0.000171046
5.22984e-11
0.000171046
5.59731e-11
0.000171046
5.48871e-11
0.000171046
4.86568e-11
0.000171046
4.35234e-11
0.000171047
4.02845e-11
0.000171047
3.63496e-11
0.000171047
3.09809e-11
0.000171047
2.2834e-11
0.000171047
1.29215e-11
0.000171047
5.60314e-12
0.000171047
2.60909e-12
0.000171047
2.62158e-12
0.000171047
3.91583e-12
0.000171047
5.21852e-12
0.000171047
4.75119e-12
0.000171047
1.76061e-12
0.000171047
-1.80203e-13
0.000171047
4.66524e-12
0.000171047
1.69068e-11
0.000171047
2.76412e-11
0.000171047
2.67253e-11
0.000171047
1.72194e-11
0.000171047
1.09147e-11
0.000171047
1.47395e-11
0.000171047
2.35562e-11
0.000171047
2.80068e-11
0.000171047
2.38108e-11
0.000171047
1.46157e-11
0.000171047
6.07608e-12
0.000171047
1.52514e-12
0.000171047
-1.18886e-12
0.000171047
-5.45734e-12
0.000171047
-1.18589e-11
0.000171047
-1.74359e-11
0.000171047
-1.81998e-11
0.000171047
-1.37327e-11
0.000171047
-6.5333e-12
0.000171047
-1.58452e-12
0.000171047
-1.73333e-12
0.000171047
-5.20886e-12
0.000171047
-9.03008e-12
0.000171047
-1.10957e-11
0.000171047
-1.22295e-11
0.000171047
-1.3231e-11
0.000171047
-1.43469e-11
0.000171047
-1.38741e-11
0.000171047
-1.13507e-11
0.000171047
-9.49489e-12
0.000171047
-1.09178e-11
0.000171047
-1.4479e-11
0.000171047
-1.7923e-11
0.000171047
-1.88777e-11
0.000171047
-1.54885e-11
0.000171047
-9.36924e-12
0.000171047
-5.10942e-12
0.000171047
-5.31094e-12
0.000171047
-8.15616e-12
0.000171047
-1.03103e-11
0.000171047
-1.21511e-11
0.000171047
-1.4771e-11
0.000171047
-1.82077e-11
0.000171047
-2.00744e-11
0.000171047
-2.00186e-11
0.000171047
-2.06107e-11
0.000171047
-2.11409e-11
0.000171047
-1.91637e-11
0.000171047
-1.55882e-11
0.000171047
-1.25914e-11
0.000171047
-9.28071e-12
0.000171047
-5.36112e-12
0.000171047
-4.93454e-12
0.000171047
-8.84855e-12
0.000171047
-1.26231e-11
0.000171047
-1.50385e-11
0.000171047
-1.79991e-11
0.000171047
-2.07659e-11
0.000171047
-2.23921e-11
0.000171047
-2.28384e-11
0.000171047
-2.12088e-11
0.000171047
-1.58852e-11
0.000171047
-9.49409e-12
0.000171047
-5.06294e-12
0.000171047
-2.04872e-12
0.000171047
1.36358e-12
0.000171047
4.38292e-12
0.000171047
5.26242e-12
0.000171047
5.32436e-12
0.000171047
6.57852e-12
0.000171047
8.96318e-12
0.000171047
1.17222e-11
0.000171047
1.46873e-11
0.000171047
1.69985e-11
0.000171047
1.53735e-11
0.000171047
8.52682e-12
0.000171047
3.50524e-12
0.000171047
5.56663e-12
0.000171047
7.31651e-12
0.000171047
1.70164e-12
0.000171047
-3.82427e-12
0.000171047
-6.6931e-13
0.000171047
3.00734e-12
0.000171047
9.54193e-13
0.000171047
-1.31274e-13
0.000171047
-3.29065e-12
0.000171047
-1.08748e-11
0.000171047
-1.86115e-11
0.000171047
-2.37309e-11
0.000171047
-2.16303e-11
0.000171047
-1.6092e-11
0.000171047
-1.15812e-11
0.000171047
-9.75439e-12
0.000171047
-1.00705e-11
0.000171047
-1.49941e-11
0.000171047
-1.93433e-11
0.000171047
-1.64446e-11
0.000171047
-4.90915e-12
0.000171047
-1.29909e-11
0.000171047
3.65807e-12
0.000171047
-3.1566e-12
0.000171047
1.43254e-12
0.000171047
2.86831e-13
0.000171047
8.38093e-12
0.000171047
7.3648e-12
0.000171047
-1.54507e-11
0.000171047
-5.14961e-12
0.000171047
-5.21678e-12
0.000171047
1.8391e-12
-1.01506e-12
0.000111624
2.45254e-12
0.000111624
1.19568e-11
0.000111624
1.16341e-11
0.000111624
1.17e-11
0.000111624
2.93995e-11
0.000111624
4.49544e-11
0.000111624
3.34778e-11
0.000111624
3.0426e-11
0.000111624
3.85441e-11
0.000111624
3.84565e-11
0.000111624
4.02673e-11
0.000111624
4.31965e-11
0.000111624
3.91496e-11
0.000111624
3.47431e-11
0.000111625
3.34039e-11
0.000111625
3.12721e-11
0.000111625
2.72561e-11
0.000111625
2.30147e-11
0.000111625
1.82334e-11
0.000111625
1.29383e-11
0.000111625
1.07062e-11
0.000111625
1.47494e-11
0.000111625
2.16492e-11
0.000111625
2.52214e-11
0.000111625
2.2766e-11
0.000111625
1.68675e-11
0.000111625
1.11786e-11
0.000111625
6.6373e-12
0.000111625
3.41095e-12
0.000111625
1.39654e-12
0.000111625
6.77654e-14
0.000111625
-4.09073e-13
0.000111625
-2.55428e-14
0.000111625
1.56324e-12
0.000111625
3.95413e-12
0.000111625
6.82708e-12
0.000111625
9.6439e-12
0.000111625
1.1877e-11
0.000111625
1.17666e-11
0.000111625
8.23883e-12
0.000111625
4.68773e-12
0.000111625
5.48015e-12
0.000111625
9.97278e-12
0.000111625
1.31163e-11
0.000111625
1.0797e-11
0.000111625
4.93866e-12
0.000111625
1.2047e-12
0.000111625
3.10047e-12
0.000111625
8.36148e-12
0.000111625
1.12155e-11
0.000111625
5.33725e-12
0.000111625
-6.00748e-12
0.000111625
-1.52203e-11
0.000111625
-1.49925e-11
0.000111626
-6.78655e-12
0.000111626
1.36126e-12
0.000111626
2.89205e-12
0.000111626
-1.41725e-12
0.000111626
-5.00977e-12
0.000111626
-4.06504e-12
0.000111626
-2.26773e-12
0.000111625
-3.89403e-12
0.000111625
-8.87356e-12
0.000111625
-1.35818e-11
0.000111625
-1.47156e-11
0.000111625
-1.24667e-11
0.000111625
-1.06733e-11
0.000111625
-1.08115e-11
0.000111625
-1.14316e-11
0.000111625
-1.03018e-11
0.000111625
-8.85572e-12
0.000111625
-9.01975e-12
0.000111625
-1.09245e-11
0.000111625
-1.35652e-11
0.000111625
-1.37287e-11
0.000111625
-9.08277e-12
0.000111625
-2.24999e-12
0.000111625
1.42782e-12
0.000111625
-1.08662e-12
0.000111625
-6.91063e-12
0.000111625
-1.12902e-11
0.000111625
-1.1911e-11
0.000111625
-9.8897e-12
0.000111625
-8.52333e-12
0.000111625
-8.20693e-12
0.000111625
-7.96549e-12
0.000111625
-6.34369e-12
0.000111625
-2.19366e-12
0.000111625
2.43347e-12
0.000111625
2.20998e-12
0.000111625
-3.66631e-12
0.000111625
-8.6588e-12
0.000111625
-8.501e-12
0.000111625
-6.47316e-12
0.000111625
-5.41106e-12
0.000111625
-5.37874e-12
0.000111625
-7.19177e-12
0.000111625
-9.91985e-12
0.000111625
-1.04953e-11
0.000111625
-8.30398e-12
0.000111625
-6.72526e-12
0.000111625
-7.65413e-12
0.000111625
-8.32604e-12
0.000111625
-5.63313e-12
0.000111625
-5.9072e-13
0.000111625
3.04872e-12
0.000111625
3.43008e-12
0.000111625
1.71809e-12
0.000111625
7.99758e-13
0.000111625
1.07123e-12
0.000111625
-9.67095e-14
0.000111625
-3.12482e-12
0.000111625
-3.92768e-12
0.000111625
4.49783e-13
0.000111625
7.56757e-12
0.000111625
1.13705e-11
0.000111625
8.21808e-12
0.000111625
2.0051e-12
0.000111625
-2.65818e-12
0.000111625
-4.63653e-12
0.000111625
-4.20705e-12
0.000111625
-3.16269e-12
0.000111625
-2.49184e-12
0.000111625
-2.49499e-12
0.000111625
-2.45368e-12
0.000111625
-2.4182e-12
0.000111625
-1.67174e-12
0.000111625
-7.27644e-13
0.000111625
-3.83895e-12
0.000111625
-1.0073e-11
0.000111625
-1.50739e-11
0.000111625
-9.94041e-12
0.000111625
3.22297e-13
0.000111625
-4.07999e-12
0.000111625
-5.89295e-12
0.000111625
2.15776e-12
0.000111625
-1.51314e-11
0.000111625
-6.41079e-12
0.000111625
-7.73336e-12
0.000111625
-1.48444e-12
0.000111625
-4.78993e-12
0.000111625
-4.8559e-12
0.000111625
7.41473e-12
0.000111625
2.5696e-12
0.000111625
5.3006e-12
0.000111625
5.59887e-12
0.000111625
2.72754e-12
0.000111625
2.94122e-12
0.000111625
1.04333e-11
4.59023e-12
4.09988e-05
4.09988e-05
4.09988e-05
4.09988e-05
4.09988e-05
4.09988e-05
4.09989e-05
4.09989e-05
4.0999e-05
4.0999e-05
4.0999e-05
4.09991e-05
4.09991e-05
4.09992e-05
4.09992e-05
4.09992e-05
4.09992e-05
4.09993e-05
4.09993e-05
4.09994e-05
4.09994e-05
4.09994e-05
4.09994e-05
4.09994e-05
4.09995e-05
4.09995e-05
4.09995e-05
4.09995e-05
4.09995e-05
4.09995e-05
4.09995e-05
4.09995e-05
4.09995e-05
4.09995e-05
4.09995e-05
4.09995e-05
4.09995e-05
4.09995e-05
4.09995e-05
4.09996e-05
4.09996e-05
4.09996e-05
4.09996e-05
4.09996e-05
4.09996e-05
4.09996e-05
4.09996e-05
4.09996e-05
4.09996e-05
4.09996e-05
4.09996e-05
4.09996e-05
4.09996e-05
4.09996e-05
4.09996e-05
4.09996e-05
4.09996e-05
4.09996e-05
4.09996e-05
4.09996e-05
4.09996e-05
4.09996e-05
4.09996e-05
4.09996e-05
4.09995e-05
4.09995e-05
4.09995e-05
4.09995e-05
4.09995e-05
4.09995e-05
4.09994e-05
4.09994e-05
4.09994e-05
4.09994e-05
4.09994e-05
4.09994e-05
4.09994e-05
4.09994e-05
4.09994e-05
4.09994e-05
4.09994e-05
4.09994e-05
4.09994e-05
4.09994e-05
4.09994e-05
4.09994e-05
4.09994e-05
4.09994e-05
4.09994e-05
4.09994e-05
4.09994e-05
4.09994e-05
4.09994e-05
4.09994e-05
4.09994e-05
4.09993e-05
4.09993e-05
4.09993e-05
4.09993e-05
4.09993e-05
4.09993e-05
4.09993e-05
4.09993e-05
4.09993e-05
4.09993e-05
4.09993e-05
4.09993e-05
4.09993e-05
4.09993e-05
4.09993e-05
4.09993e-05
4.09993e-05
4.09993e-05
4.09993e-05
4.09993e-05
4.09993e-05
4.09993e-05
4.09993e-05
4.09993e-05
4.09992e-05
4.09992e-05
4.09992e-05
4.09992e-05
4.09993e-05
4.09993e-05
4.09993e-05
4.09993e-05
4.09993e-05
4.09993e-05
4.09993e-05
4.09993e-05
4.09993e-05
4.09993e-05
4.09993e-05
4.09993e-05
4.09993e-05
4.09993e-05
4.09993e-05
4.09993e-05
4.09993e-05
4.09993e-05
4.09993e-05
4.09993e-05
4.09993e-05
4.09993e-05
4.09993e-05
4.09993e-05
4.09993e-05
4.09993e-05
)
;

boundaryField
{
    inlet
    {
        type            calculated;
        value           nonuniform List<scalar> 
15
(
-4.09981e-05
-0.000111622
-0.000171043
-0.000219418
-0.000256885
-0.000283561
-0.000299532
-0.00030485
-0.000299533
-0.000283563
-0.000256887
-0.00021942
-0.000171045
-0.000111624
-4.09987e-05
)
;
    }
    outlet
    {
        type            calculated;
        value           nonuniform List<scalar> 
15
(
4.09975e-05
0.00011162
0.00017104
0.000219415
0.000256884
0.000283561
0.000299532
0.00030485
0.000299534
0.000283565
0.000256889
0.000219422
0.000171047
0.000111625
4.09993e-05
)
;
    }
    walls
    {
        type            calculated;
        value           uniform 0;
    }
    frontAndBack
    {
        type            empty;
    }
}


// ************************************************************************* //
