/*--------------------------------*- C++ -*----------------------------------*\
| =========                 |                                                 |
| \\      /  F ield         | OpenFOAM: The Open Source CFD Toolbox           |
|  \\    /   O peration     | Version:  2406                                  |
|   \\  /    A nd           | Website:  www.openfoam.com                      |
|    \\/     M anipulation  |                                                 |
\*---------------------------------------------------------------------------*/
FoamFile
{
    version     2.0;
    format      ascii;
    arch        "LSB;label=32;scalar=64";
    class       surfaceScalarField;
    location    "0.4";
    object      phi;
}
// * * * * * * * * * * * * * * * * * * * * * * * * * * * * * * * * * * * * * //

dimensions      [0 3 -1 0 0 0 0];

oriented        oriented;

internalField   nonuniform List<scalar> 
4335
(
3.12981e-05
2.42156e-12
3.12981e-05
-1.09623e-11
3.1298e-05
-1.89902e-11
3.12981e-05
-2.55823e-11
3.12981e-05
-3.82249e-11
3.12981e-05
-3.03829e-11
3.12981e-05
-3.17208e-11
3.12982e-05
-4.19291e-11
3.12982e-05
-3.39932e-11
3.12982e-05
-1.11305e-11
3.12982e-05
-3.23519e-13
3.12982e-05
-1.12585e-11
3.12982e-05
-2.23986e-11
3.12982e-05
-1.51547e-11
3.12982e-05
3.88839e-12
3.12983e-05
6.52788e-12
3.12983e-05
-4.56098e-12
3.12982e-05
-5.64154e-12
3.12982e-05
2.99678e-12
3.12982e-05
1.18606e-11
3.12982e-05
1.52157e-11
3.12982e-05
9.27772e-12
3.12982e-05
1.4653e-12
3.12982e-05
-2.04695e-12
3.12982e-05
-5.17715e-12
3.12982e-05
-5.20562e-12
3.12982e-05
1.43037e-13
3.12982e-05
4.94315e-12
3.12982e-05
7.02161e-12
3.12982e-05
6.27746e-12
3.12982e-05
1.97144e-12
3.12982e-05
-1.85987e-12
3.12982e-05
-2.91356e-12
3.12981e-05
-1.95508e-12
3.12981e-05
5.66221e-13
3.12981e-05
1.3091e-12
3.12982e-05
-6.56555e-13
3.12981e-05
-7.64564e-14
3.12981e-05
2.76038e-12
3.12981e-05
3.54491e-12
3.12981e-05
1.83177e-12
3.12981e-05
-1.17383e-12
3.12981e-05
-2.45146e-12
3.12981e-05
1.04538e-12
3.12981e-05
6.59571e-12
3.12981e-05
8.32613e-12
3.12981e-05
4.02091e-12
3.12981e-05
-3.53539e-12
3.12981e-05
-9.145e-12
3.12981e-05
-9.04962e-12
3.12981e-05
-6.04333e-12
3.12981e-05
-5.72345e-12
3.12981e-05
-1.01285e-11
3.12981e-05
-1.47529e-11
3.12981e-05
-1.34785e-11
3.12981e-05
-6.43506e-12
3.12981e-05
-6.70419e-13
3.12981e-05
-1.89494e-12
3.12981e-05
-8.27049e-12
3.12981e-05
-1.26779e-11
3.12981e-05
-1.05226e-11
3.12981e-05
-3.81633e-12
3.12982e-05
1.47263e-12
3.12982e-05
1.64268e-12
3.12982e-05
-1.1094e-12
3.12982e-05
-1.3538e-12
3.12982e-05
3.76625e-12
3.12982e-05
1.05722e-11
3.12982e-05
1.12933e-11
3.12982e-05
3.51736e-12
3.12982e-05
-6.41696e-12
3.12982e-05
-1.02141e-11
3.12982e-05
-6.08281e-12
3.12982e-05
-4.04504e-13
3.12982e-05
-6.10745e-13
3.12982e-05
-6.65311e-12
3.12982e-05
-1.06839e-11
3.12982e-05
-5.92568e-12
3.12982e-05
5.60566e-12
3.12982e-05
1.48963e-11
3.12982e-05
1.62241e-11
3.12982e-05
1.17346e-11
3.12982e-05
8.68376e-12
3.12982e-05
1.1389e-11
3.12982e-05
1.62805e-11
3.12982e-05
1.65585e-11
3.12981e-05
9.02787e-12
3.12981e-05
-1.24564e-12
3.12981e-05
-6.77188e-12
3.12981e-05
-5.12094e-12
3.12981e-05
-1.95225e-12
3.12981e-05
-4.19893e-12
3.12982e-05
-1.20311e-11
3.12982e-05
-1.81554e-11
3.12982e-05
-1.6827e-11
3.12982e-05
-9.76651e-12
3.12982e-05
-4.24134e-12
3.12982e-05
-5.166e-12
3.12982e-05
-1.09394e-11
3.12982e-05
-1.48206e-11
3.12982e-05
-1.22546e-11
3.12982e-05
-5.39924e-12
3.12982e-05
-1.94905e-12
3.12982e-05
-6.32723e-12
3.12982e-05
-1.43484e-11
3.12982e-05
-1.75898e-11
3.12982e-05
-1.306e-11
3.12982e-05
-6.30714e-12
3.12982e-05
-4.12155e-12
3.12983e-05
-7.54527e-12
3.12983e-05
-1.12621e-11
3.12983e-05
-9.67697e-12
3.12982e-05
-2.96944e-12
3.12982e-05
2.773e-12
3.12982e-05
2.91317e-12
3.12982e-05
-1.0799e-12
3.12982e-05
-3.53599e-12
3.12982e-05
-1.1035e-12
3.12982e-05
4.38107e-12
3.12982e-05
7.66489e-12
3.12982e-05
5.04215e-12
3.12982e-05
-8.40855e-13
3.12981e-05
-3.79931e-12
3.12981e-05
-1.03132e-12
3.12981e-05
3.82329e-12
3.12982e-05
5.49708e-12
3.12982e-05
3.12685e-12
3.12982e-05
4.40916e-13
3.12982e-05
3.81561e-13
3.12982e-05
2.89756e-12
3.12981e-05
6.54445e-12
3.12981e-05
7.82101e-12
3.12981e-05
4.99982e-12
3.12981e-05
2.35779e-12
3.12981e-05
3.31272e-12
3.12981e-05
5.40853e-12
3.12981e-05
5.68713e-12
3.12981e-05
4.06748e-12
3.12981e-05
2.36657e-12
3.12981e-05
2.28909e-12
3.12981e-05
2.76585e-12
3.12981e-05
1.22814e-12
3.12981e-05
-1.85546e-12
3.12981e-05
-3.43313e-12
3.12981e-05
-4.34191e-12
3.12982e-05
-5.75594e-12
3.12982e-05
-4.9315e-12
3.12982e-05
-4.5457e-12
3.12982e-05
-5.24654e-12
-6.86391e-12
8.54232e-05
5.14244e-11
8.54232e-05
3.12378e-11
8.54232e-05
2.13452e-11
8.54231e-05
3.79701e-11
8.54232e-05
2.39335e-11
8.54231e-05
-1.97585e-11
8.54231e-05
-1.75448e-11
8.54232e-05
-3.74132e-12
8.54232e-05
-1.15848e-11
8.54232e-05
-3.62389e-11
8.54232e-05
-4.79873e-11
8.54232e-05
-4.16951e-11
8.54232e-05
-1.65856e-11
8.54232e-05
-1.70357e-12
8.54232e-05
-6.63525e-13
8.54232e-05
1.2329e-12
8.54232e-05
6.87182e-12
8.54232e-05
1.71248e-11
8.54232e-05
2.31083e-11
8.54232e-05
2.07574e-11
8.54232e-05
2.11262e-11
8.54231e-05
2.43141e-11
8.54231e-05
2.20644e-11
8.54231e-05
1.86455e-11
8.54231e-05
1.66717e-11
8.54231e-05
1.34573e-11
8.54231e-05
1.23587e-11
8.54231e-05
1.24485e-11
8.54231e-05
9.21494e-12
8.54231e-05
3.7569e-12
8.54231e-05
-2.72492e-12
8.54231e-05
-7.4318e-12
8.5423e-05
-6.64969e-12
8.5423e-05
-1.45684e-12
8.5423e-05
6.24805e-12
8.5423e-05
1.33204e-11
8.54231e-05
1.38909e-11
8.54231e-05
1.01711e-11
8.5423e-05
8.92402e-12
8.5423e-05
1.20083e-11
8.5423e-05
1.64784e-11
8.5423e-05
1.80621e-11
8.5423e-05
1.38305e-11
8.5423e-05
6.22231e-12
8.5423e-05
6.52212e-13
8.5423e-05
-1.31416e-12
8.5423e-05
-2.35493e-12
8.5423e-05
-6.02521e-12
8.5423e-05
-1.37646e-11
8.5423e-05
-2.15699e-11
8.5423e-05
-2.44753e-11
8.5423e-05
-2.28503e-11
8.5423e-05
-2.18851e-11
8.5423e-05
-2.52048e-11
8.5423e-05
-3.01098e-11
8.5423e-05
-2.9968e-11
8.5423e-05
-2.23394e-11
8.5423e-05
-1.22273e-11
8.5423e-05
-6.69599e-12
8.54231e-05
-7.11837e-12
8.54231e-05
-7.86832e-12
8.54231e-05
-2.75865e-12
8.54231e-05
8.27187e-12
8.54231e-05
1.92236e-11
8.54231e-05
2.31467e-11
8.54231e-05
1.85614e-11
8.54231e-05
1.1268e-11
8.54231e-05
8.31271e-12
8.5423e-05
1.02486e-11
8.5423e-05
1.11203e-11
8.5423e-05
5.71047e-12
8.54231e-05
-3.98542e-12
8.54231e-05
-1.02947e-11
8.54231e-05
-8.0185e-12
8.54231e-05
1.58917e-15
8.54231e-05
5.59797e-12
8.54231e-05
4.39956e-12
8.54231e-05
2.3268e-13
8.54231e-05
3.44921e-13
8.54231e-05
6.04855e-12
8.54231e-05
1.1517e-11
8.54231e-05
9.53332e-12
8.54231e-05
3.1657e-13
8.54231e-05
-8.54869e-12
8.5423e-05
-9.99969e-12
8.5423e-05
-4.13459e-12
8.5423e-05
1.62984e-12
8.5423e-05
4.01534e-13
8.5423e-05
-7.00929e-12
8.5423e-05
-1.29346e-11
8.5423e-05
-1.13596e-11
8.5423e-05
-4.88173e-12
8.5423e-05
-1.85828e-12
8.5423e-05
-6.75023e-12
8.54231e-05
-1.51899e-11
8.54231e-05
-1.91506e-11
8.54231e-05
-1.58011e-11
8.54231e-05
-9.85972e-12
8.54231e-05
-8.72508e-12
8.54231e-05
-1.40773e-11
8.54231e-05
-2.11067e-11
8.54231e-05
-2.1669e-11
8.54231e-05
-1.37273e-11
8.54231e-05
-3.77029e-12
8.54231e-05
5.21188e-13
8.54231e-05
-1.71667e-12
8.54231e-05
-4.06825e-12
8.54231e-05
-1.21341e-12
8.54231e-05
4.96651e-12
8.54231e-05
7.96552e-12
8.54231e-05
4.57e-12
8.54231e-05
-2.13256e-12
8.54231e-05
-4.59481e-12
8.54231e-05
-3.81628e-15
8.54231e-05
6.97552e-12
8.54231e-05
1.00935e-11
8.54231e-05
8.57066e-12
8.54231e-05
5.89719e-12
8.54231e-05
6.77274e-12
8.5423e-05
1.23876e-11
8.5423e-05
1.8446e-11
8.5423e-05
1.93853e-11
8.5423e-05
1.49217e-11
8.5423e-05
1.04092e-11
8.5423e-05
1.05274e-11
8.5423e-05
1.42265e-11
8.5423e-05
1.65932e-11
8.5423e-05
1.55539e-11
8.5423e-05
1.23837e-11
8.5423e-05
8.46775e-12
8.5423e-05
6.37626e-12
8.5423e-05
7.03514e-12
8.5423e-05
5.82094e-12
8.5423e-05
5.79001e-13
8.5423e-05
-3.61939e-12
8.5423e-05
-3.17688e-12
8.5423e-05
4.07807e-13
8.5423e-05
3.83025e-12
8.5423e-05
3.84908e-12
8.5423e-05
1.05275e-12
8.5423e-05
-1.16207e-12
8.5423e-05
-1.40337e-12
8.5423e-05
-1.08031e-12
8.5423e-05
-2.27277e-13
8.5423e-05
-5.03147e-13
8.5423e-05
-4.31707e-12
8.5423e-05
-9.48434e-12
8.54231e-05
-1.56875e-11
8.54231e-05
-2.4498e-11
-2.65786e-11
0.000131126
8.04073e-11
0.000131126
9.59306e-11
0.000131126
8.52538e-11
0.000131125
6.09317e-11
0.000131125
7.62454e-11
0.000131125
5.23476e-11
0.000131125
3.35657e-11
0.000131125
1.89386e-11
0.000131125
2.217e-12
0.000131125
-1.13869e-11
0.000131125
8.27824e-13
0.000131125
1.19921e-11
0.000131125
1.17194e-11
0.000131125
1.3254e-11
0.000131125
1.82204e-11
0.000131125
2.40523e-11
0.000131125
2.52276e-11
0.000131125
2.43085e-11
0.000131125
2.55344e-11
0.000131125
2.5975e-11
0.000131125
2.59729e-11
0.000131125
2.80787e-11
0.000131125
2.7568e-11
0.000131125
2.43416e-11
0.000131125
2.32693e-11
0.000131125
2.23484e-11
0.000131125
1.99434e-11
0.000131125
1.66979e-11
0.000131125
1.19805e-11
0.000131125
7.87758e-12
0.000131125
4.54874e-12
0.000131125
1.01083e-12
0.000131125
-1.14572e-12
0.000131125
-1.14921e-12
0.000131125
1.25753e-12
0.000131125
7.2109e-12
0.000131125
1.34311e-11
0.000131125
1.51157e-11
0.000131125
1.23403e-11
0.000131125
9.04785e-12
0.000131125
8.26269e-12
0.000131125
9.02689e-12
0.000131125
8.09072e-12
0.000131125
3.91432e-12
0.000131125
-5.19295e-13
0.000131125
-2.28259e-12
0.000131125
-1.49099e-12
0.000131125
-7.57615e-13
0.000131125
-3.58362e-12
0.000131125
-1.07292e-11
0.000131125
-1.92936e-11
0.000131125
-2.53601e-11
0.000131125
-2.78895e-11
0.000131125
-2.91092e-11
0.000131125
-3.13039e-11
0.000131125
-3.36851e-11
0.000131125
-3.28116e-11
0.000131125
-2.63304e-11
0.000131125
-1.59362e-11
0.000131125
-6.43874e-12
0.000131125
-8.66755e-13
0.000131125
2.75081e-12
0.000131125
6.72667e-12
0.000131125
1.34889e-11
0.000131125
2.09378e-11
0.000131125
2.43795e-11
0.000131125
2.13762e-11
0.000131125
1.4762e-11
0.000131125
1.00924e-11
0.000131125
1.01443e-11
0.000131125
1.26209e-11
0.000131125
1.28048e-11
0.000131125
9.30686e-12
0.000131125
5.90323e-12
0.000131125
7.28418e-12
0.000131125
1.33663e-11
0.000131125
1.8723e-11
0.000131125
1.79984e-11
0.000131125
1.17131e-11
0.000131125
5.22621e-12
0.000131125
2.44807e-12
0.000131125
1.75711e-12
0.000131125
-1.18444e-12
0.000131125
-7.87468e-12
0.000131125
-1.49163e-11
0.000131125
-1.71395e-11
0.000131125
-1.33218e-11
0.000131125
-7.23455e-12
0.000131125
-4.60205e-12
0.000131125
-6.88347e-12
0.000131125
-9.89936e-12
0.000131125
-8.43128e-12
0.000131125
-2.27092e-12
0.000131125
3.07129e-12
0.000131125
2.44726e-12
0.000131125
-3.76105e-12
0.000131125
-1.1009e-11
0.000131125
-1.5531e-11
0.000131125
-1.78946e-11
0.000131125
-2.05711e-11
0.000131125
-2.56798e-11
0.000131125
-3.04094e-11
0.000131125
-3.00363e-11
0.000131125
-2.33281e-11
0.000131125
-1.4198e-11
0.000131125
-8.49085e-12
0.000131125
-8.30313e-12
0.000131125
-1.04819e-11
0.000131125
-1.02534e-11
0.000131125
-6.38765e-12
0.000131125
-2.37318e-12
0.000131125
-2.86889e-12
0.000131125
-7.61145e-12
0.000131125
-1.1369e-11
0.000131125
-1.08004e-11
0.000131125
-7.25046e-12
0.000131125
-3.54481e-12
0.000131125
-1.39607e-12
0.000131125
-4.53984e-13
0.000131125
1.6774e-12
0.000131125
6.70808e-12
0.000131125
1.30168e-11
0.000131125
1.71738e-11
0.000131125
1.81549e-11
0.000131125
1.90088e-11
0.000131125
2.23002e-11
0.000131125
2.59128e-11
0.000131125
2.63435e-11
0.000131125
2.34996e-11
0.000131125
1.82661e-11
0.000131125
1.21084e-11
0.000131125
9.55599e-12
0.000131125
1.14914e-11
0.000131125
1.28412e-11
0.000131125
1.09348e-11
0.000131125
7.00034e-12
0.000131125
3.10901e-12
0.000131125
1.82351e-12
0.000131125
3.30577e-12
0.000131125
5.49357e-12
0.000131125
7.14026e-12
0.000131125
8.04236e-12
0.000131125
7.34706e-12
0.000131125
4.08313e-12
0.000131125
-3.85158e-13
0.000131125
-6.68248e-12
0.000131125
-1.44936e-11
0.000131125
-2.2429e-11
0.000131125
-3.62847e-11
-4.48938e-11
0.00016845
1.55373e-10
0.00016845
1.47173e-10
0.00016845
1.54726e-10
0.00016845
1.43621e-10
0.00016845
1.43241e-10
0.00016845
1.29195e-10
0.000168449
1.10754e-10
0.000168449
9.8655e-11
0.000168449
9.79327e-11
0.000168449
9.20497e-11
0.000168449
8.07993e-11
0.000168449
6.81162e-11
0.000168449
5.91355e-11
0.000168449
6.1572e-11
0.000168449
6.80381e-11
0.000168449
6.89423e-11
0.000168449
6.29471e-11
0.000168449
5.36918e-11
0.000168449
4.78956e-11
0.000168449
4.69263e-11
0.000168449
4.57667e-11
0.000168449
4.29575e-11
0.000168449
3.87006e-11
0.000168449
3.34147e-11
0.000168449
3.01156e-11
0.000168449
2.82756e-11
0.000168449
2.48657e-11
0.000168449
1.99652e-11
0.000168449
1.50692e-11
0.000168449
1.17301e-11
0.000168449
1.0148e-11
0.000168449
9.28906e-12
0.000168449
8.97038e-12
0.000168449
9.7444e-12
0.000168449
1.13828e-11
0.000168449
1.32212e-11
0.000168449
1.4159e-11
0.000168449
1.26812e-11
0.000168449
7.92437e-12
0.000168449
1.31046e-12
0.000168449
-4.02904e-12
0.000168449
-5.93894e-12
0.000168449
-5.19049e-12
0.000168449
-5.28286e-12
0.000168449
-8.31638e-12
0.000168449
-1.2956e-11
0.000168449
-1.55184e-11
0.000168449
-1.3852e-11
0.000168449
-9.55117e-12
0.000168449
-6.76735e-12
0.000168449
-8.93569e-12
0.000168449
-1.59331e-11
0.000168449
-2.36464e-11
0.000168449
-2.78239e-11
0.000168449
-2.77676e-11
0.000168449
-2.5994e-11
0.000168449
-2.51911e-11
0.000168449
-2.42865e-11
0.000168449
-1.96568e-11
0.000168449
-1.06413e-11
0.000168449
-1.32673e-12
0.000168449
5.16878e-12
0.000168449
7.4882e-12
0.000168449
8.48262e-12
0.000168449
1.08307e-11
0.000168449
1.39384e-11
0.000168449
1.47321e-11
0.000168449
1.16724e-11
0.000168449
6.97599e-12
0.000168449
4.86442e-12
0.000168449
7.32991e-12
0.000168449
1.18656e-11
0.000168449
1.38425e-11
0.000168449
1.14576e-11
0.000168449
7.89043e-12
0.000168449
7.8212e-12
0.000168449
1.22864e-11
0.000168449
1.69722e-11
0.000168449
1.66087e-11
0.000168449
1.03063e-11
0.000168449
2.07769e-12
0.000168449
-3.67208e-12
0.000168449
-6.18366e-12
0.000168449
-8.15485e-12
0.000168449
-1.1855e-11
0.000168449
-1.63341e-11
0.000168449
-1.92491e-11
0.000168449
-1.80509e-11
0.000168449
-1.38502e-11
0.000168449
-1.0013e-11
0.000168449
-8.64627e-12
0.000168449
-8.05088e-12
0.000168449
-5.08848e-12
0.000168449
4.77248e-13
0.000168449
5.06877e-12
0.000168449
4.99427e-12
0.000168449
4.78081e-14
0.000168449
-6.41016e-12
0.000168449
-1.09205e-11
0.000168449
-1.29405e-11
0.000168449
-1.47341e-11
0.000168449
-1.80433e-11
0.000168449
-2.11907e-11
0.000168449
-2.11784e-11
0.000168449
-1.61251e-11
0.000168449
-7.91769e-12
0.000168449
-1.05385e-12
0.000168449
1.11353e-12
0.000168449
-5.25524e-13
0.000168449
-2.05254e-12
0.000168449
-6.43381e-13
0.000168449
1.79763e-12
0.000168449
1.4151e-12
0.000168449
-1.72204e-12
0.000168449
-4.21373e-12
0.000168449
-3.99952e-12
0.000168449
-2.12101e-12
0.000168449
-4.49782e-13
0.000168449
-1.83894e-13
0.000168449
-6.57483e-13
0.000168449
4.95808e-13
0.000168449
4.68307e-12
0.000168449
1.01563e-11
0.000168449
1.3577e-11
0.000168449
1.40376e-11
0.000168449
1.45354e-11
0.000168449
1.68685e-11
0.000168449
1.85363e-11
0.000168449
1.83702e-11
0.000168449
1.74149e-11
0.000168449
1.49694e-11
0.000168449
1.09889e-11
0.000168449
7.84648e-12
0.000168449
6.03105e-12
0.000168449
5.32802e-12
0.000168449
5.45527e-12
0.000168449
4.50175e-12
0.000168449
2.84798e-12
0.000168449
2.5968e-12
0.000168449
3.48556e-12
0.000168449
4.62273e-12
0.000168449
5.20234e-12
0.000168449
4.30021e-12
0.000168449
1.71964e-12
0.000168449
-7.1478e-13
0.000168449
-6.32489e-12
0.000168449
-1.45913e-11
0.000168449
-2.49349e-11
0.000168449
-3.97804e-11
-4.99287e-11
0.000197436
1.6894e-10
0.000197436
1.51008e-10
0.000197435
1.5745e-10
0.000197435
1.84588e-10
0.000197435
1.94042e-10
0.000197435
2.09616e-10
0.000197435
2.16375e-10
0.000197435
2.11964e-10
0.000197435
2.05763e-10
0.000197435
1.93791e-10
0.000197435
1.76675e-10
0.000197435
1.684e-10
0.000197435
1.59048e-10
0.000197435
1.43436e-10
0.000197435
1.28475e-10
0.000197434
1.17264e-10
0.000197434
1.09429e-10
0.000197434
1.02014e-10
0.000197434
9.18662e-11
0.000197434
8.1874e-11
0.000197434
7.44435e-11
0.000197434
6.76497e-11
0.000197434
6.06788e-11
0.000197434
5.47909e-11
0.000197434
5.19174e-11
0.000197434
5.30305e-11
0.000197434
5.48483e-11
0.000197434
5.16222e-11
0.000197434
4.2555e-11
0.000197434
3.19268e-11
0.000197434
2.2937e-11
0.000197434
1.70016e-11
0.000197434
1.43925e-11
0.000197434
1.36676e-11
0.000197434
1.39121e-11
0.000197434
1.42011e-11
0.000197434
1.2741e-11
0.000197434
9.88784e-12
0.000197434
6.24337e-12
0.000197434
3.89741e-13
0.000197434
-7.69523e-12
0.000197434
-1.47413e-11
0.000197434
-1.75171e-11
0.000197434
-1.53602e-11
0.000197434
-1.07646e-11
0.000197434
-6.99855e-12
0.000197434
-4.36561e-12
0.000197434
-1.78669e-12
0.000197434
-3.5932e-13
0.000197434
-2.25658e-12
0.000197434
-8.28968e-12
0.000197434
-1.6626e-11
0.000197434
-2.38462e-11
0.000197434
-2.71948e-11
0.000197434
-2.60009e-11
0.000197434
-2.19592e-11
0.000197434
-1.80448e-11
0.000197434
-1.60723e-11
0.000197434
-1.40326e-11
0.000197434
-8.86091e-12
0.000197434
-1.47281e-12
0.000197434
4.60764e-12
0.000197434
7.06605e-12
0.000197434
7.17019e-12
0.000197434
8.14142e-12
0.000197434
1.14602e-11
0.000197434
1.54066e-11
0.000197434
1.70753e-11
0.000197434
1.53662e-11
0.000197434
1.19397e-11
0.000197434
1.0079e-11
0.000197434
1.1871e-11
0.000197434
1.6103e-11
0.000197434
1.93471e-11
0.000197434
1.92301e-11
0.000197434
1.68958e-11
0.000197434
1.4998e-11
0.000197434
1.41136e-11
0.000197434
1.1723e-11
0.000197434
5.55721e-12
0.000197434
-2.63076e-12
0.000197434
-8.38693e-12
0.000197434
-9.21935e-12
0.000197434
-6.93873e-12
0.000197434
-5.2276e-12
0.000197434
-6.56938e-12
0.000197434
-1.00722e-11
0.000197434
-1.21924e-11
0.000197434
-1.02041e-11
0.000197434
-4.65831e-12
0.000197434
8.97902e-13
0.000197434
3.5762e-12
0.000197434
4.13045e-12
0.000197434
5.33932e-12
0.000197434
7.61568e-12
0.000197434
7.87101e-12
0.000197434
3.00055e-12
0.000197434
-6.36652e-12
0.000197434
-1.58579e-11
0.000197434
-2.1628e-11
0.000197434
-2.29924e-11
0.000197434
-2.23797e-11
0.000197434
-2.15882e-11
0.000197434
-2.06543e-11
0.000197434
-1.82989e-11
0.000197434
-1.38609e-11
0.000197434
-8.51238e-12
0.000197434
-4.8882e-12
0.000197434
-4.71258e-12
0.000197434
-6.46159e-12
0.000197434
-6.30954e-12
0.000197434
-2.65995e-12
0.000197434
1.30637e-12
0.000197434
1.95159e-12
0.000197434
-1.78252e-13
0.000197434
-2.17546e-12
0.000197434
-2.40928e-12
0.000197434
-1.08665e-12
0.000197434
5.98129e-13
0.000197434
1.341e-12
0.000197434
1.10517e-12
0.000197434
1.88939e-12
0.000197434
5.50982e-12
0.000197434
1.04933e-11
0.000197434
1.30414e-11
0.000197434
1.23437e-11
0.000197434
1.15721e-11
0.000197434
1.28902e-11
0.000197434
1.44956e-11
0.000197434
1.49917e-11
0.000197434
1.41966e-11
0.000197434
1.23226e-11
0.000197434
1.016e-11
0.000197434
7.24576e-12
0.000197434
3.35955e-12
0.000197434
6.09724e-13
0.000197434
-6.27507e-13
0.000197434
-1.41446e-12
0.000197434
-1.14134e-12
0.000197434
2.91134e-13
0.000197434
3.63398e-12
0.000197434
7.23936e-12
0.000197434
7.08327e-12
0.000197434
2.80009e-12
0.000197434
-3.56994e-12
0.000197434
-1.11721e-11
0.000197434
-2.22599e-11
0.000197434
-3.28195e-11
0.000197434
-4.71321e-11
-5.24275e-11
0.000218115
1.29354e-10
0.000218115
1.7737e-10
0.000218115
2.22776e-10
0.000218115
2.52928e-10
0.000218115
2.60326e-10
0.000218115
2.90027e-10
0.000218115
3.14984e-10
0.000218115
3.16549e-10
0.000218115
3.03439e-10
0.000218115
2.91506e-10
0.000218115
2.69587e-10
0.000218114
2.49005e-10
0.000218114
2.36972e-10
0.000218114
2.24548e-10
0.000218114
2.11098e-10
0.000218114
1.97845e-10
0.000218114
1.79762e-10
0.000218114
1.58659e-10
0.000218114
1.39235e-10
0.000218114
1.21587e-10
0.000218114
1.06542e-10
0.000218114
9.526e-11
0.000218114
8.86783e-11
0.000218114
8.70724e-11
0.000218114
8.47288e-11
0.000218114
7.60316e-11
0.000218114
6.40589e-11
0.000218114
5.2597e-11
0.000218114
4.19452e-11
0.000218114
3.42111e-11
0.000218114
2.96784e-11
0.000218114
2.66216e-11
0.000218114
2.50889e-11
0.000218114
2.3089e-11
0.000218114
1.85139e-11
0.000218114
1.24287e-11
0.000218114
4.45411e-12
0.000218114
-5.11806e-12
0.000218114
-1.17279e-11
0.000218114
-1.37346e-11
0.000218114
-1.39262e-11
0.000218114
-1.41721e-11
0.000218114
-1.47055e-11
0.000218114
-1.34351e-11
0.000218114
-8.25173e-12
0.000218114
-2.06268e-12
0.000218114
2.59247e-13
0.000218114
-1.71849e-12
0.000218114
-5.03385e-12
0.000218114
-7.08944e-12
0.000218114
-7.44221e-12
0.000218114
-8.2846e-12
0.000218114
-1.13936e-11
0.000218114
-1.6222e-11
0.000218114
-2.06907e-11
0.000218114
-2.20678e-11
0.000218114
-1.96254e-11
0.000218114
-1.6466e-11
0.000218114
-1.55565e-11
0.000218114
-1.54059e-11
0.000218114
-1.2458e-11
0.000218114
-6.81693e-12
0.000218114
-1.41806e-12
0.000218114
-3.02182e-14
0.000218114
-2.66778e-12
0.000218114
-5.26003e-12
0.000218114
-3.7119e-12
0.000218114
2.40717e-12
0.000218114
9.88236e-12
0.000218114
1.48076e-11
0.000218114
1.58335e-11
0.000218114
1.52253e-11
0.000218114
1.63053e-11
0.000218114
1.95578e-11
0.000218114
2.19229e-11
0.000218114
1.98736e-11
0.000218114
1.38417e-11
0.000218114
8.09887e-12
0.000218114
5.66704e-12
0.000218114
4.66834e-12
0.000218114
1.44037e-12
0.000218114
-4.47497e-12
0.000218114
-9.77132e-12
0.000218114
-1.14265e-11
0.000218114
-9.46097e-12
0.000218114
-6.73211e-12
0.000218114
-6.35799e-12
0.000218114
-8.9761e-12
0.000218114
-1.19186e-11
0.000218114
-1.14456e-11
0.000218114
-6.48685e-12
0.000218114
-4.37159e-13
0.000218114
2.55115e-12
0.000218114
2.30816e-12
0.000218114
2.3089e-12
0.000218114
4.87448e-12
0.000218114
7.89471e-12
0.000218114
7.11538e-12
0.000218114
1.40164e-12
0.000218114
-5.99606e-12
0.000218114
-1.0447e-11
0.000218114
-1.06772e-11
0.000218114
-8.34659e-12
0.000218114
-6.20089e-12
0.000218114
-5.63854e-12
0.000218114
-5.7123e-12
0.000218114
-4.34894e-12
0.000218114
-7.30256e-13
0.000218114
2.91278e-12
0.000218114
3.81117e-12
0.000218114
2.26789e-12
0.000218114
1.60352e-12
0.000218114
3.6545e-12
0.000218114
6.41719e-12
0.000218114
7.29961e-12
0.000218114
5.95905e-12
0.000218114
3.57168e-12
0.000218114
1.7139e-12
0.000218114
1.49341e-12
0.000218114
2.56633e-12
0.000218114
2.81897e-12
0.000218114
8.23098e-13
0.000218114
-1.45132e-12
0.000218114
-2.05593e-13
0.000218114
5.12629e-12
0.000218114
1.05541e-11
0.000218114
1.25841e-11
0.000218114
1.2041e-11
0.000218114
1.11196e-11
0.000218114
1.04693e-11
0.000218114
9.33666e-12
0.000218114
6.84174e-12
0.000218114
4.57475e-12
0.000218114
4.37093e-12
0.000218114
4.93936e-12
0.000218114
5.48877e-12
0.000218114
6.0445e-12
0.000218114
5.55199e-12
0.000218114
4.75097e-12
0.000218114
4.87511e-12
0.000218114
6.48217e-12
0.000218114
8.41635e-12
0.000218114
8.08132e-12
0.000218114
5.75258e-12
0.000218114
-1.27618e-13
0.000218114
-4.93888e-12
0.000218114
-1.33045e-11
0.000218114
-2.35021e-11
0.000218114
-3.66631e-11
-4.43945e-11
0.000230513
1.2687e-10
0.000230513
1.71268e-10
0.000230513
2.07719e-10
0.000230513
2.43305e-10
0.000230513
2.69013e-10
0.000230513
3.02945e-10
0.000230513
3.27663e-10
0.000230513
3.41772e-10
0.000230513
3.49626e-10
0.000230513
3.56305e-10
0.000230513
3.51006e-10
0.000230513
3.34461e-10
0.000230513
3.20257e-10
0.000230513
3.04972e-10
0.000230512
2.82801e-10
0.000230512
2.57567e-10
0.000230512
2.29378e-10
0.000230512
2.01414e-10
0.000230512
1.7992e-10
0.000230512
1.61614e-10
0.000230512
1.43807e-10
0.000230512
1.28945e-10
0.000230512
1.15698e-10
0.000230512
1.03939e-10
0.000230512
9.47501e-11
0.000230512
8.42843e-11
0.000230512
7.25387e-11
0.000230512
6.36766e-11
0.000230512
5.68403e-11
0.000230512
5.08641e-11
0.000230512
4.52687e-11
0.000230512
3.7383e-11
0.000230512
2.88682e-11
0.000230512
2.25628e-11
0.000230512
1.69331e-11
0.000230512
1.17164e-11
0.000230512
6.4493e-12
0.000230512
-1.31268e-12
0.000230512
-8.46252e-12
0.000230512
-1.07066e-11
0.000230512
-9.56352e-12
0.000230512
-7.42001e-12
0.000230512
-6.39495e-12
0.000230512
-7.40199e-12
0.000230512
-7.48795e-12
0.000230512
-4.18083e-12
0.000230512
2.90368e-13
0.000230512
2.61515e-12
0.000230512
1.79293e-12
0.000230512
-1.0115e-12
0.000230512
-3.20059e-12
0.000230512
-3.9821e-12
0.000230512
-4.79074e-12
0.000230512
-7.00918e-12
0.000230512
-1.11274e-11
0.000230512
-1.58774e-11
0.000230512
-1.77182e-11
0.000230512
-1.55252e-11
0.000230512
-1.23425e-11
0.000230512
-1.2102e-11
0.000230512
-1.46214e-11
0.000230512
-1.70208e-11
0.000230512
-1.6547e-11
0.000230512
-1.32764e-11
0.000230512
-9.66752e-12
0.000230512
-7.31611e-12
0.000230512
-5.38362e-12
0.000230512
-1.58435e-12
0.000230512
5.34741e-12
0.000230512
1.40583e-11
0.000230512
2.1072e-11
0.000230512
2.36288e-11
0.000230512
2.23536e-11
0.000230512
2.03731e-11
0.000230512
1.96102e-11
0.000230512
1.83991e-11
0.000230512
1.34006e-11
0.000230512
4.55008e-12
0.000230512
-3.5381e-12
0.000230512
-6.51742e-12
0.000230512
-4.95208e-12
0.000230512
-3.14854e-12
0.000230512
-3.95935e-12
0.000230512
-6.75416e-12
0.000230512
-9.18792e-12
0.000230512
-9.35399e-12
0.000230512
-7.49401e-12
0.000230512
-5.95703e-12
0.000230512
-6.57564e-12
0.000230512
-8.25095e-12
0.000230512
-7.41858e-12
0.000230512
-2.06267e-12
0.000230512
5.29532e-12
0.000230512
9.87879e-12
0.000230512
9.67486e-12
0.000230512
7.1574e-12
0.000230512
5.95656e-12
0.000230512
6.69391e-12
0.000230512
7.0784e-12
0.000230512
5.21953e-12
0.000230512
1.96412e-12
0.000230512
-4.62291e-13
0.000230512
-4.42924e-13
0.000230512
1.59302e-12
0.000230512
3.35083e-12
0.000230512
2.37439e-12
0.000230512
-8.34826e-13
0.000230512
-2.69673e-12
0.000230512
-7.59951e-13
0.000230512
2.89857e-12
0.000230512
4.18489e-12
0.000230512
2.1431e-12
0.000230512
-1.50683e-13
0.000230512
-1.07141e-13
0.000230512
1.69788e-12
0.000230512
3.09413e-12
0.000230512
2.72829e-12
0.000230512
6.98872e-13
0.000230512
-1.5689e-12
0.000230512
-1.80839e-12
0.000230512
7.37953e-13
0.000230512
4.24831e-12
0.000230512
5.62785e-12
0.000230512
4.99133e-12
0.000230512
4.68985e-12
0.000230512
5.88912e-12
0.000230512
6.41702e-12
0.000230512
4.44033e-12
0.000230512
1.4265e-12
0.000230512
2.11911e-13
0.000230512
1.89814e-12
0.000230512
4.63511e-12
0.000230512
5.68005e-12
0.000230512
4.93494e-12
0.000230512
3.08539e-12
0.000230512
1.53407e-12
0.000230512
2.88406e-12
0.000230512
5.81281e-12
0.000230512
8.22689e-12
0.000230512
1.01501e-11
0.000230512
1.13731e-11
0.000230512
1.05784e-11
0.000230512
7.29334e-12
0.000230512
4.16939e-12
0.000230512
9.57776e-13
0.000230512
-2.61797e-12
0.000230512
-6.70824e-12
0.000230512
-1.42628e-11
0.000230512
-2.20539e-11
-2.98562e-11
0.000234644
1.60419e-10
0.000234644
1.76826e-10
0.000234644
1.76846e-10
0.000234644
2.02491e-10
0.000234644
2.44818e-10
0.000234644
2.9664e-10
0.000234644
3.44959e-10
0.000234644
3.7581e-10
0.000234644
3.8978e-10
0.000234644
4.01468e-10
0.000234644
4.098e-10
0.000234644
4.0295e-10
0.000234644
3.85497e-10
0.000234644
3.62956e-10
0.000234644
3.31891e-10
0.000234644
2.9941e-10
0.000234644
2.72332e-10
0.000234644
2.4626e-10
0.000234644
2.20372e-10
0.000234644
1.95243e-10
0.000234644
1.70877e-10
0.000234644
1.51946e-10
0.000234644
1.37005e-10
0.000234644
1.20588e-10
0.000234644
1.05193e-10
0.000234644
9.2017e-11
0.000234644
7.82924e-11
0.000234644
6.578e-11
0.000234644
5.47416e-11
0.000234644
4.40655e-11
0.000234644
3.6232e-11
0.000234644
3.0312e-11
0.000234644
2.4035e-11
0.000234644
1.86272e-11
0.000234644
1.29853e-11
0.000234644
6.6002e-12
0.000234644
2.48494e-12
0.000234644
-7.79013e-13
0.000234644
-4.63366e-12
0.000234644
-7.55016e-12
0.000234644
-9.60349e-12
0.000234644
-1.16855e-11
0.000234644
-1.34455e-11
0.000234644
-1.55728e-11
0.000234644
-1.78518e-11
0.000234644
-1.74472e-11
0.000234644
-1.35912e-11
0.000234644
-7.65378e-12
0.000234644
-2.37551e-12
0.000234644
-3.84336e-13
0.000234644
-1.6552e-12
0.000234644
-3.6491e-12
0.000234644
-3.66573e-12
0.000234644
-4.19238e-13
0.000234644
4.29981e-12
0.000234644
6.54744e-12
0.000234644
5.76003e-12
0.000234644
4.94627e-12
0.000234644
6.34427e-12
0.000234644
8.36485e-12
0.000234644
7.83021e-12
0.000234644
3.17405e-12
0.000234644
-3.74228e-12
0.000234644
-8.98344e-12
0.000234644
-9.97517e-12
0.000234644
-6.82656e-12
0.000234644
-1.91423e-12
0.000234644
2.56034e-12
0.000234644
6.17316e-12
0.000234644
9.9932e-12
0.000234644
1.44549e-11
0.000234644
1.78389e-11
0.000234644
1.74463e-11
0.000234644
1.29252e-11
0.000234644
7.05952e-12
0.000234644
3.3258e-12
0.000234644
2.14951e-12
0.000234644
6.42353e-13
0.000234644
-2.94131e-12
0.000234644
-7.07955e-12
0.000234644
-8.53033e-12
0.000234644
-6.55292e-12
0.000234644
-2.95528e-12
0.000234644
-2.43875e-13
0.000234644
4.04273e-14
0.000234644
-1.67217e-12
0.000234644
-3.35762e-12
0.000234644
-3.23997e-12
0.000234644
-1.51826e-12
0.000234644
-2.4563e-13
0.000234644
-8.61678e-13
0.000234644
-2.13084e-12
0.000234644
-1.72647e-12
0.000234644
8.41902e-13
0.000234644
3.42376e-12
0.000234644
4.16073e-12
0.000234644
3.48857e-12
0.000234644
3.49859e-12
0.000234644
5.12658e-12
0.000234644
7.45607e-12
0.000234644
8.82813e-12
0.000234644
8.23121e-12
0.000234644
6.07826e-12
0.000234644
4.32423e-12
0.000234644
4.79547e-12
0.000234644
6.38267e-12
0.000234644
5.87437e-12
0.000234644
2.08741e-12
0.000234644
-2.29414e-12
0.000234644
-4.4962e-12
0.000234644
-4.41894e-12
0.000234644
-4.17842e-12
0.000234644
-4.48105e-12
0.000234644
-4.3662e-12
0.000234644
-3.239e-12
0.000234644
-1.78001e-12
0.000234643
-5.26401e-13
0.000234643
6.7556e-13
0.000234643
1.49624e-12
0.000234643
1.47665e-12
0.000234643
1.42826e-12
0.000234643
2.75207e-12
0.000234643
4.75603e-12
0.000234643
5.27587e-12
0.000234644
2.96787e-12
0.000234644
-8.38479e-13
0.000234644
-3.62345e-12
0.000234644
-4.3848e-12
0.000234644
-3.5988e-12
0.000234644
-2.5403e-12
0.000234644
-2.55987e-12
0.000234644
-3.4966e-12
0.000234644
-3.89168e-12
0.000234644
-2.6637e-12
0.000234644
-1.167e-12
0.000234644
-1.12673e-12
0.000234644
-7.58578e-13
0.000234644
3.83585e-13
0.000234644
1.55775e-12
0.000234644
1.32514e-12
0.000234644
5.69118e-13
0.000234644
1.67388e-12
0.000234644
2.60834e-12
0.000234644
1.30647e-12
0.000234644
7.84841e-13
0.000234644
-2.36236e-12
0.000234644
-5.03421e-12
0.000234643
-8.02232e-12
0.000234643
-1.22791e-11
-1.74193e-11
0.000230514
1.23884e-10
0.000230514
1.21777e-10
0.000230514
1.3192e-10
0.000230514
1.74983e-10
0.000230514
2.29159e-10
0.000230514
2.89682e-10
0.000230514
3.43738e-10
0.000230514
3.86511e-10
0.000230514
4.16355e-10
0.000230514
4.34259e-10
0.000230514
4.35415e-10
0.000230514
4.18361e-10
0.000230514
3.9194e-10
0.000230514
3.68292e-10
0.000230514
3.42491e-10
0.000230514
3.09729e-10
0.000230514
2.77824e-10
0.000230514
2.47327e-10
0.000230514
2.16738e-10
0.000230514
1.89632e-10
0.000230514
1.64606e-10
0.000230514
1.41568e-10
0.000230514
1.23579e-10
0.000230514
1.08282e-10
0.000230514
9.49469e-11
0.000230514
8.5e-11
0.000230514
7.47433e-11
0.000230514
6.33067e-11
0.000230514
5.26446e-11
0.000230514
4.12272e-11
0.000230514
3.07024e-11
0.000230514
2.42259e-11
0.000230514
2.04648e-11
0.000230514
1.86756e-11
0.000230514
1.72139e-11
0.000230514
1.23776e-11
0.000230514
6.437e-12
0.000230514
1.9513e-12
0.000230514
-2.33561e-12
0.000230514
-6.9501e-12
0.000230514
-1.15786e-11
0.000230514
-1.55573e-11
0.000230514
-1.69124e-11
0.000230514
-1.46862e-11
0.000230514
-1.16069e-11
0.000230514
-9.54549e-12
0.000230514
-9.03651e-12
0.000230514
-9.24586e-12
0.000230514
-8.97813e-12
0.000230514
-7.25027e-12
0.000230514
-4.15597e-12
0.000230514
-1.54234e-13
0.000230514
4.12772e-12
0.000230514
8.43524e-12
0.000230514
1.29293e-11
0.000230514
1.62769e-11
0.000230514
1.66691e-11
0.000230514
1.41208e-11
0.000230514
1.03591e-11
0.000230514
6.461e-12
0.000230514
2.38957e-12
0.000230514
-2.10087e-12
0.000230514
-6.24061e-12
0.000230514
-9.08682e-12
0.000230514
-9.5487e-12
0.000230514
-7.4111e-12
0.000230514
-3.37457e-12
0.000230514
1.31943e-12
0.000230514
5.38562e-12
0.000230514
8.48036e-12
0.000230514
1.11876e-11
0.000230514
1.34324e-11
0.000230514
1.3618e-11
0.000230514
9.85351e-12
0.000230514
2.2498e-12
0.000230514
-6.11749e-12
0.000230514
-1.16318e-11
0.000230514
-1.33367e-11
0.000230514
-1.2932e-11
0.000230514
-1.19417e-11
0.000230514
-1.02708e-11
0.000230514
-7.47381e-12
0.000230514
-4.39012e-12
0.000230514
-2.05507e-12
0.000230514
-1.47801e-12
0.000230514
-2.63378e-12
0.000230514
-4.3187e-12
0.000230514
-4.72268e-12
0.000230514
-2.85821e-12
0.000230514
2.03725e-13
0.000230514
2.17634e-12
0.000230514
2.02152e-12
0.000230514
1.14426e-12
0.000230514
1.85222e-12
0.000230514
4.64383e-12
0.000230514
7.86567e-12
0.000230514
9.81075e-12
0.000230514
1.09791e-11
0.000230514
1.26721e-11
0.000230514
1.5598e-11
0.000230514
1.89109e-11
0.000230514
2.07428e-11
0.000230514
1.95273e-11
0.000230514
1.55096e-11
0.000230514
1.10947e-11
0.000230514
8.42965e-12
0.000230514
7.0408e-12
0.000230514
4.65708e-12
0.000230514
6.95847e-13
0.000230514
-3.10807e-12
0.000230514
-4.84875e-12
0.000230514
-5.12671e-12
0.000230514
-5.0513e-12
0.000230514
-5.18987e-12
0.000230514
-5.0128e-12
0.000230514
-4.08429e-12
0.000230514
-2.71132e-12
0.000230514
-9.13165e-13
0.000230514
1.21642e-12
0.000230514
2.52274e-12
0.000230514
2.20457e-12
0.000230514
1.27481e-12
0.000230514
7.04393e-13
0.000230514
-7.2087e-15
0.000230514
-1.84136e-12
0.000230514
-5.25486e-12
0.000230514
-8.23477e-12
0.000230514
-8.97049e-12
0.000230514
-8.01715e-12
0.000230514
-6.30706e-12
0.000230514
-4.75144e-12
0.000230514
-4.46221e-12
0.000230514
-5.19977e-12
0.000230514
-4.89467e-12
0.000230514
-2.64149e-12
0.000230514
-4.84111e-13
0.000230514
1.03712e-12
0.000230514
2.83634e-12
0.000230514
6.24192e-12
0.000230514
9.39693e-12
0.000230514
9.446e-12
0.000230514
7.70678e-12
0.000230514
7.72517e-12
0.000230514
7.02213e-12
0.000230514
5.08256e-12
0.000230514
2.23859e-12
0.000230514
9.50187e-13
0.000230514
1.28419e-12
0.000230514
-1.52281e-12
-8.1649e-12
0.000218117
8.30944e-11
0.000218117
7.70459e-11
0.000218117
9.95975e-11
0.000218117
1.62145e-10
0.000218117
2.23997e-10
0.000218117
2.80275e-10
0.000218117
3.25186e-10
0.000218117
3.63387e-10
0.000218117
3.92476e-10
0.000218117
4.07101e-10
0.000218117
4.04262e-10
0.000218117
3.8793e-10
0.000218117
3.61711e-10
0.000218117
3.35597e-10
0.000218117
3.14112e-10
0.000218117
2.88854e-10
0.000218117
2.58979e-10
0.000218117
2.27587e-10
0.000218117
1.95129e-10
0.000218117
1.67355e-10
0.000218117
1.46584e-10
0.000218117
1.29536e-10
0.000218117
1.17337e-10
0.000218117
1.08552e-10
0.000218117
9.74797e-11
0.000218117
8.44206e-11
0.000218117
7.07791e-11
0.000218117
5.69284e-11
0.000218117
4.69402e-11
0.000218117
4.13735e-11
0.000218117
3.71143e-11
0.000218117
3.41434e-11
0.000218117
3.19749e-11
0.000218117
2.98898e-11
0.000218117
2.80519e-11
0.000218117
2.28116e-11
0.000218117
1.34376e-11
0.000218117
4.30545e-12
0.000218117
-1.90257e-12
0.000218117
-5.87822e-12
0.000218117
-8.28807e-12
0.000218117
-1.03301e-11
0.000218117
-1.20488e-11
0.000218117
-1.12626e-11
0.000218117
-8.7748e-12
0.000218117
-7.98452e-12
0.000218117
-1.00398e-11
0.000218117
-1.36367e-11
0.000218117
-1.61738e-11
0.000218117
-1.5176e-11
0.000218117
-1.02063e-11
0.000218117
-2.82577e-12
0.000218117
4.41738e-12
0.000218117
9.85637e-12
0.000218117
1.36304e-11
0.000218117
1.64302e-11
0.000218117
1.75393e-11
0.000218117
1.60955e-11
0.000218117
1.29399e-11
0.000218117
9.82566e-12
0.000218117
7.69925e-12
0.000218117
5.91742e-12
0.000218117
4.38146e-12
0.000218117
2.31069e-12
0.000218117
-6.70103e-14
0.000218117
-2.14881e-12
0.000218117
-2.76151e-12
0.000218117
-1.06814e-12
0.000218117
1.64898e-12
0.000218117
2.77292e-12
0.000218117
9.86969e-13
0.000218117
-2.50228e-12
0.000218117
-5.77012e-12
0.000218117
-8.64182e-12
0.000218117
-1.23373e-11
0.000218117
-1.69678e-11
0.000218117
-2.02654e-11
0.000218117
-1.9649e-11
0.000218117
-1.53227e-11
0.000218117
-1.00749e-11
0.000218117
-6.5634e-12
0.000218117
-4.60504e-12
0.000218117
-3.50638e-12
0.000218117
-2.4864e-12
0.000218117
-1.57262e-12
0.000218117
-1.47375e-12
0.000218117
-2.83961e-12
0.000218117
-4.8667e-12
0.000218117
-5.34355e-12
0.000218117
-3.03946e-12
0.000218117
8.13314e-13
0.000218117
3.72908e-12
0.000218117
4.63162e-12
0.000218117
5.10818e-12
0.000218117
7.19139e-12
0.000218117
1.14069e-11
0.000218117
1.60874e-11
0.000218117
1.9863e-11
0.000218117
2.17306e-11
0.000218117
2.14688e-11
0.000218117
2.02978e-11
0.000218117
1.91761e-11
0.000218117
1.78529e-11
0.000218117
1.51192e-11
0.000218117
1.09755e-11
0.000218117
7.4624e-12
0.000218117
6.19934e-12
0.000218117
6.04218e-12
0.000218117
4.93258e-12
0.000218117
2.26094e-12
0.000218117
-3.07595e-13
0.000218117
-1.46589e-12
0.000218117
-9.32225e-13
0.000218117
1.69307e-13
0.000218117
5.36645e-13
0.000218117
2.29505e-14
0.000218117
-9.97593e-13
0.000218117
-1.9149e-12
0.000218117
-2.10406e-12
0.000218117
-2.03098e-12
0.000218117
-2.62131e-12
0.000218117
-3.49162e-12
0.000218117
-4.16113e-12
0.000218117
-4.81021e-12
0.000218117
-5.18083e-12
0.000218117
-5.75834e-12
0.000218117
-6.28869e-12
0.000218117
-5.48879e-12
0.000218117
-4.10049e-12
0.000218117
-3.32323e-12
0.000218117
-2.40092e-12
0.000218117
-2.99076e-13
0.000218117
2.15758e-12
0.000218117
4.2622e-12
0.000218117
6.98123e-12
0.000218117
9.30226e-12
0.000218117
9.31386e-12
0.000218117
7.84482e-12
0.000218117
6.5001e-12
0.000218117
6.28782e-12
0.000218117
6.28573e-12
0.000218117
3.72287e-12
0.000218117
3.00861e-12
0.000218117
3.6132e-12
0.000218117
3.99319e-12
0.000218117
4.13814e-12
0.000218117
5.59229e-12
0.000218117
4.09564e-12
0.000218117
7.43977e-12
4.88398e-12
0.000197437
6.50748e-11
0.000197437
8.51889e-11
0.000197437
1.20991e-10
0.000197437
1.64506e-10
0.000197437
2.12504e-10
0.000197438
2.5339e-10
0.000197438
2.83124e-10
0.000197438
3.09432e-10
0.000197438
3.30676e-10
0.000197438
3.37596e-10
0.000197438
3.30819e-10
0.000197438
3.21811e-10
0.000197438
3.09162e-10
0.000197438
2.84612e-10
0.000197438
2.53357e-10
0.000197438
2.20997e-10
0.000197438
1.91998e-10
0.000197438
1.71432e-10
0.000197438
1.54517e-10
0.000197438
1.36189e-10
0.000197438
1.1875e-10
0.000197438
1.02323e-10
0.000197438
8.69757e-11
0.000197438
7.50017e-11
0.000197438
6.41386e-11
0.000197438
5.39682e-11
0.000197438
4.77156e-11
0.000197438
4.34291e-11
0.000197438
3.90583e-11
0.000197438
3.57018e-11
0.000197438
3.20551e-11
0.000197438
2.73137e-11
0.000197438
2.2066e-11
0.000197438
1.6128e-11
0.000197438
1.11474e-11
0.000197438
6.7834e-12
0.000197438
1.75022e-12
0.000197438
-2.99021e-12
0.000197438
-5.23739e-12
0.000197438
-6.83299e-12
0.000197438
-9.26621e-12
0.000197438
-1.25749e-11
0.000197438
-1.62e-11
0.000197438
-1.80311e-11
0.000197438
-1.69044e-11
0.000197438
-1.48112e-11
0.000197438
-1.36778e-11
0.000197438
-1.32101e-11
0.000197438
-1.17012e-11
0.000197438
-7.56584e-12
0.000197438
-4.39047e-13
0.000197438
8.0787e-12
0.000197438
1.5113e-11
0.000197438
1.86164e-11
0.000197438
1.931e-11
0.000197438
2.00937e-11
0.000197438
2.21862e-11
0.000197438
2.35475e-11
0.000197438
2.16471e-11
0.000197438
1.66514e-11
0.000197438
1.09048e-11
0.000197438
6.70195e-12
0.000197438
4.77301e-12
0.000197438
4.47948e-12
0.000197438
4.8666e-12
0.000197438
4.99035e-12
0.000197438
4.63202e-12
0.000197438
4.36082e-12
0.000197438
4.46939e-12
0.000197438
3.58787e-12
0.000197438
-3.51467e-13
0.000197438
-7.26611e-12
0.000197438
-1.42402e-11
0.000197438
-1.83346e-11
0.000197438
-1.95847e-11
0.000197438
-2.03611e-11
0.000197438
-2.22065e-11
0.000197438
-2.36408e-11
0.000197438
-2.23547e-11
0.000197438
-1.81e-11
0.000197438
-1.28639e-11
0.000197438
-8.69246e-12
0.000197438
-6.79744e-12
0.000197438
-6.97785e-12
0.000197438
-7.41233e-12
0.000197438
-6.59527e-12
0.000197438
-4.83213e-12
0.000197438
-3.75843e-12
0.000197438
-3.58791e-12
0.000197438
-2.67408e-12
0.000197438
6.90656e-13
0.000197438
5.91002e-12
0.000197438
1.06342e-11
0.000197438
1.35007e-11
0.000197438
1.52834e-11
0.000197438
1.7244e-11
0.000197438
1.96418e-11
0.000197438
2.22937e-11
0.000197438
2.41048e-11
0.000197438
2.32205e-11
0.000197438
1.93948e-11
0.000197438
1.47423e-11
0.000197438
1.21624e-11
0.000197438
1.20139e-11
0.000197438
1.17902e-11
0.000197438
9.86476e-12
0.000197438
7.24343e-12
0.000197438
5.32674e-12
0.000197438
4.07517e-12
0.000197438
2.20154e-12
0.000197438
1.34683e-14
0.000197438
-1.69303e-12
0.000197438
-2.01629e-12
0.000197438
-1.11389e-12
0.000197438
-4.26508e-13
0.000197438
-1.1861e-12
0.000197438
-3.84452e-12
0.000197438
-7.76757e-12
0.000197438
-1.04418e-11
0.000197438
-9.90374e-12
0.000197438
-7.48387e-12
0.000197438
-5.22505e-12
0.000197438
-4.0197e-12
0.000197438
-4.39406e-12
0.000197438
-5.60485e-12
0.000197438
-6.66696e-12
0.000197438
-7.48305e-12
0.000197438
-7.21057e-12
0.000197438
-5.491e-12
0.000197438
-3.43964e-12
0.000197438
-1.14589e-12
0.000197438
2.29209e-12
0.000197438
5.50217e-12
0.000197438
6.22223e-12
0.000197438
6.55345e-12
0.000197438
7.53844e-12
0.000197438
8.00209e-12
0.000197438
7.73556e-12
0.000197438
5.35066e-12
0.000197438
2.27917e-12
0.000197438
1.9834e-12
0.000197438
5.05595e-13
0.000197438
1.4278e-12
0.000197438
1.90545e-12
0.000197438
3.12677e-12
0.000197438
4.69618e-12
0.000197438
9.12724e-12
0.000197438
6.9005e-12
0.000197438
1.09349e-11
1.42104e-11
0.000168452
5.43899e-11
0.000168452
6.51775e-11
0.000168452
1.01087e-10
0.000168452
1.39438e-10
0.000168452
1.79087e-10
0.000168452
2.03516e-10
0.000168452
2.17535e-10
0.000168452
2.30844e-10
0.000168452
2.41174e-10
0.000168452
2.44032e-10
0.000168453
2.37582e-10
0.000168453
2.25548e-10
0.000168453
2.1174e-10
0.000168453
1.9254e-10
0.000168453
1.71374e-10
0.000168453
1.52862e-10
0.000168453
1.3406e-10
0.000168453
1.169e-10
0.000168453
1.04247e-10
0.000168453
9.2766e-11
0.000168453
8.22363e-11
0.000168453
7.34919e-11
0.000168453
6.38717e-11
0.000168453
5.44033e-11
0.000168453
4.5848e-11
0.000168453
3.63805e-11
0.000168453
2.98337e-11
0.000168453
2.87395e-11
0.000168453
2.89308e-11
0.000168453
2.83563e-11
0.000168453
2.69332e-11
0.000168453
2.343e-11
0.000168453
1.76929e-11
0.000168453
9.43657e-12
0.000168453
-3.09382e-14
0.000168453
-7.03251e-12
0.000168453
-1.01924e-11
0.000168453
-1.12356e-11
0.000168453
-1.11489e-11
0.000168453
-1.07342e-11
0.000168453
-1.00399e-11
0.000168453
-8.06037e-12
0.000168453
-5.40701e-12
0.000168453
-3.84118e-12
0.000168453
-3.78051e-12
0.000168453
-4.48956e-12
0.000168453
-5.35e-12
0.000168453
-5.07475e-12
0.000168453
-3.0955e-12
0.000168453
-4.689e-13
0.000168453
1.8886e-12
0.000168453
5.02202e-12
0.000168453
1.01494e-11
0.000168453
1.60847e-11
0.000168453
1.97715e-11
0.000168453
1.98443e-11
0.000168453
1.81663e-11
0.000168453
1.70946e-11
0.000168453
1.67404e-11
0.000168453
1.55663e-11
0.000168453
1.2678e-11
0.000168453
8.7564e-12
0.000168453
4.99167e-12
0.000168453
2.75425e-12
0.000168453
3.00882e-12
0.000168453
5.54066e-12
0.000168453
8.44663e-12
0.000168453
9.44612e-12
0.000168453
7.89211e-12
0.000168453
5.02207e-12
0.000168453
1.70695e-12
0.000168453
-2.513e-12
0.000168453
-8.15525e-12
0.000168453
-1.40758e-11
0.000168453
-1.80279e-11
0.000168453
-1.92353e-11
0.000168453
-1.9261e-11
0.000168453
-1.98689e-11
0.000168453
-2.11809e-11
0.000168453
-2.21451e-11
0.000168453
-2.15768e-11
0.000168453
-1.88285e-11
0.000168453
-1.43584e-11
0.000168453
-1.03725e-11
0.000168453
-8.66048e-12
0.000168453
-7.88952e-12
0.000168453
-5.20849e-12
0.000168453
5.73246e-14
0.000168453
6.17937e-12
0.000168453
1.01829e-11
0.000168453
1.18051e-11
0.000168453
1.29395e-11
0.000168453
1.4999e-11
0.000168453
1.74494e-11
0.000168453
1.94232e-11
0.000168453
2.04936e-11
0.000168453
2.03564e-11
0.000168453
1.92718e-11
0.000168453
1.80058e-11
0.000168453
1.71029e-11
0.000168453
1.60459e-11
0.000168453
1.40869e-11
0.000168453
1.21936e-11
0.000168453
1.22214e-11
0.000168453
1.37709e-11
0.000168453
1.42066e-11
0.000168453
1.19289e-11
0.000168453
7.8609e-12
0.000168453
3.61649e-12
0.000168453
9.0945e-14
0.000168453
-2.19657e-12
0.000168453
-3.58959e-12
0.000168453
-5.33682e-12
0.000168453
-8.3402e-12
0.000168453
-1.22034e-11
0.000168453
-1.52211e-11
0.000168453
-1.60594e-11
0.000168453
-1.61361e-11
0.000168453
-1.67634e-11
0.000168453
-1.67859e-11
0.000168453
-1.5504e-11
0.000168453
-1.38196e-11
0.000168453
-1.25114e-11
0.000168453
-1.20689e-11
0.000168453
-1.15151e-11
0.000168453
-9.17208e-12
0.000168453
-6.10559e-12
0.000168453
-4.00732e-12
0.000168453
-2.28332e-12
0.000168453
-5.06114e-13
0.000168453
9.04991e-13
0.000168453
2.86141e-12
0.000168453
6.14873e-12
0.000168453
8.60962e-12
0.000168453
9.01017e-12
0.000168453
7.66455e-12
0.000168453
4.34594e-12
0.000168453
2.06026e-12
0.000168453
9.83292e-13
0.000168453
-1.67431e-12
0.000168453
-2.53543e-13
0.000168453
2.79616e-12
0.000168453
2.7083e-12
0.000168453
-1.06743e-12
0.000168453
1.82693e-13
0.000168453
2.24258e-12
0.000168453
3.61586e-12
0.000168453
7.16688e-12
0.000168453
1.38004e-11
1.17154e-11
0.000131128
4.85303e-11
0.000131128
5.59791e-11
0.000131128
6.83146e-11
0.000131128
8.39959e-11
0.000131128
1.0392e-10
0.000131128
1.18142e-10
0.000131128
1.29682e-10
0.000131128
1.39064e-10
0.000131128
1.42068e-10
0.000131128
1.41789e-10
0.000131128
1.41005e-10
0.000131128
1.34435e-10
0.000131128
1.21864e-10
0.000131129
1.05327e-10
0.000131129
8.97201e-11
0.000131129
8.16685e-11
0.000131129
7.64274e-11
0.000131129
6.76991e-11
0.000131129
5.86035e-11
0.000131129
5.03326e-11
0.000131129
4.20418e-11
0.000131129
3.61462e-11
0.000131129
3.10674e-11
0.000131129
2.5736e-11
0.000131129
2.34044e-11
0.000131129
2.2178e-11
0.000131129
1.98195e-11
0.000131129
1.88615e-11
0.000131129
1.83934e-11
0.000131129
1.56215e-11
0.000131129
1.1026e-11
0.000131129
5.26889e-12
0.000131129
-2.16847e-13
0.000131129
-3.42232e-12
0.000131129
-4.4912e-12
0.000131129
-3.60768e-12
0.000131129
-1.54835e-12
0.000131129
-1.10097e-12
0.000131129
-2.89038e-12
0.000131129
-4.42814e-12
0.000131129
-3.80035e-12
0.000131129
-6.11627e-13
0.000131129
3.52237e-12
0.000131129
5.54618e-12
0.000131129
4.87535e-12
0.000131129
3.42509e-12
0.000131129
1.76579e-12
0.000131129
-3.5211e-13
0.000131129
-1.74126e-12
0.000131129
-9.31264e-13
0.000131129
1.55927e-12
0.000131129
4.18494e-12
0.000131129
6.87119e-12
0.000131129
9.56703e-12
0.000131129
1.19753e-11
0.000131129
1.30582e-11
0.000131129
1.2349e-11
0.000131129
1.0593e-11
0.000131129
8.52883e-12
0.000131129
6.12064e-12
0.000131129
3.79717e-12
0.000131129
3.17117e-12
0.000131129
5.18606e-12
0.000131129
8.70772e-12
0.000131129
1.14377e-11
0.000131129
1.19075e-11
0.000131129
1.02626e-11
0.000131129
7.28855e-12
0.000131129
3.52709e-12
0.000131129
-3.80894e-13
0.000131129
-3.76805e-12
0.000131129
-6.28187e-12
0.000131129
-8.23178e-12
0.000131129
-1.01452e-11
0.000131129
-1.21533e-11
0.000131129
-1.38567e-11
0.000131129
-1.52167e-11
0.000131129
-1.63238e-11
0.000131129
-1.6728e-11
0.000131129
-1.58056e-11
0.000131129
-1.41537e-11
0.000131129
-1.31175e-11
0.000131129
-1.2398e-11
0.000131129
-1.09799e-11
0.000131129
-8.29782e-12
0.000131129
-4.46606e-12
0.000131129
1.28605e-13
0.000131129
5.05647e-12
0.000131129
9.85721e-12
0.000131129
1.35573e-11
0.000131129
1.57726e-11
0.000131129
1.71685e-11
0.000131129
1.85102e-11
0.000131129
1.91678e-11
0.000131129
1.82784e-11
0.000131129
1.67114e-11
0.000131129
1.56784e-11
0.000131129
1.5067e-11
0.000131129
1.41732e-11
0.000131129
1.30539e-11
0.000131129
1.26825e-11
0.000131129
1.34386e-11
0.000131129
1.42669e-11
0.000131129
1.42852e-11
0.000131129
1.35642e-11
0.000131129
1.20569e-11
0.000131129
9.58028e-12
0.000131129
6.74917e-12
0.000131129
4.50721e-12
0.000131129
2.66862e-12
0.000131129
7.32342e-13
0.000131129
-2.22602e-12
0.000131129
-6.2081e-12
0.000131129
-1.04056e-11
0.000131129
-1.3787e-11
0.000131129
-1.63498e-11
0.000131129
-1.75387e-11
0.000131129
-1.73552e-11
0.000131129
-1.7504e-11
0.000131129
-1.81435e-11
0.000131129
-1.80678e-11
0.000131129
-1.73048e-11
0.000131129
-1.60243e-11
0.000131129
-1.40752e-11
0.000131129
-1.14129e-11
0.000131129
-7.3521e-12
0.000131129
-2.86821e-12
0.000131129
9.34887e-14
0.000131129
2.6192e-12
0.000131129
5.72701e-12
0.000131129
7.86495e-12
0.000131129
8.5184e-12
0.000131129
8.459e-12
0.000131129
7.64567e-12
0.000131129
5.82284e-12
0.000131129
4.48548e-12
0.000131129
2.85861e-12
0.000131129
7.51931e-13
0.000131129
7.81401e-13
0.000131129
3.07839e-14
0.000131129
-3.12739e-12
0.000131129
-3.48312e-12
0.000131129
-2.04707e-12
0.000131129
-1.88984e-12
0.000131129
1.57728e-12
0.000131129
4.94003e-12
0.000131129
2.64523e-13
0.000131129
2.57471e-12
0.000131129
1.02633e-11
5.81633e-12
8.54246e-05
2.96718e-11
8.54246e-05
2.71464e-11
8.54247e-05
2.73272e-11
8.54247e-05
3.08643e-11
8.54248e-05
3.4788e-11
8.54249e-05
3.66571e-11
8.5425e-05
4.08578e-11
8.54251e-05
4.59458e-11
8.54252e-05
4.72884e-11
8.54253e-05
4.40819e-11
8.54254e-05
3.99419e-11
8.54255e-05
3.50283e-11
8.54256e-05
3.1481e-11
8.54257e-05
3.00605e-11
8.54257e-05
2.69088e-11
8.54258e-05
2.32488e-11
8.54259e-05
2.03209e-11
8.54259e-05
1.49929e-11
8.5426e-05
9.59764e-12
8.5426e-05
7.38573e-12
8.5426e-05
5.73178e-12
8.5426e-05
4.74587e-12
8.5426e-05
4.94073e-12
8.54261e-05
3.66023e-12
8.54261e-05
2.50169e-12
8.54261e-05
3.13484e-12
8.54261e-05
2.65753e-12
8.54261e-05
6.39931e-13
8.54261e-05
-9.66595e-13
8.54261e-05
-2.76622e-12
8.54261e-05
-3.30753e-12
8.54261e-05
-1.92646e-12
8.54261e-05
4.59109e-13
8.54261e-05
3.46735e-12
8.54261e-05
5.19256e-12
8.54261e-05
3.87172e-12
8.54261e-05
1.10108e-12
8.54261e-05
-9.22838e-13
8.54261e-05
-1.39153e-12
8.54261e-05
-3.19667e-13
8.54261e-05
1.10181e-12
8.54261e-05
1.9651e-12
8.54261e-05
2.69264e-12
8.54261e-05
3.13492e-12
8.54261e-05
2.45255e-12
8.54261e-05
1.50792e-12
8.54261e-05
1.4594e-12
8.54261e-05
1.20972e-12
8.54261e-05
-5.58731e-13
8.54261e-05
-3.00593e-12
8.5426e-05
-4.45919e-12
8.5426e-05
-4.36807e-12
8.5426e-05
-3.22625e-12
8.5426e-05
-1.89581e-12
8.5426e-05
-4.56202e-13
8.5426e-05
1.16162e-12
8.5426e-05
2.33277e-12
8.5426e-05
2.91328e-12
8.5426e-05
4.06576e-12
8.5426e-05
6.42543e-12
8.54261e-05
8.85061e-12
8.54261e-05
1.05893e-11
8.54261e-05
1.15719e-11
8.54261e-05
1.19297e-11
8.54261e-05
1.13302e-11
8.54261e-05
9.26993e-12
8.54261e-05
5.8643e-12
8.54261e-05
2.04654e-12
8.54261e-05
-1.31824e-12
8.54261e-05
-3.70476e-12
8.54261e-05
-4.87328e-12
8.54261e-05
-5.02815e-12
8.54261e-05
-4.61059e-12
8.54261e-05
-3.99857e-12
8.54261e-05
-3.44201e-12
8.54261e-05
-2.77595e-12
8.54261e-05
-2.22959e-12
8.54261e-05
-2.47459e-12
8.54261e-05
-3.73663e-12
8.54261e-05
-5.16174e-12
8.54261e-05
-5.57387e-12
8.54261e-05
-5.03307e-12
8.54261e-05
-4.45986e-12
8.54261e-05
-4.21043e-12
8.54261e-05
-3.8769e-12
8.54261e-05
-2.78783e-12
8.54261e-05
-6.84547e-13
8.5426e-05
2.17044e-12
8.5426e-05
5.2469e-12
8.54261e-05
7.7687e-12
8.54261e-05
9.15649e-12
8.54261e-05
9.42855e-12
8.54261e-05
9.39761e-12
8.54261e-05
9.64069e-12
8.54261e-05
9.66216e-12
8.54261e-05
8.54029e-12
8.54261e-05
6.61453e-12
8.54261e-05
5.05437e-12
8.54261e-05
4.40872e-12
8.54261e-05
4.31966e-12
8.54261e-05
4.09726e-12
8.54261e-05
4.02875e-12
8.54261e-05
4.38143e-12
8.54261e-05
4.94067e-12
8.54261e-05
5.7196e-12
8.54261e-05
6.24807e-12
8.54261e-05
6.00244e-12
8.54261e-05
5.04453e-12
8.54261e-05
4.06333e-12
8.54262e-05
3.13066e-12
8.54262e-05
2.38134e-12
8.54262e-05
1.38753e-12
8.54262e-05
-4.78465e-13
8.54261e-05
-2.94224e-12
8.54261e-05
-5.11418e-12
8.54261e-05
-7.21838e-12
8.54261e-05
-9.66259e-12
8.54261e-05
-1.14632e-11
8.54261e-05
-1.24844e-11
8.54261e-05
-1.34519e-11
8.54261e-05
-1.38157e-11
8.5426e-05
-1.27997e-11
8.5426e-05
-1.04476e-11
8.5426e-05
-7.68176e-12
8.5426e-05
-5.94377e-12
8.5426e-05
-4.41226e-12
8.5426e-05
-8.22376e-13
8.5426e-05
3.84129e-12
8.5426e-05
6.7701e-12
8.5426e-05
8.24094e-12
8.5426e-05
9.13373e-12
8.5426e-05
9.51929e-12
8.5426e-05
8.91926e-12
8.5426e-05
6.60763e-12
8.5426e-05
3.50704e-12
8.5426e-05
1.99346e-12
8.5426e-05
1.36018e-12
8.5426e-05
2.61666e-13
8.5426e-05
6.8465e-13
8.5426e-05
2.17029e-12
8.5426e-05
1.14345e-12
8.5426e-05
4.74758e-13
8.5426e-05
1.66425e-12
8.5426e-05
3.34267e-12
8.5426e-05
1.60347e-12
8.5426e-05
7.99956e-13
8.5426e-05
-3.74205e-13
8.5426e-05
-5.54266e-13
8.5426e-05
-8.1173e-13
4.49111e-12
3.12986e-05
3.12986e-05
3.12986e-05
3.12986e-05
3.12987e-05
3.12987e-05
3.12988e-05
3.12988e-05
3.12989e-05
3.12989e-05
3.1299e-05
3.1299e-05
3.12991e-05
3.12991e-05
3.12992e-05
3.12992e-05
3.12992e-05
3.12992e-05
3.12993e-05
3.12993e-05
3.12993e-05
3.12993e-05
3.12993e-05
3.12993e-05
3.12993e-05
3.12993e-05
3.12993e-05
3.12993e-05
3.12993e-05
3.12993e-05
3.12993e-05
3.12993e-05
3.12993e-05
3.12993e-05
3.12993e-05
3.12993e-05
3.12993e-05
3.12993e-05
3.12993e-05
3.12993e-05
3.12993e-05
3.12993e-05
3.12993e-05
3.12993e-05
3.12993e-05
3.12993e-05
3.12992e-05
3.12992e-05
3.12992e-05
3.12992e-05
3.12992e-05
3.12992e-05
3.12992e-05
3.12992e-05
3.12992e-05
3.12992e-05
3.12992e-05
3.12992e-05
3.12992e-05
3.12992e-05
3.12992e-05
3.12992e-05
3.12992e-05
3.12992e-05
3.12993e-05
3.12993e-05
3.12993e-05
3.12993e-05
3.12993e-05
3.12993e-05
3.12993e-05
3.12993e-05
3.12993e-05
3.12993e-05
3.12993e-05
3.12993e-05
3.12993e-05
3.12993e-05
3.12993e-05
3.12993e-05
3.12993e-05
3.12993e-05
3.12993e-05
3.12993e-05
3.12993e-05
3.12993e-05
3.12993e-05
3.12993e-05
3.12993e-05
3.12993e-05
3.12993e-05
3.12993e-05
3.12993e-05
3.12993e-05
3.12993e-05
3.12993e-05
3.12993e-05
3.12993e-05
3.12993e-05
3.12993e-05
3.12993e-05
3.12993e-05
3.12993e-05
3.12993e-05
3.12993e-05
3.12993e-05
3.12993e-05
3.12993e-05
3.12994e-05
3.12994e-05
3.12994e-05
3.12994e-05
3.12994e-05
3.12994e-05
3.12994e-05
3.12993e-05
3.12993e-05
3.12993e-05
3.12993e-05
3.12993e-05
3.12993e-05
3.12992e-05
3.12992e-05
3.12992e-05
3.12992e-05
3.12992e-05
3.12992e-05
3.12992e-05
3.12992e-05
3.12992e-05
3.12992e-05
3.12992e-05
3.12992e-05
3.12992e-05
3.12992e-05
3.12992e-05
3.12992e-05
3.12992e-05
3.12992e-05
3.12992e-05
3.12992e-05
3.12992e-05
3.12992e-05
3.12992e-05
3.12992e-05
3.12992e-05
3.12992e-05
3.12992e-05
3.12992e-05
)
;

boundaryField
{
    inlet
    {
        type            calculated;
        value           nonuniform List<scalar> 
15
(
-3.12981e-05
-8.54233e-05
-0.000131126
-0.00016845
-0.000197436
-0.000218115
-0.000230513
-0.000234644
-0.000230514
-0.000218117
-0.000197437
-0.000168452
-0.000131127
-8.54246e-05
-3.12985e-05
)
;
    }
    outlet
    {
        type            calculated;
        value           nonuniform List<scalar> 
15
(
3.12982e-05
8.54231e-05
0.000131125
0.000168449
0.000197434
0.000218114
0.000230512
0.000234643
0.000230514
0.000218117
0.000197438
0.000168453
0.000131129
8.5426e-05
3.12992e-05
)
;
    }
    walls
    {
        type            calculated;
        value           uniform 0;
    }
    frontAndBack
    {
        type            empty;
    }
}


// ************************************************************************* //
