/*--------------------------------*- C++ -*----------------------------------*\
| =========                 |                                                 |
| \\      /  F ield         | OpenFOAM: The Open Source CFD Toolbox           |
|  \\    /   O peration     | Version:  2406                                  |
|   \\  /    A nd           | Website:  www.openfoam.com                      |
|    \\/     M anipulation  |                                                 |
\*---------------------------------------------------------------------------*/
FoamFile
{
    version     2.0;
    format      ascii;
    arch        "LSB;label=32;scalar=64";
    class       surfaceScalarField;
    location    "0.5";
    object      phi;
}
// * * * * * * * * * * * * * * * * * * * * * * * * * * * * * * * * * * * * * //

dimensions      [0 3 -1 0 0 0 0];

oriented        oriented;

internalField   nonuniform List<scalar> 
4335
(
5.37168e-05
-1.88519e-11
5.37168e-05
-2.0795e-11
5.37168e-05
7.35093e-11
5.37167e-05
1.27564e-10
5.37165e-05
1.77375e-10
5.37164e-05
1.77671e-10
5.37163e-05
1.29904e-10
5.37162e-05
1.16974e-10
5.37161e-05
1.26944e-10
5.3716e-05
1.04769e-10
5.37159e-05
5.52987e-11
5.37158e-05
5.90166e-11
5.37158e-05
8.65136e-11
5.37157e-05
7.79884e-11
5.37157e-05
4.25719e-11
5.37156e-05
1.09906e-11
5.37156e-05
5.72666e-13
5.37156e-05
7.75519e-12
5.37155e-05
1.67651e-11
5.37155e-05
1.32597e-11
5.37154e-05
1.48313e-12
5.37154e-05
1.30238e-13
5.37153e-05
1.16161e-11
5.37153e-05
2.07241e-11
5.37153e-05
1.46703e-11
5.37153e-05
-2.124e-12
5.37153e-05
-1.7362e-11
5.37153e-05
-2.0394e-11
5.37153e-05
-1.37785e-11
5.37153e-05
-8.74167e-12
5.37153e-05
-1.52283e-11
5.37153e-05
-2.63486e-11
5.37154e-05
-2.82409e-11
5.37154e-05
-1.55805e-11
5.37154e-05
3.6214e-12
5.37154e-05
1.48666e-11
5.37154e-05
1.13404e-11
5.37154e-05
2.75177e-12
5.37154e-05
1.15028e-12
5.37154e-05
1.1301e-11
5.37154e-05
2.13865e-11
5.37153e-05
2.17478e-11
5.37153e-05
1.20088e-11
5.37153e-05
1.05229e-12
5.37153e-05
-1.76989e-12
5.37153e-05
2.72526e-12
5.37154e-05
6.2477e-12
5.37154e-05
1.80582e-12
5.37154e-05
-8.20203e-12
5.37154e-05
-1.4015e-11
5.37154e-05
-1.09629e-11
5.37154e-05
-2.67248e-12
5.37154e-05
2.19338e-12
5.37154e-05
-1.14342e-13
5.37153e-05
-4.79864e-12
5.37153e-05
-4.54513e-12
5.37153e-05
2.58352e-12
5.37153e-05
1.00404e-11
5.37153e-05
1.08711e-11
5.37153e-05
4.59197e-12
5.37153e-05
-2.14232e-12
5.37153e-05
-3.03827e-12
5.37153e-05
1.5123e-12
5.37154e-05
4.46082e-12
5.37154e-05
1.76299e-12
5.37154e-05
-3.73219e-12
5.37154e-05
-5.04382e-12
5.37154e-05
2.14724e-12
5.37154e-05
1.32721e-11
5.37154e-05
2.01927e-11
5.37154e-05
1.90249e-11
5.37154e-05
1.3363e-11
5.37154e-05
1.07722e-11
5.37154e-05
1.4588e-11
5.37153e-05
1.90065e-11
5.37153e-05
1.74275e-11
5.37153e-05
8.58952e-12
5.37153e-05
-1.38965e-12
5.37153e-05
-5.14553e-12
5.37154e-05
-1.88019e-12
5.37154e-05
1.86695e-12
5.37154e-05
-6.28825e-13
5.37154e-05
-8.53742e-12
5.37154e-05
-1.45951e-11
5.37154e-05
-1.3591e-11
5.37154e-05
-7.77244e-12
5.37154e-05
-4.41627e-12
5.37155e-05
-8.09083e-12
5.37155e-05
-1.53368e-11
5.37155e-05
-1.88133e-11
5.37155e-05
-1.56248e-11
5.37155e-05
-1.00629e-11
5.37155e-05
-8.63603e-12
5.37155e-05
-1.33519e-11
5.37155e-05
-1.78552e-11
5.37156e-05
-1.59834e-11
5.37156e-05
-8.05735e-12
5.37156e-05
-6.62337e-13
5.37156e-05
1.96043e-13
5.37156e-05
-3.95331e-12
5.37156e-05
-5.9099e-12
5.37156e-05
-1.66912e-12
5.37156e-05
5.45954e-12
5.37156e-05
8.41092e-12
5.37156e-05
3.7558e-12
5.37155e-05
-3.66244e-12
5.37155e-05
-6.44881e-12
5.37155e-05
-2.03381e-12
5.37155e-05
3.42017e-12
5.37155e-05
3.89529e-12
5.37155e-05
-1.44763e-12
5.37155e-05
-6.38436e-12
5.37155e-05
-4.61565e-12
5.37155e-05
2.93442e-12
5.37155e-05
9.72188e-12
5.37155e-05
1.0324e-11
5.37155e-05
5.57138e-12
5.37155e-05
2.89937e-12
5.37154e-05
6.38499e-12
5.37154e-05
1.34705e-11
5.37154e-05
1.73144e-11
5.37154e-05
1.43054e-11
5.37154e-05
8.30022e-12
5.37153e-05
5.39225e-12
5.37153e-05
8.84584e-12
5.37153e-05
1.40756e-11
5.37153e-05
1.59037e-11
5.37153e-05
1.21874e-11
5.37153e-05
6.84674e-12
5.37152e-05
5.69361e-12
5.37152e-05
9.6944e-12
5.37152e-05
1.24323e-11
5.37152e-05
1.02366e-11
5.37152e-05
4.33894e-12
5.37152e-05
-1.37712e-12
5.37152e-05
-3.79449e-12
5.37152e-05
-2.13166e-12
5.37152e-05
-5.54314e-13
5.37152e-05
-4.60655e-12
5.37152e-05
-1.22804e-11
5.37152e-05
-1.67458e-11
5.37152e-05
-1.80174e-11
5.37152e-05
-1.92769e-11
5.37152e-05
-2.01976e-11
5.37153e-05
-1.99899e-11
5.37153e-05
-2.03968e-11
5.37153e-05
-2.15452e-11
5.37153e-05
-2.31486e-11
5.37154e-05
-3.16199e-11
-2.7192e-11
0.000146745
5.16296e-12
0.000146745
-1.18536e-11
0.000146745
1.28553e-10
0.000146744
2.9746e-10
0.000146744
3.98949e-10
0.000146744
4.63222e-10
0.000146744
4.5217e-10
0.000146743
4.0145e-10
0.000146743
3.73687e-10
0.000146743
3.72388e-10
0.000146743
3.38515e-10
0.000146742
2.89542e-10
0.000146742
2.47738e-10
0.000146742
1.99133e-10
0.000146742
1.51313e-10
0.000146742
1.23769e-10
0.000146742
1.06558e-10
0.000146742
8.82349e-11
0.000146742
8.23146e-11
0.000146741
9.78302e-11
0.000146741
1.19117e-10
0.000146741
1.28573e-10
0.000146741
1.24715e-10
0.000146741
1.16358e-10
0.000146741
1.1035e-10
0.000146741
1.01096e-10
0.000146741
7.56153e-11
0.000146741
3.48233e-11
0.000146741
-2.01025e-12
0.000146741
-2.04286e-11
0.000146741
-2.26677e-11
0.000146741
-2.53179e-11
0.000146741
-3.81036e-11
0.000146741
-5.5536e-11
0.000146741
-6.20646e-11
0.000146741
-5.11795e-11
0.000146741
-3.16862e-11
0.000146741
-1.83293e-11
0.000146741
-1.50708e-11
0.000146741
-1.27285e-11
0.000146741
-2.41295e-12
0.000146741
1.39143e-11
0.000146741
2.51017e-11
0.000146741
2.26359e-11
0.000146741
1.01637e-11
0.000146741
1.83198e-13
0.000146741
4.78373e-13
0.000146741
6.60194e-12
0.000146741
8.33058e-12
0.000146741
2.04739e-12
0.000146741
-6.00026e-12
0.000146741
-5.90282e-12
0.000146741
4.05503e-12
0.000146741
1.61858e-11
0.000146741
2.00641e-11
0.000146741
1.52489e-11
0.000146741
8.95713e-12
0.000146741
8.38095e-12
0.000146741
1.21993e-11
0.000146741
1.20938e-11
0.000146741
2.52844e-12
0.000146741
-1.29531e-11
0.000146741
-2.50095e-11
0.000146741
-2.80034e-11
0.000146741
-2.55844e-11
0.000146741
-2.55581e-11
0.000146741
-3.1257e-11
0.000146741
-3.72408e-11
0.000146741
-3.48275e-11
0.000146741
-2.23438e-11
0.000146741
-6.9751e-12
0.000146741
9.23947e-13
0.000146741
-1.57611e-13
0.000146741
-4.05557e-12
0.000146741
-3.14084e-12
0.000146741
3.49938e-12
0.000146741
8.06459e-12
0.000146741
3.12416e-12
0.000146741
-8.9049e-12
0.000146741
-1.94119e-11
0.000146741
-2.06437e-11
0.000146741
-1.5077e-11
0.000146741
-1.10256e-11
0.000146741
-1.38497e-11
0.000146741
-2.08247e-11
0.000146741
-2.27839e-11
0.000146741
-1.66094e-11
0.000146741
-7.3783e-12
0.000146741
-3.80886e-12
0.000146741
-8.47516e-12
0.000146741
-1.52728e-11
0.000146741
-1.58957e-11
0.000146741
-9.88031e-12
0.000146741
-4.06483e-12
0.000146741
-4.92e-12
0.000146741
-1.12274e-11
0.000146741
-1.43197e-11
0.000146741
-9.27751e-12
0.000146741
7.49676e-13
0.000146741
6.93458e-12
0.000146741
4.99034e-12
0.000146741
-1.21704e-13
0.000146741
-3.03949e-13
0.000146741
6.81366e-12
0.000146741
1.43033e-11
0.000146741
1.39778e-11
0.000146741
5.9518e-12
0.000146741
-2.27929e-12
0.000146741
-3.39444e-12
0.000146741
2.4565e-12
0.000146741
6.38151e-12
0.000146741
2.75597e-12
0.000146741
-5.96533e-12
0.000146741
-1.07666e-11
0.000146741
-6.24184e-12
0.000146741
3.86709e-12
0.000146741
1.06173e-11
0.000146741
9.36157e-12
0.000146741
3.94692e-12
0.000146741
2.90971e-12
0.000146741
8.77383e-12
0.000146741
1.67242e-11
0.000146741
1.93184e-11
0.000146741
1.45167e-11
0.000146741
8.04782e-12
0.000146741
6.43972e-12
0.000146741
1.14573e-11
0.000146741
1.73714e-11
0.000146741
1.71056e-11
0.000146741
1.10976e-11
0.000146741
5.90894e-12
0.000146741
5.77663e-12
0.000146741
8.80034e-12
0.000146741
1.06895e-11
0.000146741
8.34241e-12
0.000146741
2.06086e-12
0.000146741
-3.50775e-12
0.000146741
-4.08349e-12
0.000146741
-3.55766e-12
0.000146741
-7.43887e-12
0.000146741
-1.3248e-11
0.000146741
-1.7658e-11
0.000146741
-2.1589e-11
0.000146741
-2.49762e-11
0.000146741
-2.48106e-11
0.000146741
-2.49814e-11
0.000146741
-2.95137e-11
0.000146741
-3.57588e-11
0.000146741
-4.9337e-11
-4.46794e-11
0.000225399
6.32809e-12
0.000225399
7.25732e-12
0.000225399
1.54596e-10
0.000225399
4.94603e-10
0.000225398
7.51748e-10
0.000225398
8.17825e-10
0.000225398
7.77199e-10
0.000225397
7.28562e-10
0.000225397
7.03452e-10
0.000225397
6.72564e-10
0.000225396
5.96911e-10
0.000225396
4.8992e-10
0.000225396
3.94486e-10
0.000225396
3.26974e-10
0.000225396
2.80119e-10
0.000225396
2.48191e-10
0.000225395
2.15924e-10
0.000225395
1.72184e-10
0.000225395
1.35206e-10
0.000225395
1.29307e-10
0.000225395
1.48723e-10
0.000225395
1.65782e-10
0.000225395
1.61504e-10
0.000225395
1.3741e-10
0.000225395
1.10978e-10
0.000225395
9.44758e-11
0.000225395
8.04805e-11
0.000225395
5.25928e-11
0.000225395
1.06368e-11
0.000225395
-2.68433e-11
0.000225395
-4.26147e-11
0.000225395
-3.98487e-11
0.000225395
-3.60777e-11
0.000225395
-4.64492e-11
0.000225395
-6.72912e-11
0.000225395
-7.99476e-11
0.000225395
-7.04977e-11
0.000225395
-4.39912e-11
0.000225395
-1.81309e-11
0.000225395
-6.03307e-12
0.000225395
-4.78666e-12
0.000225395
-3.02141e-12
0.000225395
5.68408e-12
0.000225395
1.56325e-11
0.000225395
1.59934e-11
0.000225395
5.22222e-12
0.000225395
-7.72288e-12
0.000225395
-1.24301e-11
0.000225395
-7.60339e-12
0.000225395
-1.14812e-12
0.000225395
-1.41258e-13
0.000225395
-2.39865e-12
0.000225395
2.20716e-13
0.000225395
1.24309e-11
0.000225395
2.94923e-11
0.000225395
3.98428e-11
0.000225395
3.87999e-11
0.000225395
3.04265e-11
0.000225395
2.3837e-11
0.000225395
2.26312e-11
0.000225395
2.17366e-11
0.000225395
1.3682e-11
0.000225395
-2.01034e-12
0.000225395
-1.80724e-11
0.000225395
-2.58958e-11
0.000225395
-2.42703e-11
0.000225395
-2.00526e-11
0.000225395
-2.00846e-11
0.000225395
-2.33701e-11
0.000225395
-2.24834e-11
0.000225395
-1.20139e-11
0.000225395
4.09094e-12
0.000225395
1.57538e-11
0.000225395
1.72425e-11
0.000225395
1.14675e-11
0.000225395
6.95626e-12
0.000225395
8.83143e-12
0.000225395
1.26692e-11
0.000225395
1.00096e-11
0.000225395
-1.43099e-12
0.000225395
-1.53622e-11
0.000225395
-2.28238e-11
0.000225395
-2.09645e-11
0.000225395
-1.59275e-11
0.000225395
-1.59516e-11
0.000225395
-2.19067e-11
0.000225395
-2.70742e-11
0.000225395
-2.46686e-11
0.000225395
-1.65703e-11
0.000225395
-1.05872e-11
0.000225395
-1.30855e-11
0.000225395
-2.06575e-11
0.000225395
-2.52502e-11
0.000225395
-2.21171e-11
0.000225395
-1.53667e-11
0.000225395
-1.27926e-11
0.000225395
-1.68264e-11
0.000225395
-2.14067e-11
0.000225395
-1.86145e-11
0.000225395
-8.72874e-12
0.000225395
1.15024e-12
0.000225395
3.70638e-12
0.000225395
-9.33063e-14
0.000225395
-2.28338e-12
0.000225395
2.45519e-12
0.000225395
1.0862e-11
0.000225395
1.45059e-11
0.000225395
8.99151e-12
0.000225395
-1.15449e-12
0.000225395
-7.10574e-12
0.000225395
-5.83552e-12
0.000225395
-1.92841e-12
0.000225395
-3.41238e-12
0.000225395
-1.08987e-11
0.000225395
-1.84338e-11
0.000225395
-1.76526e-11
0.000225395
-8.97276e-12
0.000225395
8.88031e-13
0.000225395
4.4045e-12
0.000225395
1.58893e-12
0.000225395
-5.90527e-13
0.000225395
3.69149e-12
0.000225395
1.26583e-11
0.000225395
1.97268e-11
0.000225395
1.98458e-11
0.000225395
1.43677e-11
0.000225395
1.06667e-11
0.000225395
1.3311e-11
0.000225395
1.89796e-11
0.000225395
2.09532e-11
0.000225395
1.73363e-11
0.000225395
1.20918e-11
0.000225395
9.40613e-12
0.000225395
1.11503e-11
0.000225395
1.5123e-11
0.000225395
1.56029e-11
0.000225395
9.40819e-12
0.000225395
1.69037e-12
0.000225395
-2.51313e-12
0.000225395
-5.5397e-12
0.000225395
-9.40076e-12
0.000225395
-1.35148e-11
0.000225395
-1.7845e-11
0.000225395
-2.37148e-11
0.000225395
-2.70474e-11
0.000225395
-2.68278e-11
0.000225395
-3.09849e-11
0.000225395
-3.2326e-11
0.000225395
-3.36583e-11
-2.97393e-11
0.000289708
3.10363e-12
0.000289708
8.9421e-12
0.000289708
6.1126e-11
0.000289708
3.91104e-10
0.000289708
7.04843e-10
0.000289708
8.68185e-10
0.000289708
9.48762e-10
0.000289708
9.74711e-10
0.000289707
9.49686e-10
0.000289707
8.66402e-10
0.000289707
7.5063e-10
0.000289707
6.3946e-10
0.000289707
5.542e-10
0.000289707
4.84072e-10
0.000289706
4.1185e-10
0.000289706
3.48625e-10
0.000289706
3.07802e-10
0.000289706
2.76092e-10
0.000289706
2.38945e-10
0.000289706
2.03759e-10
0.000289706
1.83619e-10
0.000289706
1.79062e-10
0.000289706
1.7887e-10
0.000289706
1.68048e-10
0.000289706
1.39029e-10
0.000289706
1.0179e-10
0.000289706
7.00439e-11
0.000289706
4.52054e-11
0.000289706
1.79531e-11
0.000289706
-1.45244e-11
0.000289706
-4.50815e-11
0.000289706
-6.33485e-11
0.000289706
-6.70184e-11
0.000289706
-6.52516e-11
0.000289706
-6.89648e-11
0.000289706
-7.80852e-11
0.000289706
-8.15635e-11
0.000289706
-6.90863e-11
0.000289706
-4.28407e-11
0.000289706
-1.64778e-11
0.000289706
-2.63894e-12
0.000289706
-2.07983e-12
0.000289706
-4.56026e-12
0.000289706
-8.89685e-13
0.000289706
7.61866e-12
0.000289706
1.18555e-11
0.000289706
6.56127e-12
0.000289706
-4.07434e-12
0.000289706
-8.89457e-12
0.000289706
-4.03123e-12
0.000289706
6.0353e-12
0.000289706
1.4237e-11
0.000289706
1.75181e-11
0.000289706
1.97874e-11
0.000289706
2.68924e-11
0.000289706
3.66966e-11
0.000289706
4.22108e-11
0.000289706
3.76955e-11
0.000289706
2.50161e-11
0.000289706
1.23451e-11
0.000289706
5.43579e-12
0.000289706
2.36962e-12
0.000289706
-3.31646e-12
0.000289706
-1.57386e-11
0.000289706
-3.06455e-11
0.000289706
-3.91362e-11
0.000289706
-3.72433e-11
0.000289706
-2.9549e-11
0.000289706
-2.31179e-11
0.000289706
-2.1688e-11
0.000289706
-2.03703e-11
0.000289706
-1.35924e-11
0.000289706
-1.15981e-12
0.000289706
1.02747e-11
0.000289706
1.34108e-11
0.000289706
7.78671e-12
0.000289706
2.9466e-13
0.000289706
-2.46512e-12
0.000289706
-6.0949e-13
0.000289706
-7.62779e-13
0.000289706
-7.86195e-12
0.000289706
-1.96681e-11
0.000289706
-2.76971e-11
0.000289706
-2.66312e-11
0.000289706
-2.00988e-11
0.000289706
-1.53314e-11
0.000289706
-1.67375e-11
0.000289706
-2.07413e-11
0.000289706
-2.07385e-11
0.000289706
-1.51105e-11
0.000289706
-9.33366e-12
0.000289706
-9.66387e-12
0.000289706
-1.65192e-11
0.000289706
-2.31511e-11
0.000289706
-2.32439e-11
0.000289706
-1.75968e-11
0.000289706
-1.29709e-11
0.000289706
-1.4073e-11
0.000289706
-1.79184e-11
0.000289706
-1.73528e-11
0.000289706
-9.33298e-12
0.000289706
1.2525e-12
0.000289706
6.74394e-12
0.000289706
5.27265e-12
0.000289706
1.98257e-12
0.000289706
3.32291e-12
0.000289706
9.31146e-12
0.000289706
1.34553e-11
0.000289706
9.76303e-12
0.000289706
-4.30793e-13
0.000289706
-9.80888e-12
0.000289706
-1.26309e-11
0.000289706
-9.9927e-12
0.000289706
-8.43017e-12
0.000289706
-1.20855e-11
0.000289706
-1.80513e-11
0.000289706
-1.96297e-11
0.000289706
-1.37424e-11
0.000289706
-4.1737e-12
0.000289706
2.09617e-12
0.000289706
2.49445e-12
0.000289706
6.89012e-13
0.000289706
2.30217e-12
0.000289706
8.90943e-12
0.000289706
1.62729e-11
0.000289706
1.84147e-11
0.000289706
1.44629e-11
0.000289706
9.72511e-12
0.000289706
9.95933e-12
0.000289706
1.39342e-11
0.000289706
1.73612e-11
0.000289706
1.73705e-11
0.000289706
1.40428e-11
0.000289706
1.063e-11
0.000289706
1.15008e-11
0.000289706
1.57027e-11
0.000289706
1.62116e-11
0.000289706
1.07035e-11
0.000289706
4.66997e-12
0.000289706
8.8928e-13
0.000289706
-2.04771e-12
0.000289706
-6.05073e-12
0.000289706
-1.0286e-11
0.000289706
-1.66975e-11
0.000289706
-2.47607e-11
0.000289706
-2.68797e-11
0.000289706
-2.78045e-11
0.000289706
-2.19304e-11
0.000289706
-1.93061e-12
4.03879e-12
0.000339697
-9.15162e-11
0.000339697
-1.52537e-10
0.000339698
-2.16109e-10
0.000339698
1.39703e-10
0.000339698
5.34967e-10
0.000339698
7.22616e-10
0.000339698
8.23563e-10
0.000339698
8.7852e-10
0.000339699
8.51031e-10
0.000339699
7.65279e-10
0.000339699
6.92473e-10
0.000339699
6.45015e-10
0.000339699
5.99802e-10
0.000339698
5.39945e-10
0.000339698
4.63052e-10
0.000339698
3.86826e-10
0.000339698
3.32035e-10
0.000339698
2.93887e-10
0.000339698
2.53408e-10
0.000339698
2.07483e-10
0.000339698
1.68837e-10
0.000339698
1.47953e-10
0.000339698
1.45152e-10
0.000339698
1.48261e-10
0.000339698
1.37743e-10
0.000339698
1.05307e-10
0.000339698
6.35794e-11
0.000339698
3.14458e-11
0.000339698
1.44324e-11
0.000339698
3.18474e-12
0.000339698
-1.47932e-11
0.000339698
-4.11392e-11
0.000339698
-6.62038e-11
0.000339698
-7.96818e-11
0.000339698
-8.04955e-11
0.000339698
-7.53905e-11
0.000339698
-7.04886e-11
0.000339698
-6.50658e-11
0.000339698
-5.42943e-11
0.000339698
-3.6919e-11
0.000339698
-1.91909e-11
0.000339698
-9.68021e-12
0.000339698
-1.05647e-11
0.000339698
-1.45792e-11
0.000339698
-1.26035e-11
0.000339698
-4.65251e-12
0.000339698
2.62054e-12
0.000339698
3.18038e-12
0.000339698
-9.48185e-13
0.000339698
-2.33739e-12
0.000339698
4.41037e-12
0.000339698
1.74612e-11
0.000339698
2.91124e-11
0.000339698
3.35604e-11
0.000339698
3.23648e-11
0.000339698
3.07501e-11
0.000339698
3.17252e-11
0.000339698
3.23094e-11
0.000339698
2.72431e-11
0.000339698
1.6183e-11
0.000339698
3.94612e-12
0.000339698
-3.65183e-12
0.000339698
-5.3457e-12
0.000339698
-6.64095e-12
0.000339698
-1.21342e-11
0.000339698
-2.10825e-11
0.000339698
-2.75508e-11
0.000339698
-2.67215e-11
0.000339698
-1.95709e-11
0.000339698
-1.24089e-11
0.000339698
-9.97848e-12
0.000339698
-1.11225e-11
0.000339698
-1.03171e-11
0.000339698
-4.45988e-12
0.000339698
3.11155e-12
0.000339698
5.75818e-12
0.000339698
5.74575e-13
0.000339698
-8.79416e-12
0.000339698
-1.5098e-11
0.000339698
-1.58648e-11
0.000339698
-1.48847e-11
0.000339698
-1.74008e-11
0.000339698
-2.39507e-11
0.000339698
-2.911e-11
0.000339698
-2.77743e-11
0.000339698
-2.02388e-11
0.000339698
-1.28349e-11
0.000339698
-1.09671e-11
0.000339698
-1.38659e-11
0.000339698
-1.59559e-11
0.000339698
-1.33654e-11
0.000339698
-8.34092e-12
0.000339698
-6.76252e-12
0.000339698
-1.11107e-11
0.000339698
-1.73767e-11
0.000339698
-1.92297e-11
0.000339698
-1.50225e-11
0.000339698
-9.41467e-12
0.000339698
-7.80212e-12
0.000339698
-1.00821e-11
0.000339698
-1.09253e-11
0.000339698
-6.01171e-12
0.000339698
2.70381e-12
0.000339698
9.01997e-12
0.000339698
8.92025e-12
0.000339698
4.75607e-12
0.000339698
2.32224e-12
0.000339698
4.09478e-12
0.000339698
6.42595e-12
0.000339698
3.851e-12
0.000339698
-4.66113e-12
0.000339698
-1.42541e-11
0.000339698
-1.88825e-11
0.000339698
-1.73329e-11
0.000339698
-1.39524e-11
0.000339698
-1.3773e-11
0.000339698
-1.71872e-11
0.000339698
-1.9258e-11
0.000339698
-1.57097e-11
0.000339698
-8.07504e-12
0.000339698
-1.06907e-12
0.000339698
1.08201e-12
0.000339698
-6.68908e-13
0.000339698
-1.70854e-12
0.000339698
1.25297e-12
0.000339698
6.48274e-12
0.000339698
9.04917e-12
0.000339698
7.07971e-12
0.000339698
4.09118e-12
0.000339698
3.55976e-12
0.000339698
5.81748e-12
0.000339698
9.25318e-12
0.000339698
1.11469e-11
0.000339698
9.44026e-12
0.000339698
6.69402e-12
0.000339698
7.32574e-12
0.000339698
9.42143e-12
0.000339698
7.87105e-12
0.000339698
3.81644e-12
0.000339698
3.06991e-13
0.000339698
-1.67169e-12
0.000339698
-4.42903e-12
0.000339698
-6.94716e-12
0.000339698
-8.87126e-12
0.000339698
-1.45234e-11
0.000339698
-1.96304e-11
0.000339698
-2.58072e-11
0.000339698
-2.39975e-11
0.000339698
9.29053e-13
1.11431e-11
0.000375388
-1.04123e-10
0.000375388
-1.90604e-10
0.000375388
-2.51078e-10
0.000375389
-9.94237e-11
0.000375389
1.18691e-10
0.000375389
2.65201e-10
0.00037539
3.80325e-10
0.00037539
4.86085e-10
0.00037539
5.25113e-10
0.000375391
5.11255e-10
0.000375391
5.06206e-10
0.000375391
5.05125e-10
0.000375391
4.81711e-10
0.000375391
4.42846e-10
0.000375391
4.0017e-10
0.000375391
3.5086e-10
0.000375391
2.96905e-10
0.000375391
2.47356e-10
0.000375391
2.06258e-10
0.000375391
1.73377e-10
0.000375391
1.47514e-10
0.000375391
1.2578e-10
0.000375391
1.08492e-10
0.000375392
9.93899e-11
0.000375392
9.45942e-11
0.000375392
8.15522e-11
0.000375392
5.48013e-11
0.000375392
2.3528e-11
0.000375392
2.27077e-12
0.000375392
-5.00501e-12
0.000375392
-7.19427e-12
0.000375392
-1.72536e-11
0.000375392
-3.80775e-11
0.000375392
-6.01967e-11
0.000375392
-7.15928e-11
0.000375392
-6.88674e-11
0.000375392
-5.93577e-11
0.000375392
-5.30616e-11
0.000375392
-5.31547e-11
0.000375391
-5.40483e-11
0.000375391
-4.90208e-11
0.000375391
-3.87219e-11
0.000375392
-3.06079e-11
0.000375392
-2.83454e-11
0.000375392
-2.92682e-11
0.000375392
-2.68629e-11
0.000375392
-1.81811e-11
0.000375392
-7.15825e-12
0.000375392
5.77983e-13
0.000375392
3.37139e-12
0.000375392
5.42085e-12
0.000375392
1.17278e-11
0.000375392
2.20543e-11
0.000375392
3.01331e-11
0.000375392
3.05001e-11
0.000375392
2.36651e-11
0.000375392
1.55088e-11
0.000375392
1.14455e-11
0.000375392
1.12676e-11
0.000375392
1.03579e-11
0.000375392
5.108e-12
0.000375392
-2.67623e-12
0.000375392
-7.50213e-12
0.000375392
-7.14505e-12
0.000375392
-4.37539e-12
0.000375392
-4.59962e-12
0.000375392
-9.87024e-12
0.000375392
-1.65193e-11
0.000375392
-1.88944e-11
0.000375392
-1.54984e-11
0.000375392
-1.06346e-11
0.000375392
-9.94204e-12
0.000375392
-1.43412e-11
0.000375392
-1.91777e-11
0.000375392
-1.94913e-11
0.000375392
-1.5496e-11
0.000375392
-1.25198e-11
0.000375392
-1.53898e-11
0.000375392
-2.28923e-11
0.000375392
-2.89879e-11
0.000375392
-2.92785e-11
0.000375392
-2.51208e-11
0.000375392
-2.18532e-11
0.000375392
-2.26156e-11
0.000375392
-2.49794e-11
0.000375392
-2.35129e-11
0.000375392
-1.64442e-11
0.000375392
-7.92243e-12
0.000375392
-3.81463e-12
0.000375392
-5.50321e-12
0.000375392
-8.55608e-12
0.000375392
-7.84913e-12
0.000375392
-3.34423e-12
0.000375392
2.12396e-14
0.000375392
-1.85864e-12
0.000375392
-7.32858e-12
0.000375392
-1.059e-11
0.000375392
-8.1811e-12
0.000375392
-2.80443e-12
0.000375392
1.23054e-15
0.000375392
-1.859e-12
0.000375392
-4.75191e-12
0.000375392
-3.57978e-12
0.000375392
2.27289e-12
0.000375392
8.057e-12
0.000375392
8.60182e-12
0.000375392
3.93727e-12
0.000375392
-1.01925e-12
0.000375392
-2.23822e-12
0.000375392
-6.36654e-13
0.000375392
-8.51728e-13
0.000375392
-5.87613e-12
0.000375392
-1.3539e-11
0.000375392
-1.85099e-11
0.000375392
-1.77268e-11
0.000375392
-1.37623e-11
0.000375392
-1.16514e-11
0.000375392
-1.33519e-11
0.000375392
-1.59874e-11
0.000375392
-1.52488e-11
0.000375392
-9.74163e-12
0.000375392
-2.89121e-12
0.000375392
4.04287e-13
0.000375392
-1.14851e-12
0.000375392
-4.02699e-12
0.000375392
-3.82656e-12
0.000375392
-3.44841e-13
0.000375392
2.7007e-12
0.000375392
2.97564e-12
0.000375392
9.03818e-13
0.000375392
-1.59223e-12
0.000375392
-2.03585e-12
0.000375392
7.34912e-13
0.000375392
3.5117e-12
0.000375392
2.62933e-12
0.000375392
1.88767e-13
0.000375392
-3.80161e-13
0.000375392
-1.9243e-13
0.000375392
-3.07371e-13
0.000375392
-1.41715e-12
0.000375392
-2.17463e-12
0.000375392
-3.53417e-12
0.000375392
-6.56913e-12
0.000375392
-8.80756e-12
0.000375392
-1.31676e-11
0.000375392
-1.66405e-11
0.000375392
-1.90473e-11
0.000375392
-2.6858e-11
0.000375392
-2.4702e-11
-1.71675e-11
0.000396796
-4.18864e-11
0.000396796
-1.43139e-10
0.000396796
-1.23313e-10
0.000396796
-1.36688e-10
0.000396796
-1.74796e-10
0.000396797
-1.39465e-10
0.000396797
-4.42659e-11
0.000396798
7.13664e-11
0.000396798
1.45241e-10
0.000396798
1.82031e-10
0.000396799
2.24832e-10
0.000396799
2.60616e-10
0.000396799
2.60329e-10
0.000396799
2.40644e-10
0.000396799
2.28086e-10
0.0003968
2.14994e-10
0.0003968
1.84182e-10
0.0003968
1.40748e-10
0.0003968
1.02715e-10
0.0003968
8.14424e-11
0.0003968
7.53605e-11
0.0003968
7.20628e-11
0.0003968
5.98821e-11
0.0003968
4.14559e-11
0.0003968
2.85891e-11
0.0003968
2.58174e-11
0.0003968
2.495e-11
0.0003968
1.67324e-11
0.0003968
6.26464e-13
0.0003968
-1.52487e-11
0.0003968
-2.40353e-11
0.0003968
-2.71613e-11
0.0003968
-3.21233e-11
0.0003968
-4.30632e-11
0.0003968
-5.61471e-11
0.0003968
-6.36953e-11
0.0003968
-6.21935e-11
0.0003968
-5.62596e-11
0.0003968
-5.42425e-11
0.0003968
-5.91604e-11
0.0003968
-6.51128e-11
0.0003968
-6.38915e-11
0.0003968
-5.40309e-11
0.0003968
-4.16003e-11
0.0003968
-3.35395e-11
0.0003968
-3.03517e-11
0.0003968
-2.6677e-11
0.0003968
-1.7703e-11
0.0003968
-4.42909e-12
0.0003968
7.36966e-12
0.000396801
1.30141e-11
0.000396801
1.34441e-11
0.000396801
1.35056e-11
0.000396801
1.61909e-11
0.000396801
1.9428e-11
0.000396801
1.87436e-11
0.000396801
1.30057e-11
0.000396801
6.16602e-12
0.000396801
3.58039e-12
0.000396801
6.6295e-12
0.000396801
1.1298e-11
0.000396801
1.24355e-11
0.000396801
9.11615e-12
0.000396801
5.12433e-12
0.000396801
4.56732e-12
0.000396801
7.04688e-12
0.000396801
7.96486e-12
0.000396801
3.43178e-12
0.000396801
-5.31441e-12
0.000396801
-1.28372e-11
0.000396801
-1.50669e-11
0.000396801
-1.3526e-11
0.000396801
-1.34516e-11
0.000396801
-1.79783e-11
0.000396801
-2.472e-11
0.000396801
-2.83043e-11
0.000396801
-2.6236e-11
0.000396801
-2.18115e-11
0.000396801
-2.0457e-11
0.000396801
-2.37581e-11
0.000396801
-2.7816e-11
0.000396801
-2.7418e-11
0.000396801
-2.15582e-11
0.000396801
-1.4474e-11
0.000396801
-1.1345e-11
0.000396801
-1.19988e-11
0.000396801
-1.19057e-11
0.000396801
-7.2971e-12
0.000396801
2.15398e-13
0.000396801
5.35656e-12
0.000396801
4.90959e-12
0.000396801
1.22485e-12
0.000396801
-2.5666e-13
0.000396801
2.59419e-12
0.000396801
6.46234e-12
0.000396801
6.33629e-12
0.000396801
1.50729e-12
0.000396801
-3.45871e-12
0.000396801
-3.84058e-12
0.000396801
1.32291e-14
0.000396801
3.16174e-12
0.000396801
1.68656e-12
0.000396801
-3.04298e-12
0.000396801
-5.89305e-12
0.0003968
-3.98118e-12
0.0003968
1.00837e-13
0.0003968
1.15778e-12
0.0003968
-2.92451e-12
0.0003968
-9.13795e-12
0.0003968
-1.25845e-11
0.0003968
-1.16177e-11
0.0003968
-9.38849e-12
0.0003968
-1.03115e-11
0.0003968
-1.51041e-11
0.0003968
-1.9977e-11
0.0003968
-2.09128e-11
0.0003968
-1.78704e-11
0.0003968
-1.44669e-11
0.0003968
-1.40958e-11
0.0003968
-1.64396e-11
0.0003968
-1.76016e-11
0.0003968
-1.47584e-11
0.0003968
-9.19501e-12
0.0003968
-5.41569e-12
0.000396801
-6.0032e-12
0.000396801
-8.64026e-12
0.000396801
-9.12272e-12
0.000396801
-6.46955e-12
0.000396801
-2.86694e-12
0.000396801
-1.1189e-12
0.000396801
-2.91126e-12
0.000396801
-7.09334e-12
0.000396801
-9.14322e-12
0.000396801
-7.06938e-12
0.000396801
-5.04495e-12
0.000396801
-6.10965e-12
0.000396801
-7.84708e-12
0.000396801
-8.19451e-12
0.000396801
-6.0834e-12
0.000396801
-4.62638e-12
0.000396801
-4.75708e-12
0.000396801
-5.09853e-12
0.000396801
-6.84765e-12
0.000396801
-6.23148e-12
0.000396801
-8.21075e-12
0.000396801
-1.52764e-11
0.000396801
-1.53688e-11
0.000396801
-2.96324e-11
0.000396801
-5.45742e-11
-5.21645e-11
0.000403932
7.99778e-11
0.000403931
9.49046e-11
0.000403931
2.17451e-10
0.000403931
4.48698e-11
0.000403931
-1.76164e-10
0.000403931
-2.36376e-10
0.000403931
-2.05855e-10
0.000403931
-1.65871e-10
0.000403932
-1.39873e-10
0.000403932
-1.16779e-10
0.000403932
-7.49386e-11
0.000403933
-2.34494e-11
0.000403933
7.01826e-12
0.000403933
1.40214e-11
0.000403933
1.77697e-11
0.000403933
2.47438e-11
0.000403934
2.43598e-11
0.000403934
1.26312e-11
0.000403934
-3.84491e-12
0.000403934
-1.68886e-11
0.000403934
-1.98547e-11
0.000403934
-1.24977e-11
0.000403934
-4.63846e-12
0.000403934
-6.16773e-12
0.000403935
-1.47188e-11
0.000403935
-1.92725e-11
0.000403935
-1.35661e-11
0.000403935
-2.77832e-12
0.000403935
1.67683e-12
0.000403935
-6.1963e-12
0.000403935
-2.10515e-11
0.000403935
-3.25742e-11
0.000403935
-3.65982e-11
0.000403935
-3.78562e-11
0.000403935
-4.36895e-11
0.000403935
-5.59295e-11
0.000403935
-6.89866e-11
0.000403935
-7.59958e-11
0.000403935
-7.62042e-11
0.000403935
-7.50948e-11
0.000403935
-7.6809e-11
0.000403934
-7.86729e-11
0.000403935
-7.45451e-11
0.000403935
-6.22608e-11
0.000403935
-4.64329e-11
0.000403935
-3.40477e-11
0.000403935
-2.77321e-11
0.000403935
-2.39581e-11
0.000403935
-1.72022e-11
0.000403935
-6.37673e-12
0.000403935
3.83393e-12
0.000403935
7.83041e-12
0.000403935
4.80377e-12
0.000403935
-1.33736e-14
0.000403935
-1.01706e-12
0.000403935
2.16519e-12
0.000403935
5.8959e-12
0.000403935
6.59152e-12
0.000403935
5.17677e-12
0.000403935
6.18449e-12
0.000403935
1.25134e-11
0.000403935
2.17424e-11
0.000403935
2.80958e-11
0.000403935
2.78735e-11
0.000403935
2.2804e-11
0.000403935
1.77259e-11
0.000403935
1.53124e-11
0.000403935
1.33127e-11
0.000403935
7.3756e-12
0.000403935
-3.50618e-12
0.000403935
-1.51371e-11
0.000403935
-2.20984e-11
0.000403935
-2.31095e-11
0.000403935
-2.20992e-11
0.000403935
-2.38028e-11
0.000403935
-2.85942e-11
0.000403935
-3.21082e-11
0.000403935
-3.02249e-11
0.000403935
-2.38471e-11
0.000403935
-1.80749e-11
0.000403935
-1.68116e-11
0.000403935
-1.85834e-11
0.000403935
-1.81161e-11
0.000403935
-1.2312e-11
0.000403935
-4.05079e-12
0.000403935
1.1749e-12
0.000403935
1.37368e-12
0.000403935
-1.74553e-13
0.000403935
1.48623e-12
0.000403935
7.28609e-12
0.000403935
1.29194e-11
0.000403935
1.37085e-11
0.000403935
9.88191e-12
0.000403935
6.29451e-12
0.000403935
7.06477e-12
0.000403935
1.06719e-11
0.000403935
1.18886e-11
0.000403935
7.89911e-12
0.000403935
1.51399e-12
0.000403935
-2.00226e-12
0.000403935
-6.72805e-13
0.000403935
2.03793e-12
0.000403935
1.13037e-12
0.000403935
-3.99995e-12
0.000403935
-9.35108e-12
0.000403935
-1.05244e-11
0.000403935
-7.71027e-12
0.000403935
-5.24729e-12
0.000403935
-6.96217e-12
0.000403935
-1.21229e-11
0.000403935
-1.63154e-11
0.000403935
-1.6193e-11
0.000403935
-1.30489e-11
0.000403935
-1.13294e-11
0.000403935
-1.37163e-11
0.000403935
-1.8358e-11
0.000403935
-2.09554e-11
0.000403935
-1.92126e-11
0.000403935
-1.49755e-11
0.000403935
-1.22739e-11
0.000403935
-1.31682e-11
0.000403935
-1.54126e-11
0.000403935
-1.51644e-11
0.000403935
-1.15246e-11
0.000403935
-7.5674e-12
0.000403935
-6.33043e-12
0.000403935
-7.40999e-12
0.000403935
-8.61826e-12
0.000403935
-8.61348e-12
0.000403935
-7.25796e-12
0.000403935
-6.20393e-12
0.000403935
-8.24721e-12
0.000403935
-1.26731e-11
0.000403935
-1.51505e-11
0.000403935
-1.48463e-11
0.000403935
-1.42856e-11
0.000403935
-1.38351e-11
0.000403935
-1.34079e-11
0.000403935
-1.11038e-11
0.000403935
-7.84392e-12
0.000403935
-6.15753e-12
0.000403935
-5.12899e-12
0.000403935
-7.17196e-12
0.000403935
-5.99181e-12
0.000403935
-2.60879e-12
0.000403935
-8.60456e-12
0.000403935
-9.95566e-12
0.000403935
-2.44827e-11
0.000403935
-5.87985e-11
-6.33923e-11
0.000396797
3.78096e-10
0.000396797
4.85096e-10
0.000396796
5.40772e-10
0.000396796
2.57997e-10
0.000396796
-4.48981e-11
0.000396796
-1.61765e-10
0.000396796
-1.97406e-10
0.000396796
-2.4478e-10
0.000396796
-2.85482e-10
0.000396796
-2.94113e-10
0.000396796
-2.74997e-10
0.000396797
-2.37082e-10
0.000396797
-1.96552e-10
0.000396797
-1.70171e-10
0.000396797
-1.58797e-10
0.000396797
-1.5156e-10
0.000396798
-1.40581e-10
0.000396798
-1.24624e-10
0.000396798
-1.09124e-10
0.000396798
-1.02328e-10
0.000396798
-1.03669e-10
0.000396798
-1.01562e-10
0.000396798
-8.76743e-11
0.000396798
-6.71738e-11
0.000396798
-5.12099e-11
0.000396798
-4.37357e-11
0.000396798
-3.88618e-11
0.000396798
-2.88992e-11
0.000396798
-1.41347e-11
0.000396798
-3.39722e-12
0.000396798
-4.0538e-12
0.000396798
-1.3573e-11
0.000396798
-2.26333e-11
0.000396798
-2.53864e-11
0.000396798
-2.53428e-11
0.000396798
-3.10971e-11
0.000396798
-4.64372e-11
0.000396798
-6.5335e-11
0.000396798
-7.76376e-11
0.000396798
-7.91035e-11
0.000396798
-7.42746e-11
0.000396798
-6.99139e-11
0.000396798
-6.74941e-11
0.000396798
-6.29451e-11
0.000396798
-5.25097e-11
0.000396798
-3.78187e-11
0.000396798
-2.48867e-11
0.000396798
-1.82709e-11
0.000396798
-1.68237e-11
0.000396798
-1.54226e-11
0.000396798
-1.06091e-11
0.000396798
-4.5408e-12
0.000396798
-2.24474e-12
0.000396798
-5.58461e-12
0.000396798
-1.07164e-11
0.000396798
-1.17103e-11
0.000396798
-5.9642e-12
0.000396798
3.29741e-12
0.000396798
1.06649e-11
0.000396798
1.41737e-11
0.000396798
1.69454e-11
0.000396798
2.30346e-11
0.000396798
3.22706e-11
0.000396798
3.95742e-11
0.000396798
3.95765e-11
0.000396798
3.18098e-11
0.000396798
2.11812e-11
0.000396798
1.28207e-11
0.000396798
7.19634e-12
0.000396798
4.11145e-13
0.000396798
-1.05318e-11
0.000396798
-2.36335e-11
0.000396798
-3.34064e-11
0.000396798
-3.62751e-11
0.000396798
-3.4231e-11
0.000396798
-3.26553e-11
0.000396798
-3.44645e-11
0.000396798
-3.70346e-11
0.000396798
-3.54168e-11
0.000396798
-2.80475e-11
0.000396798
-1.88745e-11
0.000396798
-1.34396e-11
0.000396798
-1.25066e-11
0.000396798
-1.2088e-11
0.000396798
-7.66885e-12
0.000396798
3.56642e-13
0.000396798
6.93929e-12
0.000396798
8.02393e-12
0.000396798
5.27674e-12
0.000396798
4.25585e-12
0.000396798
8.14928e-12
0.000396798
1.41672e-11
0.000396798
1.66903e-11
0.000396798
1.36461e-11
0.000396798
8.8549e-12
0.000396798
7.62685e-12
0.000396798
1.07053e-11
0.000396798
1.34378e-11
0.000396798
1.11583e-11
0.000396798
4.31438e-12
0.000396798
-1.92613e-12
0.000396798
-3.58627e-12
0.000396798
-1.9593e-12
0.000396798
-1.99333e-12
0.000396798
-6.48289e-12
0.000396798
-1.30754e-11
0.000396798
-1.6804e-11
0.000396798
-1.53996e-11
0.000396798
-1.16523e-11
0.000396798
-1.02382e-11
0.000396798
-1.29281e-11
0.000396798
-1.68243e-11
0.000396798
-1.76767e-11
0.000396798
-1.45806e-11
0.000396798
-1.10088e-11
0.000396798
-1.09706e-11
0.000396798
-1.47715e-11
0.000396798
-1.87248e-11
0.000396798
-1.8827e-11
0.000396798
-1.50732e-11
0.000396798
-1.15791e-11
0.000396798
-1.21153e-11
0.000396798
-1.57737e-11
0.000396798
-1.81027e-11
0.000396798
-1.65918e-11
0.000396798
-1.31831e-11
0.000396798
-1.12992e-11
0.000396798
-1.25835e-11
0.000396798
-1.64332e-11
0.000396798
-2.01814e-11
0.000396798
-2.125e-11
0.000396798
-2.10156e-11
0.000396798
-2.28075e-11
0.000396798
-2.58752e-11
0.000396798
-2.75994e-11
0.000396798
-2.73508e-11
0.000396798
-2.46064e-11
0.000396798
-2.16287e-11
0.000396798
-1.94721e-11
0.000396798
-1.66552e-11
0.000396798
-1.29458e-11
0.000396798
-6.76873e-12
0.000396799
-4.82339e-12
0.000396799
-7.01336e-12
0.000396799
-4.40799e-12
0.000396799
-3.55582e-12
0.000396799
-3.28558e-12
0.000396799
-8.22954e-12
0.000396799
-2.76997e-11
-4.20567e-11
0.000375389
5.51505e-10
0.000375389
7.07937e-10
0.000375389
6.62068e-10
0.000375389
3.63958e-10
0.000375389
8.06094e-11
0.000375389
-6.41804e-11
0.000375388
-1.59307e-10
0.000375388
-2.54905e-10
0.000375388
-3.20386e-10
0.000375388
-3.39445e-10
0.000375388
-3.38288e-10
0.000375388
-3.27259e-10
0.000375389
-2.99021e-10
0.000375389
-2.59512e-10
0.000375389
-2.2559e-10
0.000375389
-2.04713e-10
0.000375389
-1.91537e-10
0.000375389
-1.76235e-10
0.000375389
-1.547e-10
0.000375389
-1.34774e-10
0.000375389
-1.27141e-10
0.000375389
-1.30346e-10
0.000375389
-1.30813e-10
0.000375389
-1.17611e-10
0.000375389
-9.32423e-11
0.000375389
-6.98907e-11
0.000375389
-5.71276e-11
0.000375389
-5.26687e-11
0.000375389
-4.60343e-11
0.000375389
-3.17032e-11
0.000375389
-1.53003e-11
0.000375389
-7.10601e-12
0.000375389
-1.08171e-11
0.000375389
-2.09201e-11
0.000375389
-2.9544e-11
0.000375389
-3.53712e-11
0.000375389
-4.40606e-11
0.000375389
-5.9627e-11
0.000375389
-7.75767e-11
0.000375389
-8.81683e-11
0.000375389
-8.58537e-11
0.000375389
-7.43337e-11
0.000375389
-6.22172e-11
0.000375389
-5.45645e-11
0.000375389
-4.94212e-11
0.000375389
-4.15375e-11
0.000375389
-2.92158e-11
0.000375389
-1.66862e-11
0.000375389
-1.00526e-11
0.000375389
-1.09116e-11
0.000375389
-1.4674e-11
0.000375389
-1.5551e-11
0.000375389
-1.24764e-11
0.000375389
-8.74026e-12
0.000375389
-8.40838e-12
0.000375389
-1.04508e-11
0.000375389
-9.70644e-12
0.000375389
-2.19015e-12
0.000375389
1.06306e-11
0.000375389
2.27791e-11
0.000375389
2.96695e-11
0.000375389
3.21266e-11
0.000375389
3.46215e-11
0.000375389
3.97206e-11
0.000375389
4.46576e-11
0.000375389
4.36433e-11
0.000375389
3.40384e-11
0.000375389
1.93461e-11
0.000375389
6.01395e-12
0.000375389
-2.54544e-12
0.000375389
-8.65882e-12
0.000375389
-1.66669e-11
0.000375389
-2.73718e-11
0.000375389
-3.64104e-11
0.000375389
-3.86357e-11
0.000375389
-3.37318e-11
0.000375389
-2.67572e-11
0.000375389
-2.29497e-11
0.000375389
-2.24117e-11
0.000375389
-2.04802e-11
0.000375389
-1.33311e-11
0.000375389
-2.92439e-12
0.000375389
4.94915e-12
0.000375389
6.37365e-12
0.000375389
4.0764e-12
0.000375389
3.93562e-12
0.000375389
8.46458e-12
0.000375389
1.40813e-11
0.000375389
1.55406e-11
0.000375389
1.22492e-11
0.000375389
9.18605e-12
0.000375389
1.13589e-11
0.000375389
1.80472e-11
0.000375389
2.34338e-11
0.000375389
2.29535e-11
0.000375389
1.81697e-11
0.000375389
1.47014e-11
0.000375389
1.56706e-11
0.000375389
1.81078e-11
0.000375389
1.62888e-11
0.000375389
8.2477e-12
0.000375389
-1.91194e-12
0.000375389
-8.34753e-12
0.000375389
-9.70659e-12
0.000375389
-9.73926e-12
0.000375389
-1.29419e-11
0.000375389
-1.93095e-11
0.000375389
-2.43971e-11
0.000375389
-2.40286e-11
0.000375389
-1.87267e-11
0.000375389
-1.33555e-11
0.000375389
-1.22147e-11
0.000375389
-1.47001e-11
0.000375389
-1.65611e-11
0.000375389
-1.48209e-11
0.000375389
-1.08839e-11
0.000375389
-8.92011e-12
0.000375389
-1.13556e-11
0.000375389
-1.61149e-11
0.000375389
-1.86203e-11
0.000375389
-1.6833e-11
0.000375389
-1.3551e-11
0.000375389
-1.28933e-11
0.000375389
-1.53835e-11
0.000375389
-1.78014e-11
0.000375389
-1.74657e-11
0.000375389
-1.4784e-11
0.000375389
-1.22615e-11
0.000375389
-1.2833e-11
0.000375389
-1.7229e-11
0.000375389
-2.21588e-11
0.000375389
-2.42199e-11
0.000375389
-2.42007e-11
0.000375389
-2.37247e-11
0.000375389
-2.30666e-11
0.000375389
-2.26992e-11
0.000375389
-2.08484e-11
0.000375389
-1.77e-11
0.000375389
-1.62163e-11
0.000375389
-1.60272e-11
0.000375389
-1.49189e-11
0.000375389
-6.62307e-12
0.000375389
5.57926e-12
0.000375389
6.54879e-12
0.000375389
3.17427e-12
0.000375389
3.12437e-12
0.000375389
4.18232e-13
0.000375389
1.79876e-12
0.000375389
7.24423e-13
-1.45437e-11
0.000339699
5.13719e-10
0.000339699
6.37189e-10
0.000339699
5.54456e-10
0.000339699
3.14395e-10
0.000339699
1.20061e-10
0.000339699
-8.36284e-12
0.000339699
-1.1991e-10
0.000339698
-2.17991e-10
0.000339698
-2.77922e-10
0.000339698
-2.95301e-10
0.000339698
-2.97567e-10
0.000339698
-2.99481e-10
0.000339698
-2.91013e-10
0.000339698
-2.64254e-10
0.000339698
-2.27525e-10
0.000339698
-1.95022e-10
0.000339698
-1.76082e-10
0.000339698
-1.70625e-10
0.000339698
-1.68975e-10
0.000339698
-1.61783e-10
0.000339698
-1.4993e-10
0.000339698
-1.40462e-10
0.000339698
-1.35585e-10
0.000339698
-1.28971e-10
0.000339698
-1.12558e-10
0.000339698
-8.5865e-11
0.000339698
-5.84775e-11
0.000339698
-4.12026e-11
0.000339698
-3.44194e-11
0.000339698
-2.97645e-11
0.000339698
-1.92587e-11
0.000339698
-5.24259e-12
0.000339698
3.12407e-12
0.000339698
-1.69957e-12
0.000339698
-1.69636e-11
0.000339698
-3.37178e-11
0.000339698
-4.5886e-11
0.000339698
-5.47072e-11
0.000339698
-6.40362e-11
0.000339698
-7.35999e-11
0.000339698
-7.78528e-11
0.000339698
-7.18209e-11
0.000339698
-5.68644e-11
0.000339698
-4.01712e-11
0.000339698
-2.86487e-11
0.000339698
-2.32587e-11
0.000339698
-1.97742e-11
0.000339698
-1.3583e-11
0.000339698
-6.38799e-12
0.000339698
-3.02292e-12
0.000339698
-6.50762e-12
0.000339698
-1.41083e-11
0.000339698
-1.94272e-11
0.000339698
-1.84463e-11
0.000339698
-1.30479e-11
0.000339698
-8.11256e-12
0.000339698
-6.06733e-12
0.000339698
-4.28493e-12
0.000339698
1.96556e-12
0.000339698
1.40012e-11
0.000339698
2.77697e-11
0.000339698
3.74644e-11
0.000339698
4.07883e-11
0.000339698
4.04548e-11
0.000339698
4.03963e-11
0.000339698
4.06787e-11
0.000339698
3.72827e-11
0.000339698
2.66113e-11
0.000339698
1.00952e-11
0.000339698
-6.11516e-12
0.000339698
-1.66838e-11
0.000339698
-2.15739e-11
0.000339698
-2.51124e-11
0.000339698
-3.06012e-11
0.000339698
-3.62886e-11
0.000339698
-3.72307e-11
0.000339698
-3.09629e-11
0.000339698
-2.07183e-11
0.000339698
-1.24284e-11
0.000339698
-8.83104e-12
0.000339698
-7.06416e-12
0.000339698
-2.27519e-12
0.000339698
5.95077e-12
0.000339698
1.28846e-11
0.000339698
1.39524e-11
0.000339698
9.72127e-12
0.000339698
5.94314e-12
0.000339698
7.27649e-12
0.000339698
1.26196e-11
0.000339698
1.68614e-11
0.000339698
1.69373e-11
0.000339698
1.53421e-11
0.000339698
1.70783e-11
0.000339698
2.36978e-11
0.000339698
3.09042e-11
0.000339698
3.30111e-11
0.000339698
2.88492e-11
0.000339698
2.26638e-11
0.000339698
1.90793e-11
0.000339698
1.79171e-11
0.000339698
1.46835e-11
0.000339698
5.99818e-12
0.000339698
-6.02447e-12
0.000339698
-1.60283e-11
0.000339698
-2.00479e-11
0.000339698
-1.96942e-11
0.000339698
-1.94621e-11
0.000339698
-2.18263e-11
0.000339698
-2.46921e-11
0.000339698
-2.38389e-11
0.000339698
-1.78017e-11
0.000339698
-1.01558e-11
0.000339698
-5.80036e-12
0.000339698
-6.56184e-12
0.000339698
-9.79251e-12
0.000339698
-1.1391e-11
0.000339698
-9.97089e-12
0.000339698
-8.35191e-12
0.000339698
-1.03488e-11
0.000339698
-1.61316e-11
0.000339698
-2.16559e-11
0.000339698
-2.31665e-11
0.000339698
-2.11063e-11
0.000339698
-1.89387e-11
0.000339698
-1.90032e-11
0.000339698
-2.07535e-11
0.000339698
-2.20771e-11
0.000339698
-2.12629e-11
0.000339698
-1.91302e-11
0.000339698
-1.88695e-11
0.000339698
-2.1682e-11
0.000339698
-2.49004e-11
0.000339698
-2.6122e-11
0.000339698
-2.48048e-11
0.000339698
-2.15964e-11
0.000339698
-1.94293e-11
0.000339698
-1.83711e-11
0.000339698
-1.55995e-11
0.000339698
-1.17592e-11
0.000339698
-7.89626e-12
0.000339698
-7.04394e-12
0.000339698
-4.57186e-12
0.000339698
8.15161e-12
0.000339698
1.54569e-11
0.000339698
1.53664e-11
0.000339698
1.65574e-11
0.000339698
1.11199e-11
0.000339698
1.28904e-11
0.000339698
1.91118e-11
3.87899e-12
0.00028971
3.72537e-10
0.00028971
4.21736e-10
0.00028971
3.48442e-10
0.00028971
2.12211e-10
0.00028971
1.12866e-10
0.00028971
1.47502e-11
0.00028971
-8.17464e-11
0.00028971
-1.56287e-10
0.00028971
-2.01646e-10
0.00028971
-2.18946e-10
0.00028971
-2.17171e-10
0.00028971
-2.07221e-10
0.00028971
-1.94341e-10
0.00028971
-1.79165e-10
0.000289709
-1.61964e-10
0.000289709
-1.44189e-10
0.000289709
-1.30523e-10
0.000289709
-1.27601e-10
0.000289709
-1.35823e-10
0.000289709
-1.45745e-10
0.000289709
-1.46705e-10
0.000289709
-1.36175e-10
0.000289709
-1.19905e-10
0.000289709
-1.04616e-10
0.000289709
-9.16669e-11
0.000289709
-7.64666e-11
0.000289709
-5.57834e-11
0.000289709
-3.33113e-11
0.000289709
-1.64921e-11
0.000289709
-8.65374e-12
0.000289709
-5.39788e-12
0.000289709
-1.23208e-12
0.000289709
4.33018e-12
0.000289709
5.11607e-12
0.000289709
-4.20976e-12
0.000289709
-2.19602e-11
0.000289709
-4.03392e-11
0.000289709
-5.22631e-11
0.000289709
-5.61216e-11
0.000289709
-5.54964e-11
0.000289709
-5.36732e-11
0.000289709
-5.01706e-11
0.000289709
-4.23195e-11
0.000289709
-2.97033e-11
0.000289709
-1.62577e-11
0.000289709
-7.37681e-12
0.000289709
-5.32542e-12
0.000289709
-7.21272e-12
0.000289709
-8.60748e-12
0.000289709
-7.92054e-12
0.000289709
-7.42532e-12
0.000289709
-1.05658e-11
0.000289709
-1.64979e-11
0.000289709
-2.10213e-11
0.000289709
-2.0066e-11
0.000289709
-1.35002e-11
0.000289709
-5.1679e-12
0.000289709
1.31978e-12
0.000289709
6.0321e-12
0.000289709
1.24211e-11
0.000289709
2.28729e-11
0.000289709
3.52494e-11
0.000289709
4.41503e-11
0.000289709
4.56965e-11
0.000289709
4.11218e-11
0.000289709
3.41924e-11
0.000289709
2.7613e-11
0.000289709
2.045e-11
0.000289709
9.69769e-12
0.000289709
-4.81044e-12
0.000289709
-1.9003e-11
0.000289709
-2.77828e-11
0.000289709
-2.96704e-11
0.000289709
-2.79854e-11
0.000289709
-2.70683e-11
0.000289709
-2.76042e-11
0.000289709
-2.6251e-11
0.000289709
-1.99101e-11
0.000289709
-9.75515e-12
0.000289709
-5.47483e-13
0.000289709
3.63934e-12
0.000289709
3.9076e-12
0.000289709
4.36358e-12
0.000289709
7.64402e-12
0.000289709
1.17938e-11
0.000289709
1.28607e-11
0.000289709
1.00124e-11
0.000289709
7.05149e-12
0.000289709
8.60245e-12
0.000289709
1.5066e-11
0.000289709
2.25802e-11
0.000289709
2.67062e-11
0.000289709
2.75472e-11
0.000289709
2.86577e-11
0.000289709
3.23797e-11
0.000289709
3.67056e-11
0.000289709
3.71278e-11
0.000289709
3.14253e-11
0.000289709
2.20789e-11
0.000289709
1.35746e-11
0.000289709
7.87004e-12
0.000289709
2.94734e-12
0.000289709
-4.3256e-12
0.000289709
-1.37884e-11
0.000289709
-2.18086e-11
0.000289709
-2.47654e-11
0.000289709
-2.25651e-11
0.000289709
-1.85951e-11
0.000289709
-1.62097e-11
0.000289709
-1.55387e-11
0.000289709
-1.40985e-11
0.000289709
-1.00018e-11
0.000289709
-4.54572e-12
0.000289709
-1.31068e-12
0.000289709
-2.7495e-12
0.000289709
-7.688e-12
0.000289709
-1.22083e-11
0.000289709
-1.36993e-11
0.000289709
-1.37268e-11
0.000289709
-1.57766e-11
0.000289709
-2.08103e-11
0.000289709
-2.58625e-11
0.000289709
-2.751e-11
0.000289709
-2.54734e-11
0.000289709
-2.22718e-11
0.000289709
-2.05475e-11
0.000289709
-2.12747e-11
0.000289709
-2.31688e-11
0.000289709
-2.40386e-11
0.000289709
-2.35888e-11
0.000289709
-2.3122e-11
0.000289709
-2.28428e-11
0.000289709
-2.22443e-11
0.000289709
-2.0963e-11
0.000289709
-1.82396e-11
0.000289709
-1.55989e-11
0.000289709
-1.51459e-11
0.000289709
-1.38448e-11
0.000289709
-9.3574e-12
0.000289709
-4.2559e-13
0.000289709
5.86406e-12
0.000289709
5.55173e-12
0.000289709
1.10637e-11
0.000289709
1.72787e-11
0.000289709
1.9331e-11
0.000289709
2.559e-11
0.000289709
2.53924e-11
0.000289709
2.13131e-11
0.000289709
2.17986e-11
1.21838e-11
0.000225401
2.29821e-10
0.000225402
2.26922e-10
0.000225402
1.83426e-10
0.000225402
1.26965e-10
0.000225402
7.52898e-11
0.000225402
8.06321e-12
0.000225402
-5.4218e-11
0.000225402
-9.32964e-11
0.000225402
-1.15448e-10
0.000225402
-1.26455e-10
0.000225401
-1.22674e-10
0.000225401
-1.05535e-10
0.000225401
-8.58354e-11
0.000225401
-7.35033e-11
0.000225401
-7.06897e-11
0.000225401
-7.21202e-11
0.000225401
-7.23896e-11
0.000225401
-7.2866e-11
0.0002254
-7.88747e-11
0.0002254
-9.06326e-11
0.0002254
-1.00837e-10
0.0002254
-1.00938e-10
0.0002254
-8.86248e-11
0.0002254
-6.83394e-11
0.0002254
-5.03518e-11
0.0002254
-4.06277e-11
0.0002254
-3.50338e-11
0.0002254
-2.66844e-11
0.0002254
-1.42239e-11
0.0002254
-2.74524e-12
0.0002254
2.8876e-12
0.0002254
2.76525e-12
0.0002254
6.20523e-13
0.0002254
-1.43392e-12
0.0002254
-5.30637e-12
0.0002254
-1.40539e-11
0.0002254
-2.71375e-11
0.0002254
-3.92463e-11
0.0002254
-4.46361e-11
0.0002254
-4.13811e-11
0.0002254
-3.30963e-11
0.0002254
-2.50798e-11
0.0002254
-1.97749e-11
0.0002254
-1.56681e-11
0.0002254
-1.05142e-11
0.0002254
-4.12467e-12
0.0002254
1.1209e-13
0.0002254
-3.7081e-13
0.0002254
-4.56538e-12
0.0002254
-8.68317e-12
0.0002254
-9.96405e-12
0.0002254
-8.8581e-12
0.0002254
-7.91667e-12
0.0002254
-8.91582e-12
0.0002254
-1.0238e-11
0.0002254
-8.5101e-12
0.0002254
-2.08574e-12
0.0002254
7.05445e-12
0.0002254
1.50831e-11
0.0002254
2.00542e-11
0.0002254
2.35648e-11
0.0002254
2.82921e-11
0.0002254
3.41553e-11
0.0002254
3.77292e-11
0.0002254
3.53866e-11
0.0002254
2.68209e-11
0.0002254
1.5727e-11
0.0002254
6.423e-12
0.0002254
-3.5165e-14
0.0002254
-5.9366e-12
0.0002254
-1.34265e-11
0.0002254
-2.136e-11
0.0002254
-2.59462e-11
0.0002254
-2.46596e-11
0.0002254
-1.91149e-11
0.0002254
-1.35603e-11
0.0002254
-1.06784e-11
0.0002254
-9.14851e-12
0.0002254
-5.66584e-12
0.0002254
8.31193e-13
0.0002254
7.43645e-12
0.0002254
1.02125e-11
0.0002254
8.51144e-12
0.0002254
5.80882e-12
0.0002254
6.04659e-12
0.0002254
9.44355e-12
0.0002254
1.28374e-11
0.0002254
1.37286e-11
0.0002254
1.33457e-11
0.0002254
1.52246e-11
0.0002254
2.11582e-11
0.0002254
2.83333e-11
0.0002254
3.29357e-11
0.0002254
3.30729e-11
0.0002254
3.08008e-11
0.0002254
2.92501e-11
0.0002254
2.88694e-11
0.0002254
2.68909e-11
0.0002254
2.06774e-11
0.0002254
1.09039e-11
0.0002254
1.28393e-12
0.0002254
-4.83965e-12
0.0002254
-7.87451e-12
0.0002254
-1.03775e-11
0.0002254
-1.40726e-11
0.0002254
-1.7925e-11
0.0002254
-1.90776e-11
0.0002254
-1.61036e-11
0.0002254
-1.06658e-11
0.0002254
-6.15494e-12
0.0002254
-4.68583e-12
0.0002254
-5.07862e-12
0.0002254
-5.07645e-12
0.0002254
-3.71466e-12
0.0002254
-2.60179e-12
0.0002254
-4.1999e-12
0.0002254
-8.87405e-12
0.0002254
-1.3859e-11
0.0002254
-1.67557e-11
0.0002254
-1.7253e-11
0.0002254
-1.76474e-11
0.0002254
-1.9376e-11
0.0002254
-2.15126e-11
0.0002254
-2.22798e-11
0.0002254
-2.09578e-11
0.0002254
-1.83565e-11
0.0002254
-1.64092e-11
0.0002254
-1.66525e-11
0.0002254
-1.83187e-11
0.0002254
-1.93504e-11
0.0002254
-1.85696e-11
0.0002254
-1.63972e-11
0.0002254
-1.40145e-11
0.0002254
-1.30979e-11
0.0002254
-1.21385e-11
0.0002254
-8.47282e-12
0.0002254
-4.44981e-12
0.0002254
-2.37725e-12
0.0002254
-2.52633e-12
0.0002254
8.55917e-13
0.0002254
9.05494e-12
0.0002254
1.44494e-11
0.0002254
1.72586e-11
0.0002254
2.10954e-11
0.0002254
1.9929e-11
0.0002254
1.67549e-11
0.0002254
1.8437e-11
0.0002254
2.18813e-11
0.0002254
2.04991e-11
1.32041e-11
0.000146747
1.01909e-10
0.000146747
8.86959e-11
0.000146747
7.39254e-11
0.000146747
5.53928e-11
0.000146747
2.01962e-11
0.000146747
-1.83733e-11
0.000146747
-4.21416e-11
0.000146747
-4.80845e-11
0.000146747
-4.68654e-11
0.000146747
-4.67611e-11
0.000146747
-4.51165e-11
0.000146747
-3.71491e-11
0.000146747
-2.63747e-11
0.000146747
-1.85079e-11
0.000146747
-1.79121e-11
0.000146747
-2.43495e-11
0.000146746
-3.22232e-11
0.000146746
-3.57818e-11
0.000146746
-3.38732e-11
0.000146746
-2.98392e-11
0.000146746
-2.7095e-11
0.000146746
-2.60658e-11
0.000146746
-2.35479e-11
0.000146746
-1.62471e-11
0.000146746
-6.36005e-12
0.000146746
4.44363e-13
0.000146746
1.06516e-12
0.000146746
-1.24332e-12
0.000146746
-9.30858e-13
0.000146746
3.53767e-12
0.000146746
9.05139e-12
0.000146746
1.08304e-11
0.000146746
7.3228e-12
0.000146746
1.33049e-12
0.000146746
-3.37204e-12
0.000146746
-5.8555e-12
0.000146746
-8.03137e-12
0.000146746
-1.16105e-11
0.000146746
-1.55581e-11
0.000146746
-1.67307e-11
0.000146746
-1.32971e-11
0.000146746
-7.09818e-12
0.000146746
-2.20332e-12
0.000146746
-1.2115e-12
0.000146746
-2.7891e-12
0.000146746
-3.91378e-12
0.000146746
-2.58424e-12
0.000146746
-1.75973e-13
0.000146746
4.62336e-13
0.000146746
-1.57007e-12
0.000146746
-4.60423e-12
0.000146746
-5.54468e-12
0.000146746
-3.37726e-12
0.000146746
-1.12138e-13
0.000146746
1.58612e-12
0.000146746
1.25923e-12
0.000146746
1.12756e-12
0.000146746
3.66073e-12
0.000146746
8.77247e-12
0.000146746
1.35313e-11
0.000146746
1.53162e-11
0.000146746
1.44471e-11
0.000146746
1.31693e-11
0.000146746
1.32087e-11
0.000146746
1.34841e-11
0.000146746
1.12395e-11
0.000146746
5.2105e-12
0.000146746
-2.61194e-12
0.000146746
-8.58191e-12
0.000146746
-1.08243e-11
0.000146746
-1.08146e-11
0.000146746
-1.14216e-11
0.000146746
-1.35161e-11
0.000146746
-1.4948e-11
0.000146746
-1.30498e-11
0.000146746
-7.84383e-12
0.000146746
-2.42361e-12
0.000146746
1.01374e-13
0.000146746
-2.8301e-13
0.000146746
-7.21784e-13
0.000146746
1.15624e-12
0.000146746
4.50163e-12
0.000146746
6.16975e-12
0.000146746
4.54439e-12
0.000146746
1.65779e-12
0.000146746
7.91996e-13
0.000146746
3.28561e-12
0.000146746
7.0937e-12
0.000146746
9.32096e-12
0.000146746
9.36256e-12
0.000146746
9.46995e-12
0.000146746
1.18604e-11
0.000146746
1.59624e-11
0.000146746
1.89382e-11
0.000146746
1.83203e-11
0.000146746
1.49064e-11
0.000146746
1.15882e-11
0.000146746
1.0082e-11
0.000146746
9.24924e-12
0.000146746
6.60764e-12
0.000146746
1.41093e-12
0.000146746
-4.31899e-12
0.000146746
-7.80328e-12
0.000146746
-8.13474e-12
0.000146746
-7.09493e-12
0.000146746
-7.17609e-12
0.000146746
-8.80941e-12
0.000146746
-1.00788e-11
0.000146746
-8.88767e-12
0.000146746
-5.55074e-12
0.000146746
-2.62571e-12
0.000146746
-2.36644e-12
0.000146746
-4.69448e-12
0.000146746
-7.30734e-12
0.000146746
-8.11823e-12
0.000146746
-7.39217e-12
0.000146746
-7.39966e-12
0.000146746
-9.73791e-12
0.000146746
-1.3447e-11
0.000146746
-1.59258e-11
0.000146746
-1.59979e-11
0.000146746
-1.47578e-11
0.000146746
-1.39443e-11
0.000146746
-1.42764e-11
0.000146746
-1.51277e-11
0.000146746
-1.52301e-11
0.000146746
-1.41184e-11
0.000146746
-1.29122e-11
0.000146746
-1.26751e-11
0.000146746
-1.27449e-11
0.000146746
-1.19442e-11
0.000146746
-1.00206e-11
0.000146746
-7.22214e-12
0.000146746
-5.55091e-12
0.000146746
-5.86327e-12
0.000146746
-5.68063e-12
0.000146746
-3.45452e-12
0.000146746
3.43171e-13
0.000146746
3.63888e-12
0.000146746
7.14291e-12
0.000146746
1.18438e-11
0.000146746
1.43375e-11
0.000146746
1.14654e-11
0.000146746
9.69106e-12
0.000146746
1.28781e-11
0.000146746
1.58004e-11
0.000146746
1.41043e-11
0.000146746
1.36205e-11
0.000146746
1.90355e-11
1.02532e-11
5.37177e-05
5.37178e-05
5.37179e-05
5.3718e-05
5.3718e-05
5.3718e-05
5.37179e-05
5.37179e-05
5.37179e-05
5.37179e-05
5.37178e-05
5.37178e-05
5.37177e-05
5.37177e-05
5.37176e-05
5.37176e-05
5.37175e-05
5.37175e-05
5.37175e-05
5.37174e-05
5.37174e-05
5.37174e-05
5.37174e-05
5.37174e-05
5.37174e-05
5.37174e-05
5.37174e-05
5.37174e-05
5.37174e-05
5.37174e-05
5.37174e-05
5.37174e-05
5.37174e-05
5.37174e-05
5.37174e-05
5.37174e-05
5.37174e-05
5.37174e-05
5.37174e-05
5.37174e-05
5.37174e-05
5.37173e-05
5.37173e-05
5.37173e-05
5.37173e-05
5.37173e-05
5.37173e-05
5.37173e-05
5.37173e-05
5.37173e-05
5.37173e-05
5.37173e-05
5.37173e-05
5.37173e-05
5.37173e-05
5.37173e-05
5.37173e-05
5.37173e-05
5.37173e-05
5.37173e-05
5.37173e-05
5.37173e-05
5.37173e-05
5.37174e-05
5.37174e-05
5.37174e-05
5.37174e-05
5.37174e-05
5.37174e-05
5.37174e-05
5.37173e-05
5.37173e-05
5.37173e-05
5.37173e-05
5.37173e-05
5.37173e-05
5.37173e-05
5.37173e-05
5.37173e-05
5.37173e-05
5.37173e-05
5.37174e-05
5.37174e-05
5.37174e-05
5.37174e-05
5.37174e-05
5.37174e-05
5.37174e-05
5.37174e-05
5.37174e-05
5.37174e-05
5.37175e-05
5.37175e-05
5.37175e-05
5.37175e-05
5.37175e-05
5.37176e-05
5.37176e-05
5.37176e-05
5.37176e-05
5.37176e-05
5.37176e-05
5.37176e-05
5.37175e-05
5.37175e-05
5.37175e-05
5.37175e-05
5.37175e-05
5.37175e-05
5.37175e-05
5.37175e-05
5.37175e-05
5.37175e-05
5.37175e-05
5.37174e-05
5.37174e-05
5.37174e-05
5.37174e-05
5.37174e-05
5.37174e-05
5.37174e-05
5.37174e-05
5.37173e-05
5.37173e-05
5.37173e-05
5.37173e-05
5.37173e-05
5.37172e-05
5.37172e-05
5.37172e-05
5.37172e-05
5.37172e-05
5.37172e-05
5.37172e-05
5.37172e-05
5.37172e-05
5.37172e-05
5.37172e-05
5.37172e-05
5.37172e-05
5.37172e-05
5.37172e-05
5.37172e-05
5.37172e-05
5.37172e-05
5.37172e-05
5.37173e-05
5.37173e-05
5.37173e-05
)
;

boundaryField
{
    inlet
    {
        type            calculated;
        value           nonuniform List<scalar> 
15
(
-5.37168e-05
-0.000146745
-0.000225399
-0.000289708
-0.000339697
-0.000375388
-0.000396796
-0.000403932
-0.000396797
-0.000375389
-0.000339699
-0.00028971
-0.000225401
-0.000146747
-5.37176e-05
)
;
    }
    outlet
    {
        type            calculated;
        value           nonuniform List<scalar> 
15
(
5.37154e-05
0.000146741
0.000225395
0.000289706
0.000339698
0.000375392
0.000396801
0.000403935
0.000396798
0.000375389
0.000339698
0.000289709
0.0002254
0.000146746
5.37173e-05
)
;
    }
    walls
    {
        type            calculated;
        value           uniform 0;
    }
    frontAndBack
    {
        type            empty;
    }
}


// ************************************************************************* //
