/*--------------------------------*- C++ -*----------------------------------*\
| =========                 |                                                 |
| \\      /  F ield         | OpenFOAM: The Open Source CFD Toolbox           |
|  \\    /   O peration     | Version:  2406                                  |
|   \\  /    A nd           | Website:  www.openfoam.com                      |
|    \\/     M anipulation  |                                                 |
\*---------------------------------------------------------------------------*/
FoamFile
{
    version     2.0;
    format      ascii;
    arch        "LSB;label=32;scalar=64";
    class       volScalarField;
    location    "0.95";
    object      p;
}
// * * * * * * * * * * * * * * * * * * * * * * * * * * * * * * * * * * * * * //

dimensions      [1 -1 -2 0 0 0 0];

internalField   nonuniform List<scalar> 
6250
(
130.632
-3047.62
-931.27
614.514
578.947
121.406
-38.0359
35.9733
110.485
116.732
96.7593
86.93
88.7201
91.9563
92.3067
91.1324
90.2252
89.8667
89.6461
89.3191
88.907
88.4879
88.0925
87.7103
87.3196
86.9302
86.5484
86.1587
85.7647
85.3798
84.9924
84.598
84.2105
83.8264
83.4389
83.0492
82.6544
82.2595
81.8701
81.4831
81.0976
80.7133
80.3274
79.9375
79.545
79.1544
78.7659
78.3772
77.9895
77.6015
77.212
76.8231
76.4343
76.0461
75.6614
75.2767
74.8869
74.4938
74.1015
73.7137
73.3303
72.9474
72.5619
72.1737
71.784
71.3942
71.0053
70.6173
70.2305
69.8446
69.4583
69.0713
68.6842
68.2955
67.904
67.5136
67.128
66.7442
66.3575
65.9688
65.5805
65.193
64.8068
64.4217
64.0355
63.6467
63.2578
62.8721
62.4893
62.1055
61.7181
61.3285
60.9399
60.555
60.1728
59.7893
59.4018
59.0118
58.6226
58.2354
57.8491
57.4634
57.0797
56.6966
56.3114
55.9228
55.5328
55.1445
54.7605
54.3801
53.9981
53.6104
53.2194
52.8301
52.4434
52.0579
51.6742
51.2921
50.9089
50.5222
50.1324
49.7416
49.3523
48.9671
48.5859
48.205
47.8219
47.4375
47.0521
46.6632
46.2709
45.8797
45.4925
45.1092
44.7286
44.3489
43.9663
43.5796
43.1912
42.802
42.4102
42.0172
41.6276
41.243
40.8621
40.4833
40.1042
39.7216
39.3353
38.9472
38.5573
38.1642
37.7711
37.3833
37.0003
36.6173
36.2329
35.849
35.4663
35.0834
34.6992
34.312
33.9206
33.5276
33.1375
32.7508
32.3643
31.9773
31.5921
31.2095
30.8276
30.4451
30.0617
29.6755
29.2862
28.896
28.5053
28.1124
27.7182
27.3262
26.9364
26.5473
26.1594
25.7743
25.3917
25.0099
24.6284
24.246
23.8623
23.4787
23.0961
22.7116
22.3223
21.9306
21.5401
21.1501
20.7582
20.3644
19.9706
19.5775
19.1854
18.7944
18.4039
18.0129
17.6226
17.234
16.8461
16.4574
16.0697
15.685
15.3017
14.917
14.5317
14.1475
13.7642
13.3811
12.9983
12.6149
12.2298
11.8443
11.4603
11.0766
10.6909
10.3036
9.91617
9.52858
9.14072
8.75263
8.36343
7.97289
7.58282
7.19411
6.80486
6.41374
6.02246
5.63272
5.24344
4.85323
4.46297
4.07388
3.68525
3.2961
2.90681
2.51786
2.12909
1.74113
1.35479
0.968446
0.582025
0.191333
130.591
-3047.69
-931.313
614.517
578.959
121.408
-38.0325
35.9768
110.485
116.734
96.7665
86.9292
88.7081
91.9506
92.3135
91.1418
90.2328
89.8719
89.6439
89.307
88.8941
88.4825
88.0929
87.7158
87.3279
86.9323
86.5448
86.1588
85.7649
85.3744
84.9892
84.5995
84.2085
83.8187
83.4292
83.0437
82.6573
82.269
81.882
81.4914
81.0969
80.7052
80.3191
79.9342
79.5447
79.1543
78.7666
78.3778
77.9886
77.6011
77.2133
76.8255
76.4362
76.0442
75.6556
75.2722
74.8869
74.4967
74.1054
73.7176
73.3335
72.9476
72.5571
72.1668
71.7804
71.3961
71.0098
70.62
70.2299
69.8434
69.459
69.0715
68.6816
68.293
67.9055
67.517
67.1295
66.7434
66.3558
65.9678
65.5825
65.1973
64.8088
64.4186
64.0304
63.645
63.2605
62.876
62.4914
62.1054
61.7174
61.3286
60.9405
60.5543
60.171
59.7882
59.4016
59.0103
58.6188
58.2331
57.8526
57.4712
57.0854
56.696
56.3059
55.9178
55.5324
55.1477
54.7629
54.3795
53.9977
53.6128
53.2221
52.8298
52.441
52.0564
51.6746
51.2934
50.9096
50.5214
50.1305
49.7394
49.3496
48.9636
48.5837
48.2072
47.8269
47.4402
47.0503
46.6596
46.2675
45.8764
45.4896
45.1068
44.727
44.3497
43.9706
43.5836
43.1896
42.7952
42.4037
42.0146
41.629
41.2469
40.8658
40.485
40.1054
39.724
39.337
38.946
38.5558
38.1657
37.7734
37.3821
36.9965
36.6157
36.2355
35.8537
35.4697
35.0834
34.6969
34.3112
33.9236
33.5311
33.1371
32.7472
32.3621
31.9785
31.5953
31.2124
30.8287
30.4444
30.0611
29.6774
29.2891
28.8968
28.5045
28.1125
27.7191
27.3261
26.9359
26.5475
26.1598
25.7739
25.3905
25.0089
24.6288
24.2489
23.8659
23.4793
23.0933
22.7096
22.3241
21.9333
21.5399
21.1477
20.7566
20.3653
19.9733
19.5804
19.1863
18.7926
18.4009
18.0104
17.6203
17.2317
16.8452
16.4585
16.0705
15.6835
15.2993
14.916
14.5319
14.1478
13.7641
13.3801
12.9969
12.6153
12.2325
11.8466
11.4599
11.0748
10.6899
10.304
9.91706
9.52908
9.14019
8.75206
8.36481
7.97585
7.58452
7.19359
6.80446
6.41519
6.02465
5.63435
5.24507
4.85534
4.46444
4.07379
3.68437
3.29563
2.90729
2.51946
2.13111
1.74194
1.35404
0.968178
0.582016
0.194541
130.6
-3047.66
-931.289
614.52
578.956
121.398
-38.0339
35.9854
110.491
116.737
96.7653
86.9344
88.7184
91.9503
92.2982
91.1256
90.2257
89.8715
89.6491
89.317
88.9015
88.484
88.0924
87.7152
87.3303
86.9355
86.5416
86.1556
85.7692
85.38
84.9896
84.5981
84.2098
83.8233
83.4335
83.044
82.6548
82.265
81.878
81.4907
81.1
80.7085
80.3197
79.9342
79.5464
79.1557
78.7673
78.3798
77.9912
77.6024
77.2113
76.8211
76.4354
76.0492
75.6601
75.2712
74.8825
74.4943
74.1072
73.7207
73.3343
72.9466
72.5571
72.1681
71.7818
71.3964
71.0093
70.6198
70.2297
69.8427
69.4588
69.0726
68.6817
68.2913
67.9046
67.5183
67.1308
66.7436
66.356
65.9675
65.5811
65.1965
64.8097
64.4195
64.0294
63.6434
63.2607
62.878
62.4928
62.1042
61.7138
61.3252
60.9398
60.5565
60.1733
59.7889
59.4022
59.0122
58.6207
58.2324
57.8499
57.4695
57.0859
56.6975
56.3059
55.9152
55.5295
55.1485
54.7675
54.3834
53.9972
53.6093
53.2185
52.8275
52.4408
52.0588
51.6777
51.2952
50.9097
50.5203
50.1285
49.7382
49.351
48.9664
48.5853
48.2075
47.8281
47.442
47.0502
46.6576
46.2661
45.8769
45.4925
45.1119
44.7313
44.3499
43.9682
43.5825
43.1908
42.7969
42.405
42.0154
41.6287
41.2465
40.8669
40.4864
40.105
39.7227
39.3363
38.945
38.5532
38.1642
37.7753
37.385
36.9971
36.6138
36.233
35.8526
35.471
35.086
34.6972
34.3077
33.9196
33.5306
33.1391
32.7481
32.3607
31.9761
31.5931
31.2119
30.831
30.4475
30.0619
29.676
29.2881
28.8965
28.5035
28.1111
27.718
27.3245
26.9335
26.5462
26.1605
25.7758
25.3923
25.0091
24.6266
24.2462
23.8662
23.4825
23.0951
22.7079
22.3218
21.9336
21.5422
21.1495
20.7569
20.3637
19.9705
19.578
19.1857
18.7934
18.4023
18.0124
17.6221
17.2318
16.8439
16.4583
16.0719
15.6846
15.299
14.9156
14.5325
14.1491
13.766
13.3819
12.9967
12.6128
12.2305
11.8472
11.4619
11.0763
10.6906
10.304
9.91699
9.52958
9.14078
8.75117
8.36269
7.9747
7.58499
7.19407
6.80412
6.41477
6.02418
5.63278
5.24261
4.85365
4.46427
4.07431
3.68472
3.29536
2.90604
2.51773
2.13037
1.74219
1.35332
0.965921
0.57961
0.193502
130.597
-3047.67
-931.305
614.516
578.955
121.39
-38.0478
35.9732
110.484
116.735
96.7662
86.9301
88.7088
91.954
92.3141
91.1357
90.2284
89.874
89.6479
89.3118
88.898
88.4822
88.0914
87.7103
87.326
86.9389
86.5432
86.1512
85.7658
85.3797
84.9906
84.5986
84.2077
83.8202
83.4326
83.0451
82.6561
82.2647
81.8761
81.4893
81.1003
80.71
80.3202
79.9329
79.5449
79.1535
78.7643
78.3783
77.991
77.6023
77.211
76.819
76.4328
76.0491
75.6612
75.2705
74.881
74.4942
74.1089
73.7218
73.3326
72.9438
72.5562
72.1693
71.7826
71.3955
71.0082
70.6209
70.2324
69.8433
69.4562
69.0701
68.6816
68.2919
67.905
67.5193
67.1313
66.7429
66.3557
65.9682
65.5806
65.1945
64.8085
64.4205
64.0317
63.6452
63.2615
62.8777
62.4916
62.1027
61.7128
61.3254
60.9417
60.5593
60.1744
59.7864
59.3975
59.0095
58.6221
58.2357
57.8515
57.4687
57.0843
56.6967
56.3067
55.9163
55.5293
55.1478
54.7682
54.3845
53.9962
53.6065
53.2167
52.8275
52.4416
52.0599
51.6794
51.2965
50.9101
50.5197
50.1269
49.7359
49.3501
48.968
48.5868
48.2067
47.8263
47.4414
47.05
46.6562
46.264
45.8748
45.4906
45.1117
44.7332
44.3512
43.9668
43.5803
43.1897
42.796
42.4035
42.0141
41.6278
41.2458
40.8674
40.4884
40.1063
39.7227
39.3368
38.9459
38.5516
38.1598
37.7722
37.3858
37
36.6163
36.2342
35.8524
35.4707
35.0876
34.6999
34.3082
33.9169
33.5277
33.1385
32.7491
32.3618
31.9772
31.5937
31.2116
30.831
30.4488
30.0633
29.6762
29.2884
28.8975
28.5039
28.1106
27.7183
27.3256
26.9338
26.5452
26.1593
25.7753
25.393
25.0111
24.6281
24.2454
23.8647
23.4834
23.0978
22.709
22.3204
21.932
21.5418
21.1499
20.7574
20.3644
19.9708
19.5779
19.1857
18.7932
18.4014
18.0115
17.6224
17.2324
16.843
16.4564
16.0714
15.6856
15.2996
14.915
14.5312
14.1474
13.7647
13.3825
12.9985
12.6134
12.2296
11.8463
11.4617
11.076
10.6901
10.3035
9.9164
9.52954
9.1419
8.75232
8.3624
7.97377
7.585
7.19456
6.80385
6.41437
6.02497
5.63431
5.24339
4.85354
4.46421
4.07459
3.68518
3.29614
2.90674
2.5176
2.13008
1.74313
1.35499
0.966709
0.579821
0.19349
130.585
-3047.69
-931.31
614.519
578.966
121.402
-38.0459
35.9745
110.486
116.734
96.7663
86.9409
88.7186
91.9498
92.3068
91.1323
90.2213
89.8689
89.6511
89.3172
88.903
88.4838
88.0916
87.7119
87.3261
86.9392
86.5462
86.1533
85.766
85.3786
84.9912
84.601
84.2104
83.8234
83.4344
83.044
82.6557
82.2662
81.876
81.4866
81.0982
80.7118
80.3238
79.9337
79.5439
79.1538
78.766
78.3804
77.9917
77.602
77.2132
76.8227
76.4334
76.047
75.6596
75.2713
74.8837
74.4968
74.1102
73.7218
73.3316
72.9427
72.5563
72.1706
71.784
71.3958
71.0074
70.6204
70.2335
69.8443
69.4546
69.068
68.6824
68.2948
67.9066
67.519
67.1303
66.7417
66.3559
65.9706
65.5829
65.1937
64.8055
64.4189
64.0332
63.648
63.2631
62.877
62.4893
62.1008
61.7124
61.3258
60.9421
60.56
60.1756
59.7866
59.3954
59.0066
58.6219
58.2389
57.8555
57.4703
57.0826
56.6935
56.3051
55.9179
55.5321
55.149
54.7683
54.3851
53.9962
53.6047
53.2147
52.8272
52.4428
52.0619
51.6814
51.2975
50.9095
50.5186
50.1262
49.735
49.3493
48.9693
48.5904
48.2093
47.8261
47.4399
47.049
46.6558
46.2646
45.8764
45.4917
45.1121
44.7348
44.354
43.968
43.5793
43.1883
42.7953
42.4036
42.0156
41.6304
41.2477
40.8684
40.4898
40.1074
39.7215
39.3347
38.9459
38.5532
38.1598
37.7703
37.3845
37.0004
36.6179
36.2362
35.8534
35.4695
35.0857
34.6999
34.3096
33.9168
33.5254
33.1363
32.7482
32.3617
31.9778
31.5949
31.2122
30.8306
30.4492
30.0645
29.6764
29.2873
28.8969
28.5036
28.1095
27.717
27.3254
26.9344
26.5454
26.159
25.7743
25.3917
25.0113
24.6302
24.2467
23.8633
23.4814
23.098
22.7107
22.3212
21.9316
21.5411
21.1493
20.7571
20.3645
19.9711
19.5776
19.1853
18.7934
18.4014
18.0107
17.622
17.2336
16.8443
16.4562
16.0706
15.6858
15.3005
14.9159
14.5322
14.148
13.764
13.3816
12.9991
12.6148
12.2301
11.8462
11.462
11.0766
10.6907
10.304
9.91622
9.52861
9.14164
8.7534
8.36335
7.97351
7.58462
7.19499
6.80411
6.41366
6.02424
5.63447
5.24383
4.85343
4.46372
4.07398
3.68442
3.29575
2.90706
2.5175
2.12855
1.74142
1.35459
0.967042
0.579319
0.193228
130.586
-3047.69
-931.315
614.509
578.954
121.402
-38.0403
35.9751
110.483
116.731
96.7603
86.9316
88.7127
91.9485
92.3086
91.137
90.2234
89.8673
89.6508
89.313
88.8936
88.481
88.0957
87.7125
87.322
86.9347
86.5456
86.1558
85.7657
85.3738
84.9867
84.6004
84.2116
83.8233
83.4322
83.0406
82.6548
82.2687
81.8774
81.4856
81.0976
80.7131
80.3255
79.9331
79.5424
79.1541
78.7661
78.3782
77.9875
77.5975
77.2123
76.8258
76.435
76.0446
75.6568
75.2708
74.8846
74.4966
74.1082
73.7203
73.3319
72.9434
72.5557
72.1693
71.7837
71.3975
71.0089
70.6194
70.2311
69.8429
69.4542
69.0678
68.6833
68.2964
67.9067
67.5177
67.1295
66.7415
66.3552
65.9702
65.5832
65.1938
64.8046
64.4183
64.0341
63.6499
63.2641
62.876
62.4866
62.0986
61.7127
61.3282
60.9439
60.5596
60.1741
59.7857
59.3951
59.0059
58.6212
58.2395
57.8571
57.4715
57.0819
56.6906
56.3019
55.9176
55.535
55.1518
54.7681
54.3829
53.9939
53.6024
53.213
52.8273
52.4445
52.0636
51.6826
51.2978
50.9083
50.5165
50.125
49.735
49.3492
48.9692
48.5916
48.2109
47.8259
47.4378
47.0464
46.6533
46.2631
45.8771
45.4935
45.1125
44.7341
44.3538
43.968
43.578
43.1863
42.7936
42.402
42.0148
41.6314
41.2493
40.8688
40.4896
40.1079
39.721
39.3318
38.9428
38.5524
38.1604
37.7703
37.3841
37.0003
36.6184
36.2378
35.8559
35.4708
35.0842
34.6976
34.3091
33.9173
33.5251
33.135
32.7471
32.3609
31.9777
31.5962
31.214
30.8312
30.4492
30.0655
29.6778
29.2876
28.8966
28.5038
28.1093
27.7159
27.3245
26.9342
26.5457
26.1597
25.7751
25.3914
25.0101
24.6304
24.2487
23.8646
23.4806
23.0969
22.7109
22.322
21.9319
21.5411
21.149
20.7564
20.3639
19.9711
19.5777
19.1851
18.7936
18.402
18.0105
17.6209
17.2332
16.8451
16.4566
16.0699
15.6849
15.3001
14.9156
14.5321
14.1486
13.7641
13.3805
12.9982
12.615
12.2305
11.8459
11.4614
11.0761
10.6904
10.3045
9.91695
9.5283
9.14035
8.75276
8.36365
7.97343
7.5839
7.19479
6.80459
6.41371
6.02361
5.63409
5.244
4.85366
4.46389
4.07425
3.68435
3.29526
2.90733
2.51892
2.12957
1.74106
1.35386
0.96703
0.579996
0.193446
130.572
-3047.7
-931.309
614.516
578.953
121.392
-38.0452
35.9725
110.481
116.733
96.7625
86.9347
88.7174
91.9482
92.3048
91.1371
90.2289
89.8678
89.647
89.3158
88.9001
88.4816
88.0924
87.7115
87.3246
86.9385
86.5503
86.1583
85.7666
85.3752
84.9885
84.6025
84.2111
83.8211
83.4333
83.0436
82.6548
82.267
81.8772
81.4871
81.0983
80.7112
80.3228
79.9317
79.5432
79.1564
78.7675
78.3788
77.99
77.6003
77.2134
76.8262
76.4353
76.0447
75.6572
75.2717
74.8853
74.4966
74.1077
73.7206
73.3336
72.9449
72.5557
72.1681
71.7832
71.399
71.0113
70.6196
70.2289
69.8419
69.4562
69.0702
68.684
68.296
67.9055
67.5164
67.1303
66.7441
66.3567
65.9693
65.5817
65.1935
64.8058
64.4199
64.0353
63.6502
63.2634
62.8749
62.4855
62.0979
61.7134
61.3304
60.9461
60.5592
60.171
59.7829
59.3949
59.0079
58.6234
58.2407
57.857
57.4709
57.0819
56.6909
56.3015
55.9172
55.5367
55.1548
54.7697
54.3821
53.9922
53.601
53.2121
52.8279
52.4468
52.0662
51.6842
51.2985
50.9077
50.5147
50.1237
49.7359
49.3511
48.9704
48.5924
48.2121
47.8264
47.4368
47.0453
46.6526
46.2625
45.8778
45.4962
45.1151
44.7346
44.3535
43.968
43.5777
43.1858
42.7938
42.4026
42.0152
41.6327
41.252
40.8708
40.4901
40.1084
39.7222
39.3316
38.9405
38.5506
38.1604
37.7712
37.385
37.0014
36.619
36.238
35.8571
35.473
35.0849
34.6957
34.3066
33.9163
33.5248
33.1348
32.747
32.3608
31.9771
31.5963
31.2157
30.8329
30.4494
30.0654
29.6782
29.2877
28.896
28.5036
28.1096
27.7156
27.3237
26.9336
26.5452
26.1595
25.7759
25.3925
25.0098
24.6293
24.2492
23.8663
23.4812
23.0961
22.7102
22.322
21.932
21.5413
21.1494
20.7564
20.3634
19.9709
19.5778
19.1848
18.7933
18.4025
18.0113
17.6206
17.2323
16.8452
16.4576
16.0704
15.6849
15.3002
14.9155
14.532
14.1492
13.7654
13.381
12.9977
12.6149
12.231
11.8465
11.4618
11.0762
10.69
10.3041
9.91759
9.52929
9.1404
8.75234
8.36397
7.97409
7.5839
7.19456
6.80502
6.41438
6.02365
5.63372
5.24392
4.85373
4.46391
4.07458
3.68475
3.29467
2.90594
2.51832
2.13014
1.74152
1.35357
0.966523
0.579741
0.193306
130.57
-3047.72
-931.323
614.513
578.953
121.397
-38.0421
35.9756
110.481
116.733
96.7618
86.9305
88.7165
91.9482
92.3032
91.1322
90.2254
89.8693
89.65
89.3182
88.8999
88.4827
88.0923
87.7074
87.3198
86.9344
86.5481
86.1562
85.7653
85.3763
84.9877
84.5994
84.2077
83.8181
83.4327
83.0444
82.6537
82.2653
81.8786
81.4906
81.1001
80.7098
80.3215
79.9325
79.5437
79.1551
78.7643
78.3755
77.9901
77.6025
77.2132
76.8243
76.4348
76.0457
75.6575
75.2696
74.8823
74.4953
74.1086
73.7219
73.3337
72.9438
72.5546
72.1679
71.7831
71.3981
71.01
70.6182
70.2275
69.8421
69.459
69.0727
68.6835
68.2934
67.9031
67.5151
67.1307
66.7462
66.3581
65.968
65.5788
65.192
64.8068
64.4222
64.0367
63.6494
63.2608
62.8724
62.4849
62.099
61.7152
61.3322
60.9473
60.5587
60.1681
59.7791
59.3934
59.0098
58.6267
58.2428
57.8563
57.4677
57.0787
56.6901
56.3026
55.9182
55.5371
55.1553
54.7692
54.3798
53.9896
53.5997
53.2121
52.8287
52.4482
52.0671
51.6838
51.2972
50.9063
50.5131
50.1221
49.736
49.3532
48.9721
48.5923
48.2112
47.8252
47.435
47.0435
46.6519
46.262
45.8772
45.4971
45.1171
44.7354
44.3523
43.9661
43.5757
43.1837
42.7928
42.4031
42.0158
41.6331
41.2533
40.8723
40.4896
40.1065
39.7211
39.3311
38.9388
38.548
38.1589
37.7711
37.3858
37.003
36.6205
36.2381
35.8563
35.4732
35.086
34.6955
34.3046
33.9141
33.5233
33.1337
32.7468
32.3615
31.9775
31.5961
31.2162
30.8346
30.4504
30.0654
29.6785
29.2879
28.8953
28.5025
28.1093
27.7156
27.3235
26.9335
26.5449
26.1588
25.7758
25.3936
25.0107
24.6285
24.248
23.8666
23.4823
23.0964
22.7098
22.3217
21.9316
21.5407
21.1492
20.7564
20.3631
19.9704
19.5778
19.1848
18.7926
18.402
18.0118
17.6212
17.2317
16.8444
16.4577
16.0708
15.6851
15.3003
14.9154
14.531
14.1481
13.7655
13.3817
12.9978
12.6145
12.2307
11.8462
11.4617
11.0765
10.6899
10.3033
9.91706
9.52965
9.14063
8.75168
8.36333
7.97411
7.58376
7.19376
6.80445
6.4146
6.02397
5.63357
5.24362
4.85343
4.46331
4.07414
3.6853
3.2956
2.90587
2.51752
2.12992
1.74193
1.3538
0.966326
0.579502
0.193412
130.574
-3047.71
-931.324
614.515
578.953
121.391
-38.0485
35.9744
110.482
116.73
96.7574
86.9251
88.7184
91.9532
92.3028
91.1296
90.2265
89.8714
89.6443
89.3136
88.9012
88.4843
88.0948
87.7118
87.322
86.9314
86.543
86.155
85.7683
85.3805
84.9895
84.5994
84.2109
83.8225
83.4354
83.0463
82.6544
82.2636
81.8752
81.4874
81.0984
80.7099
80.3238
79.9358
79.5452
79.1556
78.7656
78.3764
77.9904
77.6029
77.2126
76.8235
76.4361
76.0482
75.6586
75.2684
74.8811
74.4964
74.1109
73.7226
73.332
72.9421
72.5557
72.172
71.7864
71.3974
71.0068
70.6167
70.2287
69.8445
69.4614
69.0739
68.6821
68.2911
67.9029
67.5166
67.1322
66.7471
66.3586
65.9677
65.578
65.1918
64.808
64.424
64.0377
63.6486
63.2586
62.8706
62.4854
62.1015
61.7176
61.3328
60.9463
60.5575
60.1671
59.7781
59.3931
59.011
58.629
58.2448
57.8569
57.4661
57.0761
56.6893
56.3046
55.9211
55.5388
55.1561
54.7695
54.379
53.9881
53.5991
53.2129
52.8306
52.4508
52.0695
51.6843
51.2959
50.9051
50.5127
50.122
49.7366
49.3554
48.9751
48.5938
48.2109
47.824
47.4332
47.042
46.6523
46.2639
45.8787
45.498
45.1188
44.7369
44.3524
43.9653
43.5748
43.1826
42.7922
42.4043
42.0181
41.6347
41.2548
40.8746
40.4911
40.1056
39.7193
39.3305
38.9389
38.5475
38.1584
37.7712
37.3864
37.0045
36.6232
36.2403
35.8563
35.4722
35.0858
34.6957
34.304
33.9129
33.5223
33.1327
32.746
32.362
31.9788
31.5967
31.2166
30.8359
30.452
30.0658
29.6784
29.2884
28.8955
28.5019
28.1086
27.7152
27.3231
26.9336
26.5455
26.1588
25.775
25.3938
25.0124
24.6297
24.2476
23.866
23.4827
23.0969
22.71
22.3218
21.9317
21.5404
21.1489
20.7566
20.3632
19.9702
19.5779
19.1854
18.7928
18.4016
18.0119
17.6221
17.2323
16.8442
16.4575
16.071
15.6851
15.3006
14.9164
14.5318
14.148
13.7652
13.3821
12.9983
12.6146
12.2309
11.8464
11.4617
11.0768
10.6906
10.3033
9.91643
9.52963
9.14132
8.75194
8.36307
7.97436
7.58452
7.19404
6.80414
6.41449
6.02424
5.63378
5.24381
4.85387
4.46349
4.07361
3.68489
3.29616
2.90657
2.51725
2.12918
1.74172
1.35414
0.966648
0.579526
0.193269
130.575
-3047.72
-931.333
614.512
578.951
121.385
-38.0499
35.9756
110.481
116.729
96.7623
86.9296
88.715
91.9514
92.3098
91.1342
90.2203
89.8688
89.648
89.3139
88.8982
88.4815
88.0956
87.7152
87.3243
86.9319
86.5422
86.1541
85.7669
85.3782
84.9875
84.5989
84.2105
83.8193
83.431
83.0462
82.659
82.2672
81.8744
81.4848
81.097
80.7091
80.3223
79.9343
79.5441
79.156
78.7678
78.3768
77.9873
77.6002
77.2127
76.8251
76.4369
76.0472
75.6565
75.267
74.8814
74.4981
74.1121
73.7214
73.3291
72.9396
72.5552
72.1731
71.7871
71.3956
71.0038
70.6163
70.2319
69.8476
69.4614
69.0711
68.6783
68.2885
67.9037
67.5199
67.1342
66.746
66.3559
65.9656
65.5777
65.193
64.8095
64.4245
64.0367
63.6468
63.2567
62.8696
62.4863
62.1044
61.7206
61.3332
60.9435
60.5538
60.1652
59.7786
59.3948
59.0126
58.6295
58.2441
57.8556
57.4645
57.0739
56.6876
56.3052
55.9234
55.5401
55.1552
54.7674
54.3768
53.9863
53.5987
53.214
52.8317
52.4512
52.0694
51.6833
51.2935
50.9026
50.5119
50.1225
49.7371
49.3562
48.9762
48.5941
48.2096
47.8222
47.4312
47.0396
46.651
46.2649
45.8805
45.4989
45.119
44.7369
44.3512
43.9632
43.573
43.1812
42.7909
42.4042
42.0197
41.6362
41.255
40.8749
40.492
40.1052
39.717
39.328
38.9372
38.5463
38.1578
37.7715
37.3868
37.0046
36.6242
36.2422
35.8574
35.4711
35.0841
34.6946
34.3029
33.9114
33.5211
33.1318
32.745
32.3617
31.98
31.598
31.2168
30.836
30.4528
30.0663
29.6782
29.2882
28.8955
28.5014
28.1079
27.7147
27.3224
26.9328
26.5458
26.1597
25.7749
25.3929
25.0123
24.6306
24.2479
23.8654
23.4822
23.0968
22.7097
22.3216
21.9317
21.5401
21.1481
20.756
20.3631
19.9698
19.5773
19.1854
18.793
18.4011
18.011
17.622
17.2327
16.8442
16.4573
16.071
15.685
15.3
14.9162
14.5321
14.1479
13.7648
13.3819
12.9984
12.6146
12.2308
11.8461
11.461
11.0762
10.6909
10.3038
9.91608
9.52886
9.14117
8.75202
8.36253
7.97367
7.58445
7.19421
6.80387
6.41405
6.02408
5.63362
5.2434
4.85375
4.46378
4.07344
3.68399
3.29562
2.90711
2.51797
2.12916
1.74121
1.35371
0.966499
0.579485
0.193333
130.579
-3047.72
-931.334
614.513
578.954
121.392
-38.0476
35.9702
110.481
116.739
96.7683
86.9232
88.7079
91.9483
92.3071
91.1343
90.2235
89.8701
89.6461
89.3129
88.8976
88.4789
88.093
87.7161
87.3278
86.9358
86.5436
86.1526
85.7656
85.3793
84.9894
84.5994
84.2116
83.8214
83.4311
83.0439
82.6563
82.266
81.8755
81.4884
81.1017
80.711
80.3205
79.9328
79.5449
79.1572
78.7689
78.3768
77.9857
77.5997
77.2152
76.8278
76.4367
76.0448
75.6559
75.2697
74.8847
74.4991
74.1102
73.7191
73.3296
72.9436
72.5592
72.1738
71.7848
71.3927
71.0024
70.6181
70.2363
69.8508
69.4608
69.0683
68.6761
68.2882
67.9056
67.5233
67.1363
66.7451
66.3534
65.9643
65.5788
65.1958
64.8118
64.4244
64.0345
63.6444
63.2561
62.8709
62.4886
62.1068
61.7221
61.3331
60.9415
60.551
60.1638
59.7798
59.3977
59.0153
58.6304
58.2426
57.8533
57.4635
57.0744
56.6883
56.3063
55.9252
55.5416
55.1553
54.7668
54.3763
53.9862
53.5994
53.2161
52.8342
52.4526
52.0696
51.6828
51.2923
50.9012
50.512
50.1246
49.7397
49.358
48.9776
48.5947
48.2087
47.8208
47.4306
47.0393
46.6508
46.2662
45.8832
45.5011
45.12
44.7373
44.3507
43.9617
43.5719
43.1812
42.7913
42.4049
42.0217
41.6391
41.2566
40.8751
40.4923
40.1056
39.7162
39.3264
38.9363
38.546
38.1579
37.7726
37.3887
37.0059
36.6247
36.2433
35.8591
35.4718
35.0831
34.6933
34.3017
33.9102
33.5204
33.1319
32.7449
32.3613
31.9806
31.5999
31.2183
30.8368
30.4537
30.0671
29.6781
29.2878
28.8955
28.5014
28.1076
27.7147
27.3225
26.9323
26.5454
26.1605
25.7761
25.3931
25.0122
24.6313
24.2489
23.8658
23.4822
23.097
22.7096
22.3213
21.9317
21.5405
21.1482
20.7559
20.3633
19.9699
19.577
19.1854
18.7939
18.402
18.011
17.6218
17.2332
16.8448
16.4575
16.0714
15.6855
15.3001
14.9162
14.5327
14.1487
13.765
13.3819
12.9984
12.6147
12.231
11.8468
11.4614
11.0758
10.6906
10.3043
9.9165
9.52864
9.14106
8.75248
8.36283
7.97346
7.58446
7.19473
6.80423
6.41393
6.02401
5.63379
5.24336
4.85359
4.46424
4.07432
3.6842
3.29499
2.9066
2.51813
2.12955
1.74145
1.35383
0.96652
0.579523
0.193302
130.577
-3047.71
-931.334
614.511
578.959
121.387
-38.0517
35.9729
110.472
116.718
96.7667
86.9373
88.7112
91.944
92.3088
91.1386
90.224
89.8682
89.6453
89.3134
88.9002
88.4793
88.0877
87.7126
87.3283
86.9366
86.545
86.155
85.7669
85.3797
84.9886
84.597
84.2103
83.8249
83.435
83.0428
82.6524
82.2644
81.877
81.4891
81.0998
80.7081
80.3186
79.9347
79.5485
79.1565
78.7638
78.3732
77.9859
77.602
77.2169
76.8272
76.4343
76.043
75.6569
75.273
74.8865
74.4967
74.1052
73.7155
73.3301
72.9471
72.5619
72.1724
71.7809
71.3905
71.0034
70.6205
70.238
69.8499
69.4568
69.0642
68.6755
68.2908
67.9086
67.5245
67.1351
66.7421
66.3505
65.9634
65.5802
65.198
64.8131
64.4236
64.0318
63.6417
63.2556
62.8728
62.4911
62.108
61.7215
61.3314
60.9397
60.5496
60.1636
59.7809
59.3993
59.0165
58.6303
58.2406
57.8501
57.4611
57.0743
56.6895
56.3073
55.9258
55.5415
55.1537
54.7644
54.3748
53.9862
53.6003
53.2174
52.8353
52.4522
52.0675
51.6804
51.2901
50.8994
50.5111
50.1258
49.7419
49.3594
48.9776
48.5937
48.2066
47.8179
47.4288
47.0389
46.6509
46.2667
45.8847
45.5025
45.1199
44.7363
44.3494
43.9596
43.5696
43.1801
42.7913
42.4049
42.0223
41.641
41.2583
40.875
40.4912
40.1048
39.715
39.3243
38.9344
38.545
38.1573
37.7728
37.3902
37.0076
36.6252
36.243
35.859
35.4718
35.0823
34.6918
34.3002
33.9084
33.5186
33.1313
32.7453
32.3614
31.9805
31.6005
31.2193
30.837
30.4539
30.0678
29.6783
29.2871
28.8948
28.5009
28.1068
27.7142
27.3226
26.9322
26.5447
26.1602
25.7767
25.3935
25.0116
24.6308
24.2491
23.8659
23.4819
23.0968
22.7095
22.3206
21.9309
21.54
21.1477
20.7552
20.363
19.9702
19.5768
19.1844
18.7933
18.4021
18.0111
17.6214
17.2329
16.8448
16.4573
16.0712
15.6857
15.3001
14.9156
14.5322
14.1488
13.7651
13.3819
12.9985
12.6144
12.2303
11.8465
11.4615
11.0756
10.6899
10.304
9.91669
9.52836
9.14037
8.75227
8.36297
7.97311
7.58374
7.19446
6.80442
6.41393
6.02375
5.63371
5.24329
4.85299
4.46357
4.07437
3.68471
3.29513
2.90627
2.51784
2.12941
1.74129
1.35374
0.966499
0.579485
0.193224
130.584
-3047.7
-931.331
614.496
578.95
121.4
-38.0474
35.9703
110.485
116.73
96.7589
86.9299
88.7137
91.9464
92.3042
91.1328
90.224
89.8745
89.6521
89.3118
88.8956
88.482
88.092
87.7131
87.3257
86.9307
86.5429
86.159
85.7699
85.3771
84.9859
84.5972
84.2113
83.8243
83.4327
83.0409
82.6541
82.2703
81.8822
81.4882
81.0953
80.7064
80.3209
79.938
79.5503
79.1551
78.7614
78.3745
77.9908
77.6049
77.2147
76.8224
76.432
76.0451
75.6613
75.2763
74.8865
74.4941
74.1034
73.7167
73.3335
72.9501
72.5621
72.1696
71.7778
71.3911
71.0079
70.6249
70.2386
69.8472
69.4529
69.062
68.6775
68.2956
67.9121
67.5245
67.1326
66.7395
66.3497
65.9651
65.583
65.1998
64.8129
64.422
64.0299
63.6409
63.2569
62.8758
62.494
62.1086
61.7196
61.3288
60.9383
60.5503
60.1657
59.7834
59.4009
59.0165
58.6293
58.2392
57.8485
57.4605
57.0755
56.692
56.309
55.9261
55.5413
55.1533
54.7639
54.3752
53.9877
53.6023
53.2194
52.837
52.4526
52.0661
51.6785
51.2896
50.8998
50.5119
50.1274
49.7445
49.3616
48.9784
48.5936
48.2056
47.8159
47.4274
47.0398
46.6529
46.2686
45.8868
45.5046
45.1207
44.7356
44.3484
43.9585
43.5683
43.1799
42.7926
42.4065
42.0234
41.6426
41.2606
40.8762
40.4907
40.1038
39.7143
39.3235
38.9336
38.545
38.1578
37.7732
37.3915
37.0099
36.6271
36.2436
35.859
35.4717
35.0817
34.6907
34.2993
33.9076
33.5175
33.1306
32.7459
32.3625
31.9812
31.6015
31.2208
30.838
30.454
30.0681
29.6789
29.2872
28.8945
28.5007
28.1064
27.7137
27.3229
26.9331
26.545
26.16
25.7772
25.3947
25.0123
24.6309
24.2494
23.8663
23.482
23.0968
22.7099
22.3208
21.9307
21.54
21.1479
20.7551
20.3626
19.9705
19.5776
19.1847
18.7931
18.4024
18.0118
17.6219
17.2333
16.8453
16.4576
16.0712
15.686
15.301
14.9162
14.5324
14.149
13.7654
13.382
12.9988
12.6148
12.2304
11.8464
11.4619
11.0761
10.6898
10.3037
9.91699
9.52877
9.14015
8.75199
8.36335
7.97366
7.58376
7.19422
6.80448
6.41409
6.02361
5.63362
5.24368
4.85341
4.46349
4.0742
3.6849
3.29546
2.90638
2.51783
2.12946
1.74129
1.35374
0.966681
0.579613
0.19338
130.569
-3047.72
-931.326
614.518
578.948
121.384
-38.0445
35.9784
110.483
116.725
96.756
86.9335
88.72
91.9447
92.2983
91.1305
90.2242
89.8736
89.6518
89.313
88.8984
88.486
88.0912
87.707
87.3243
86.936
86.5464
86.1564
85.7639
85.3745
84.991
84.6049
84.2128
83.8186
83.4274
83.0412
82.658
82.2731
81.8812
81.4843
81.0925
80.7084
80.3244
79.9365
79.545
79.1514
78.7619
78.3785
77.9943
77.6042
77.2099
76.8185
76.4331
76.0496
75.6634
75.2736
74.8811
74.4904
74.1046
73.7217
73.3373
72.9492
72.5577
72.1653
71.7762
71.3929
71.0114
70.6261
70.2359
69.8426
69.4498
69.062
68.6802
68.2992
67.9133
67.5221
67.1284
66.7364
66.3496
65.9674
65.5858
65.2006
64.8112
64.4194
64.0283
63.641
63.2582
62.8775
62.495
62.1082
61.7176
61.3262
60.9369
60.5509
60.1679
59.7858
59.4019
59.0152
58.6265
58.2367
57.847
57.4599
57.0761
56.6937
56.3103
55.9255
55.5393
55.151
54.7621
54.3747
53.989
53.6043
53.2205
52.8369
52.4514
52.0636
51.6752
51.2874
50.8997
50.513
50.1287
49.7459
49.3623
48.9775
48.5918
48.2039
47.8142
47.4255
47.0391
46.654
46.2701
45.888
45.5055
45.1206
44.7339
44.3462
43.9567
43.5666
43.1784
42.7927
42.408
42.0245
41.6429
41.2613
40.8769
40.49
40.1021
39.7127
39.3219
38.9322
38.5446
38.1584
37.7737
37.3915
37.0106
36.6283
36.2442
35.8586
35.471
35.0806
34.6889
34.2977
33.9067
33.5166
33.1295
32.7457
32.3632
31.9818
31.6018
31.2216
30.839
30.4541
30.0677
29.6786
29.2868
28.8938
28.5003
28.1061
27.7128
27.3221
26.9333
26.5456
26.1599
25.7768
25.3948
25.0126
24.6307
24.249
23.8662
23.4817
23.0961
22.7092
22.3204
21.93
21.5392
21.1475
20.7548
20.3619
19.9698
19.5776
19.1849
18.7927
18.4018
18.0115
17.6216
17.233
16.8454
16.4579
16.0711
15.6856
15.3008
14.9162
14.5323
14.149
13.7654
13.3818
12.9985
12.6148
12.2302
11.8456
11.4614
11.0762
10.6897
10.3031
9.91655
9.52889
9.14007
8.75134
8.36283
7.97365
7.58371
7.19379
6.80416
6.41424
6.02376
5.63333
5.24335
4.85339
4.46339
4.07393
3.68474
3.29548
2.9064
2.51782
2.12954
1.74126
1.35343
0.966408
0.579644
0.193374
130.582
-3047.71
-931.329
614.502
578.951
121.391
-38.0518
35.9672
110.479
116.733
96.7627
86.9274
88.7132
91.9492
92.307
91.1366
90.2211
89.8619
89.6463
89.3172
88.9023
88.4843
88.0881
87.7062
87.327
86.9405
86.5461
86.1514
85.7615
85.3772
84.9946
84.6056
84.2096
83.8155
83.4295
83.0465
82.6592
82.2674
81.8752
81.4846
81.0982
80.7148
80.3262
79.9317
79.5395
79.1526
78.7688
78.3837
77.9933
77.5987
77.2056
76.8192
76.4384
76.0552
75.6644
75.2697
74.8771
74.4901
74.1082
73.7263
73.3391
72.947
72.5544
72.1647
71.7791
71.3969
71.0139
70.6254
70.2321
69.8393
69.4502
69.0657
68.6844
68.3014
67.9124
67.5188
67.1254
66.7362
66.352
65.9706
65.5878
65.2004
64.8091
64.4175
64.0286
63.6434
63.261
62.8789
62.4944
62.1063
61.7156
61.3254
60.9379
60.5534
60.1706
59.7876
59.4021
59.0136
58.6241
58.2352
57.8475
57.4616
57.078
56.6954
56.3113
55.925
55.5379
55.1502
54.7623
54.3759
53.9912
53.6068
53.222
52.8369
52.4507
52.0625
51.6737
51.2864
50.9007
50.5155
50.1312
49.748
49.3637
48.9773
48.5901
48.2024
47.8136
47.4254
47.04
46.6562
46.2726
45.8896
45.5065
45.1212
44.7335
44.3448
43.9556
43.5659
43.178
42.7932
42.4102
42.027
41.6443
41.262
40.8776
40.4901
40.1011
39.7116
39.3213
38.9317
38.5445
38.1594
37.7754
37.3928
37.0115
36.6295
36.2451
35.8585
35.4704
35.08
34.6879
34.2963
33.906
33.5167
33.1295
32.7458
32.3641
31.9829
31.6024
31.2223
30.8401
30.455
30.0678
29.6786
29.2868
28.8934
28.4999
28.1064
27.7131
27.3218
26.9333
26.5464
26.1607
25.7771
25.3952
25.0135
24.6313
24.2492
23.8665
23.4821
23.0961
22.7091
22.3204
21.9301
21.539
21.1476
20.7553
20.3621
19.9694
19.5775
19.1855
18.7935
18.4023
18.0121
17.6223
17.2332
16.8455
16.4584
16.0717
15.686
15.3013
14.9169
14.5327
14.1492
13.7657
13.3819
12.9984
12.615
12.2308
11.8458
11.4612
11.0764
10.6902
10.3031
9.9161
9.5289
9.14048
8.7514
8.36258
7.97377
7.58421
7.19398
6.80379
6.41388
6.02382
5.6335
5.2434
4.85355
4.46366
4.07407
3.68482
3.29553
2.90629
2.51763
2.12962
1.74166
1.35367
0.966286
0.57953
0.193331
130.578
-3047.71
-931.331
614.509
578.955
121.393
-38.0532
35.9693
110.486
116.737
96.76
86.9233
88.7122
91.9527
92.3079
91.1307
90.2189
89.8647
89.65
89.3176
88.8967
88.4793
88.0906
87.7125
87.3288
86.935
86.5388
86.1497
85.7664
85.3819
84.9917
84.5979
84.206
83.8192
83.4359
83.0499
82.6562
82.2605
81.8718
81.488
81.1024
80.714
80.3216
79.9274
79.5392
79.1572
78.7734
78.3826
77.9871
77.5936
77.2062
76.8237
76.4415
76.0538
75.6597
75.2655
74.8772
74.4943
74.1125
73.7271
73.3358
72.9417
72.5507
72.1654
71.783
71.3998
71.0131
70.6217
70.2278
69.837
69.4517
69.0694
68.6866
68.3003
67.909
67.5151
67.1235
66.7371
66.3545
65.9725
65.5878
65.1985
64.8065
64.4158
64.0289
63.6455
63.2631
62.8792
62.4925
62.1033
61.7133
61.3249
60.9393
60.5558
60.1726
59.7879
59.4007
59.0111
58.6212
58.2334
57.848
57.4636
57.0796
56.6959
56.3107
55.9233
55.5354
55.1482
54.7619
54.3767
53.9927
53.6084
53.2225
52.8353
52.448
52.0602
51.672
51.2851
50.9005
50.5168
50.1328
49.7488
49.3638
48.9764
48.5878
48.1998
47.8122
47.4251
47.0402
46.6574
46.2745
45.8907
45.5063
45.1203
44.7319
44.3426
43.9538
43.5653
43.1775
42.7927
42.4105
42.0285
41.6455
41.262
40.8772
40.4895
40.0999
39.71
39.3202
38.9309
38.5438
38.1595
37.7765
37.3939
37.012
36.6298
36.2454
35.8582
35.4692
35.0787
34.6867
34.2947
33.9045
33.5162
33.1295
32.7457
32.3646
31.984
31.6031
31.2222
30.8402
30.4553
30.0676
29.6781
29.2864
28.8927
28.499
28.1059
27.7131
27.3216
26.9329
26.5465
26.1613
25.7772
25.395
25.0135
24.6314
24.2489
23.866
23.4817
23.0956
22.7083
22.3198
21.9296
21.5381
21.1466
20.7549
20.3622
19.9692
19.5768
19.1851
18.7933
18.4021
18.0119
17.6223
17.2332
16.8452
16.4583
16.0718
15.6858
15.301
14.9168
14.5327
14.149
13.7657
13.3819
12.9979
12.6145
12.2307
11.8458
11.4606
11.0757
10.6902
10.3032
9.91562
9.52829
9.1404
8.75144
8.36212
7.97307
7.58396
7.1942
6.80388
6.41363
6.02362
5.63352
5.2434
4.85344
4.46354
4.07389
3.68478
3.2958
2.90654
2.51745
2.12923
1.74164
1.35403
0.966508
0.579408
0.193359
130.57
-3047.72
-931.325
614.513
578.95
121.393
-38.0462
35.9704
110.478
116.728
96.7608
86.9288
88.7165
91.9521
92.3031
91.13
90.2263
89.872
89.6484
89.3096
88.8898
88.4794
88.0971
87.7168
87.3262
86.9317
86.5414
86.1569
85.7718
85.381
84.986
84.5944
84.2095
83.8251
83.4356
83.0432
82.6509
82.262
81.8786
81.4949
81.1034
80.708
80.3159
79.9288
79.5456
79.1626
78.7736
78.3781
77.9823
77.5938
77.2123
76.8303
76.4424
76.0492
75.6545
75.2644
74.881
74.4999
74.1153
73.7254
73.3323
72.9398
72.5519
72.1692
71.787
71.4009
71.0106
70.6183
70.2267
69.839
69.4558
69.0732
68.6873
68.2975
67.9052
67.5132
67.1246
66.7405
66.3581
65.9739
65.5866
65.1963
64.8053
64.4164
64.0313
63.6484
63.2649
62.8787
62.4901
62.1006
61.7123
61.3262
60.9423
60.5591
60.1744
59.7874
59.3986
59.0089
58.6199
58.2336
57.8501
57.4669
57.0822
56.6962
56.3094
55.9217
55.534
55.1479
54.7632
54.3789
53.9948
53.6101
53.2234
52.8347
52.4461
52.0586
51.6718
51.286
50.902
50.519
50.135
49.7499
49.3638
48.9759
48.5867
48.1983
47.8119
47.4262
47.0417
46.6591
46.2767
45.8926
45.5069
45.12
44.7311
44.3412
43.9524
43.5651
43.1787
42.7938
42.4116
42.0301
41.6471
41.2625
40.8769
40.4892
40.0994
39.7091
39.3198
38.9312
38.5442
38.16
37.7777
37.3956
37.0131
36.6303
36.2457
35.8582
35.4684
35.0776
34.6859
34.294
33.9038
33.516
33.1299
32.746
32.3649
31.9852
31.6045
31.2229
30.8404
30.4555
30.0677
29.6778
29.2862
28.8928
28.4988
28.1057
27.7135
27.3222
26.933
26.5466
26.162
25.7782
25.3955
25.0138
24.632
24.2494
23.8661
23.4818
23.0956
22.708
22.3195
21.9298
21.5385
21.1464
20.7546
20.3625
19.9697
19.5771
19.1853
18.7938
18.4026
18.0123
17.6229
17.2339
16.8456
16.4586
16.0723
15.6864
15.3015
14.9173
14.5332
14.1493
13.7659
13.3823
12.9981
12.6143
12.2307
11.8464
11.461
11.0755
10.69
10.3034
9.91563
9.52782
9.14014
8.75179
8.36255
7.97298
7.58359
7.19413
6.80411
6.41366
6.02332
5.63327
5.24344
4.85371
4.46387
4.07389
3.68443
3.29566
2.90687
2.51776
2.12903
1.74123
1.35395
0.966683
0.579522
0.193251
130.579
-3047.72
-931.331
614.514
578.95
121.389
-38.046
35.9717
110.477
116.73
96.7662
86.9304
88.7089
91.9465
92.3058
91.1336
90.2276
89.87
89.6457
89.3133
88.8989
88.4841
88.092
87.7075
87.3213
86.9336
86.5466
86.1579
85.7657
85.3734
84.9849
84.6003
84.2166
83.827
83.4299
83.035
82.6489
82.2672
81.8836
81.4947
81.0989
80.7028
80.3149
79.9333
79.5502
79.1614
78.7674
78.3726
77.9821
77.598
77.2171
76.8315
76.4386
76.0436
75.6524
75.2671
74.8855
74.502
74.1129
73.7199
73.3279
72.9397
72.5551
72.1723
71.7877
71.3985
71.0064
70.6152
70.2269
69.8415
69.4582
69.0738
68.6854
68.2937
67.902
67.5125
67.1265
66.7431
66.3595
65.973
65.5836
65.1934
64.8043
64.4176
64.0334
63.65
63.2649
62.8769
62.4872
62.0981
61.7116
61.3277
60.9449
60.5611
60.1746
59.7854
59.3954
59.0065
58.6192
58.2343
57.8515
57.469
57.0839
56.696
56.3072
55.9188
55.5316
55.1467
54.7638
54.3807
53.9963
53.6105
53.2228
52.8332
52.4435
52.0559
51.6706
51.2863
50.903
50.5203
50.1362
49.7498
49.3624
48.9742
48.585
48.1966
47.8108
47.4268
47.0432
46.6602
46.2775
45.8931
45.5065
45.1187
44.7298
44.3397
43.9506
43.5638
43.1789
42.7947
42.4121
42.0306
41.6479
41.2627
40.8759
40.4879
40.0983
39.7081
39.3189
38.9311
38.5445
38.1601
37.778
37.3965
37.014
36.6303
36.2452
35.8576
35.4675
35.0762
34.6846
34.2931
33.903
33.5156
33.1304
32.7466
32.365
31.9853
31.6053
31.2235
30.8404
30.4553
30.0673
29.677
29.2853
28.8923
28.4982
28.1049
27.7132
27.3227
26.9335
26.5466
26.162
25.7785
25.3957
25.0136
24.6318
24.2491
23.8657
23.4814
23.0954
22.7074
22.3184
21.9288
21.538
21.146
20.7538
20.3619
19.9696
19.577
19.185
18.7936
18.4025
18.012
17.6227
17.234
16.8457
16.4585
16.0723
15.6865
15.3013
14.9171
14.5331
14.1492
13.7656
13.3823
12.9983
12.6139
12.23
11.8461
11.4611
11.0753
10.6895
10.3033
9.91587
9.5276
9.13942
8.75131
8.36262
7.97309
7.58327
7.19363
6.80399
6.41397
6.0236
5.63322
5.24315
4.85355
4.46413
4.07434
3.68444
3.2953
2.90688
2.51836
2.12959
1.74132
1.35389
0.966881
0.579857
0.193403
130.582
-3047.71
-931.336
614.509
578.957
121.396
-38.0428
35.9724
110.478
116.73
96.7638
86.9302
88.7097
91.9473
92.3098
91.1347
90.2232
89.8668
89.6448
89.3143
88.9017
88.4853
88.09
87.7065
87.3254
86.9404
86.5495
86.1552
85.7608
85.3719
84.989
84.6051
84.2165
83.8233
83.4279
83.0372
82.6546
82.2719
81.8823
81.4888
81.0955
80.7054
80.3206
79.9376
79.5501
79.157
78.7628
78.3731
77.988
77.6042
77.2184
76.8281
76.434
76.0419
75.6553
75.2724
74.8888
74.5013
74.1095
73.7169
73.3279
72.9432
72.5597
72.1743
71.7862
71.3956
71.0046
70.6161
70.2305
69.8456
69.4598
69.0723
68.6822
68.291
67.9016
67.5151
67.1306
66.7462
66.36
65.9711
65.5808
65.1917
64.8053
64.4209
64.0368
63.6515
63.264
62.8746
62.485
62.0974
61.7129
61.3304
60.9477
60.5626
60.1742
59.7833
59.3928
59.0051
58.6204
58.2373
57.8545
57.4709
57.0847
56.6956
56.3057
55.9172
55.5309
55.1471
54.7652
54.3829
53.9981
53.6109
53.2223
52.8326
52.4427
52.055
51.6704
51.2875
50.9049
50.522
50.1377
49.7506
49.3618
48.9729
48.5842
48.1963
47.8108
47.4278
47.0452
46.6622
46.2789
45.894
45.5067
45.1179
44.7287
44.3392
43.9501
43.5634
43.1793
42.7962
42.4135
42.0314
41.6487
41.2635
40.876
40.4873
40.0977
39.7076
39.3184
38.9313
38.5456
38.1613
37.7788
37.3974
37.0151
36.6308
36.2449
35.8571
35.4669
35.0754
34.6838
34.2927
33.9027
33.5153
33.1307
32.7478
32.366
31.9858
31.6058
31.2242
30.8407
30.4553
30.0673
29.6768
29.2849
28.8921
28.4985
28.1049
27.713
27.323
26.9343
26.5472
26.1625
25.7793
25.3966
25.0142
24.6321
24.2494
23.8656
23.4809
23.0951
22.7076
22.3184
21.9285
21.538
21.1463
20.7539
20.3617
19.9697
19.5774
19.1854
18.794
18.4031
18.0125
17.6229
17.2343
16.8462
16.4589
16.0727
15.6872
15.302
14.9175
14.5336
14.1495
13.7655
13.3822
12.9987
12.6144
12.2299
11.8458
11.4612
11.0754
10.6891
10.3028
9.91583
9.52781
9.13926
8.75079
8.36237
7.97339
7.58358
7.19342
6.80346
6.41366
6.02369
5.63342
5.24306
4.85308
4.46377
4.07455
3.68477
3.29504
2.90619
2.51801
2.12976
1.74142
1.3536
0.966495
0.579529
0.193362
130.579
-3047.71
-931.321
614.519
578.954
121.388
-38.0488
35.9727
110.482
116.733
96.7635
86.9313
88.711
91.9446
92.3059
91.1311
90.2206
89.8691
89.6496
89.3146
88.8962
88.479
88.0876
87.7081
87.3276
86.9398
86.5453
86.1512
85.7612
85.3758
84.9921
84.6032
84.2092
83.8173
83.4297
83.0441
82.6589
82.2701
81.8757
81.4822
81.095
80.7109
80.3254
79.9366
79.5444
79.1514
78.7613
78.3763
77.9932
77.6064
77.2151
76.8224
76.431
76.0433
75.6594
75.2752
74.8875
74.4966
74.1051
73.7157
73.3301
72.9467
72.5616
72.1728
71.782
71.3917
71.0035
70.6178
70.2336
69.8478
69.459
69.0687
68.6782
68.2889
67.9022
67.5179
67.1335
66.7471
66.3582
65.9677
65.5777
65.1903
64.8062
64.4234
64.0391
63.6517
63.2619
62.8715
62.4827
62.0971
61.7144
61.3327
60.9492
60.5623
60.1722
59.7805
59.3903
59.0038
58.6213
58.2401
57.8573
57.472
57.084
56.6937
56.3032
55.915
55.53
55.1474
54.7661
54.384
53.999
53.6104
53.2204
52.8304
52.4414
52.0544
51.6703
51.2882
50.9059
50.5225
50.1375
49.75
49.3605
48.9711
48.583
48.196
47.8108
47.4281
47.0463
46.6635
46.2794
45.8938
45.506
45.1165
44.727
44.3382
43.9499
43.5632
43.1793
42.7969
42.4144
42.0316
41.6482
41.263
40.8754
40.4863
40.0968
39.707
39.3179
38.9309
38.546
38.1622
37.7795
37.3977
37.0154
36.6309
36.2443
35.856
35.4659
35.0744
34.6829
34.2923
33.9027
33.515
33.1305
32.7483
32.3669
31.9862
31.6059
31.2243
30.8405
30.4546
30.0667
29.6762
29.284
28.8913
28.4982
28.1049
27.7128
27.3229
26.9347
26.5478
26.1627
25.7793
25.3967
25.0143
24.632
24.2493
23.8654
23.4804
23.0944
22.707
22.3178
21.9275
21.5369
21.1457
20.7537
20.3615
19.9694
19.5773
19.1852
18.7938
18.403
18.0127
17.623
17.2344
16.8464
16.459
16.0726
15.6872
15.3021
14.9174
14.5335
14.1496
13.7655
13.3818
12.9984
12.6146
12.2301
11.8455
11.461
11.0755
10.6891
10.3024
9.91554
9.528
9.13952
8.75054
8.36168
7.97297
7.58377
7.1938
6.8035
6.41341
6.02362
5.63386
5.24374
4.8534
4.46357
4.07452
3.68545
3.2959
2.90655
2.51805
2.13013
1.74218
1.35428
0.966883
0.57994
0.193525
130.582
-3047.7
-931.323
614.512
578.954
121.396
-38.0397
35.9773
110.482
116.728
96.7569
86.9326
88.7212
91.9526
92.3078
91.1312
90.2208
89.8709
89.6533
89.3163
88.8947
88.4785
88.0913
87.7123
87.3269
86.9354
86.5427
86.1538
85.7677
85.3804
84.9918
84.6007
84.2078
83.8186
83.4339
83.0478
82.6581
82.2664
81.8742
81.4845
81.0992
80.7142
80.325
79.9326
79.541
79.1526
78.7666
78.3812
77.9943
77.6037
77.2108
76.8202
76.4334
76.0488
75.6637
75.2756
74.8841
74.4924
74.1039
73.7189
73.335
72.9499
72.5615
72.1702
71.779
71.3909
71.0057
70.6214
70.2364
69.8485
69.4574
69.0656
68.6761
68.2896
67.9053
67.5216
67.1359
66.747
66.3559
65.965
65.5765
65.1913
64.8087
64.4261
64.0408
63.6516
63.2602
62.8695
62.4821
62.0984
61.7168
61.3349
60.95
60.5613
60.1702
59.7789
59.3898
59.0045
58.623
58.2428
57.86
57.4733
57.0834
56.6921
56.3016
55.9141
55.5303
55.1488
54.7676
54.3852
53.9997
53.6105
53.2193
52.829
52.4409
52.0549
51.6714
51.2895
50.9073
50.5233
50.1374
49.7496
49.3599
48.9702
48.5824
48.1964
47.8119
47.4291
47.0474
46.6648
46.2803
45.894
45.5059
45.116
44.7259
44.3371
43.9498
43.5638
43.1798
42.7977
42.4158
42.0326
41.6484
41.2628
40.8752
40.486
40.0964
39.7069
39.3181
38.9311
38.5465
38.1634
37.7806
37.3982
37.0155
36.631
36.244
35.8552
35.465
35.0736
34.6822
34.292
33.9031
33.5158
33.131
32.749
32.368
31.9872
31.6063
31.2245
30.8406
30.4544
30.0662
29.6759
29.2837
28.8908
28.4981
28.1054
27.7133
27.323
26.9351
26.5488
26.1637
25.78
25.3972
25.0147
24.6321
24.2492
23.8653
23.48
23.0938
22.7066
22.3179
21.9277
21.5367
21.1454
20.7536
20.3614
19.9693
19.5775
19.1856
18.7942
18.4034
18.0131
17.6233
17.2345
16.8468
16.4596
16.0731
15.6876
15.3026
14.9179
14.5337
14.1499
13.7658
13.3816
12.9979
12.6144
12.2302
11.8455
11.4606
11.0754
10.689
10.3019
9.91462
9.52736
9.13958
8.75087
8.36155
7.97231
7.58321
7.19371
6.80357
6.41314
6.02288
5.63313
5.2435
4.85345
4.46323
4.07363
3.68473
3.29577
2.90652
2.51759
2.12944
1.74174
1.35408
0.96663
0.579477
0.193242
130.584
-3047.7
-931.317
614.516
578.954
121.392
-38.0471
35.9755
110.487
116.734
96.757
86.9262
88.7152
91.9476
92.3035
91.1307
90.2209
89.8676
89.6492
89.3146
88.8951
88.4797
88.0923
87.712
87.3246
86.9332
86.5427
86.155
85.7677
85.377
84.9859
84.5978
84.2109
83.8235
83.4355
83.0445
82.6515
82.2616
81.8754
81.49
81.1031
80.7132
80.3204
79.928
79.5396
79.1552
78.7707
78.3824
77.991
77.5988
77.2078
76.8206
76.4365
76.0518
75.6638
75.2725
74.8802
74.4902
74.1048
73.7221
73.3378
72.9496
72.5582
72.1662
71.7767
71.3913
71.0084
70.6241
70.2366
69.8462
69.4541
69.063
68.6755
68.2914
67.9083
67.5237
67.1358
66.7447
66.3525
65.9624
65.576
65.1929
64.8108
64.4272
64.0403
63.6499
63.2581
62.8681
62.4821
62.0997
61.7187
61.3359
60.9494
60.5591
60.1672
59.7769
59.3899
59.0063
58.6251
58.2442
57.8608
57.473
57.0821
56.6903
56.3
55.9133
55.5305
55.1498
54.7685
54.3851
53.9989
53.6097
53.2184
52.8278
52.44
52.055
51.6722
51.2905
50.9082
50.5236
50.1367
49.7483
49.3589
48.9694
48.5817
48.1965
47.8128
47.4302
47.0481
46.6651
46.2801
45.8932
45.5049
45.1154
44.7254
44.3365
43.9497
43.5643
43.1803
42.7978
42.4158
42.0328
41.6481
41.262
40.8742
40.485
40.0955
39.7066
39.3184
38.9316
38.5468
38.1639
37.7815
37.3987
37.0153
36.6304
36.2435
35.8545
35.4643
35.073
34.6816
34.2913
33.903
33.5163
33.1314
32.7491
32.3683
31.9877
31.6064
31.2241
30.84
30.4536
30.0654
29.6753
29.2833
28.8902
28.4973
28.1051
27.7137
27.3234
26.9352
26.549
26.1641
25.7804
25.3975
25.0149
24.6321
24.249
23.8652
23.4799
23.0932
22.7055
22.3169
21.9271
21.5362
21.145
20.7534
20.3614
19.9693
19.5774
19.1857
18.7942
18.4034
18.0133
17.6237
17.2348
16.8469
16.4598
16.0733
15.6876
15.3027
14.9179
14.5336
14.1499
13.7663
13.3822
12.9981
12.6144
12.2303
11.8456
11.4605
11.0752
10.6893
10.3024
9.91473
9.5269
9.13912
8.75099
8.36205
7.97254
7.58305
7.19368
6.80405
6.41396
6.02356
5.63341
5.24381
4.85427
4.46431
4.07433
3.68503
3.2963
2.90754
2.51866
2.13017
1.7423
1.35475
0.967412
0.58024
0.193705
130.592
-3047.68
-931.302
614.526
578.961
121.398
-38.0486
35.9678
110.482
116.74
96.7674
86.9293
88.7143
91.9489
92.3071
91.1371
90.227
89.868
89.646
89.3139
88.8984
88.483
88.0914
87.7083
87.3226
86.9357
86.5483
86.1589
85.7678
85.3753
84.9845
84.5985
84.2141
83.8265
83.4353
83.0423
82.6501
82.2625
81.8787
81.4933
81.1031
80.71
80.3178
79.9291
79.5437
79.1593
78.7722
78.3805
77.987
77.5961
77.2091
76.8249
76.4408
76.0533
75.6616
75.2687
74.8782
74.4918
74.1087
73.7258
73.3393
72.9482
72.5553
72.1642
71.777
71.3935
71.0113
70.6262
70.2365
69.8441
69.4518
69.0623
68.6767
68.2941
67.9111
67.5251
67.1353
66.7429
66.3505
65.9614
65.5768
65.1951
64.8133
64.4285
64.0397
63.6483
63.2567
62.8679
62.4832
62.1016
61.7203
61.3366
60.9489
60.5576
60.1655
59.7757
59.3903
59.0084
58.6278
58.2461
57.8613
57.4723
57.0806
56.6888
56.2995
55.9138
55.5317
55.1513
54.7699
54.3855
53.998
53.6083
53.2175
52.8275
52.4402
52.0559
51.6733
51.2914
50.9086
50.5236
50.1361
49.7472
49.358
48.9692
48.5819
48.197
47.814
47.4316
47.049
46.6655
46.28
45.8925
45.5038
45.1145
44.725
44.3365
43.95
43.5653
43.1816
42.7986
42.4162
42.033
41.6482
41.2618
40.8739
40.4847
40.0951
39.7063
39.3186
38.9322
38.5474
38.1643
37.782
37.3991
37.0152
36.6299
36.2427
35.8537
35.4635
35.0727
34.6816
34.2914
33.9032
33.5172
33.1328
32.7502
32.3692
31.9884
31.6069
31.2241
30.8397
30.453
30.0644
29.6744
29.2829
28.8902
28.4973
28.1052
27.7143
27.3244
26.9362
26.5498
26.1648
25.7809
25.3978
25.015
24.6321
24.2486
23.8646
23.4796
23.093
22.7052
22.3165
21.9269
21.5361
21.1447
20.7531
20.3613
19.9692
19.5774
19.1858
18.7944
18.4035
18.0134
17.624
17.2352
16.8473
16.4602
16.0738
15.6881
15.3031
14.9183
14.5336
14.1494
13.7657
13.3819
12.9979
12.6139
12.2299
11.8454
11.46
11.0743
10.6884
10.3019
9.91454
9.52658
9.1384
8.75017
8.36156
7.97224
7.58246
7.19266
6.80299
6.41323
6.02305
5.63265
5.24264
4.85317
4.4637
4.07393
3.68429
3.29529
2.90675
2.51826
2.12983
1.74179
1.35416
0.966816
0.579695
0.193215
130.591
-3047.69
-931.316
614.516
578.956
121.399
-38.0397
35.9753
110.48
116.732
96.7634
86.9276
88.7122
91.9483
92.3049
91.1317
90.2224
89.8666
89.6469
89.3162
88.9008
88.4835
88.0898
87.7064
87.3217
86.9353
86.5475
86.1569
85.7651
85.3743
84.9858
84.5998
84.2137
83.824
83.4317
83.0404
82.6518
82.2659
81.8807
81.4927
81.1004
80.7071
80.317
79.931
79.5463
79.1598
78.77
78.3771
77.9843
77.5954
77.2109
76.8277
76.442
76.052
75.6587
75.2661
74.8779
74.4939
74.1113
73.7267
73.3378
72.9454
72.5529
72.1637
71.7786
71.3957
71.0123
70.6254
70.2343
69.8416
69.4506
69.0631
68.6789
68.2961
67.9117
67.5238
67.1328
66.7406
66.3498
65.9621
65.5782
65.1964
64.8137
64.4278
64.0383
63.647
63.2564
62.8689
62.4847
62.1026
61.7201
61.335
60.9469
60.5563
60.1653
59.7764
59.3913
59.0095
58.6286
58.246
57.8604
57.4713
57.08
56.6888
56.2999
55.9144
55.5319
55.151
54.7694
54.385
53.9974
53.6078
53.2176
52.8281
52.4409
52.0564
51.6736
51.2913
50.9083
50.5234
50.136
49.7469
49.3575
48.969
48.5819
48.197
47.8142
47.432
47.0496
46.6659
46.2802
45.8924
45.5032
45.1137
44.7245
44.3362
43.9497
43.5654
43.1822
42.7993
42.4162
42.0325
41.6474
41.2607
40.8729
40.4842
40.0951
39.7065
39.3193
38.9335
38.5488
38.1651
37.7822
37.3991
37.0148
36.6291
36.2419
35.8529
35.4628
35.0722
34.6817
34.2916
33.9033
33.5172
33.133
32.7503
32.3689
31.9881
31.6066
31.2238
30.8394
30.4528
30.0641
29.6737
29.2822
28.8897
28.4968
28.1047
27.7139
27.3246
26.9367
26.5505
26.1656
25.7817
25.3984
25.0155
24.6325
24.2487
23.8643
23.479
23.0924
22.7044
22.3155
21.926
21.5356
21.1445
20.7531
20.3614
19.9696
19.5777
19.1861
18.7948
18.4039
18.0137
17.6243
17.2356
16.8476
16.4605
16.074
15.6882
15.3033
14.9188
14.5344
14.1502
13.7663
13.3826
12.9986
12.6144
12.2302
11.8458
11.4607
11.0748
10.6884
10.3018
9.91476
9.52704
9.13878
8.75037
8.36191
7.97306
7.58359
7.19362
6.80366
6.41393
6.02419
5.63407
5.24379
4.85393
4.46449
4.07509
3.68557
3.29626
2.90749
2.51911
2.1309
1.74294
1.35534
0.967985
0.580992
0.193587
130.62
-3047.63
-931.279
614.508
578.942
121.397
-38.0346
35.9809
110.482
116.729
96.7625
86.9315
88.7172
91.9528
92.3078
91.1316
90.2213
89.8665
89.6475
89.3163
88.8997
88.4817
88.089
87.708
87.3247
86.9369
86.5467
86.1554
85.7646
85.376
84.9886
84.6011
84.2124
83.8217
83.4304
83.0414
82.6548
82.2682
81.8799
81.4895
81.0979
80.7074
80.3197
79.9341
79.5477
79.1586
78.7674
78.3758
77.9857
77.5983
77.2132
76.8279
76.4401
76.0496
75.6578
75.2676
74.8807
74.4964
74.112
73.7252
73.3353
72.9438
72.5531
72.1656
71.7809
71.3971
71.0117
70.6236
70.2327
69.841
69.4513
69.0649
68.6808
68.2973
67.9118
67.5229
67.1313
66.7395
66.3499
65.9637
65.5802
65.1976
64.8135
64.4262
64.0363
63.6455
63.2563
62.8702
62.4869
62.1047
61.721
61.3343
60.9447
60.5541
60.1645
59.7776
59.3938
59.0122
58.6303
58.246
57.8584
57.4682
57.0773
56.6878
56.3011
55.9172
55.535
55.1529
54.7694
54.3832
53.9946
53.6049
53.2157
52.8282
52.4426
52.0588
51.6757
51.2922
50.9075
50.5216
50.1341
49.7456
49.3572
48.9697
48.5836
48.1989
47.8153
47.4322
47.0486
46.6641
46.2785
45.8912
45.5027
45.1139
44.7255
44.3377
43.9511
43.5661
43.1826
42.7996
42.4165
42.0325
41.6473
41.2604
40.8724
40.4836
40.0946
39.706
39.3187
38.9331
38.5489
38.1656
37.7827
37.3993
37.0147
36.6287
36.2412
35.8521
35.4619
35.0715
34.6816
34.2925
33.9049
33.5192
33.1353
32.7525
32.3704
31.9885
31.6061
31.2225
30.8376
30.451
30.0625
29.6725
29.2815
28.8898
28.4977
28.1059
27.7151
27.3257
26.9376
26.551
26.1658
25.7816
25.3981
25.0149
24.6319
24.2483
23.8639
23.4786
23.0923
22.7045
22.3156
21.9257
21.5351
21.144
20.7524
20.3606
19.9688
19.577
19.1856
18.7946
18.404
18.0139
17.6246
17.236
16.8481
16.461
16.0746
15.6886
15.3032
14.9184
14.5339
14.1495
13.7653
13.3815
12.9977
12.6135
12.2291
11.8446
11.4596
11.0739
10.6876
10.3009
9.91375
9.52612
9.13791
8.74925
8.36037
7.97138
7.58214
7.19243
6.80242
6.41244
6.02265
5.63285
5.24283
4.85289
4.46331
4.07403
3.6848
3.29562
2.90673
2.51824
2.13005
1.74214
1.35465
0.967411
0.581413
0.1919
)
;

boundaryField
{
    inlet
    {
        type            calculated;
        value           uniform 5000;
    }
    outlet
    {
        type            calculated;
        value           uniform 0;
    }
    walls
    {
        type            calculated;
        value           nonuniform List<scalar> 
500
(
130.632
-3047.62
-931.27
614.514
578.947
121.406
-38.0359
35.9733
110.485
116.732
96.7593
86.93
88.7201
91.9563
92.3067
91.1324
90.2252
89.8667
89.6461
89.3191
88.907
88.4879
88.0925
87.7103
87.3196
86.9302
86.5484
86.1587
85.7647
85.3798
84.9924
84.598
84.2105
83.8264
83.4389
83.0492
82.6544
82.2595
81.8701
81.4831
81.0976
80.7133
80.3274
79.9375
79.545
79.1544
78.7659
78.3772
77.9895
77.6015
77.212
76.8231
76.4343
76.0461
75.6614
75.2767
74.8869
74.4938
74.1015
73.7137
73.3303
72.9474
72.5619
72.1737
71.784
71.3942
71.0053
70.6173
70.2305
69.8446
69.4583
69.0713
68.6842
68.2955
67.904
67.5136
67.128
66.7442
66.3575
65.9688
65.5805
65.193
64.8068
64.4217
64.0355
63.6467
63.2578
62.8721
62.4893
62.1055
61.7181
61.3285
60.9399
60.555
60.1728
59.7893
59.4018
59.0118
58.6226
58.2354
57.8491
57.4634
57.0797
56.6966
56.3114
55.9228
55.5328
55.1445
54.7605
54.3801
53.9981
53.6104
53.2194
52.8301
52.4434
52.0579
51.6742
51.2921
50.9089
50.5222
50.1324
49.7416
49.3523
48.9671
48.5859
48.205
47.8219
47.4375
47.0521
46.6632
46.2709
45.8797
45.4925
45.1092
44.7286
44.3489
43.9663
43.5796
43.1912
42.802
42.4102
42.0172
41.6276
41.243
40.8621
40.4833
40.1042
39.7216
39.3353
38.9472
38.5573
38.1642
37.7711
37.3833
37.0003
36.6173
36.2329
35.849
35.4663
35.0834
34.6992
34.312
33.9206
33.5276
33.1375
32.7508
32.3643
31.9773
31.5921
31.2095
30.8276
30.4451
30.0617
29.6755
29.2862
28.896
28.5053
28.1124
27.7182
27.3262
26.9364
26.5473
26.1594
25.7743
25.3917
25.0099
24.6284
24.246
23.8623
23.4787
23.0961
22.7116
22.3223
21.9306
21.5401
21.1501
20.7582
20.3644
19.9706
19.5775
19.1854
18.7944
18.4039
18.0129
17.6226
17.234
16.8461
16.4574
16.0697
15.685
15.3017
14.917
14.5317
14.1475
13.7642
13.3811
12.9983
12.6149
12.2298
11.8443
11.4603
11.0766
10.6909
10.3036
9.91617
9.52858
9.14072
8.75263
8.36343
7.97289
7.58282
7.19411
6.80486
6.41374
6.02246
5.63272
5.24344
4.85323
4.46297
4.07388
3.68525
3.2961
2.90681
2.51786
2.12909
1.74113
1.35479
0.968446
0.582025
0.191333
130.62
-3047.63
-931.279
614.508
578.942
121.397
-38.0346
35.9809
110.482
116.729
96.7625
86.9315
88.7172
91.9528
92.3078
91.1316
90.2213
89.8665
89.6475
89.3163
88.8997
88.4817
88.089
87.708
87.3247
86.9369
86.5467
86.1554
85.7646
85.376
84.9886
84.6011
84.2124
83.8217
83.4304
83.0414
82.6548
82.2682
81.8799
81.4895
81.0979
80.7074
80.3197
79.9341
79.5477
79.1586
78.7674
78.3758
77.9857
77.5983
77.2132
76.8279
76.4401
76.0496
75.6578
75.2676
74.8807
74.4964
74.112
73.7252
73.3353
72.9438
72.5531
72.1656
71.7809
71.3971
71.0117
70.6236
70.2327
69.841
69.4513
69.0649
68.6808
68.2973
67.9118
67.5229
67.1313
66.7395
66.3499
65.9637
65.5802
65.1976
64.8135
64.4262
64.0363
63.6455
63.2563
62.8702
62.4869
62.1047
61.721
61.3343
60.9447
60.5541
60.1645
59.7776
59.3938
59.0122
58.6303
58.246
57.8584
57.4682
57.0773
56.6878
56.3011
55.9172
55.535
55.1529
54.7694
54.3832
53.9946
53.6049
53.2157
52.8282
52.4426
52.0588
51.6757
51.2922
50.9075
50.5216
50.1341
49.7456
49.3572
48.9697
48.5836
48.1989
47.8153
47.4322
47.0486
46.6641
46.2785
45.8912
45.5027
45.1139
44.7255
44.3377
43.9511
43.5661
43.1826
42.7996
42.4165
42.0325
41.6473
41.2604
40.8724
40.4836
40.0946
39.706
39.3187
38.9331
38.5489
38.1656
37.7827
37.3993
37.0147
36.6287
36.2412
35.8521
35.4619
35.0715
34.6816
34.2925
33.9049
33.5192
33.1353
32.7525
32.3704
31.9885
31.6061
31.2225
30.8376
30.451
30.0625
29.6725
29.2815
28.8898
28.4977
28.1059
27.7151
27.3257
26.9376
26.551
26.1658
25.7816
25.3981
25.0149
24.6319
24.2483
23.8639
23.4786
23.0923
22.7045
22.3156
21.9257
21.5351
21.144
20.7524
20.3606
19.9688
19.577
19.1856
18.7946
18.404
18.0139
17.6246
17.236
16.8481
16.461
16.0746
15.6886
15.3032
14.9184
14.5339
14.1495
13.7653
13.3815
12.9977
12.6135
12.2291
11.8446
11.4596
11.0739
10.6876
10.3009
9.91375
9.52612
9.13791
8.74925
8.36037
7.97138
7.58214
7.19243
6.80242
6.41244
6.02265
5.63285
5.24283
4.85289
4.46331
4.07403
3.6848
3.29562
2.90673
2.51824
2.13005
1.74214
1.35465
0.967411
0.581413
0.1919
)
;
    }
    frontAndBack
    {
        type            empty;
    }
}


// ************************************************************************* //
