/*--------------------------------*- C++ -*----------------------------------*\
| =========                 |                                                 |
| \\      /  F ield         | OpenFOAM: The Open Source CFD Toolbox           |
|  \\    /   O peration     | Version:  2406                                  |
|   \\  /    A nd           | Website:  www.openfoam.com                      |
|    \\/     M anipulation  |                                                 |
\*---------------------------------------------------------------------------*/
FoamFile
{
    version     2.0;
    format      ascii;
    arch        "LSB;label=32;scalar=64";
    class       volScalarField;
    location    "0.55";
    object      p;
}
// * * * * * * * * * * * * * * * * * * * * * * * * * * * * * * * * * * * * * //

dimensions      [1 -1 -2 0 0 0 0];

internalField   nonuniform List<scalar> 
6250
(
851.566
-1849.25
-46.8496
1263.43
1227.76
835.322
697.484
757.839
818.09
820.23
800.219
788.906
787.456
787.206
784.501
780.5
776.731
773.434
770.248
766.963
763.608
760.26
756.935
753.616
750.293
746.965
743.636
740.305
736.978
733.65
730.321
726.995
723.67
720.345
717.017
713.688
710.362
707.035
703.704
700.375
697.051
693.727
690.399
687.07
683.743
680.417
677.089
673.76
670.432
667.106
663.78
660.454
657.125
653.796
650.469
647.144
643.818
640.489
637.161
633.835
630.509
627.182
623.854
620.527
617.199
613.872
610.544
607.217
603.89
600.563
597.236
593.908
590.58
587.253
583.926
580.6
577.273
573.946
570.619
567.29
563.963
560.636
557.309
553.982
550.654
547.326
543.998
540.671
537.345
534.019
530.691
527.363
524.035
520.708
517.382
514.057
510.73
507.401
504.072
500.745
497.419
494.092
490.764
487.436
484.11
480.784
477.457
474.128
470.799
467.472
464.147
460.822
457.495
454.166
450.836
447.507
444.18
440.855
437.529
434.203
430.876
427.547
424.219
420.891
417.564
414.237
410.911
407.584
404.256
400.928
397.601
394.275
390.949
387.621
384.293
380.964
377.637
374.31
370.984
367.658
364.33
361.001
357.672
354.344
351.017
347.692
344.367
341.041
337.714
334.385
331.056
327.727
324.399
321.071
317.745
314.421
311.097
307.771
304.441
301.11
297.781
294.454
291.128
287.803
284.477
281.151
277.825
274.499
271.17
267.839
264.508
261.181
257.856
254.531
251.206
247.881
244.555
241.228
237.898
234.568
231.237
227.909
224.583
221.258
217.932
214.605
211.279
207.952
204.624
201.295
197.965
194.635
191.308
187.982
184.657
181.331
178.006
174.681
171.355
168.028
164.699
161.37
158.041
154.713
151.386
148.059
144.734
141.408
138.083
134.757
131.431
128.104
124.778
121.451
118.123
114.794
111.467
108.14
104.814
101.488
98.1609
94.8329
91.5046
88.1759
84.8457
81.5136
78.1801
74.8467
71.5142
68.1823
64.8508
61.5202
58.1915
54.8653
51.5408
48.2171
44.894
41.5718
38.2506
34.9292
31.6061
28.2811
24.9547
21.6281
18.3015
14.9744
11.6463
8.31772
4.98951
1.66329
851.527
-1849.32
-46.8795
1263.44
1227.77
835.321
697.479
757.841
818.098
820.229
800.213
788.903
787.454
787.203
784.495
780.495
776.731
773.436
770.251
766.97
763.616
760.262
756.933
753.615
750.291
746.963
743.635
740.307
736.98
733.654
730.324
726.994
723.668
720.342
717.015
713.685
710.359
707.035
703.709
700.38
697.051
693.725
690.4
687.071
683.742
680.415
677.09
673.764
670.436
667.107
663.779
660.452
657.125
653.798
650.472
647.145
643.818
640.489
637.161
633.834
630.507
627.181
623.853
620.525
617.198
613.871
610.544
607.217
603.89
600.562
597.235
593.908
590.581
587.253
583.926
580.599
577.272
573.944
570.617
567.289
563.962
560.636
557.31
553.982
550.653
547.324
543.998
540.673
537.348
534.019
530.69
527.362
524.035
520.709
517.383
514.056
510.729
507.401
504.073
500.745
497.418
494.092
490.766
487.439
484.112
480.784
477.457
474.13
470.803
467.476
464.149
460.824
457.497
454.169
450.839
447.51
444.183
440.858
437.533
434.206
430.878
427.549
424.221
420.894
417.567
414.24
410.912
407.585
404.257
400.93
397.603
394.277
390.95
387.621
384.293
380.965
377.638
374.312
370.986
367.659
364.331
361.001
357.672
354.343
351.017
347.693
344.369
341.043
337.716
334.385
331.054
327.725
324.398
321.072
317.748
314.423
311.097
307.771
304.442
301.111
297.78
294.451
291.126
287.804
284.48
281.154
277.826
274.497
271.168
267.838
264.508
261.18
257.855
254.532
251.208
247.883
244.555
241.227
237.897
234.568
231.238
227.908
224.581
221.257
217.933
214.608
211.281
207.952
204.623
201.294
197.965
194.635
191.307
187.981
184.657
181.333
178.008
174.681
171.355
168.027
164.699
161.37
158.041
154.713
151.385
148.059
144.733
141.408
138.083
134.758
131.432
128.105
124.777
121.449
118.122
114.795
111.467
108.14
104.813
101.488
98.1619
94.8344
91.5053
88.1756
84.8454
81.5142
78.1813
74.8472
71.5134
68.1809
64.8499
61.5198
58.191
54.8642
51.5399
48.2172
44.8951
41.5727
38.2503
34.9283
31.6061
28.2826
24.9569
21.6294
18.3013
14.9732
11.6453
8.31738
4.98975
1.66291
851.535
-1849.31
-46.8752
1263.45
1227.77
835.328
697.486
757.843
818.101
820.234
800.216
788.9
787.451
787.203
784.498
780.498
776.732
773.436
770.247
766.964
763.615
760.265
756.934
753.615
750.292
746.964
743.636
740.306
736.978
733.653
730.326
726.997
723.667
720.34
717.015
713.688
710.36
707.033
703.708
700.382
697.052
693.724
690.399
687.072
683.743
680.415
677.088
673.762
670.435
667.108
663.779
660.451
657.125
653.799
650.471
647.143
643.815
640.488
637.162
633.835
630.508
627.181
623.854
620.526
617.198
613.872
610.545
607.218
603.89
600.562
597.235
593.908
590.581
587.254
583.927
580.6
577.273
573.945
570.617
567.29
563.963
560.637
557.311
553.982
550.653
547.325
543.999
540.673
537.347
534.019
530.69
527.362
524.036
520.71
517.383
514.055
510.728
507.401
504.074
500.746
497.417
494.09
490.765
487.44
484.112
480.783
477.455
474.127
470.801
467.475
464.149
460.822
457.493
454.165
450.837
447.509
444.183
440.857
437.53
434.203
430.874
427.546
424.219
420.893
417.566
414.238
410.91
407.582
404.256
400.929
397.603
394.276
390.948
387.62
384.292
380.964
377.637
374.311
370.985
367.658
364.329
361
357.672
354.344
351.017
347.692
344.368
341.042
337.715
334.384
331.054
327.724
324.397
321.073
317.749
314.424
311.097
307.768
304.439
301.11
297.781
294.452
291.126
287.803
284.48
281.155
277.826
274.496
271.166
267.837
264.509
261.181
257.856
254.532
251.209
247.883
244.555
241.226
237.895
234.566
231.237
227.909
224.582
221.257
217.933
214.608
211.281
207.952
204.622
201.293
197.964
194.635
191.307
187.981
184.657
181.333
178.008
174.682
171.355
168.027
164.698
161.369
158.041
154.712
151.385
148.059
144.734
141.408
138.083
134.758
131.432
128.105
124.777
121.449
118.121
114.794
111.468
108.141
104.814
101.487
98.1615
94.8348
91.5063
88.1761
84.8448
81.513
78.1806
74.8473
71.5135
68.1805
64.8491
61.5196
58.1914
54.8646
51.5397
48.2169
44.8954
41.5739
38.2516
34.9286
31.6054
28.2816
24.9565
21.6297
18.3015
14.9729
11.6447
8.3169
4.98974
1.6629
851.535
-1849.31
-46.8818
1263.44
1227.76
835.315
697.477
757.835
818.093
820.231
800.216
788.904
787.456
787.204
784.498
780.498
776.73
773.436
770.249
766.963
763.612
760.264
756.933
753.614
750.291
746.963
743.636
740.308
736.977
733.65
730.324
726.997
723.668
720.34
717.015
713.69
710.361
707.031
703.704
700.379
697.052
693.724
690.398
687.073
683.747
680.417
677.087
673.76
670.434
667.108
663.78
660.452
657.124
653.797
650.471
647.144
643.816
640.49
637.163
633.835
630.507
627.18
623.853
620.526
617.199
613.871
610.544
607.216
603.889
600.562
597.235
593.908
590.58
587.253
583.927
580.6
577.273
573.944
570.616
567.289
563.963
560.636
557.309
553.981
550.653
547.325
543.999
540.672
537.346
534.019
530.69
527.363
524.036
520.71
517.383
514.055
510.727
507.4
504.074
500.747
497.419
494.09
490.764
487.439
484.113
480.785
477.456
474.128
470.801
467.475
464.15
460.823
457.494
454.166
450.838
447.511
444.185
440.859
437.531
434.203
430.876
427.548
424.221
420.895
417.568
414.24
410.911
407.583
404.256
400.931
397.605
394.278
390.949
387.62
384.292
380.964
377.638
374.312
370.987
367.659
364.33
361.001
357.672
354.345
351.019
347.694
344.368
341.042
337.714
334.385
331.055
327.725
324.398
321.073
317.749
314.425
311.098
307.769
304.438
301.109
297.781
294.455
291.128
287.803
284.479
281.154
277.827
274.497
271.166
267.836
264.509
261.183
257.857
254.533
251.208
247.883
244.555
241.226
237.895
234.565
231.236
227.91
224.584
221.258
217.933
214.608
211.281
207.953
204.623
201.292
197.963
194.635
191.308
187.982
184.657
181.333
178.008
174.683
171.356
168.027
164.698
161.369
158.04
154.712
151.385
148.059
144.734
141.409
138.084
134.758
131.432
128.105
124.778
121.449
118.121
114.794
111.467
108.141
104.814
101.488
98.161
94.8342
91.5065
88.1768
84.8454
81.5129
78.1801
74.8471
71.5138
68.1808
64.849
61.5193
58.1915
54.8653
51.5402
48.2168
44.8949
41.5739
38.2524
34.9298
31.6059
28.2813
24.9559
21.6296
18.302
14.9735
11.6448
8.31685
4.98892
1.66349
851.528
-1849.32
-46.8837
1263.45
1227.77
835.317
697.478
757.841
818.102
820.235
800.215
788.9
787.454
787.205
784.498
780.498
776.728
773.435
770.251
766.965
763.612
760.266
756.937
753.615
750.291
746.962
743.634
740.307
736.978
733.65
730.323
726.998
723.67
720.34
717.013
713.689
710.363
707.035
703.706
700.38
697.053
693.725
690.397
687.071
683.745
680.416
677.088
673.761
670.435
667.109
663.782
660.453
657.124
653.796
650.47
647.144
643.817
640.49
637.163
633.835
630.507
627.18
623.853
620.527
617.2
613.872
610.543
607.216
603.89
600.563
597.236
593.908
590.58
587.253
583.927
580.6
577.273
573.945
570.617
567.29
563.964
560.637
557.309
553.981
550.654
547.327
544
540.673
537.346
534.019
530.692
527.364
524.036
520.709
517.382
514.056
510.728
507.401
504.074
500.747
497.419
494.092
490.764
487.438
484.112
480.785
477.457
474.129
470.801
467.474
464.148
460.821
457.493
454.166
450.838
447.511
444.185
440.857
437.529
434.201
430.874
427.548
424.221
420.894
417.566
414.238
410.91
407.582
404.255
400.93
397.604
394.277
390.948
387.619
384.29
380.963
377.637
374.312
370.986
367.659
364.33
361
357.671
354.344
351.018
347.694
344.368
341.041
337.713
334.383
331.054
327.726
324.399
321.073
317.749
314.424
311.098
307.769
304.438
301.108
297.78
294.455
291.13
287.805
284.479
281.153
277.826
274.496
271.165
267.836
264.508
261.183
257.858
254.534
251.208
247.882
244.554
241.225
237.894
234.564
231.235
227.909
224.584
221.259
217.934
214.608
211.28
207.952
204.622
201.292
197.962
194.634
191.308
187.983
184.658
181.333
178.008
174.683
171.356
168.027
164.698
161.369
158.04
154.712
151.385
148.059
144.734
141.41
138.085
134.759
131.432
128.105
124.777
121.45
118.121
114.793
111.466
108.14
104.814
101.488
98.1613
94.8339
91.5059
88.1767
84.8457
81.5132
78.1798
74.8465
71.5135
68.1808
64.849
61.5189
58.191
54.8653
51.5409
48.2175
44.895
41.5734
38.2521
34.9301
31.6067
28.2818
24.9558
21.6291
18.3015
14.9733
11.6447
8.31654
4.98959
1.66273
851.528
-1849.33
-46.8909
1263.44
1227.77
835.321
697.474
757.835
818.096
820.228
800.212
788.9
787.452
787.203
784.496
780.499
776.73
773.434
770.25
766.966
763.612
760.264
756.936
753.616
750.292
746.962
743.633
740.306
736.98
733.652
730.323
726.996
723.67
720.342
717.012
713.685
710.361
707.035
703.707
700.379
697.052
693.726
690.398
687.071
683.743
680.416
677.088
673.76
670.433
667.107
663.78
660.452
657.125
653.798
650.471
647.144
643.817
640.489
637.162
633.834
630.507
627.18
623.854
620.527
617.199
613.871
610.543
607.216
603.89
600.564
597.236
593.908
590.58
587.253
583.927
580.6
577.272
573.944
570.617
567.289
563.963
560.636
557.309
553.981
550.653
547.326
543.999
540.672
537.345
534.018
530.691
527.364
524.036
520.708
517.381
514.055
510.729
507.401
504.073
500.746
497.418
494.092
490.765
487.438
484.111
480.784
477.457
474.129
470.802
467.474
464.147
460.82
457.493
454.167
450.84
447.513
444.185
440.857
437.529
434.201
430.875
427.549
424.223
420.896
417.567
414.238
410.91
407.583
404.257
400.931
397.605
394.278
390.948
387.619
384.29
380.964
377.638
374.313
370.987
367.66
364.331
361.001
357.672
354.344
351.019
347.694
344.369
341.042
337.713
334.383
331.054
327.726
324.4
321.075
317.75
314.424
311.097
307.768
304.439
301.109
297.781
294.455
291.131
287.806
284.481
281.153
277.824
274.495
271.166
267.836
264.509
261.183
257.859
254.535
251.209
247.882
244.553
241.223
237.893
234.564
231.236
227.909
224.585
221.26
217.935
214.609
211.28
207.951
204.621
201.291
197.962
194.633
191.307
187.983
184.659
181.334
178.009
174.683
171.356
168.027
164.698
161.368
158.04
154.712
151.386
148.06
144.735
141.41
138.085
134.759
131.433
128.105
124.777
121.449
118.121
114.794
111.466
108.14
104.814
101.488
98.1618
94.8343
91.5058
88.1764
84.8457
81.5135
78.1802
74.8465
71.5132
68.1809
64.8495
61.5194
58.1911
54.8652
51.5412
48.2184
44.8961
41.5741
38.2523
34.9302
31.6071
28.2824
24.9563
21.6292
18.3013
14.9731
11.6446
8.31645
4.98882
1.66308
851.533
-1849.33
-46.8971
1263.44
1227.77
835.319
697.472
757.833
818.097
820.234
800.216
788.902
787.456
787.208
784.498
780.498
776.73
773.432
770.248
766.967
763.612
760.262
756.934
753.615
750.294
746.966
743.635
740.306
736.981
733.653
730.322
726.994
723.669
720.344
717.015
713.686
710.36
707.035
703.707
700.378
697.051
693.725
690.399
687.071
683.744
680.418
677.09
673.763
670.435
667.107
663.779
660.451
657.125
653.799
650.471
647.144
643.817
640.49
637.162
633.834
630.507
627.181
623.855
620.527
617.198
613.87
610.543
607.217
603.891
600.564
597.235
593.907
590.58
587.253
583.927
580.6
577.273
573.945
570.617
567.29
563.962
560.636
557.31
553.982
550.654
547.326
543.999
540.672
537.346
534.019
530.692
527.365
524.037
520.709
517.381
514.055
510.729
507.402
504.074
500.746
497.418
494.091
490.765
487.438
484.111
480.784
477.457
474.129
470.802
467.474
464.146
460.819
457.493
454.167
450.841
447.513
444.184
440.855
437.527
434.201
430.875
427.55
424.223
420.896
417.566
414.237
410.908
407.582
404.257
400.931
397.605
394.277
390.947
387.617
384.289
380.963
377.638
374.313
370.987
367.659
364.33
361
357.672
354.345
351.019
347.693
344.368
341.041
337.712
334.383
331.054
327.726
324.4
321.076
317.75
314.423
311.095
307.767
304.438
301.109
297.782
294.455
291.131
287.806
284.481
281.153
277.823
274.494
271.165
267.837
264.51
261.184
257.86
254.535
251.209
247.881
244.551
241.221
237.891
234.563
231.236
227.91
224.585
221.261
217.936
214.609
211.28
207.95
204.62
201.29
197.961
194.633
191.307
187.983
184.659
181.335
178.01
174.683
171.355
168.027
164.697
161.368
158.039
154.712
151.386
148.06
144.735
141.41
138.085
134.76
131.433
128.105
124.777
121.449
118.121
114.793
111.466
108.14
104.813
101.488
98.1617
94.8346
91.506
88.1762
84.8453
81.5134
78.1803
74.8466
71.5131
68.1806
64.8495
61.5198
58.1916
54.8652
51.5409
48.2183
44.8964
41.5746
38.2525
34.93
31.6067
28.2822
24.9564
21.6292
18.3012
14.9728
11.6444
8.31634
4.98899
1.66298
851.53
-1849.32
-46.8947
1263.43
1227.77
835.322
697.475
757.834
818.098
820.233
800.212
788.897
787.451
787.203
784.495
780.497
776.732
773.433
770.246
766.965
763.613
760.263
756.934
753.614
750.291
746.964
743.634
740.305
736.979
733.653
730.325
726.995
723.668
720.342
717.016
713.687
710.36
707.034
703.708
700.379
697.051
693.724
690.398
687.071
683.742
680.415
677.088
673.762
670.435
667.108
663.78
660.453
657.126
653.798
650.469
647.143
643.817
640.49
637.162
633.834
630.507
627.182
623.855
620.526
617.197
613.87
610.544
607.218
603.891
600.563
597.235
593.907
590.58
587.253
583.926
580.6
577.273
573.945
570.617
567.289
563.962
560.636
557.31
553.982
550.654
547.326
543.998
540.671
537.345
534.019
530.691
527.364
524.037
520.709
517.382
514.054
510.727
507.401
504.075
500.747
497.419
494.091
490.763
487.437
484.111
480.785
477.457
474.129
470.801
467.472
464.145
460.819
457.493
454.168
450.841
447.513
444.183
440.854
437.527
434.201
430.876
427.551
424.224
420.896
417.566
414.236
410.909
407.583
404.258
400.933
397.606
394.277
390.947
387.617
384.29
380.964
377.639
374.314
370.988
367.66
364.33
361.001
357.672
354.346
351.02
347.694
344.368
341.04
337.712
334.383
331.055
327.727
324.401
321.076
317.751
314.424
311.095
307.766
304.437
301.11
297.783
294.457
291.132
287.807
284.48
281.152
277.823
274.493
271.164
267.837
264.511
261.186
257.861
254.535
251.209
247.88
244.55
241.22
237.89
234.562
231.236
227.911
224.587
221.262
217.936
214.609
211.28
207.949
204.619
201.289
197.96
194.633
191.308
187.984
184.66
181.336
178.011
174.684
171.356
168.026
164.697
161.368
158.039
154.712
151.386
148.061
144.736
141.411
138.086
134.76
131.433
128.106
124.777
121.449
118.12
114.793
111.466
108.14
104.813
101.487
98.1613
94.8345
91.5063
88.1765
84.8453
81.5132
78.1804
74.847
71.5134
68.1807
64.8494
61.52
58.1922
54.866
51.5415
48.2185
44.8967
41.5752
38.2533
34.9306
31.6069
28.2823
24.9564
21.6293
18.3012
14.9727
11.6442
8.31621
4.98903
1.66276
851.525
-1849.33
-46.8961
1263.44
1227.77
835.322
697.472
757.827
818.09
820.231
800.215
788.9
787.452
787.206
784.498
780.498
776.733
773.435
770.25
766.968
763.615
760.265
756.937
753.615
750.291
746.964
743.635
740.305
736.976
733.651
730.326
726.998
723.669
720.341
717.014
713.687
710.36
707.034
703.708
700.38
697.052
693.725
690.399
687.073
683.745
680.417
677.089
673.76
670.433
667.107
663.781
660.454
657.126
653.798
650.47
647.144
643.817
640.49
637.162
633.834
630.508
627.182
623.854
620.526
617.198
613.871
610.545
607.218
603.89
600.563
597.235
593.907
590.58
587.253
583.927
580.601
577.274
573.945
570.617
567.289
563.963
560.637
557.31
553.983
550.655
547.326
543.998
540.672
537.345
534.019
530.692
527.365
524.037
520.71
517.382
514.054
510.727
507.401
504.075
500.748
497.419
494.09
490.762
487.436
484.111
480.785
477.459
474.13
470.801
467.472
464.144
460.819
457.494
454.168
450.841
447.512
444.182
440.853
437.526
434.201
430.877
427.551
424.224
420.895
417.565
414.236
410.909
407.583
404.258
400.933
397.605
394.276
390.946
387.617
384.29
380.964
377.639
374.314
370.987
367.659
364.33
361
357.672
354.345
351.02
347.694
344.367
341.039
337.711
334.383
331.055
327.728
324.402
321.076
317.75
314.423
311.095
307.766
304.437
301.11
297.784
294.459
291.133
287.807
284.479
281.151
277.822
274.493
271.164
267.837
264.512
261.187
257.862
254.535
251.208
247.879
244.549
241.219
237.889
234.562
231.236
227.912
224.588
221.263
217.936
214.608
211.279
207.948
204.618
201.288
197.959
194.633
191.308
187.984
184.661
181.336
178.011
174.684
171.355
168.026
164.697
161.368
158.039
154.712
151.386
148.061
144.737
141.412
138.087
134.76
131.433
128.106
124.777
121.449
118.12
114.792
111.465
108.139
104.813
101.487
98.161
94.8341
91.5061
88.1766
84.8455
81.5131
78.1802
74.8469
71.5137
68.181
64.8495
61.52
58.1924
54.8665
51.5421
48.2189
44.8968
41.5752
38.2534
34.9309
31.6072
28.2823
24.9562
21.6291
18.3011
14.9726
11.6441
8.31608
4.98895
1.6627
851.529
-1849.33
-46.9
1263.43
1227.76
835.32
697.478
757.837
818.097
820.233
800.218
788.902
787.45
787.203
784.497
780.495
776.729
773.435
770.249
766.964
763.611
760.262
756.936
753.616
750.291
746.963
743.637
740.308
736.977
733.648
730.323
726.998
723.67
720.34
717.013
713.687
710.361
707.033
703.707
700.38
697.052
693.723
690.396
687.07
683.745
680.418
677.09
673.761
670.433
667.107
663.78
660.452
657.124
653.797
650.471
647.145
643.817
640.489
637.161
633.834
630.508
627.181
623.853
620.526
617.199
613.872
610.544
607.217
603.89
600.563
597.235
593.908
590.58
587.253
583.927
580.601
577.273
573.945
570.616
567.289
563.963
560.637
557.31
553.982
550.654
547.326
543.999
540.671
537.344
534.018
530.692
527.365
524.037
520.709
517.381
514.053
510.727
507.401
504.075
500.748
497.419
494.09
490.761
487.436
484.111
480.786
477.459
474.13
470.8
467.471
464.144
460.819
457.494
454.168
450.841
447.511
444.181
440.853
437.527
434.202
430.877
427.551
424.223
420.894
417.564
414.236
410.909
407.584
404.259
400.933
397.605
394.275
390.946
387.617
384.29
380.965
377.64
374.314
370.987
367.659
364.33
361.001
357.673
354.346
351.02
347.694
344.367
341.04
337.711
334.383
331.056
327.729
324.403
321.077
317.75
314.422
311.094
307.766
304.438
301.111
297.785
294.46
291.134
287.807
284.479
281.15
277.821
274.492
271.165
267.838
264.513
261.188
257.863
254.536
251.207
247.877
244.547
241.217
237.889
234.562
231.237
227.912
224.589
221.264
217.937
214.608
211.278
207.947
204.617
201.287
197.959
194.633
191.309
187.985
184.662
181.337
178.011
174.684
171.355
168.026
164.696
161.367
158.039
154.712
151.387
148.062
144.737
141.413
138.088
134.761
131.434
128.105
124.777
121.448
118.12
114.792
111.465
108.139
104.813
101.487
98.161
94.8339
91.5059
88.1765
84.8457
81.5134
78.1802
74.8469
71.5139
68.1814
64.8501
61.5204
58.1926
54.8668
51.5427
48.2196
44.8974
41.5755
38.2536
34.9311
31.6074
28.2824
24.9562
21.629
18.3009
14.9725
11.644
8.31599
4.98893
1.66267
851.53
-1849.33
-46.8953
1263.44
1227.76
835.32
697.475
757.829
818.089
820.226
800.213
788.901
787.451
787.203
784.497
780.496
776.729
773.434
770.25
766.965
763.612
760.262
756.935
753.615
750.292
746.964
743.637
740.31
736.98
733.65
730.323
726.997
723.67
720.342
717.015
713.688
710.361
707.032
703.706
700.381
697.054
693.725
690.397
687.07
683.744
680.416
677.088
673.762
670.436
667.109
663.781
660.452
657.124
653.797
650.472
647.145
643.818
640.49
637.162
633.835
630.507
627.18
623.854
620.527
617.2
613.872
610.543
607.216
603.89
600.563
597.236
593.908
590.58
587.253
583.927
580.6
577.273
573.945
570.617
567.29
563.963
560.637
557.309
553.982
550.655
547.327
544
540.671
537.344
534.018
530.692
527.366
524.038
520.709
517.38
514.053
510.728
507.403
504.077
500.748
497.418
494.089
490.761
487.436
484.112
480.787
477.459
474.13
470.799
467.471
464.144
460.819
457.495
454.169
450.84
447.51
444.181
440.853
437.527
434.203
430.878
427.551
424.223
420.893
417.563
414.236
410.91
407.584
404.259
400.932
397.604
394.275
390.946
387.618
384.291
380.966
377.64
374.314
370.986
367.658
364.329
361.001
357.673
354.347
351.02
347.694
344.367
341.039
337.711
334.383
331.056
327.73
324.404
321.077
317.75
314.421
311.093
307.765
304.438
301.112
297.786
294.46
291.134
287.807
284.478
281.149
277.82
274.492
271.165
267.839
264.514
261.189
257.863
254.536
251.206
247.876
244.545
241.216
237.888
234.562
231.237
227.913
224.589
221.264
217.937
214.608
211.277
207.946
204.615
201.286
197.959
194.633
191.309
187.986
184.662
181.338
178.012
174.684
171.355
168.026
164.696
161.367
158.039
154.713
151.387
148.063
144.738
141.413
138.088
134.762
131.434
128.106
124.777
121.448
118.12
114.792
111.465
108.138
104.813
101.487
98.1609
94.8339
91.5057
88.1763
84.8456
81.5135
78.1804
74.8469
71.5138
68.1816
64.8505
61.5209
58.1931
54.8671
51.543
48.2201
44.8979
41.576
38.2539
34.9312
31.6075
28.2825
24.9562
21.6288
18.3007
14.9722
11.6437
8.31576
4.98866
1.66268
851.53
-1849.33
-46.9007
1263.43
1227.76
835.315
697.474
757.833
818.095
820.23
800.215
788.903
787.453
787.206
784.498
780.496
776.729
773.433
770.249
766.967
763.616
760.265
756.933
753.613
750.292
746.964
743.633
740.306
736.98
733.651
730.322
726.994
723.669
720.343
717.015
713.687
710.36
707.033
703.706
700.379
697.052
693.725
690.399
687.073
683.744
680.415
677.087
673.761
670.434
667.107
663.78
660.452
657.125
653.798
650.47
647.144
643.817
640.49
637.162
633.834
630.507
627.18
623.854
620.527
617.199
613.87
610.542
607.216
603.89
600.564
597.236
593.908
590.58
587.253
583.926
580.599
577.272
573.945
570.618
567.291
563.963
560.635
557.308
553.982
550.656
547.328
543.999
540.671
537.343
534.018
530.693
527.367
524.038
520.708
517.379
514.052
510.728
507.404
504.077
500.748
497.417
494.087
490.761
487.436
484.113
480.787
477.459
474.129
470.799
467.471
464.145
460.82
457.495
454.168
450.839
447.509
444.18
440.854
437.528
434.203
430.877
427.55
424.221
420.892
417.563
414.236
410.91
407.585
404.259
400.932
397.603
394.275
390.946
387.618
384.292
380.966
377.64
374.313
370.985
367.657
364.329
361.001
357.674
354.348
351.021
347.694
344.366
341.039
337.711
334.384
331.057
327.731
324.404
321.077
317.75
314.421
311.093
307.765
304.439
301.113
297.787
294.461
291.134
287.807
284.478
281.148
277.819
274.492
271.165
267.84
264.516
261.19
257.863
254.535
251.205
247.875
244.544
241.215
237.887
234.562
231.238
227.914
224.59
221.264
217.937
214.607
211.276
207.945
204.614
201.285
197.958
194.633
191.31
187.987
184.663
181.338
178.012
174.684
171.355
168.025
164.696
161.367
158.039
154.713
151.388
148.063
144.739
141.414
138.089
134.762
131.434
128.106
124.777
121.448
118.119
114.792
111.465
108.138
104.812
101.487
98.1607
94.8338
91.5057
88.1762
84.8454
81.5135
78.1806
74.8473
71.5141
68.1818
64.8509
61.5215
58.1938
54.8678
51.5434
48.2205
44.8984
41.5764
38.2542
34.9314
31.6075
28.2824
24.9561
21.6287
18.3006
14.9721
11.6437
8.31572
4.98859
1.66283
851.525
-1849.33
-46.8997
1263.43
1227.76
835.32
697.475
757.834
818.096
820.228
800.208
788.899
787.452
787.202
784.498
780.5
776.732
773.435
770.248
766.965
763.615
760.266
756.935
753.613
750.291
746.963
743.634
740.307
736.981
733.653
730.323
726.997
723.671
720.343
717.013
713.685
710.361
707.036
703.708
700.379
697.051
693.724
690.398
687.072
683.744
680.417
677.09
673.762
670.434
667.107
663.78
660.453
657.126
653.798
650.471
647.144
643.818
640.49
637.162
633.834
630.508
627.182
623.855
620.527
617.199
613.87
610.543
607.217
603.89
600.564
597.237
593.909
590.581
587.253
583.926
580.599
577.273
573.947
570.62
567.291
563.962
560.634
557.308
553.983
550.657
547.329
543.999
540.67
537.343
534.018
530.694
527.367
524.038
520.707
517.378
514.052
510.729
507.404
504.077
500.747
497.416
494.087
490.761
487.437
484.113
480.787
477.458
474.128
470.798
467.471
464.146
460.821
457.495
454.167
450.838
447.509
444.181
440.854
437.529
434.204
430.877
427.549
424.22
420.892
417.564
414.237
410.911
407.585
404.258
400.931
397.603
394.275
390.947
387.62
384.293
380.966
377.639
374.312
370.984
367.657
364.329
361.002
357.675
354.348
351.021
347.694
344.366
341.038
337.711
334.385
331.058
327.731
324.404
321.077
317.749
314.42
311.092
307.765
304.439
301.114
297.789
294.462
291.134
287.806
284.477
281.147
277.819
274.491
271.166
267.841
264.517
261.191
257.864
254.534
251.204
247.873
244.543
241.214
237.887
234.562
231.239
227.915
224.591
221.265
217.936
214.606
211.275
207.944
204.613
201.285
197.958
194.634
191.31
187.987
184.664
181.339
178.012
174.684
171.355
168.025
164.695
161.367
158.039
154.713
151.388
148.064
144.74
141.415
138.089
134.762
131.434
128.106
124.777
121.448
118.119
114.791
111.464
108.138
104.812
101.486
98.1603
94.8336
91.5057
88.1762
84.8454
81.5134
78.1807
74.8475
71.5144
68.1821
64.8512
61.5219
58.1943
54.8684
51.544
48.2209
44.8987
41.5767
38.2545
34.9315
31.6075
28.2823
24.9559
21.6285
18.3004
14.9718
11.6434
8.3155
4.98843
1.66266
851.529
-1849.33
-46.8932
1263.43
1227.76
835.314
697.474
757.83
818.092
820.233
800.215
788.899
787.451
787.203
784.497
780.496
776.727
773.433
770.249
766.963
763.611
760.266
756.938
753.614
750.29
746.964
743.636
740.307
736.978
733.65
730.323
726.997
723.67
720.343
717.014
713.686
710.36
707.034
703.708
700.38
697.053
693.725
690.397
687.07
683.744
680.417
677.089
673.761
670.434
667.108
663.781
660.453
657.124
653.797
650.471
647.144
643.817
640.49
637.162
633.834
630.508
627.181
623.854
620.526
617.199
613.871
610.543
607.216
603.89
600.564
597.237
593.909
590.58
587.252
583.924
580.599
577.274
573.948
570.619
567.289
563.96
560.633
557.309
553.985
550.658
547.329
543.998
540.669
537.343
534.019
530.695
527.367
524.036
520.706
517.378
514.053
510.729
507.404
504.076
500.746
497.416
494.088
490.762
487.438
484.113
480.786
477.457
474.127
470.799
467.472
464.146
460.821
457.494
454.166
450.837
447.509
444.182
440.855
437.529
434.203
430.876
427.548
424.219
420.891
417.564
414.238
410.911
407.585
404.257
400.93
397.602
394.275
390.948
387.621
384.294
380.966
377.639
374.311
370.984
367.656
364.329
361.003
357.676
354.349
351.021
347.693
344.366
341.038
337.712
334.385
331.059
327.732
324.405
321.077
317.748
314.42
311.093
307.766
304.44
301.115
297.79
294.463
291.135
287.805
284.476
281.147
277.818
274.492
271.167
267.842
264.517
261.192
257.864
254.534
251.203
247.872
244.542
241.214
237.887
234.563
231.24
227.916
224.591
221.265
217.936
214.605
211.274
207.942
204.612
201.284
197.958
194.634
191.311
187.988
184.664
181.339
178.012
174.684
171.354
168.024
164.695
161.367
158.04
154.714
151.389
148.065
144.74
141.416
138.09
134.763
131.435
128.106
124.777
121.447
118.119
114.791
111.464
108.138
104.812
101.486
98.1601
94.8333
91.5055
88.1762
84.8454
81.5134
78.1806
74.8476
71.5148
68.1827
64.8517
61.5224
58.1948
54.869
51.5447
48.2216
44.8992
41.5771
38.2548
34.9317
31.6076
28.2823
24.9558
21.6284
18.3002
14.9717
11.6433
8.31544
4.98862
1.66261
851.523
-1849.33
-46.8988
1263.43
1227.76
835.317
697.475
757.834
818.094
820.231
800.213
788.901
787.454
787.203
784.497
780.5
776.732
773.434
770.249
766.966
763.613
760.265
756.937
753.614
750.29
746.965
743.637
740.307
736.979
733.652
730.324
726.995
723.667
720.343
717.017
713.688
710.359
707.033
703.707
700.38
697.052
693.725
690.398
687.072
683.745
680.417
677.088
673.761
670.435
667.109
663.782
660.453
657.125
653.798
650.471
647.145
643.817
640.49
637.163
633.836
630.508
627.18
623.853
620.527
617.2
613.872
610.544
607.216
603.889
600.564
597.238
593.91
590.58
587.251
583.924
580.6
577.276
573.949
570.619
567.288
563.959
560.634
557.31
553.986
550.658
547.328
543.997
540.669
537.344
534.02
530.695
527.366
524.036
520.706
517.379
514.054
510.73
507.403
504.075
500.745
497.416
494.089
490.763
487.438
484.112
480.784
477.455
474.127
470.799
467.473
464.147
460.821
457.493
454.165
450.837
447.509
444.183
440.856
437.529
434.202
430.875
427.547
424.219
420.892
417.565
414.238
410.911
407.584
404.256
400.929
397.602
394.275
390.949
387.621
384.294
380.966
377.638
374.31
370.983
367.656
364.33
361.003
357.677
354.349
351.021
347.693
344.365
341.038
337.712
334.386
331.06
327.733
324.405
321.076
317.747
314.419
311.092
307.766
304.441
301.116
297.79
294.463
291.135
287.805
284.475
281.146
277.818
274.492
271.167
267.843
264.518
261.192
257.863
254.533
251.202
247.871
244.541
241.213
237.888
234.564
231.24
227.917
224.592
221.265
217.935
214.604
211.272
207.941
204.612
201.284
197.958
194.635
191.312
187.989
184.665
181.339
178.012
174.684
171.354
168.024
164.695
161.367
158.04
154.714
151.39
148.065
144.741
141.416
138.09
134.763
131.435
128.106
124.776
121.447
118.118
114.79
111.463
108.137
104.812
101.486
98.1599
94.8331
91.5053
88.176
84.8454
81.5134
78.1807
74.8477
71.515
68.1831
64.8523
61.5229
58.1954
54.8695
51.5452
48.222
44.8996
41.5773
38.2548
34.9316
31.6074
28.2821
24.9556
21.6281
18.3
14.9715
11.6431
8.31527
4.98801
1.66282
851.529
-1849.33
-46.8935
1263.44
1227.76
835.317
697.473
757.831
818.092
820.231
800.214
788.9
787.453
787.203
784.497
780.499
776.729
773.432
770.248
766.966
763.611
760.262
756.937
753.616
750.288
746.96
743.634
740.308
736.98
733.652
730.324
726.997
723.669
720.342
717.014
713.687
710.36
707.034
703.707
700.378
697.05
693.724
690.399
687.073
683.745
680.416
677.088
673.761
670.434
667.107
663.78
660.453
657.126
653.798
650.47
647.143
643.816
640.491
637.164
633.835
630.506
627.178
623.853
620.528
617.202
613.872
610.542
607.214
603.889
600.565
597.238
593.909
590.579
587.25
583.925
580.601
577.276
573.948
570.617
567.287
563.959
560.635
557.311
553.986
550.657
547.326
543.996
540.67
537.345
534.021
530.694
527.365
524.035
520.706
517.38
514.055
510.73
507.402
504.074
500.745
497.417
494.091
490.765
487.438
484.111
480.783
477.455
474.127
470.801
467.474
464.147
460.82
457.492
454.164
450.837
447.51
444.184
440.857
437.529
434.201
430.873
427.546
424.219
420.893
417.566
414.239
410.911
407.583
404.255
400.928
397.602
394.276
390.95
387.622
384.294
380.966
377.637
374.309
370.982
367.656
364.331
361.004
357.677
354.349
351.021
347.692
344.365
341.039
337.713
334.387
331.061
327.733
324.405
321.076
317.747
314.419
311.092
307.767
304.442
301.117
297.791
294.463
291.134
287.804
284.474
281.145
277.818
274.492
271.168
267.844
264.519
261.192
257.863
254.532
251.201
247.87
244.54
241.213
237.888
234.564
231.241
227.917
224.592
221.264
217.934
214.603
211.271
207.94
204.611
201.284
197.959
194.635
191.312
187.989
184.665
181.34
178.012
174.683
171.354
168.024
164.695
161.367
158.04
154.715
151.39
148.066
144.742
141.417
138.091
134.763
131.435
128.106
124.776
121.447
118.118
114.79
111.463
108.137
104.811
101.486
98.1598
94.833
91.505
88.1757
84.8452
81.5134
78.1808
74.8479
71.5153
68.1835
64.8528
61.5237
58.1961
54.8702
51.5458
48.2226
44.9001
41.5777
38.2551
34.9317
31.6074
28.282
24.9555
21.628
18.2998
14.9714
11.6431
8.31525
4.9887
1.66235
851.53
-1849.33
-46.9002
1263.43
1227.77
835.319
697.473
757.834
818.095
820.229
800.21
788.899
787.455
787.203
784.495
780.497
776.732
773.437
770.251
766.966
763.613
760.264
756.939
753.618
750.29
746.962
743.636
740.309
736.978
733.648
730.324
727
723.672
720.341
717.013
713.687
710.362
707.035
703.707
700.379
697.052
693.726
690.398
687.071
683.744
680.417
677.09
673.762
670.434
667.106
663.781
660.455
657.128
653.798
650.469
647.142
643.818
640.493
637.165
633.834
630.505
627.179
623.855
620.53
617.202
613.871
610.541
607.214
603.89
600.566
597.238
593.908
590.578
587.251
583.926
580.602
577.276
573.947
570.616
567.287
563.961
560.637
557.312
553.985
550.655
547.325
543.997
540.671
537.346
534.02
530.693
527.364
524.035
520.708
517.381
514.055
510.728
507.401
504.073
500.745
497.418
494.092
490.765
487.437
484.109
480.781
477.454
474.128
470.802
467.475
464.147
460.818
457.49
454.163
450.837
447.511
444.185
440.857
437.528
434.2
430.872
427.545
424.22
420.894
417.567
414.239
410.91
407.582
404.254
400.928
397.602
394.277
390.95
387.623
384.294
380.965
377.636
374.308
370.982
367.657
364.331
361.005
357.677
354.349
351.02
347.692
344.364
341.038
337.713
334.388
331.061
327.733
324.405
321.076
317.747
314.419
311.092
307.767
304.443
301.118
297.791
294.463
291.134
287.803
284.473
281.145
277.818
274.493
271.169
267.845
264.519
261.192
257.862
254.531
251.2
247.869
244.54
241.213
237.888
234.565
231.242
227.918
224.592
221.264
217.934
214.602
211.27
207.939
204.61
201.284
197.959
194.636
191.313
187.99
184.666
181.34
178.012
174.683
171.353
168.024
164.695
161.367
158.04
154.715
151.391
148.067
144.742
141.417
138.091
134.763
131.435
128.106
124.776
121.447
118.118
114.79
111.463
108.137
104.811
101.485
98.1596
94.8328
91.5049
88.1756
84.845
81.5133
78.1809
74.8481
71.5156
68.1838
64.8533
61.5242
58.1967
54.8708
51.5464
48.223
44.9004
41.5779
38.2551
34.9316
31.6072
28.2817
24.9551
21.6276
18.2995
14.9711
11.6429
8.3152
4.98799
1.66283
851.528
-1849.32
-46.8912
1263.43
1227.76
835.319
697.476
757.835
818.094
820.229
800.215
788.901
787.453
787.202
784.498
780.501
776.731
773.431
770.246
766.968
763.616
760.262
756.932
753.613
750.291
746.964
743.635
740.307
736.98
733.651
730.323
726.996
723.669
720.341
717.014
713.688
710.36
707.032
703.705
700.381
697.054
693.725
690.396
687.069
683.744
680.418
677.09
673.76
670.432
667.106
663.782
660.456
657.126
653.796
650.468
647.143
643.819
640.493
637.163
633.832
630.504
627.18
623.856
620.53
617.2
613.869
610.541
607.215
603.891
600.565
597.237
593.907
590.578
587.252
583.927
580.601
577.274
573.945
570.616
567.289
563.963
560.637
557.31
553.982
550.654
547.325
543.999
540.673
537.346
534.019
530.691
527.364
524.036
520.709
517.382
514.055
510.727
507.399
504.073
500.747
497.42
494.093
490.765
487.436
484.107
480.781
477.455
474.13
470.804
467.476
464.146
460.817
457.489
454.163
450.838
447.513
444.186
440.857
437.527
434.198
430.871
427.545
424.22
420.895
417.568
414.239
410.91
407.581
404.254
400.928
397.603
394.278
390.951
387.623
384.294
380.964
377.635
374.308
370.983
367.658
364.332
361.006
357.678
354.349
351.02
347.692
344.365
341.039
337.714
334.389
331.062
327.734
324.405
321.075
317.747
314.419
311.093
307.768
304.444
301.119
297.792
294.463
291.133
287.803
284.473
281.145
277.818
274.493
271.169
267.845
264.519
261.192
257.862
254.531
251.199
247.869
244.54
241.213
237.889
234.566
231.242
227.918
224.592
221.263
217.932
214.601
211.269
207.939
204.61
201.284
197.959
194.636
191.314
187.99
184.666
181.34
178.012
174.683
171.353
168.023
164.695
161.367
158.041
154.716
151.391
148.067
144.743
141.418
138.091
134.763
131.435
128.105
124.776
121.446
118.118
114.79
111.463
108.137
104.811
101.485
98.1593
94.8325
91.5046
88.1753
84.8448
81.5131
78.1809
74.8483
71.516
68.1843
64.8538
61.5248
58.1974
54.8716
51.5471
48.2237
44.9009
41.5783
38.2553
34.9317
31.6072
28.2816
24.955
21.6275
18.2994
14.971
11.6427
8.31504
4.98826
1.66258
851.532
-1849.32
-46.8971
1263.43
1227.77
835.325
697.476
757.833
818.097
820.237
800.219
788.899
787.45
787.203
784.5
780.501
776.729
773.431
770.247
766.967
763.616
760.263
756.935
753.617
750.294
746.962
743.631
740.306
736.983
733.655
730.323
726.994
723.669
720.345
717.018
713.688
710.359
707.033
703.708
700.383
697.053
693.723
690.395
687.071
683.747
680.419
677.089
673.759
670.433
667.109
663.784
660.456
657.125
653.795
650.469
647.146
643.821
640.492
637.162
633.832
630.506
627.182
623.857
620.529
617.199
613.869
610.543
607.217
603.892
600.564
597.236
593.908
590.58
587.254
583.927
580.6
577.272
573.945
570.618
567.291
563.964
560.636
557.308
553.981
550.654
547.327
544
540.673
537.345
534.018
530.69
527.364
524.038
520.711
517.382
514.053
510.725
507.398
504.073
500.748
497.422
494.093
490.763
487.434
484.106
480.78
477.456
474.131
470.804
467.475
464.145
460.816
457.489
454.164
450.839
447.514
444.186
440.856
437.526
434.197
430.871
427.546
424.221
420.896
417.568
414.238
410.909
407.58
404.253
400.927
397.603
394.278
390.951
387.622
384.292
380.963
377.635
374.308
370.983
367.658
364.333
361.006
357.677
354.348
351.019
347.691
344.364
341.039
337.714
334.389
331.062
327.734
324.404
321.075
317.746
314.419
311.093
307.769
304.444
301.119
297.792
294.463
291.133
287.802
284.472
281.144
277.818
274.494
271.17
267.845
264.519
261.191
257.861
254.53
251.198
247.868
244.54
241.214
237.89
234.566
231.243
227.918
224.591
221.262
217.931
214.6
211.268
207.938
204.61
201.284
197.96
194.637
191.314
187.991
184.666
181.34
178.012
174.682
171.353
168.023
164.695
161.367
158.041
154.716
151.392
148.068
144.743
141.418
138.091
134.764
131.435
128.105
124.776
121.446
118.117
114.79
111.463
108.136
104.811
101.485
98.1591
94.8322
91.5043
88.1751
84.8446
81.513
78.1808
74.8484
71.5162
68.1847
64.8543
61.5254
58.1979
54.8721
51.5476
48.224
44.9011
41.5784
38.2553
34.9316
31.6069
28.2813
24.9546
21.6271
18.299
14.9707
11.6425
8.31487
4.98842
1.6622
851.53
-1849.32
-46.8825
1263.44
1227.76
835.313
697.47
757.836
818.095
820.226
800.21
788.902
787.456
787.203
784.493
780.494
776.732
773.439
770.25
766.962
763.611
760.265
756.938
753.616
750.29
746.962
743.634
740.308
736.981
733.651
730.321
726.995
723.671
720.345
717.014
713.684
710.358
707.035
703.71
700.381
697.049
693.721
690.396
687.073
683.747
680.417
677.086
673.758
670.434
667.109
663.782
660.453
657.123
653.796
650.471
647.146
643.819
640.49
637.161
633.834
630.508
627.182
623.854
620.526
617.198
613.871
610.544
607.217
603.89
600.562
597.235
593.909
590.582
587.254
583.925
580.598
577.271
573.946
570.62
567.293
563.964
560.634
557.306
553.98
550.655
547.329
544.002
540.673
537.344
534.016
530.69
527.365
524.04
520.712
517.382
514.052
510.724
507.398
504.074
500.75
497.423
494.093
490.762
487.432
484.106
480.782
477.458
474.133
470.805
467.474
464.143
460.815
457.489
454.165
450.841
447.515
444.186
440.855
437.525
434.197
430.871
427.547
424.223
420.897
417.568
414.238
410.908
407.579
404.253
400.928
397.604
394.279
390.951
387.622
384.292
380.963
377.635
374.309
370.984
367.66
364.334
361.007
357.678
354.348
351.019
347.691
344.365
341.04
337.715
334.39
331.063
327.734
324.405
321.075
317.746
314.419
311.094
307.77
304.445
301.119
297.792
294.463
291.132
287.802
284.472
281.145
277.819
274.495
271.171
267.846
264.519
261.191
257.86
254.529
251.198
247.868
244.54
241.214
237.89
234.567
231.243
227.918
224.591
221.261
217.931
214.599
211.268
207.938
204.61
201.284
197.96
194.637
191.315
187.991
184.666
181.339
178.011
174.682
171.352
168.023
164.695
161.368
158.042
154.717
151.393
148.068
144.744
141.418
138.091
134.764
131.435
128.105
124.775
121.446
118.117
114.789
111.463
108.136
104.811
101.485
98.1589
94.832
91.504
88.1747
84.8443
81.5129
78.1808
74.8485
71.5165
68.1852
64.8549
61.5261
58.1987
54.8728
51.5483
48.2247
44.9016
41.5787
38.2555
34.9316
31.6069
28.2811
24.9545
21.627
18.2989
14.9706
11.6424
8.31487
4.98811
1.66267
851.53
-1849.32
-46.8879
1263.44
1227.77
835.325
697.482
757.84
818.097
820.23
800.215
788.906
787.456
787.202
784.497
780.501
776.734
773.436
770.246
766.963
763.616
760.269
756.937
753.61
750.287
746.965
743.64
740.309
736.977
733.649
730.325
727
723.673
720.342
717.013
713.685
710.361
707.037
703.709
700.379
697.05
693.724
690.4
687.074
683.745
680.416
677.088
673.762
670.436
667.108
663.78
660.453
657.126
653.8
650.473
647.145
643.817
640.49
637.163
633.837
630.509
627.18
623.852
620.525
617.2
613.874
610.546
607.216
603.888
600.561
597.236
593.911
590.583
587.253
583.924
580.596
577.272
573.948
570.622
567.293
563.962
560.632
557.305
553.981
550.657
547.331
544.002
540.671
537.341
534.014
530.69
527.367
524.041
520.712
517.381
514.05
510.723
507.398
504.075
500.751
497.422
494.092
490.76
487.431
484.106
480.783
477.459
474.133
470.803
467.472
464.141
460.814
457.489
454.166
450.841
447.515
444.185
440.854
437.524
434.196
430.871
427.547
424.223
420.896
417.567
414.237
410.907
407.578
404.252
400.928
397.604
394.278
390.95
387.621
384.291
380.962
377.634
374.309
370.984
367.66
364.334
361.006
357.677
354.347
351.018
347.691
344.365
341.04
337.716
334.39
331.062
327.734
324.404
321.074
317.746
314.419
311.094
307.77
304.445
301.119
297.791
294.462
291.132
287.801
284.472
281.145
277.819
274.495
271.171
267.846
264.519
261.19
257.86
254.528
251.198
247.868
244.541
241.215
237.891
234.568
231.244
227.918
224.59
221.261
217.93
214.598
211.267
207.938
204.61
201.285
197.961
194.638
191.315
187.991
184.666
181.339
178.011
174.682
171.352
168.023
164.695
161.368
158.042
154.717
151.393
148.069
144.744
141.418
138.091
134.763
131.435
128.105
124.775
121.446
118.117
114.79
111.463
108.136
104.811
101.485
98.1587
94.8317
91.5036
88.1744
84.844
81.5128
78.1808
74.8487
71.5167
68.1855
64.8554
61.5265
58.1992
54.8733
51.5487
48.225
44.9019
41.5788
38.2555
34.9315
31.6066
28.2809
24.9541
21.6266
18.2985
14.9702
11.6421
8.3146
4.98807
1.66232
851.534
-1849.31
-46.88
1263.44
1227.77
835.32
697.472
757.83
818.096
820.235
800.216
788.9
787.449
787.2
784.5
780.501
776.728
773.43
770.247
766.967
763.616
760.265
756.934
753.613
750.29
746.964
743.636
740.306
736.976
733.651
730.326
726.999
723.669
720.34
717.014
713.688
710.361
707.032
703.704
700.378
697.053
693.726
690.398
687.07
683.742
680.416
677.09
673.763
670.434
667.105
663.779
660.454
657.128
653.8
650.47
647.142
643.815
640.491
637.166
633.837
630.507
627.177
623.851
620.527
617.202
613.875
610.544
607.214
603.886
600.561
597.238
593.913
590.583
587.251
583.922
580.596
577.273
573.95
570.622
567.292
563.96
560.631
557.306
553.983
550.659
547.332
544.001
540.669
537.34
534.015
530.692
527.369
524.042
520.711
517.379
514.049
510.723
507.4
504.077
500.751
497.422
494.09
490.76
487.432
484.108
480.785
477.461
474.133
470.803
467.471
464.141
460.815
457.491
454.168
450.843
447.515
444.185
440.854
437.524
434.197
430.873
427.549
424.225
420.897
417.568
414.237
410.907
407.579
404.254
400.929
397.605
394.279
390.951
387.621
384.291
380.963
377.636
374.31
370.986
367.661
364.334
361.006
357.677
354.347
351.018
347.691
344.366
341.041
337.716
334.39
331.063
327.734
324.404
321.075
317.747
314.42
311.095
307.771
304.446
301.119
297.791
294.462
291.131
287.801
284.472
281.145
277.82
274.496
271.171
267.846
264.518
261.189
257.859
254.528
251.197
247.868
244.541
241.216
237.892
234.568
231.244
227.917
224.589
221.26
217.929
214.598
211.267
207.938
204.611
201.285
197.962
194.638
191.315
187.991
184.666
181.339
178.01
174.681
171.352
168.023
164.695
161.368
158.043
154.718
151.394
148.069
144.744
141.418
138.091
134.763
131.434
128.105
124.775
121.446
118.117
114.79
111.463
108.137
104.811
101.485
98.1585
94.8314
91.5032
88.1739
84.8436
81.5124
78.1806
74.8487
71.517
68.186
64.856
61.5273
58.2
54.8741
51.5494
48.2256
44.9023
41.579
38.2555
34.9313
31.6063
28.2805
24.9537
21.6263
18.2984
14.9702
11.6423
8.31491
4.98851
1.66244
851.536
-1849.31
-46.8756
1263.45
1227.77
835.322
697.48
757.841
818.102
820.235
800.216
788.903
787.455
787.202
784.499
780.501
776.731
773.434
770.251
766.967
763.612
760.262
756.937
753.62
750.293
746.962
743.632
740.308
736.983
733.654
730.324
726.994
723.668
720.343
717.018
713.689
710.359
707.03
703.706
700.383
697.056
693.726
690.395
687.068
683.744
680.421
677.093
673.762
670.431
667.104
663.781
660.457
657.13
653.799
650.467
647.14
643.817
640.494
637.168
633.836
630.504
627.176
623.852
620.53
617.205
613.875
610.542
607.211
603.886
600.563
597.24
593.913
590.582
587.249
583.921
580.597
577.275
573.951
570.622
567.289
563.958
560.63
557.307
553.985
550.661
547.331
543.999
540.667
537.339
534.015
530.693
527.369
524.041
520.71
517.378
514.049
510.724
507.401
504.077
500.751
497.42
494.089
490.759
487.432
484.108
480.785
477.46
474.132
470.8
467.469
464.14
460.814
457.491
454.168
450.842
447.513
444.182
440.851
437.522
434.196
430.872
427.549
424.224
420.896
417.566
414.235
410.905
407.578
404.253
400.928
397.604
394.277
390.949
387.619
384.29
380.962
377.635
374.31
370.986
367.661
364.334
361.005
357.675
354.346
351.018
347.691
344.366
341.041
337.716
334.39
331.062
327.733
324.403
321.074
317.747
314.421
311.096
307.771
304.446
301.119
297.791
294.461
291.131
287.801
284.472
281.146
277.82
274.496
271.171
267.845
264.518
261.189
257.858
254.527
251.197
247.869
244.542
241.217
237.892
234.568
231.244
227.917
224.589
221.259
217.928
214.597
211.267
207.938
204.611
201.286
197.962
194.639
191.315
187.991
184.665
181.338
178.01
174.681
171.352
168.023
164.695
161.369
158.043
154.718
151.394
148.069
144.744
141.418
138.091
134.763
131.434
128.105
124.775
121.446
118.117
114.79
111.463
108.137
104.811
101.485
98.1583
94.8312
91.503
88.1738
84.8435
81.5123
78.1806
74.8486
71.517
68.1861
64.8563
61.5276
58.2004
54.8745
51.5498
48.226
44.9026
41.5794
38.2557
34.9314
31.6063
28.2803
24.9533
21.6257
18.2977
14.9697
11.6418
8.3145
4.98807
1.66224
851.543
-1849.31
-46.8806
1263.44
1227.77
835.321
697.478
757.833
818.089
820.227
800.217
788.91
787.459
787.199
784.49
780.499
776.735
773.436
770.248
766.964
763.611
760.264
756.938
753.616
750.288
746.958
743.632
740.31
736.984
733.652
730.32
726.993
723.671
720.346
717.018
713.686
710.356
707.031
703.708
700.384
697.054
693.722
690.392
687.068
683.746
680.422
677.092
673.759
670.43
667.105
663.783
660.459
657.129
653.796
650.466
647.141
643.819
640.495
637.167
633.834
630.503
627.176
623.854
620.531
617.204
613.873
610.541
607.212
603.887
600.565
597.241
593.912
590.58
587.249
583.922
580.599
577.276
573.95
570.62
567.288
563.958
560.632
557.309
553.987
550.66
547.33
543.998
540.667
537.34
534.017
530.695
527.37
524.041
520.709
517.378
514.05
510.725
507.402
504.078
500.75
497.42
494.089
490.76
487.434
484.11
480.787
477.461
474.132
470.801
467.47
464.142
460.816
457.493
454.169
450.843
447.514
444.184
440.853
437.525
434.199
430.875
427.551
424.225
420.897
417.567
414.236
410.907
407.58
404.254
400.93
397.605
394.278
390.949
387.62
384.291
380.963
377.637
374.311
370.986
367.661
364.334
361.005
357.676
354.347
351.019
347.692
344.367
341.042
337.716
334.39
331.062
327.733
324.404
321.075
317.747
314.421
311.096
307.771
304.446
301.119
297.79
294.461
291.131
287.801
284.473
281.146
277.821
274.496
271.171
267.845
264.517
261.188
257.858
254.527
251.198
247.869
244.542
241.217
237.893
234.568
231.243
227.917
224.588
221.258
217.928
214.597
211.267
207.939
204.612
201.286
197.962
194.639
191.315
187.991
184.665
181.338
178.01
174.681
171.352
168.023
164.696
161.369
158.043
154.719
151.394
148.069
144.744
141.418
138.091
134.763
131.434
128.104
124.775
121.446
118.118
114.79
111.463
108.137
104.811
101.484
98.1578
94.8305
91.5023
88.1731
84.843
81.5121
78.1806
74.849
71.5175
68.1868
64.857
61.5284
58.2012
54.8752
51.5504
48.2262
44.9025
41.579
38.2551
34.9308
31.6058
28.28
24.9534
21.6259
18.298
14.97
11.6422
8.31495
4.98864
1.66241
851.567
-1849.26
-46.8562
1263.43
1227.76
835.326
697.491
757.845
818.096
820.227
800.212
788.902
787.457
787.204
784.495
780.499
776.734
773.433
770.245
766.965
763.618
760.269
756.937
753.612
750.288
746.964
743.638
740.31
736.978
733.647
730.321
726.998
723.674
720.346
717.014
713.684
710.358
707.036
703.712
700.383
697.051
693.721
690.395
687.073
683.749
680.42
677.088
673.757
670.432
667.109
663.785
660.456
657.124
653.793
650.467
647.145
643.821
640.494
637.163
633.831
630.503
627.18
623.857
620.531
617.201
613.869
610.539
607.213
603.89
600.567
597.24
593.909
590.577
587.249
583.924
580.601
577.276
573.948
570.617
567.286
563.959
560.634
557.311
553.986
550.658
547.326
543.995
540.667
537.342
534.019
530.695
527.368
524.037
520.707
517.377
514.051
510.727
507.403
504.076
500.747
497.417
494.087
490.76
487.435
484.111
480.785
477.458
474.128
470.797
467.468
464.141
460.817
457.492
454.167
450.839
447.51
444.18
440.851
437.524
434.199
430.874
427.549
424.222
420.893
417.563
414.234
410.906
407.58
404.254
400.929
397.603
394.275
390.947
387.618
384.29
380.963
377.638
374.312
370.987
367.66
364.332
361.003
357.675
354.346
351.019
347.693
344.368
341.042
337.716
334.389
331.061
327.732
324.403
321.075
317.748
314.422
311.097
307.772
304.445
301.118
297.789
294.46
291.13
287.801
284.474
281.147
277.822
274.497
271.171
267.844
264.516
261.187
257.857
254.527
251.198
247.87
244.544
241.218
237.894
234.568
231.243
227.915
224.587
221.257
217.927
214.597
211.268
207.94
204.613
201.288
197.964
194.64
191.315
187.99
184.664
181.337
178.009
174.68
171.352
168.024
164.696
161.37
158.044
154.719
151.394
148.069
144.744
141.417
138.09
134.762
131.433
128.104
124.775
121.446
118.118
114.791
111.464
108.137
104.811
101.485
98.158
94.8305
91.502
88.1726
84.8422
81.5112
78.1798
74.8484
71.5173
68.1869
64.8573
61.529
58.2019
54.876
51.5512
48.2271
44.9033
41.5795
38.2554
34.9306
31.6052
28.2789
24.9521
21.6249
18.2973
14.9695
11.6419
8.31483
4.98834
1.66272
)
;

boundaryField
{
    inlet
    {
        type            calculated;
        value           uniform 5000;
    }
    outlet
    {
        type            calculated;
        value           uniform 0;
    }
    walls
    {
        type            calculated;
        value           nonuniform List<scalar> 
500
(
851.566
-1849.25
-46.8496
1263.43
1227.76
835.322
697.484
757.839
818.09
820.23
800.219
788.906
787.456
787.206
784.501
780.5
776.731
773.434
770.248
766.963
763.608
760.26
756.935
753.616
750.293
746.965
743.636
740.305
736.978
733.65
730.321
726.995
723.67
720.345
717.017
713.688
710.362
707.035
703.704
700.375
697.051
693.727
690.399
687.07
683.743
680.417
677.089
673.76
670.432
667.106
663.78
660.454
657.125
653.796
650.469
647.144
643.818
640.489
637.161
633.835
630.509
627.182
623.854
620.527
617.199
613.872
610.544
607.217
603.89
600.563
597.236
593.908
590.58
587.253
583.926
580.6
577.273
573.946
570.619
567.29
563.963
560.636
557.309
553.982
550.654
547.326
543.998
540.671
537.345
534.019
530.691
527.363
524.035
520.708
517.382
514.057
510.73
507.401
504.072
500.745
497.419
494.092
490.764
487.436
484.11
480.784
477.457
474.128
470.799
467.472
464.147
460.822
457.495
454.166
450.836
447.507
444.18
440.855
437.529
434.203
430.876
427.547
424.219
420.891
417.564
414.237
410.911
407.584
404.256
400.928
397.601
394.275
390.949
387.621
384.293
380.964
377.637
374.31
370.984
367.658
364.33
361.001
357.672
354.344
351.017
347.692
344.367
341.041
337.714
334.385
331.056
327.727
324.399
321.071
317.745
314.421
311.097
307.771
304.441
301.11
297.781
294.454
291.128
287.803
284.477
281.151
277.825
274.499
271.17
267.839
264.508
261.181
257.856
254.531
251.206
247.881
244.555
241.228
237.898
234.568
231.237
227.909
224.583
221.258
217.932
214.605
211.279
207.952
204.624
201.295
197.965
194.635
191.308
187.982
184.657
181.331
178.006
174.681
171.355
168.028
164.699
161.37
158.041
154.713
151.386
148.059
144.734
141.408
138.083
134.757
131.431
128.104
124.778
121.451
118.123
114.794
111.467
108.14
104.814
101.488
98.1609
94.8329
91.5046
88.1759
84.8457
81.5136
78.1801
74.8467
71.5142
68.1823
64.8508
61.5202
58.1915
54.8653
51.5408
48.2171
44.894
41.5718
38.2506
34.9292
31.6061
28.2811
24.9547
21.6281
18.3015
14.9744
11.6463
8.31772
4.98951
1.66329
851.567
-1849.26
-46.8562
1263.43
1227.76
835.326
697.491
757.845
818.096
820.227
800.212
788.902
787.457
787.204
784.495
780.499
776.734
773.433
770.245
766.965
763.618
760.269
756.937
753.612
750.288
746.964
743.638
740.31
736.978
733.647
730.321
726.998
723.674
720.346
717.014
713.684
710.358
707.036
703.712
700.383
697.051
693.721
690.395
687.073
683.749
680.42
677.088
673.757
670.432
667.109
663.785
660.456
657.124
653.793
650.467
647.145
643.821
640.494
637.163
633.831
630.503
627.18
623.857
620.531
617.201
613.869
610.539
607.213
603.89
600.567
597.24
593.909
590.577
587.249
583.924
580.601
577.276
573.948
570.617
567.286
563.959
560.634
557.311
553.986
550.658
547.326
543.995
540.667
537.342
534.019
530.695
527.368
524.037
520.707
517.377
514.051
510.727
507.403
504.076
500.747
497.417
494.087
490.76
487.435
484.111
480.785
477.458
474.128
470.797
467.468
464.141
460.817
457.492
454.167
450.839
447.51
444.18
440.851
437.524
434.199
430.874
427.549
424.222
420.893
417.563
414.234
410.906
407.58
404.254
400.929
397.603
394.275
390.947
387.618
384.29
380.963
377.638
374.312
370.987
367.66
364.332
361.003
357.675
354.346
351.019
347.693
344.368
341.042
337.716
334.389
331.061
327.732
324.403
321.075
317.748
314.422
311.097
307.772
304.445
301.118
297.789
294.46
291.13
287.801
284.474
281.147
277.822
274.497
271.171
267.844
264.516
261.187
257.857
254.527
251.198
247.87
244.544
241.218
237.894
234.568
231.243
227.915
224.587
221.257
217.927
214.597
211.268
207.94
204.613
201.288
197.964
194.64
191.315
187.99
184.664
181.337
178.009
174.68
171.352
168.024
164.696
161.37
158.044
154.719
151.394
148.069
144.744
141.417
138.09
134.762
131.433
128.104
124.775
121.446
118.118
114.791
111.464
108.137
104.811
101.485
98.158
94.8305
91.502
88.1726
84.8422
81.5112
78.1798
74.8484
71.5173
68.1869
64.8573
61.529
58.2019
54.876
51.5512
48.2271
44.9033
41.5795
38.2554
34.9306
31.6052
28.2789
24.9521
21.6249
18.2973
14.9695
11.6419
8.31483
4.98834
1.66272
)
;
    }
    frontAndBack
    {
        type            empty;
    }
}


// ************************************************************************* //
