/*--------------------------------*- C++ -*----------------------------------*\
| =========                 |                                                 |
| \\      /  F ield         | OpenFOAM: The Open Source CFD Toolbox           |
|  \\    /   O peration     | Version:  2406                                  |
|   \\  /    A nd           | Website:  www.openfoam.com                      |
|    \\/     M anipulation  |                                                 |
\*---------------------------------------------------------------------------*/
FoamFile
{
    version     2.0;
    format      ascii;
    arch        "LSB;label=32;scalar=64";
    class       volScalarField;
    location    "600";
    object      epsilon;
}
// * * * * * * * * * * * * * * * * * * * * * * * * * * * * * * * * * * * * * //

dimensions      [0 2 -3 0 0 0 0];

internalField   nonuniform List<scalar> 
5619
(
4.35417
4.61216
4.88604
5.1848
5.50783
5.86003
6.24529
6.66787
7.13179
7.64098
8.19925
8.81032
9.47787
10.2055
10.9968
11.8549
12.7828
13.7829
14.8569
16.0055
17.2283
18.5232
19.8867
21.3132
22.795
24.3227
25.885
27.4691
29.0617
30.6497
32.2215
33.768
35.2841
36.7691
38.2276
39.6689
41.1059
42.5538
44.0282
45.5428
47.1083
48.7307
50.4111
52.1458
53.9269
55.743
57.5812
59.4283
61.2727
63.1074
64.9325
66.7598
68.5135
70.1368
71.5882
72.8211
73.7807
74.4017
74.6051
74.2953
73.3568
71.6512
69.0158
65.266
60.2067
53.6615
45.5387
35.9593
25.4737
15.3105
7.31863
2.91467
1.53954
1.39134
1.40043
1.40527
1.40568
1.40286
1.39732
1.3894
1.37939
1.36755
1.3541
1.33925
1.32319
1.30609
1.2881
1.26933
1.24991
1.22991
1.20941
1.18848
1.16754
1.14687
1.12652
1.10649
1.08679
1.06742
1.04835
1.02958
1.01113
0.990976
0.969144
0.945682
0.920702
0.894369
0.866903
0.838572
0.809686
0.780578
0.75159
0.723059
0.695295
0.668572
0.643115
0.619097
0.596637
0.575801
0.556612
0.539056
0.523087
0.508639
0.495629
0.483966
0.473552
0.46429
0.456077
0.448817
0.442425
0.436197
0.430099
0.424096
0.418159
0.412263
0.406384
0.4005
0.394593
0.388646
0.382645
0.37658
0.370442
0.364224
0.357924
0.351542
0.345081
0.338547
0.331951
0.325306
0.318628
0.311939
0.305263
0.298628
0.292064
0.285605
0.279287
0.273149
0.267229
0.261569
0.256206
0.251178
0.24652
0.242263
0.238432
0.235048
0.232123
0.229661
0.227661
0.22611
0.22499
0.224275
0.223933
0.223928
0.224229
0.224799
0.225606
0.226647
0.227977
0.229759
0.232342
0.236363
0.242826
0.253082
0.268508
0.289481
0.31234
0.320609
0.265784
1.2777
1.35603
1.44096
1.53433
1.63701
1.75053
1.87631
2.01581
2.17045
2.3416
2.53064
2.73889
2.96767
3.21828
3.49193
3.78975
4.11268
4.46145
4.83645
5.23766
5.66456
6.11602
6.5902
7.08456
7.59576
8.11977
8.65198
9.18739
9.72098
10.248
10.7646
11.2679
11.7568
12.232
12.6957
13.1521
13.6059
14.0627
14.5277
15.0051
15.498
16.0076
16.5336
17.0741
17.6262
18.186
18.7495
19.3128
19.8732
20.4291
20.9812
21.533
22.0492
22.5161
22.9212
23.2507
23.4881
23.6144
23.6068
23.4383
23.0772
22.4862
21.6229
20.4411
18.8943
16.9443
14.5771
11.8305
8.83526
5.85394
3.26845
1.44418
0.506666
0.222998
0.178402
0.167944
0.161058
0.15522
0.149747
0.144444
0.139305
0.134362
0.12964
0.125173
0.120989
0.117111
0.113557
0.110338
0.107461
0.104931
0.10278
0.10105
0.0994806
0.0979979
0.0965957
0.0952683
0.0940098
0.092815
0.091679
0.0905965
0.0895652
0.0884816
0.0873509
0.0861823
0.0849864
0.0837766
0.0825673
0.0813744
0.0802136
0.0790998
0.0780465
0.0770649
0.0761635
0.0753476
0.0746198
0.07398
0.0734255
0.0729521
0.072554
0.0722247
0.0719572
0.0717444
0.0715791
0.0714545
0.0713639
0.0713013
0.0712615
0.0712385
0.0712289
0.0712295
0.071239
0.0712572
0.0712839
0.071319
0.0713627
0.0714154
0.0714775
0.0715497
0.0716328
0.0717276
0.0718351
0.0719564
0.0720929
0.0722456
0.0724161
0.0726057
0.0728159
0.0730478
0.0733029
0.0735821
0.0738863
0.0742161
0.0745718
0.0749529
0.0753588
0.0757879
0.0762381
0.0767067
0.0771901
0.0776839
0.0781833
0.0786827
0.0791762
0.0796574
0.0801195
0.080555
0.0809554
0.0813105
0.0816073
0.0818284
0.0819496
0.0819389
0.0818386
0.0815958
0.0811304
0.0803299
0.0790464
0.077103
0.0743202
0.0705793
0.0659253
0.0606806
0.0554701
0.0510174
0.0475961
0.0440459
0.0357099
0.642687
0.693467
0.74905
0.810463
0.878404
0.953784
1.0375
1.1305
1.23371
1.34809
1.47459
1.61416
1.76777
1.93635
2.1208
2.32192
2.5404
2.77677
3.03129
3.30394
3.59434
3.90165
4.22455
4.5612
4.90925
5.26585
5.62777
5.99153
6.35364
6.71083
7.06031
7.40005
7.72893
8.04688
8.35479
8.65438
8.94794
9.23792
9.52666
9.81602
10.1072
10.4007
10.6962
10.9928
11.2889
11.5829
11.8732
12.1579
12.4358
12.7055
12.9658
13.2148
13.4389
13.6327
13.7915
13.9097
13.9808
13.9966
13.947
13.8197
13.5997
13.2687
12.8058
12.1879
11.392
10.3989
9.20126
7.81384
6.28657
4.71158
3.21302
1.91735
0.929795
0.326832
0.085189
0.0337474
0.0273822
0.0253698
0.023983
0.022829
0.021823
0.0209404
0.0201729
0.0195142
0.0189565
0.0184913
0.0181101
0.017805
0.0175692
0.0174005
0.017279
0.0171715
0.0170751
0.0169886
0.0169109
0.0168413
0.016779
0.0167235
0.0166743
0.0166306
0.0165929
0.0165581
0.016527
0.0165013
0.0164827
0.0164731
0.0164747
0.0164896
0.0165204
0.016569
0.0166372
0.0167265
0.0168372
0.0169691
0.0171209
0.0172907
0.0174754
0.0176718
0.0178762
0.0180848
0.0182939
0.0185003
0.018701
0.0188938
0.0190767
0.0192487
0.019409
0.0195567
0.0196923
0.0198301
0.0199706
0.0201147
0.0202632
0.0204168
0.0205765
0.020743
0.0209174
0.0211005
0.0212934
0.0214971
0.0217127
0.0219412
0.0221838
0.0224414
0.0227151
0.0230059
0.0233145
0.0236416
0.0239877
0.0243529
0.024737
0.0251393
0.0255585
0.0259927
0.026439
0.0268938
0.0273523
0.0278086
0.0282559
0.0286858
0.0290891
0.0294557
0.0297744
0.0300338
0.0302218
0.0303267
0.0303367
0.030241
0.0300297
0.0296945
0.0292302
0.0286579
0.0279537
0.0271046
0.0260969
0.024919
0.0235654
0.0220437
0.0203822
0.0186388
0.0169057
0.0153029
0.0139533
0.0129302
0.0121633
0.0112655
0.0091252
0.437178
0.478206
0.523461
0.573671
0.629414
0.691416
0.760407
0.83716
0.922465
1.01714
1.12201
1.23794
1.36578
1.50637
1.66053
1.82901
2.01246
2.21139
2.4261
2.65666
2.90281
3.16394
3.43901
3.72658
4.02472
4.33113
4.64313
4.95784
5.27224
5.58346
5.88885
6.18622
6.47392
6.75094
7.01687
7.27182
7.51629
7.751
7.9767
8.19407
8.4036
8.60554
8.79994
8.98664
9.1654
9.3359
9.49784
9.65096
9.79498
9.92956
10.0542
10.1681
10.2657
10.3445
10.4028
10.4383
10.4479
10.4276
10.3717
10.2731
10.1226
9.90927
9.62059
9.24302
8.76363
8.17247
7.46606
6.65142
5.74882
4.79061
3.8141
2.85275
1.93896
1.12699
0.509843
0.162993
0.0386833
0.0125384
0.00899319
0.00819858
0.00789588
0.00771843
0.00759303
0.0074974
0.00742262
0.00736456
0.00732076
0.00728926
0.00726825
0.00725453
0.00724271
0.0072319
0.0072216
0.00721142
0.007201
0.00719006
0.00717832
0.00716559
0.00715169
0.00713613
0.00711937
0.00709869
0.00707301
0.00704241
0.00700672
0.00696623
0.00692162
0.00687407
0.00682524
0.0067772
0.00673224
0.0066927
0.00666071
0.00663795
0.0066255
0.00662378
0.00663255
0.006651
0.00667787
0.00671163
0.00675064
0.00679326
0.00683797
0.00688344
0.00692855
0.00697245
0.00701454
0.00705402
0.0070909
0.007129
0.0071683
0.00720919
0.00725189
0.00729666
0.00734379
0.00739359
0.0074464
0.00750255
0.00756244
0.00762644
0.00769496
0.00776842
0.00784722
0.00793176
0.00802244
0.0081196
0.00822353
0.00833442
0.00845238
0.00857733
0.00870902
0.00884694
0.00899029
0.00913789
0.00928817
0.00943906
0.00958799
0.00973184
0.00986696
0.00998922
0.0100941
0.0101767
0.0102323
0.0102563
0.0102445
0.0101936
0.0101015
0.0099678
0.0097937
0.00958276
0.00934112
0.00906596
0.00875393
0.00841024
0.00804088
0.00765332
0.00725698
0.00686362
0.00648736
0.00614427
0.00585073
0.00562007
0.00545597
0.00534027
0.00521047
0.0049233
0.0042058
0.352346
0.38895
0.429612
0.474891
0.525304
0.581511
0.644183
0.714035
0.791812
0.87829
0.974272
1.08059
1.19807
1.32757
1.4699
1.62583
1.79605
1.98112
2.18144
2.39716
2.62819
2.87409
3.13406
3.40688
3.69094
3.98419
4.28424
4.58842
4.89383
5.19754
5.49666
5.78849
6.0706
6.34092
6.59779
6.83992
7.06642
7.27673
7.4706
7.64804
7.80934
7.95497
8.0856
8.20209
8.3054
8.39663
8.47691
8.54739
8.60914
8.66315
8.7102
8.75088
8.78345
8.80599
8.81761
8.8172
8.803
8.77228
8.72126
8.64498
8.5373
8.39108
8.19853
7.95192
7.6445
7.27181
6.83296
6.3315
5.77494
5.17258
4.53179
3.85512
3.14209
2.39832
1.65194
0.97096
0.454326
0.160818
0.044954
0.0136603
0.00752898
0.00616162
0.00575845
0.00561941
0.00556414
0.00554014
0.00553027
0.00552728
0.00552786
0.00552833
0.00552748
0.00552484
0.00552009
0.00551289
0.00550296
0.00548999
0.00547371
0.00545387
0.00543022
0.00540214
0.00536993
0.00532808
0.00527437
0.00520802
0.00512813
0.00503445
0.00492741
0.00480829
0.00467923
0.00454316
0.00440358
0.00426425
0.00412885
0.00400062
0.00388212
0.00377511
0.00368051
0.00359847
0.00352855
0.00346986
0.00342126
0.00338146
0.00334918
0.0033232
0.0033024
0.00328582
0.00327271
0.00326208
0.0032536
0.00324615
0.00323941
0.00323348
0.00322831
0.00322392
0.00322034
0.00321761
0.00321579
0.00321497
0.00321524
0.00321672
0.00321953
0.00322382
0.00322972
0.00323739
0.00324699
0.00325865
0.00327253
0.00328872
0.00330732
0.00332834
0.00335178
0.00337752
0.00340539
0.00343507
0.00346616
0.00349809
0.00353018
0.0035616
0.0035914
0.00361851
0.00364182
0.00366023
0.00367269
0.0036783
0.00367641
0.00366669
0.00364919
0.0036244
0.00359329
0.00355722
0.00351795
0.00347475
0.00342435
0.00337037
0.00331554
0.00326272
0.00321491
0.00317522
0.00314672
0.00313212
0.00313317
0.0031494
0.00317611
0.003201
0.00319956
0.00313229
0.00295543
0.31497
0.349713
0.388548
0.431911
0.480293
0.534335
0.594698
0.662089
0.737253
0.820973
0.914065
1.01738
1.13179
1.25817
1.39739
1.55029
1.71763
1.90008
2.09814
2.31213
2.54209
2.78778
3.04859
3.3235
3.61111
3.90954
4.21653
4.52943
4.84526
5.16082
5.47274
5.77764
6.07219
6.3532
6.61778
6.86337
7.08786
7.28967
7.46777
7.62178
7.75197
7.8592
7.94492
8.01106
8.05991
8.09404
8.11609
8.12872
8.13443
8.13547
8.13376
8.13081
8.12743
8.12114
8.11075
8.09514
8.07271
8.04111
7.99721
7.93704
7.85602
7.74911
7.61123
7.4377
7.22486
6.9706
6.67473
6.33904
5.96665
5.56091
5.12371
4.65418
4.14806
3.59889
3.00146
2.35923
1.69675
1.07235
0.569698
0.247457
0.0899165
0.0310343
0.0132451
0.00846814
0.00712824
0.00662658
0.00641341
0.00631488
0.00626614
0.00623746
0.00621446
0.00619182
0.00616706
0.00613893
0.00610675
0.00607008
0.00602859
0.00598197
0.00592992
0.00587167
0.00580739
0.00572776
0.0056297
0.00551219
0.00537426
0.0052159
0.0050381
0.00484307
0.00463418
0.0044158
0.00419299
0.00397108
0.00375519
0.00354979
0.00335843
0.00318353
0.00302635
0.00288718
0.00276546
0.00266008
0.00256957
0.00249228
0.00242656
0.00237082
0.0023236
0.0022836
0.00224976
0.00222081
0.00219609
0.00217269
0.00215007
0.00212817
0.00210687
0.00208608
0.00206574
0.00204582
0.0020263
0.0020072
0.00198853
0.00197036
0.00195274
0.00193576
0.00191953
0.00190416
0.00188979
0.00187654
0.00186457
0.001854
0.00184499
0.00183764
0.00183207
0.00182837
0.00182657
0.00182671
0.00182876
0.00183264
0.00183822
0.00184535
0.0018538
0.00186331
0.00187362
0.00188442
0.00189546
0.00190648
0.00191732
0.00192787
0.00193815
0.00194827
0.00195845
0.00196905
0.00198046
0.00199316
0.00200629
0.00202055
0.00203711
0.00205701
0.0020813
0.002111
0.00214701
0.00218998
0.00224012
0.00229686
0.00235841
0.00242146
0.00248142
0.00253543
0.00259216
0.300992
0.335323
0.373895
0.417051
0.465264
0.519187
0.57949
0.646901
0.722189
0.806168
0.899695
1.00367
1.11901
1.24668
1.38762
1.54277
1.713
1.89911
2.10176
2.32141
2.5583
2.81239
3.08325
3.37008
3.67163
3.98617
4.3115
4.64491
4.98328
5.32304
5.66032
5.991
6.31085
6.61564
6.90132
7.16416
7.40096
7.60916
7.78702
7.93371
8.0494
8.13521
8.1932
8.22623
8.23778
8.23181
8.21246
8.1839
8.15006
8.1145
8.08017
8.04938
8.02363
8.00228
7.98239
7.96191
7.9388
7.91045
7.8737
7.8248
7.75967
7.67408
7.56399
7.42591
7.25725
7.05664
6.82408
6.56089
6.26942
5.95247
5.61252
5.25087
4.86699
4.45805
4.01911
3.54416
3.02844
2.47286
1.89139
1.31993
0.816621
0.439015
0.206677
0.0900415
0.0405418
0.0216878
0.0147196
0.0120134
0.0108252
0.0102074
0.00982719
0.00955678
0.00934047
0.00915122
0.00897495
0.00880397
0.00863392
0.00846221
0.0082872
0.00810712
0.00792177
0.00771122
0.00747253
0.00720634
0.00691377
0.00659748
0.00626152
0.00591123
0.00555289
0.00519327
0.00483915
0.00449684
0.00417187
0.00386873
0.00359064
0.00333955
0.00311611
0.00291981
0.00274921
0.00260226
0.00247653
0.00236948
0.00227864
0.0022017
0.00213656
0.00208143
0.0020348
0.00199502
0.00196104
0.00192894
0.00189793
0.00186783
0.00183845
0.00180964
0.00178129
0.00175333
0.0017257
0.00169837
0.00167136
0.00164468
0.0016184
0.00159259
0.00156736
0.00154282
0.00151911
0.00149638
0.00147478
0.00145448
0.00143565
0.00141843
0.00140299
0.00138946
0.00137796
0.00136857
0.00136138
0.00135641
0.00135366
0.00135312
0.0013547
0.00135833
0.00136388
0.00137122
0.00138023
0.00139077
0.00140273
0.00141604
0.00143068
0.00144666
0.00146407
0.00148305
0.0015038
0.0015266
0.00155176
0.00157922
0.0016096
0.00164349
0.00168152
0.00172433
0.0017726
0.00182703
0.00188834
0.00195731
0.00203492
0.00212267
0.0022234
0.0023431
0.0024938
0.299864
0.334576
0.373729
0.417599
0.466641
0.521531
0.582959
0.651683
0.728506
0.814283
0.909921
1.01638
1.13465
1.26578
1.41081
1.57079
1.74672
1.93955
2.15009
2.37902
2.62676
2.89348
3.17898
3.48266
3.80348
4.13984
4.48964
4.85017
5.21819
5.58989
5.961
6.32683
6.68243
7.02275
7.34277
7.63777
7.90352
8.13652
8.33417
8.49496
8.61857
8.70592
8.75915
8.78148
8.77709
8.75088
8.70816
8.65439
8.59486
8.53442
8.4772
8.42644
8.38433
8.35213
8.32765
8.30667
8.28602
8.26246
8.23235
8.19173
8.13642
8.06226
7.9654
7.84258
7.69138
7.51045
7.29961
7.05986
6.7932
6.50232
6.1902
5.85965
5.51282
5.15083
4.77356
4.37961
3.9666
3.53169
3.07271
2.58992
2.08926
1.58709
1.11399
0.710493
0.410113
0.21929
0.115245
0.064633
0.0413849
0.0306858
0.0254521
0.0225848
0.0207773
0.019477
0.0184393
0.0175486
0.0167455
0.0159973
0.0152852
0.0145964
0.0139252
0.0132113
0.0124548
0.0116642
0.0108501
0.0100257
0.00920658
0.00840869
0.00764689
0.00693324
0.00627588
0.00567879
0.0051424
0.00466476
0.00424266
0.00387244
0.00355027
0.00327221
0.00303409
0.00283155
0.00266021
0.00251582
0.0023944
0.00229242
0.00220675
0.00213474
0.00207424
0.00202305
0.0019796
0.0019389
0.00189985
0.00186214
0.00182548
0.00178966
0.00175451
0.00171991
0.00168576
0.00165202
0.00161865
0.00158568
0.00155316
0.00152115
0.00148976
0.00145911
0.00142934
0.00140062
0.00137311
0.00134699
0.00132244
0.00129964
0.00127874
0.00125991
0.00124327
0.00122894
0.001217
0.00120752
0.00120053
0.00119602
0.00119395
0.00119428
0.00119692
0.00120177
0.00120872
0.00121767
0.00122853
0.00124123
0.00125573
0.00127202
0.00129017
0.00131028
0.0013325
0.00135705
0.00138422
0.00141434
0.00144766
0.00148474
0.00152618
0.00157267
0.00162505
0.0016843
0.00175169
0.0018288
0.00191775
0.00202148
0.0021441
0.00229154
0.00247204
0.30534
0.340712
0.380717
0.425582
0.47574
0.531888
0.594737
0.665068
0.743714
0.83157
0.929587
1.03878
1.16021
1.29499
1.44427
1.60919
1.79091
1.99049
2.20893
2.44709
2.7056
2.98484
3.28487
3.60534
3.94544
4.30381
4.67853
5.06707
5.46625
5.87226
6.28074
6.68678
7.08511
7.4702
7.83647
8.1785
8.49126
8.77034
9.01223
9.21446
9.37577
9.49624
9.5773
9.62165
9.63319
9.61678
9.57798
9.5228
9.45728
9.38725
9.31791
9.25365
9.19776
9.1522
9.12001
9.09657
9.0767
9.05611
9.03061
8.99583
8.94737
8.88091
8.79247
8.67862
8.53672
8.36506
8.16294
7.93072
7.6697
7.38193
7.07004
6.7369
6.38539
6.01813
5.63731
5.24455
4.84094
4.42706
4.0032
3.5697
3.12732
2.67793
2.22556
1.7781
1.34953
0.960925
0.636818
0.395333
0.237459
0.146304
0.0981035
0.0734241
0.0604062
0.0528956
0.0479651
0.0442791
0.0412308
0.0385377
0.036062
0.0337265
0.0314971
0.0291753
0.0267687
0.0243092
0.0218352
0.019395
0.0170422
0.0148319
0.0128126
0.0110201
0.00947148
0.00816418
0.00707871
0.00618512
0.00545028
0.00484353
0.00433975
0.00391971
0.00356896
0.0032763
0.00303257
0.00282996
0.00266171
0.00252202
0.00240593
0.00230935
0.00222897
0.00216168
0.00210511
0.00205274
0.00200302
0.0019554
0.00190947
0.00186491
0.00182148
0.00177899
0.00173729
0.00169629
0.00165595
0.00161625
0.00157723
0.00153895
0.00150152
0.00146506
0.00142972
0.00139566
0.00136305
0.00133209
0.00130295
0.0012758
0.00125082
0.00122815
0.00120793
0.00119026
0.00117522
0.00116288
0.00115325
0.00114633
0.00114208
0.00114044
0.00114133
0.00114464
0.00115028
0.00115813
0.00116811
0.00118013
0.00119415
0.00121017
0.00122823
0.00124843
0.00127092
0.00129591
0.00132367
0.00135455
0.00138897
0.00142739
0.00147045
0.00151892
0.00157371
0.00163597
0.00170713
0.00178897
0.00188379
0.00199458
0.00212525
0.00228091
0.0024683
0.312705
0.348576
0.389191
0.434758
0.485671
0.542641
0.606384
0.677692
0.757411
0.846452
0.945792
1.05647
1.1796
1.31635
1.46791
1.63553
1.82043
2.02383
2.24683
2.49047
2.75558
3.04275
3.3523
3.68415
4.0378
4.41223
4.80588
5.21655
5.64142
6.07703
6.5193
6.96358
7.40474
7.83735
8.25574
8.65429
9.02761
9.37072
9.67937
9.95015
10.1807
10.37
10.518
10.6262
10.6971
10.7342
10.7422
10.726
10.691
10.6429
10.5867
10.5275
10.4692
10.4152
10.3676
10.3323
10.3056
10.281
10.2537
10.2191
10.1726
10.1097
10.0264
9.91897
9.7844
9.62049
9.42589
9.20018
8.94382
8.65802
8.34463
8.00593
7.64446
7.26286
6.86366
6.44922
6.02166
5.58289
5.13463
4.67859
4.21666
3.75113
3.28498
2.82217
2.36792
1.92913
1.51494
1.13729
0.810694
0.549241
0.360486
0.239542
0.170107
0.13283
0.112804
0.101166
0.0933832
0.08733
0.0820564
0.0771243
0.0723574
0.0672727
0.0618522
0.0561422
0.0502143
0.0441769
0.038172
0.0323693
0.0269497
0.02208
0.017883
0.0144147
0.0116567
0.00952906
0.00791696
0.00669977
0.00577187
0.00505185
0.00448232
0.00402478
0.00365352
0.00335067
0.00310299
0.00290012
0.00273368
0.00259691
0.00248441
0.00239139
0.00231415
0.00224364
0.00217756
0.00211496
0.00205521
0.00199782
0.0019424
0.00188867
0.00183639
0.00178543
0.00173566
0.00168707
0.00163965
0.00159347
0.0015486
0.00150518
0.00146334
0.00142326
0.00138509
0.00134902
0.00131521
0.00128383
0.00125502
0.00122892
0.00120564
0.00118526
0.00116783
0.0011534
0.00114195
0.00113345
0.00112785
0.00112506
0.00112498
0.00112748
0.00113245
0.00113977
0.00114933
0.00116105
0.00117487
0.00119079
0.00120884
0.00122911
0.00125176
0.00127698
0.00130507
0.00133636
0.0013713
0.00141039
0.00145426
0.0015037
0.00155964
0.00162325
0.00169596
0.00177957
0.00187634
0.00198917
0.00212182
0.00227919
0.00246778
0.318215
0.354082
0.394665
0.440179
0.490966
0.547738
0.611194
0.682112
0.761324
0.849727
0.948287
1.05804
1.18009
1.31561
1.46583
1.63198
1.81536
2.01723
2.23879
2.48118
2.74537
3.03215
3.34208
3.67535
4.03182
4.41087
4.8114
5.23174
5.66965
6.12229
6.58622
7.05746
7.53153
8.00354
8.46833
8.92064
9.35523
9.76716
10.1519
10.5055
10.825
11.1081
11.3538
11.5618
11.7331
11.8694
11.9731
12.0474
12.0955
12.1211
12.1278
12.119
12.0979
12.0674
12.0301
11.9878
11.9479
11.9137
11.8779
11.8359
11.7835
11.7167
11.6315
11.5239
11.3907
11.2293
11.0375
10.8143
10.5594
10.2732
9.95682
9.61202
9.2409
8.84582
8.42923
7.99353
7.54096
7.07359
6.59327
6.10175
5.60079
5.09234
4.57884
4.06342
3.55026
3.04477
2.55379
2.08554
1.64959
1.25649
0.917352
0.642522
0.438559
0.303586
0.224852
0.183318
0.16207
0.150405
0.142826
0.13678
0.131192
0.125109
0.118296
0.110653
0.102134
0.0927579
0.0826269
0.071947
0.0610439
0.0503508
0.0403576
0.0315201
0.0241544
0.0183656
0.0140469
0.0109474
0.00876742
0.00723308
0.00613239
0.00531854
0.00469727
0.00421054
0.00382257
0.00351027
0.00325753
0.00305237
0.00288555
0.0027493
0.00263755
0.00253704
0.00244416
0.00235728
0.00227532
0.0021975
0.00212321
0.00205196
0.0019834
0.00191725
0.00185333
0.00179155
0.00173188
0.00167432
0.00161896
0.0015659
0.00151526
0.00146718
0.0014218
0.00137928
0.00133974
0.00130332
0.00127012
0.00124023
0.0012137
0.00119057
0.00117085
0.00115452
0.00114152
0.00113178
0.0011252
0.00112165
0.00112099
0.00112308
0.00112775
0.00113487
0.0011443
0.00115595
0.00116976
0.0011857
0.00120381
0.00122416
0.00124692
0.00127228
0.00130052
0.001332
0.00136714
0.00140647
0.00145062
0.00150038
0.00155668
0.00162067
0.00169379
0.00177783
0.00187503
0.00198828
0.00212129
0.00227893
0.00246771
0.319421
0.354605
0.394312
0.438785
0.488303
0.543564
0.605227
0.674034
0.75077
0.836287
0.931498
1.03739
1.15502
1.2855
1.43001
1.58978
1.76604
1.96006
2.17305
2.40618
2.66052
2.93697
3.23625
3.55882
3.90485
4.27412
4.66602
5.07946
5.51289
5.96421
6.43083
6.90964
7.39707
7.88914
8.38157
8.86984
9.34939
9.81571
10.2645
10.692
11.0947
11.4701
11.816
12.1314
12.4158
12.6694
12.893
13.0879
13.2556
13.3976
13.5157
13.6112
13.6854
13.7393
13.7735
13.7884
13.7845
13.7639
13.7355
13.6987
13.6489
13.583
13.498
13.3904
13.257
13.0947
12.9008
12.6734
12.4112
12.1139
11.7819
11.4165
11.0198
10.5942
10.1427
9.66839
9.17442
8.66374
8.13908
7.60282
7.05703
6.50353
5.94408
5.38062
4.81556
4.25214
3.69476
3.14936
2.62352
2.12653
1.66901
1.26224
0.917046
0.642199
0.441989
0.312794
0.24077
0.205643
0.189559
0.181742
0.177099
0.173119
0.168892
0.163949
0.157953
0.150602
0.141617
0.130787
0.118038
0.10354
0.0877908
0.0716397
0.0561666
0.0424297
0.031164
0.0226004
0.0165002
0.012355
0.0096062
0.00778138
0.00653872
0.00565596
0.00499952
0.00449298
0.00409277
0.00377255
0.00351481
0.00330634
0.00313702
0.00298665
0.00284953
0.00272282
0.00260472
0.00249393
0.00238942
0.00229038
0.00219621
0.00210644
0.00202074
0.0019389
0.0018608
0.00178639
0.00171568
0.00164872
0.00158556
0.0015263
0.00147101
0.00141977
0.00137263
0.00132965
0.00129083
0.00125619
0.0012257
0.0011993
0.00117693
0.00115849
0.00114384
0.00113284
0.00112532
0.00112111
0.00112
0.00112179
0.0011263
0.00113335
0.00114278
0.00115446
0.00116833
0.00118435
0.00120254
0.00122298
0.00124581
0.00127125
0.00129957
0.00133111
0.00136632
0.00140572
0.00144995
0.00149978
0.00155615
0.00162022
0.00169343
0.00177754
0.00187482
0.00198813
0.00212119
0.00227888
0.00246769
0.315607
0.349467
0.387504
0.430001
0.477182
0.529709
0.588189
0.653307
0.725779
0.806382
0.895948
0.995373
1.10562
1.22771
1.36272
1.51179
1.67606
1.85672
2.05492
2.2718
2.5084
2.7657
3.04449
3.3454
3.66882
4.01487
4.38333
4.77366
5.18491
5.61571
6.06428
6.52842
7.00549
7.49251
7.98617
8.48288
8.97893
9.4705
9.95385
10.4254
10.8818
11.3202
11.7381
12.1335
12.5052
12.8522
13.1742
13.4713
13.7439
13.9925
14.2181
14.4216
14.6036
14.7648
14.9053
15.0249
15.1225
15.197
15.2461
15.2717
15.277
15.2605
15.2197
15.1522
15.0551
14.9251
14.7587
14.5522
14.3029
14.0083
13.6672
13.2793
12.8457
12.3687
11.8516
11.2989
10.7159
10.1084
9.48257
8.84438
8.19962
7.55347
6.91043
6.2742
5.6478
5.03375
4.4344
3.85237
3.29108
2.75523
2.25118
1.78695
1.3718
1.01518
0.725082
0.505883
0.356003
0.266086
0.219713
0.198742
0.189943
0.186066
0.184267
0.183335
0.182658
0.181754
0.180085
0.176986
0.171678
0.163348
0.151343
0.135447
0.11618
0.0949199
0.0736789
0.0545039
0.0388208
0.0271042
0.019004
0.0137294
0.0104165
0.0083443
0.00700535
0.00608647
0.00541389
0.00489737
0.0044898
0.00416361
0.00390073
0.00366936
0.00346053
0.00326959
0.0030936
0.00293036
0.00277817
0.00263569
0.00250186
0.00237588
0.00225715
0.00214524
0.00203986
0.00194078
0.00184789
0.00176108
0.00168029
0.00160546
0.00153654
0.00147345
0.0014161
0.00136439
0.00131821
0.00127741
0.00124182
0.00121128
0.00118557
0.0011645
0.00114782
0.00113529
0.00112665
0.00112165
0.00112001
0.00112147
0.0011258
0.00113277
0.00114219
0.00115392
0.00116785
0.00118394
0.0012022
0.00122271
0.0012456
0.00127109
0.00129945
0.00133103
0.00136627
0.00140568
0.00144992
0.00149976
0.00155614
0.00162022
0.00169342
0.00177754
0.00187481
0.00198813
0.00212119
0.00227888
0.00246769
0.307813
0.339922
0.375761
0.415664
0.4598
0.508792
0.563188
0.623605
0.690683
0.765106
0.847609
0.938978
1.04006
1.15175
1.275
1.4108
1.56019
1.72421
1.90391
2.10033
2.31444
2.54717
2.79933
3.0716
3.3645
3.67835
4.01322
4.36895
4.74504
5.14072
5.55486
5.986
6.43235
6.89177
7.36185
7.83989
8.32299
8.80806
9.29195
9.77145
10.2434
10.7048
11.1528
11.5849
11.999
12.3933
12.7664
13.1174
13.4455
13.7505
14.0327
14.2926
14.5314
14.7502
14.9508
15.1344
15.3025
15.4558
15.5944
15.7179
15.8243
15.9111
15.9753
16.0158
16.0291
16.0112
15.9572
15.8611
15.7164
15.5167
15.2557
14.928
14.5296
14.058
13.5131
12.897
12.2145
11.473
10.6827
9.85571
9.00633
8.1499
7.30214
6.47813
5.69125
4.95211
4.26778
3.64147
3.07296
2.55985
2.09927
1.68934
1.32981
1.02187
0.767053
0.565905
0.416452
0.313283
0.24773
0.209358
0.188349
0.176911
0.170896
0.168197
0.167939
0.169717
0.173188
0.177866
0.182992
0.187449
0.189744
0.188108
0.180816
0.166761
0.146129
0.120765
0.0938007
0.0686054
0.0476741
0.0320781
0.0215645
0.0150553
0.0112414
0.00901679
0.00764476
0.00671658
0.0060339
0.00550517
0.0050859
0.00472021
0.00439327
0.0040975
0.00382792
0.00358079
0.00335315
0.00314266
0.00294747
0.00276612
0.00259747
0.00244064
0.00229495
0.00215984
0.00203488
0.00191967
0.00181389
0.00171719
0.00162926
0.00154978
0.0014784
0.00141478
0.00135858
0.00130942
0.00126695
0.00123078
0.00120054
0.00117586
0.00115636
0.00114166
0.00113138
0.00112515
0.00112263
0.00112348
0.00112739
0.00113408
0.00114332
0.00115494
0.00116881
0.00118486
0.0012031
0.00122359
0.00124646
0.00127193
0.00130027
0.00133181
0.00136701
0.00140638
0.00145056
0.00150034
0.00155665
0.00162065
0.00169378
0.00177783
0.00187503
0.00198828
0.00212129
0.00227893
0.00246771
0.298346
0.32858
0.362072
0.399197
0.44009
0.485329
0.535406
0.590874
0.652294
0.720265
0.79542
0.878435
0.970035
1.07099
1.18211
1.30426
1.43831
1.58517
1.74575
1.92096
2.11166
2.31867
2.54277
2.7846
3.04472
3.32352
3.62123
3.93791
4.27337
4.62721
4.99877
5.38713
5.79111
6.20926
6.63984
7.0809
7.53022
7.98539
8.4438
8.90267
9.35912
9.81016
10.2528
10.6842
11.1016
11.5025
11.8848
12.2464
12.5856
12.901
13.192
13.4583
13.7004
13.9197
14.1179
14.2975
14.4614
14.6129
14.7553
14.8919
15.0261
15.1609
15.2966
15.4259
15.5482
15.6605
15.7582
15.8351
15.8827
15.891
15.8484
15.742
15.5585
15.2847
14.9082
14.4186
13.8085
13.0747
12.2192
11.2504
10.1843
9.04499
7.8649
6.6839
5.54692
4.4993
3.57974
2.81181
2.19792
1.72057
1.35221
1.06647
0.843467
0.669626
0.535421
0.433391
0.357002
0.300313
0.258161
0.226457
0.202212
0.182766
0.167274
0.155338
0.146924
0.14219
0.141305
0.144312
0.151032
0.160983
0.173276
0.186479
0.198491
0.206572
0.207695
0.199328
0.180489
0.152592
0.119479
0.0863663
0.0580399
0.037208
0.0239305
0.016408
0.0123948
0.0101843
0.00881789
0.00786034
0.00713657
0.00651826
0.00597416
0.00548918
0.00505341
0.00465944
0.0043015
0.00397504
0.00367642
0.00340276
0.00315171
0.00292142
0.00271032
0.00251715
0.00234081
0.00218033
0.00203485
0.00190354
0.00178561
0.0016803
0.00158684
0.0015045
0.00143253
0.0013702
0.0013168
0.00127165
0.0012341
0.00120349
0.00117922
0.00116072
0.00114743
0.00113884
0.00113446
0.00113385
0.00113661
0.0011424
0.00115092
0.00116197
0.00117536
0.00119102
0.00120892
0.00122912
0.00125173
0.00127694
0.00130503
0.00133632
0.00137125
0.00141034
0.00145423
0.00150367
0.00155962
0.00162324
0.00169595
0.00177956
0.00187633
0.00198917
0.00212182
0.00227919
0.00246778
0.290097
0.31863
0.349986
0.384576
0.422518
0.464346
0.510505
0.561491
0.617803
0.679962
0.748515
0.824042
0.90716
0.998524
1.09883
1.20879
1.32917
1.46073
1.60425
1.76049
1.93021
2.11411
2.31287
2.52707
2.75723
3.00375
3.26691
3.54686
3.84357
4.15686
4.48635
4.83146
5.19141
5.5652
5.95161
6.3492
6.75631
7.17106
7.59133
8.0148
8.43892
8.86092
9.27789
9.68682
10.0848
10.4689
10.8364
11.1845
11.5108
11.813
12.0894
12.3388
12.5612
12.757
12.9276
13.0753
13.2029
13.3139
13.4125
13.5034
13.5921
13.6841
13.7861
13.9048
14.0354
14.1794
14.3365
14.505
14.6812
14.8592
15.0301
15.1826
15.3018
15.3697
15.3654
15.2649
15.0426
14.672
14.1276
13.3878
12.4384
11.2772
9.92023
8.40914
6.81828
5.25782
3.86298
2.75658
1.98835
1.50334
1.19307
0.972255
0.799119
0.658212
0.544416
0.455257
0.387821
0.337899
0.300432
0.270611
0.244784
0.219887
0.195674
0.172842
0.152472
0.135696
0.123453
0.116366
0.114734
0.118579
0.127707
0.141719
0.159905
0.181025
0.203046
0.222945
0.236665
0.239417
0.226775
0.197039
0.154054
0.107399
0.0677534
0.040849
0.0258058
0.0183806
0.0147018
0.0126001
0.0111848
0.0100347
0.00905151
0.00819301
0.00743411
0.00675743
0.00615018
0.00560262
0.00510718
0.00465787
0.00424992
0.00387945
0.00354327
0.00323869
0.00296341
0.00271541
0.00249287
0.00229407
0.00211739
0.00196129
0.00182423
0.00170472
0.0016013
0.00151257
0.00143715
0.00137375
0.00132114
0.00127819
0.00124383
0.0012171
0.0011971
0.00118304
0.00117419
0.00116993
0.00116968
0.00117299
0.00117945
0.00118876
0.0012007
0.00121511
0.00123194
0.00125118
0.00127294
0.00129736
0.00132469
0.00135523
0.00138938
0.00142763
0.00147059
0.00151899
0.00157374
0.00163599
0.00170713
0.00178897
0.00188379
0.00199458
0.00212525
0.00228091
0.0024683
0.286061
0.313304
0.343018
0.375651
0.411315
0.450507
0.493636
0.541157
0.593517
0.65118
0.714626
0.784362
0.860922
0.944873
1.03681
1.13736
1.24716
1.36688
1.49717
1.63869
1.79208
1.95795
2.13687
2.32936
2.53586
2.75673
2.99226
3.2426
3.50779
3.78774
4.08222
4.39084
4.71303
5.04809
5.3951
5.75298
6.12044
6.49598
6.8779
7.26427
7.6529
8.04137
8.42704
8.80708
9.17857
9.53849
9.88373
10.211
10.5173
10.7997
11.0562
11.2845
11.4842
11.6555
11.7993
11.9176
12.0123
12.0863
12.1434
12.1879
12.225
12.2601
12.2998
12.3516
12.4241
12.5169
12.6337
12.7779
12.951
13.1537
13.3852
13.6431
13.9227
14.2164
14.5122
14.7933
15.0361
15.2092
15.2725
15.1767
14.8641
14.2719
13.3401
12.0274
10.3393
8.36997
6.34068
4.57749
3.33966
2.60899
2.16612
1.83306
1.53644
1.25919
1.00556
0.787142
0.614716
0.491773
0.411398
0.358961
0.319738
0.283936
0.248816
0.214437
0.182029
0.153128
0.129094
0.110829
0.0987244
0.0927592
0.0927081
0.0983383
0.109538
0.126337
0.148813
0.176888
0.209905
0.245743
0.279318
0.301087
0.297978
0.260482
0.194568
0.123659
0.0707743
0.0416062
0.0284302
0.0225332
0.0193463
0.0170419
0.0151826
0.0136108
0.0122476
0.0110458
0.0099744
0.00901193
0.0081428
0.0073554
0.00664082
0.0059921
0.00540364
0.00487081
0.00438971
0.00395688
0.0035692
0.00322374
0.00291767
0.0026482
0.00241256
0.00220798
0.00203172
0.00188107
0.0017534
0.00164618
0.00155703
0.00148374
0.00142428
0.00137681
0.0013397
0.00131152
0.001291
0.00127705
0.00126877
0.00126538
0.00126623
0.00127083
0.00127879
0.00128982
0.00130375
0.00132049
0.00134004
0.00136249
0.00138799
0.0014168
0.00144924
0.00148573
0.00152677
0.00157302
0.00162524
0.0016844
0.00175174
0.00182882
0.00191776
0.00202148
0.0021441
0.00229154
0.00247204
0.289334
0.315883
0.34466
0.376155
0.410488
0.448128
0.489461
0.53491
0.58489
0.639825
0.700152
0.766327
0.838832
0.918175
1.00489
1.09953
1.20266
1.31488
1.43676
1.56889
1.71181
1.86606
2.03214
2.21048
2.40148
2.60545
2.82263
3.05315
3.29706
3.5543
3.82469
4.10791
4.40353
4.71095
5.02944
5.35811
5.69588
6.04153
6.3936
6.75047
7.11026
7.47093
7.83023
8.18584
8.53518
8.87492
9.20147
9.511
9.79994
10.0649
10.3056
10.5165
10.6984
10.8516
10.9767
11.0749
11.148
11.1982
11.2285
11.2425
11.2444
11.2389
11.2317
11.2293
11.2396
11.2683
11.319
11.3954
11.5013
11.6402
11.8158
12.0312
12.2895
12.5935
12.9451
13.3459
13.7953
14.277
14.7738
15.255
15.6709
15.9444
15.9649
15.5911
14.6708
13.0984
10.9295
8.5102
6.42061
5.04206
4.23947
3.68807
3.19383
2.68789
2.16072
1.63861
1.17068
0.81112
0.587163
0.471239
0.403757
0.350647
0.301568
0.254739
0.211279
0.172639
0.140065
0.114201
0.0951368
0.0824956
0.0756661
0.0740297
0.0771589
0.0849626
0.0978284
0.116795
0.143681
0.180891
0.230454
0.291717
0.357007
0.405882
0.405392
0.33326
0.216682
0.117497
0.0646963
0.043597
0.0349448
0.0299508
0.0263927
0.0235828
0.0212317
0.0191918
0.0173796
0.0157452
0.0142573
0.0128956
0.011646
0.010499
0.00944713
0.00848464
0.00760675
0.0068093
0.00608843
0.00544038
0.00486135
0.00434741
0.00389441
0.00349803
0.0031538
0.00285711
0.00260338
0.00238804
0.00220673
0.00205526
0.00192978
0.00182674
0.00174295
0.00167562
0.00162227
0.00158078
0.00154936
0.00152647
0.00151086
0.0015015
0.00149757
0.00149841
0.00150355
0.00151264
0.00152548
0.00154196
0.00156211
0.00158604
0.00161398
0.00164621
0.00168316
0.00172528
0.00177313
0.00182731
0.00188848
0.00195738
0.00203495
0.00212268
0.00222341
0.0023431
0.0024938
0.303761
0.330395
0.359135
0.390531
0.424721
0.462162
0.503228
0.548324
0.597846
0.652197
0.711791
0.777061
0.848463
0.926477
1.01161
1.10438
1.20533
1.315
1.43394
1.56267
1.70172
1.85156
2.01265
2.18536
2.37006
2.567
2.77638
2.99831
3.23282
3.47983
3.73915
4.01047
4.29339
4.58736
4.89171
5.2056
5.52807
5.85799
6.19404
6.53476
6.87847
7.22343
7.56788
7.91043
8.24943
8.58041
8.89876
9.19981
9.47991
9.73381
9.96214
10.1625
10.3342
10.4771
10.5914
10.6779
10.738
10.7734
10.7866
10.7805
10.7586
10.7249
10.684
10.6415
10.6039
10.579
10.5701
10.5808
10.6149
10.676
10.7682
10.8955
11.0623
11.2733
11.534
11.8502
12.2282
12.6735
13.1912
13.7852
14.4552
15.1822
15.8995
16.5106
16.8479
16.669
15.7201
13.9334
11.6619
9.59137
8.16901
7.25562
6.50314
5.70695
4.76923
3.69331
2.5641
1.55106
0.869362
0.579736
0.461995
0.388639
0.326365
0.269076
0.2182
0.174563
0.138821
0.110771
0.089843
0.0751711
0.0658401
0.0610077
0.0600106
0.0624282
0.0681899
0.0778046
0.092762
0.115982
0.151997
0.206504
0.284843
0.387518
0.49881
0.569141
0.52215
0.348839
0.175791
0.0918095
0.0632107
0.0510465
0.0441155
0.0393815
0.0357449
0.0327053
0.0300178
0.0275613
0.0252757
0.0231317
0.0211163
0.0192244
0.0174542
0.0158043
0.0142734
0.01286
0.0115619
0.0103765
0.00930047
0.0083296
0.00745913
0.00668362
0.00599713
0.00539328
0.00486545
0.0044069
0.0040109
0.00367089
0.00338057
0.003134
0.00292566
0.00275051
0.00260402
0.00248214
0.00238131
0.00229845
0.00223087
0.00217632
0.00213286
0.00209891
0.00207315
0.00205455
0.00204232
0.00203588
0.00203489
0.00203922
0.00204892
0.00206423
0.00208557
0.00211343
0.00214834
0.00219068
0.00224048
0.00229703
0.00235849
0.0024215
0.00248144
0.00253544
0.00259216
0.335719
0.363487
0.393374
0.426027
0.461617
0.500604
0.543363
0.590296
0.641792
0.698253
0.760091
0.827742
0.901666
0.982349
1.0703
1.16606
1.27016
1.38314
1.50557
1.63795
1.7808
1.9346
2.09976
2.27666
2.46563
2.66689
2.88062
3.1069
3.3457
3.59692
3.86031
4.13556
4.42221
4.71967
5.02724
5.34406
5.66916
6.00136
6.33936
6.68168
7.02671
7.37283
7.71878
8.06495
8.41188
8.7517
9.07793
9.38232
9.66275
9.91743
10.1455
10.3451
10.5151
10.6549
10.7645
10.8445
10.8958
10.92
10.9191
10.8958
10.8529
10.7941
10.7234
10.6458
10.5676
10.4964
10.4356
10.3884
10.3578
10.3471
10.3591
10.3971
10.4643
10.5639
10.6997
10.8761
11.0979
11.3709
11.702
12.0994
12.572
13.1278
13.7697
14.4918
15.2638
15.9947
16.4948
16.5791
16.1679
15.4537
14.8008
14.0194
12.9987
11.9127
10.4567
8.49974
6.08451
3.50648
1.47979
0.692581
0.477981
0.384894
0.314903
0.252353
0.199976
0.15712
0.123572
0.0980341
0.0792427
0.0659309
0.0570541
0.0517788
0.0494847
0.0497315
0.052275
0.0571873
0.065155
0.0779624
0.0990474
0.133919
0.190303
0.277768
0.404788
0.566523
0.713761
0.719309
0.483438
0.217279
0.113129
0.0801166
0.0660945
0.0587021
0.0541086
0.0506652
0.0476551
0.0447933
0.0419816
0.0391973
0.0364512
0.0337707
0.0311841
0.0287117
0.0263667
0.024158
0.022091
0.0201684
0.0183903
0.0167549
0.0152585
0.0138963
0.012662
0.0115487
0.0105488
0.0096545
0.00885757
0.00814993
0.00752358
0.00697077
0.00648407
0.00605646
0.00568133
0.00535257
0.00506453
0.00481204
0.00459039
0.00439532
0.00422303
0.00407013
0.00393365
0.00381105
0.00370024
0.00359957
0.00350788
0.00342455
0.00334949
0.00328322
0.0032268
0.00318183
0.00315024
0.00313391
0.00313404
0.0031498
0.00317629
0.00320107
0.00319959
0.0031323
0.00295543
0.39904
0.429533
0.462349
0.498295
0.537586
0.580711
0.628063
0.680053
0.737088
0.799583
0.867979
0.942743
1.02438
1.11341
1.21041
1.31596
1.43066
1.5551
1.68987
1.83555
1.99269
2.16178
2.34328
2.53757
2.74499
2.96575
3.20001
3.44782
3.7091
3.98368
4.27128
4.57145
4.88366
5.20721
5.54126
5.88484
6.2368
6.59583
6.96044
7.32898
7.69968
8.07083
8.44153
8.81566
9.19909
9.57473
9.92884
10.2571
10.5593
10.8333
11.0776
11.2901
11.4695
11.6147
11.7255
11.8022
11.8457
11.8574
11.8392
11.7935
11.7233
11.6318
11.5231
11.4022
11.2767
11.1542
11.0376
10.9299
10.8336
10.7509
10.6842
10.6355
10.6066
10.5992
10.6148
10.655
10.7212
10.8154
10.9397
11.0973
11.293
11.533
11.8248
12.175
12.5846
13.039
13.5117
13.9561
14.2873
14.5203
14.9226
16.1452
19.0644
21.6568
21.12
18.6096
14.3523
8.49704
2.92126
0.879549
0.455989
0.343939
0.274179
0.214157
0.166895
0.129963
0.102223
0.081675
0.0667609
0.0561643
0.048936
0.0443921
0.0420624
0.0416179
0.0428498
0.0457219
0.0505521
0.0583509
0.0713113
0.0933896
0.13086
0.192708
0.290407
0.43449
0.620953
0.798944
0.821072
0.501259
0.200667
0.111038
0.0836236
0.0729606
0.0687133
0.0666043
0.0648555
0.062882
0.0606086
0.0580658
0.0553087
0.0524233
0.0495106
0.0466373
0.0438414
0.0411484
0.0385756
0.0361342
0.0338312
0.0316699
0.0296507
0.027772
0.0260304
0.0244212
0.0229388
0.0215768
0.0203283
0.0191861
0.0181425
0.0171901
0.0163211
0.015528
0.0148033
0.0141396
0.0135298
0.0129669
0.012444
0.0119546
0.0114922
0.0110508
0.0106244
0.0102078
0.00979592
0.00938479
0.00897133
0.00855383
0.0081324
0.00770938
0.00728985
0.00688197
0.00649709
0.00614914
0.00585303
0.0056211
0.00545641
0.00534045
0.00521054
0.00492333
0.0042058
0.532715
0.568952
0.608111
0.651246
0.698638
0.750849
0.808312
0.871478
0.940791
1.01672
1.09978
1.19051
1.28953
1.39747
1.51502
1.6429
1.78184
1.93256
2.09578
2.27221
2.46248
2.66721
2.88694
3.12211
3.3731
3.64015
3.92341
4.22289
4.53847
4.86987
5.21668
5.5783
5.95399
6.34283
6.74371
7.15534
7.57624
8.00471
8.43884
8.87653
9.31551
9.75361
10.19
10.6364
11.1118
11.5699
11.9968
12.3932
12.7576
13.087
13.3786
13.6302
13.8395
14.0052
14.1265
14.2035
14.2371
14.2287
14.1804
14.0949
13.9755
13.8257
13.65
13.4543
13.2521
13.0501
12.8509
12.6567
12.4693
12.2907
12.1226
11.9665
11.8236
11.6946
11.5798
11.4791
11.3919
11.3172
11.2539
11.2012
11.1598
11.1322
11.1251
11.1514
11.2345
11.409
11.6856
12.0321
12.3936
12.7278
13.0615
13.5005
14.2915
15.98
20.4387
28.9473
29.3788
19.7146
5.83411
1.23896
0.4181
0.283794
0.218613
0.168883
0.131295
0.10305
0.0822269
0.06694
0.0558276
0.0478544
0.0423128
0.0387165
0.0367445
0.0361794
0.0368829
0.0388231
0.042191
0.047633
0.056629
0.0720407
0.0988129
0.14466
0.220307
0.337594
0.499927
0.678408
0.788061
0.659819
0.305223
0.113823
0.0710926
0.065566
0.0677937
0.0702248
0.0716624
0.0718105
0.0712213
0.0701841
0.0687921
0.0670402
0.0650962
0.0630887
0.0610661
0.0590612
0.057097
0.05519
0.0533518
0.05159
0.0499097
0.0483136
0.0468033
0.0453791
0.0440405
0.0427861
0.041614
0.0405215
0.0395056
0.0385621
0.0376867
0.0368743
0.036119
0.0354143
0.0347533
0.0341279
0.0335294
0.0329482
0.0323735
0.0317932
0.031194
0.0305607
0.0298768
0.0291237
0.0282813
0.0273288
0.0262456
0.025014
0.0236238
0.0220779
0.0204011
0.0186487
0.0169105
0.0153051
0.0139542
0.0129306
0.0121634
0.0112656
0.00912522
0.896163
0.946962
1.00269
1.06456
1.13307
1.20892
1.29268
1.3849
1.48613
1.597
1.71818
1.85047
1.99471
2.15186
2.3229
2.50889
2.71087
2.92993
3.1671
3.4234
3.69977
3.99707
4.31608
4.65743
5.02163
5.40901
5.81973
6.25376
6.71086
7.19054
7.6921
8.2146
8.7568
9.31725
9.89418
10.4856
11.0891
11.702
12.3214
12.944
13.5662
14.1845
14.7975
15.4405
16.1674
16.8513
17.4932
18.0906
18.6394
19.1338
19.5687
19.94
20.2436
20.4765
20.6372
20.7252
20.7415
20.6878
20.5673
20.3836
20.1413
19.8461
19.5038
19.1228
18.7379
18.3525
17.9662
17.5793
17.1937
16.8116
16.4351
16.0665
15.7076
15.3598
15.0241
14.7006
14.3889
14.0879
13.7957
13.5104
13.2304
12.9558
12.6904
12.4499
12.3013
12.3178
12.4827
12.7611
13.0957
13.4149
13.658
13.7956
13.8888
14.1733
15.165
18.1495
25.7781
36.1707
9.96392
1.74098
0.388747
0.226111
0.164849
0.128544
0.101476
0.0816298
0.0668174
0.0557966
0.0476324
0.0416662
0.0374398
0.0346393
0.0330567
0.0325537
0.0330467
0.0345259
0.037138
0.0413547
0.0482698
0.0600795
0.0808034
0.117188
0.179438
0.280499
0.428628
0.602278
0.713284
0.574934
0.271807
0.0954798
0.0550751
0.0464729
0.0505071
0.0597457
0.0652553
0.0669951
0.0668121
0.0663032
0.0667595
0.0673364
0.0677846
0.0682693
0.0687802
0.0693167
0.0698749
0.0704507
0.0710387
0.0716332
0.0722289
0.0728204
0.0734034
0.0739745
0.074531
0.075071
0.0755937
0.0760984
0.0765852
0.0770542
0.077506
0.0779409
0.0783594
0.0787618
0.0791484
0.0795191
0.0798736
0.0802108
0.080529
0.0808248
0.0810928
0.0813239
0.0815033
0.0816081
0.0816026
0.0814336
0.0810231
0.080262
0.0790056
0.0770798
0.074308
0.0705732
0.0659226
0.0606795
0.0554697
0.0510173
0.0475961
0.0440459
0.03571
2.73226
2.86723
3.01849
3.18528
3.3697
3.57332
3.79754
4.04361
4.31288
4.60678
4.92698
5.27538
5.65414
6.06559
6.51225
6.99673
7.52171
8.08985
8.70375
9.36592
10.0787
10.8442
11.6643
12.5405
13.4739
14.4654
15.5152
16.6231
17.7882
19.0092
20.2841
21.6102
22.9842
24.402
25.8589
27.3493
28.867
30.4045
31.9539
33.5062
35.0516
36.5797
38.0872
39.747
41.7974
43.7497
45.6032
47.3402
48.9448
50.3949
51.671
52.7588
53.6419
54.3077
54.7482
54.9597
54.9425
54.7007
54.2414
53.5752
52.7159
51.6798
50.4855
49.1518
47.7728
46.3976
44.9991
43.5767
42.1383
40.6945
39.2572
37.8386
36.4509
35.106
33.8151
32.589
31.4375
30.3694
29.3924
28.5127
27.7352
27.0635
26.4989
26.0382
25.8174
26.1473
26.7975
27.6176
28.4439
29.0848
29.3524
29.1111
28.311
27.1997
26.0281
24.8347
23.1591
20.3237
9.77638
2.15014
0.373458
0.179186
0.12347
0.0984242
0.0800831
0.0665569
0.0560792
0.0480536
0.0419393
0.037374
0.0340823
0.031871
0.0306072
0.0302027
0.0306085
0.0318331
0.034005
0.0375055
0.0432118
0.0529181
0.0700192
0.100493
0.153948
0.243874
0.382673
0.559444
0.691782
0.537876
0.123824
0.114893
0.0815079
0.0645172
0.054729
0.0460306
0.0410212
0.0365851
0.0322889
0.0290637
0.030464
0.0334221
0.0371322
0.0414973
0.0464561
0.0519554
0.0579484
0.0643899
0.0712332
0.0784294
0.0859258
0.093666
0.10159
0.109634
0.117733
0.125819
0.133826
0.141688
0.149341
0.156727
0.163794
0.170496
0.176796
0.182666
0.188087
0.193053
0.197565
0.201637
0.205289
0.208551
0.211459
0.214054
0.216379
0.218477
0.220391
0.222165
0.223848
0.225508
0.227262
0.229325
0.232088
0.236219
0.242748
0.253041
0.268488
0.289471
0.312336
0.320608
0.265784
1.56347
2.00426
2.1436
2.13958
2.08112
2.00906
1.94014
1.88027
1.83079
1.7913
1.76089
1.73863
1.72376
1.71468
1.7109
1.7124
1.71895
1.73026
1.74593
1.76552
1.78857
1.81458
1.84305
1.87347
1.90537
1.9383
1.97184
2.00559
2.03921
2.07232
2.10457
2.13556
2.16479
2.19153
2.2148
2.23286
2.24393
2.24261
2.23812
0.238275
0.30651
0.334572
0.348395
0.358267
0.368279
0.379519
0.39186
0.404778
0.417692
0.430106
0.441633
0.451944
0.460881
0.468032
0.473034
0.475795
0.476397
0.475026
0.47193
0.467387
0.461677
0.455061
0.447777
0.440022
0.431958
0.423712
0.415373
0.407006
0.39865
0.390329
0.382061
0.373871
0.36583
0.358086
0.351144
0.345842
0.346131
0.361674
0.0741187
0.0954466
0.103998
0.107649
0.109794
0.111904
0.114487
0.117612
0.121157
0.124925
0.128698
0.13226
0.135371
0.138136
0.140526
0.142347
0.143486
0.143901
0.143606
0.142658
0.141144
0.139167
0.136834
0.134251
0.131511
0.128702
0.125895
0.123155
0.120541
0.118108
0.11592
0.114061
0.112649
0.111876
0.112058
0.113774
0.118107
0.127119
0.147225
0.0384789
0.0476523
0.0519021
0.0536581
0.0542897
0.0545178
0.0546856
0.0549324
0.0552906
0.0557361
0.0562162
0.056663
0.0569799
0.057288
0.0575339
0.0576724
0.0576726
0.0575194
0.057214
0.0567707
0.0562149
0.0555786
0.054898
0.0542107
0.0535541
0.0529652
0.052481
0.05214
0.0519847
0.0520664
0.0524513
0.0532304
0.0545358
0.0565665
0.0596326
0.0642284
0.0711717
0.0816979
0.0983019
0.0275228
0.0316797
0.0339276
0.0349512
0.0352895
0.0352857
0.0351356
0.034942
0.0347514
0.0345776
0.0344149
0.0342442
0.0340546
0.0338696
0.0336771
0.0334676
0.0332359
0.0329824
0.0327128
0.0324382
0.0321736
0.0319373
0.0317495
0.0316323
0.0316087
0.0317034
0.0319435
0.0323598
0.0329892
0.033878
0.0350867
0.0366979
0.0388267
0.0416388
0.0453759
0.050393
0.0572174
0.0665833
0.0797025
0.0233305
0.025023
0.026072
0.0265755
0.0267174
0.0266476
0.0264662
0.026234
0.0259844
0.0257333
0.0254848
0.0252313
0.0249868
0.0247493
0.0245168
0.024289
0.0240678
0.0238583
0.0236687
0.0235099
0.0233954
0.0233405
0.0233619
0.0234776
0.0237069
0.0240705
0.0245915
0.0252958
0.0262144
0.0273849
0.0288552
0.0306879
0.0329672
0.0358087
0.0393727
0.04388
0.049633
0.0570381
0.0667478
0.0215654
0.0219357
0.0222133
0.0223121
0.0222614
0.022111
0.0219032
0.0216676
0.0214223
0.0211771
0.0209358
0.020698
0.0204708
0.0202538
0.0200474
0.0198539
0.0196774
0.0195246
0.0194045
0.0193283
0.0193088
0.0193607
0.0194991
0.0197406
0.0201021
0.0206016
0.021258
0.0220921
0.0231267
0.0243889
0.025911
0.0277345
0.0299136
0.0325219
0.035659
0.0394585
0.0440965
0.049811
0.0569995
0.0208064
0.0204545
0.0202317
0.0200224
0.0197951
0.0195501
0.019296
0.0190415
0.0187928
0.0185531
0.0183219
0.0181035
0.0178978
0.0177054
0.0175275
0.0173671
0.0172293
0.0171213
0.0170523
0.0170336
0.0170778
0.0171986
0.0174105
0.0177282
0.0181666
0.0187402
0.0194636
0.0203511
0.0214173
0.022678
0.0241513
0.0258601
0.0278351
0.030119
0.0327707
0.0358695
0.0395198
0.0438676
0.0491771
0.0204861
0.0197518
0.019216
0.0187847
0.0184108
0.0180733
0.0177633
0.017477
0.0172119
0.0169663
0.0167378
0.0165272
0.0163335
0.0161567
0.0159981
0.015861
0.0157504
0.0156737
0.0156402
0.015661
0.0157483
0.0159151
0.0161748
0.0165403
0.0170239
0.0176369
0.018389
0.0192885
0.0203422
0.0215565
0.0229379
0.0244959
0.0262449
0.0282073
0.0304166
0.0329193
0.0357777
0.0390841
0.0430219
0.0203558
0.0194305
0.0187115
0.0181319
0.0176476
0.0172318
0.016868
0.0165456
0.0162574
0.0159978
0.0157636
0.0155522
0.0153619
0.0151922
0.0150441
0.0149208
0.0148274
0.0147712
0.0147613
0.0148086
0.0149247
0.0151218
0.015412
0.0158065
0.016315
0.0169454
0.0177031
0.0185911
0.0196099
0.0207584
0.0220352
0.0234402
0.024977
0.0266552
0.028492
0.0305133
0.0327559
0.03528
0.0382212
0.020305
0.0192907
0.0184726
0.0178023
0.0172431
0.0167686
0.0163604
0.0160053
0.0156936
0.0154178
0.0151733
0.0149561
0.0147637
0.0145951
0.0144513
0.0143351
0.0142516
0.0142079
0.0142131
0.0142774
0.0144121
0.0146286
0.0149375
0.0153484
0.0158686
0.016503
0.0172536
0.018119
0.0190953
0.0201763
0.0213549
0.022625
0.0239832
0.0254305
0.0269733
0.0286242
0.0304037
0.0323521
0.0345761
0.0202861
0.0192329
0.0183655
0.0176448
0.0170396
0.016526
0.0160858
0.0157053
0.0153738
0.0150835
0.0148283
0.0146038
0.0144069
0.0142365
0.0140933
0.01398
0.0139016
0.0138652
0.0138794
0.0139543
0.0141005
0.0143287
0.0146483
0.0150673
0.0155911
0.0162224
0.0169602
0.0178005
0.0187361
0.0197575
0.0208542
0.0220163
0.0232356
0.0245074
0.025831
0.0272099
0.0286542
0.0301924
0.0319144
0.0202793
0.0192102
0.0183202
0.0175741
0.0169436
0.0164068
0.0159464
0.0155489
0.0152035
0.0149022
0.0146384
0.0144075
0.0142062
0.0140333
0.0138892
0.0137769
0.013701
0.0136686
0.0136882
0.0137696
0.0139229
0.014158
0.0144835
0.0149059
0.0154295
0.0160549
0.0167798
0.0175981
0.0185008
0.0194767
0.0205131
0.0215978
0.0227198
0.0238705
0.0250441
0.0262385
0.0274571
0.0287217
0.0301123
0.020277
0.0192019
0.0183027
0.0175453
0.0169028
0.0163544
0.0158833
0.0154764
0.0151231
0.0148152
0.0145461
0.0143111
0.014107
0.0139323
0.0137877
0.0136759
0.0136018
0.0135722
0.0135956
0.0136814
0.0138396
0.0140792
0.0144084
0.0148327
0.0153554
0.0159762
0.0166917
0.017495
0.0183763
0.0193234
0.0203231
0.0213617
0.0224266
0.023507
0.0245942
0.0256823
0.0267712
0.0278788
0.0290799
0.0202764
0.0191999
0.0182982
0.0175376
0.0168917
0.0163398
0.0158655
0.0154556
0.0150999
0.01479
0.0145194
0.0142834
0.0140787
0.0139042
0.0137605
0.0136503
0.0135785
0.013552
0.0135792
0.0136694
0.0138321
0.0140763
0.0144095
0.0148368
0.0153609
0.0159811
0.0166936
0.0174915
0.0183648
0.0193015
0.0202883
0.0213115
0.0223577
0.0234153
0.0244741
0.0255267
0.0265716
0.0276247
0.0287584
0.020277
0.0192019
0.0183027
0.0175453
0.0169028
0.0163544
0.0158834
0.0154767
0.0151238
0.0148164
0.0145483
0.0143147
0.0141125
0.0139408
0.0138001
0.0136934
0.0136257
0.0136039
0.0136364
0.0137325
0.0139016
0.0141524
0.0144921
0.0149258
0.015456
0.0160821
0.0168004
0.0176044
0.0184847
0.0194301
0.0204279
0.0214651
0.022529
0.023608
0.0246922
0.0257744
0.0268532
0.0279445
0.0291191
0.0202793
0.0192102
0.0183202
0.0175741
0.0169436
0.0164069
0.0159468
0.0155497
0.0152053
0.0149054
0.0146439
0.0144164
0.01422
0.0140539
0.013919
0.0138186
0.0137576
0.0137432
0.0137839
0.0138889
0.0140677
0.0143289
0.0146799
0.0151259
0.0156694
0.0163103
0.0170457
0.0178696
0.0187739
0.0197486
0.0207824
0.0218637
0.0229812
0.0241249
0.0252865
0.0264606
0.0276477
0.0288648
0.0301818
0.0202861
0.0192329
0.0183655
0.0176448
0.0170397
0.0165263
0.0160866
0.015707
0.0153775
0.0150902
0.0148395
0.0146216
0.0144342
0.0142767
0.0141506
0.0140594
0.0140084
0.0140049
0.0140577
0.0141761
0.0143698
0.0146476
0.0150171
0.0154839
0.0160512
0.0167195
0.0174868
0.0183486
0.0192982
0.0203274
0.0214267
0.0225868
0.0237989
0.0250555
0.0263516
0.0276854
0.0290611
0.0304985
0.0320666
0.020305
0.0192907
0.0184726
0.0178024
0.0172433
0.0167693
0.016362
0.0160086
0.0157002
0.0154301
0.0151938
0.0149884
0.0148124
0.0146661
0.0145516
0.0144727
0.0144354
0.0144474
0.0145176
0.0146558
0.0148721
0.0151757
0.0155748
0.0160758
0.0166827
0.0173973
0.0182192
0.0191454
0.0201716
0.0212916
0.022499
0.0237874
0.0251515
0.0265879
0.0280965
0.0296813
0.0313531
0.0331378
0.0351052
0.0203558
0.0194305
0.0187115
0.018132
0.0176481
0.0172331
0.0168709
0.0165515
0.0162688
0.0160186
0.0157983
0.0156066
0.0154434
0.0153101
0.0152097
0.0151468
0.015128
0.0151617
0.0152574
0.0154256
0.0156769
0.0160216
0.0164689
0.0170264
0.0177
0.0184933
0.0194082
0.0204444
0.0216004
0.0228739
0.024262
0.025763
0.0273766
0.0291058
0.0309578
0.0329458
0.0350919
0.0374338
0.0400493
0.0204861
0.0197518
0.0192161
0.0187851
0.0184117
0.0180755
0.0177682
0.0174868
0.0172304
0.0169992
0.0167938
0.0166151
0.016465
0.0163464
0.0162636
0.0162223
0.0162303
0.0162968
0.0164326
0.0166492
0.0169589
0.0173735
0.0179041
0.018561
0.0193527
0.0202862
0.0213672
0.0225997
0.023987
0.0255321
0.0272382
0.0291105
0.0311568
0.0333896
0.0358282
0.0385007
0.0414478
0.0447305
0.0484474
0.0208064
0.0204545
0.0202319
0.020023
0.0197967
0.0195537
0.0193039
0.0190573
0.0188223
0.0186053
0.0184112
0.0182442
0.0181087
0.0180097
0.0179531
0.0179467
0.0179998
0.0181236
0.0183308
0.0186356
0.0190529
0.0195978
0.0202855
0.0211305
0.0221467
0.0233467
0.0247426
0.0263456
0.0281665
0.0302169
0.0325096
0.0350605
0.0378904
0.0410271
0.0445089
0.0483884
0.0527369
0.057655
0.0632837
0.0215655
0.0219358
0.0222136
0.0223131
0.0222639
0.022117
0.021916
0.021693
0.0214699
0.0212614
0.0210782
0.0209284
0.0208194
0.0207589
0.0207559
0.0208211
0.020967
0.0212088
0.0215635
0.0220502
0.0226895
0.0235034
0.0245142
0.0257448
0.0272178
0.0289557
0.0309806
0.0333142
0.035979
0.0389986
0.0423996
0.0462137
0.0504805
0.0552511
0.0605927
0.0665949
0.0733761
0.0810986
0.0899702
0.0233305
0.0250232
0.0260726
0.0265772
0.0267217
0.0266575
0.0264875
0.0262768
0.0260655
0.0258783
0.0257319
0.0256388
0.0256103
0.0256585
0.0257976
0.0260442
0.0264182
0.0269427
0.0276441
0.0285518
0.0296979
0.0311162
0.032842
0.0349108
0.0373584
0.0402196
0.0435286
0.0473194
0.0516266
0.056487
0.0619427
0.0680442
0.0748551
0.0824578
0.0909604
0.100506
0.111279
0.12353
0.13755
0.0275228
0.03168
0.0339286
0.0349542
0.0352971
0.0353035
0.0351744
0.0350212
0.034904
0.0348558
0.034897
0.0350436
0.0353127
0.0357243
0.0363035
0.0370801
0.0380895
0.0393717
0.0409708
0.0429343
0.0453113
0.0481517
0.0515041
0.0554154
0.0599291
0.0650856
0.0709229
0.0774774
0.0847874
0.0928958
0.101856
0.111735
0.122627
0.134652
0.147975
0.162812
0.17944
0.198218
0.219497
0.038479
0.0476529
0.0519042
0.053664
0.0543048
0.0545538
0.0547659
0.0551002
0.0556206
0.0563491
0.0572955
0.0584718
0.0598995
0.0616114
0.0636514
0.0660724
0.0689338
0.0722981
0.076228
0.0807835
0.0860196
0.0919843
0.0987176
0.106251
0.114611
0.123815
0.133882
0.144831
0.156688
0.169492
0.183299
0.198196
0.214303
0.231791
0.25089
0.271909
0.29523
0.321325
0.350429
0.0741189
0.0954478
0.104002
0.107661
0.109827
0.111982
0.114664
0.117984
0.12189
0.126285
0.131081
0.136227
0.14171
0.147555
0.153809
0.160536
0.167805
0.17568
0.184218
0.193458
0.203424
0.214127
0.225563
0.237718
0.250574
0.264112
0.278317
0.293182
0.308716
0.324946
0.341929
0.359753
0.378551
0.398513
0.419905
0.443094
0.468529
0.496764
0.52742
0.238276
0.306512
0.334579
0.348412
0.358309
0.368375
0.37972
0.392257
0.405516
0.418991
0.432279
0.44511
0.457343
0.468934
0.479908
0.490327
0.500269
0.50981
0.519015
0.52793
0.536589
0.545007
0.553192
0.561144
0.568864
0.576354
0.58362
0.59068
0.597556
0.604282
0.610905
0.617482
0.624091
0.630843
0.6379
0.645545
0.654178
0.664769
0.676754
1.56347
2.00425
2.14355
2.13946
2.0808
2.00831
1.93856
1.87715
1.82499
1.78111
1.74387
1.7115
1.6823
1.65476
1.62759
1.59972
1.57034
1.53888
1.50497
1.46845
1.42933
1.38776
1.34398
1.29831
1.25108
1.20263
1.1533
1.10336
1.05306
1.00255
0.951964
0.901328
0.85062
0.799749
0.74856
0.696834
0.644276
0.590444
0.537593
)
;

boundaryField
{
    frontandback
    {
        type            empty;
    }
    in1
    {
        type            turbulentMixingLengthDissipationRateInlet;
        mixingLength    0.014;
        phi             phi;
        k               k;
        value           uniform 0.00269526;
    }
    in2
    {
        type            turbulentMixingLengthDissipationRateInlet;
        mixingLength    0.014;
        phi             phi;
        k               k;
        value           uniform 0.0215621;
    }
    out
    {
        type            zeroGradient;
    }
    walls
    {
        type            epsilonWallFunction;
        blending        stepwise;
        value           nonuniform List<scalar> 
423
(
4.35417
4.61216
4.88604
5.1848
5.50783
5.86003
6.24529
6.66787
7.13179
7.64098
8.19925
8.81032
9.47787
10.2055
10.9968
11.8549
12.7828
13.7829
14.8569
16.0055
17.2283
18.5232
19.8867
21.3132
22.795
24.3227
25.885
27.4691
29.0617
30.6497
32.2215
33.768
35.2841
36.7691
38.2276
39.6689
41.1059
42.5538
44.0282
45.5428
47.1083
48.7307
50.4111
52.1458
53.9269
55.743
57.5812
59.4283
61.2727
63.1074
64.9325
66.7598
68.5135
70.1368
71.5882
72.8211
73.7807
74.4017
74.6051
74.2953
73.3568
71.6512
69.0158
65.266
60.2067
53.6615
45.5387
35.9593
25.4737
15.3105
7.31863
2.91467
1.53954
1.39134
1.40043
1.40527
1.40568
1.40286
1.39732
1.3894
1.37939
1.36755
1.3541
1.33925
1.32319
1.30609
1.2881
1.26933
1.24991
1.22991
1.20941
1.18848
1.16754
1.14687
1.12652
1.10649
1.08679
1.06742
1.04835
1.02958
1.01113
0.990976
0.969144
0.945682
0.920702
0.894369
0.866903
0.838572
0.809686
0.780578
0.75159
0.723059
0.695295
0.668572
0.643115
0.619097
0.596637
0.575801
0.556612
0.539056
0.523087
0.508639
0.495629
0.483966
0.473552
0.46429
0.456077
0.448817
0.442425
0.436197
0.430099
0.424096
0.418159
0.412263
0.406384
0.4005
0.394593
0.388646
0.382645
0.37658
0.370442
0.364224
0.357924
0.351542
0.345081
0.338547
0.331951
0.325306
0.318628
0.311939
0.305263
0.298628
0.292064
0.285605
0.279287
0.273149
0.267229
0.261569
0.256206
0.251178
0.24652
0.242263
0.238432
0.235048
0.232123
0.229661
0.227661
0.22611
0.22499
0.224275
0.223933
0.223928
0.224229
0.224799
0.225606
0.226647
0.227977
0.229759
0.232342
0.236363
0.242826
0.253082
0.268508
0.289481
0.31234
0.320609
0.265784
2.73226
2.86723
3.01849
3.18528
3.3697
3.57332
3.79754
4.04361
4.31288
4.60678
4.92698
5.27538
5.65414
6.06559
6.51225
6.99673
7.52171
8.08985
8.70375
9.36592
10.0787
10.8442
11.6643
12.5405
13.4739
14.4654
15.5152
16.6231
17.7882
19.0092
20.2841
21.6102
22.9842
24.402
25.8589
27.3493
28.867
30.4045
31.9539
33.5062
35.0516
36.5797
38.0872
39.747
41.7974
43.7497
45.6032
47.3402
48.9448
50.3949
51.671
52.7588
53.6419
54.3077
54.7482
54.9597
54.9425
54.7007
54.2414
53.5752
52.7159
51.6798
50.4855
49.1518
47.7728
46.3976
44.9991
43.5767
42.1383
40.6945
39.2572
37.8386
36.4509
35.106
33.8151
32.589
31.4375
30.3694
29.3924
28.5127
27.7352
27.0635
26.4989
26.0382
25.8174
26.1473
26.7975
27.6176
28.4439
29.0848
29.3524
29.1111
28.311
27.1997
26.0281
24.8347
23.1591
20.3237
9.77638
0.123824
0.114893
0.0815079
0.0645172
0.054729
0.0460306
0.0410212
0.0365851
0.0322889
0.0290637
0.030464
0.0334221
0.0371322
0.0414973
0.0464561
0.0519554
0.0579484
0.0643899
0.0712332
0.0784294
0.0859258
0.093666
0.10159
0.109634
0.117733
0.125819
0.133826
0.141688
0.149341
0.156727
0.163794
0.170496
0.176796
0.182666
0.188087
0.193053
0.197565
0.201637
0.205289
0.208551
0.211459
0.214054
0.216379
0.218477
0.220391
0.222165
0.223848
0.225508
0.227262
0.229325
0.232088
0.236219
0.242748
0.253041
0.268488
0.289471
0.312336
0.320608
0.265784
1.56347
2.00426
2.1436
2.13958
2.08112
2.00906
1.94014
1.88027
1.83079
1.7913
1.76089
1.73863
1.72376
1.71468
1.7109
1.7124
1.71895
1.73026
1.74593
1.76552
1.78857
1.81458
1.84305
1.87347
1.90537
1.9383
1.97184
2.00559
2.03921
2.07232
2.10457
2.13556
2.16479
2.19153
2.2148
2.23286
2.24393
2.24261
2.23812
1.56347
2.00425
2.14355
2.13946
2.0808
2.00831
1.93856
1.87715
1.82499
1.78111
1.74387
1.7115
1.6823
1.65476
1.62759
1.59972
1.57034
1.53888
1.50497
1.46845
1.42933
1.38776
1.34398
1.29831
1.25108
1.20263
1.1533
1.10336
1.05306
1.00255
0.951964
0.901328
0.85062
0.799749
0.74856
0.696834
0.644276
0.590444
0.537593
)
;
    }
}


// ************************************************************************* //
