/*--------------------------------*- C++ -*----------------------------------*\
| =========                 |                                                 |
| \\      /  F ield         | OpenFOAM: The Open Source CFD Toolbox           |
|  \\    /   O peration     | Version:  2406                                  |
|   \\  /    A nd           | Website:  www.openfoam.com                      |
|    \\/     M anipulation  |                                                 |
\*---------------------------------------------------------------------------*/
FoamFile
{
    version     2.0;
    format      ascii;
    arch        "LSB;label=32;scalar=64";
    class       volScalarField;
    location    "600";
    object      nut;
}
// * * * * * * * * * * * * * * * * * * * * * * * * * * * * * * * * * * * * * //

dimensions      [0 2 -1 0 0 0 0];

internalField   nonuniform List<scalar> 
5619
(
4.96456e-05
5.06046e-05
5.15884e-05
5.2623e-05
5.37006e-05
5.48306e-05
5.60174e-05
5.7265e-05
5.85757e-05
5.99505e-05
6.13891e-05
6.28907e-05
6.44534e-05
6.60752e-05
6.77531e-05
6.94839e-05
7.12634e-05
7.30868e-05
7.49484e-05
7.68415e-05
7.87583e-05
8.06898e-05
8.26263e-05
8.45566e-05
8.64692e-05
8.83516e-05
9.01915e-05
9.1977e-05
9.36971e-05
9.53431e-05
9.69087e-05
9.83913e-05
9.97925e-05
0.000101118
0.000102378
0.000103586
0.000104757
0.000105908
0.000107053
0.000108204
0.000109369
0.000110551
0.00011175
0.000112961
0.000114178
0.000115389
0.000116588
0.000117764
0.000118912
0.000120028
0.000121114
0.00012218
0.000123157
0.000124027
0.000124771
0.000125362
0.00012577
0.000125959
0.00012588
0.000125471
0.000124655
0.000123326
0.000121345
0.000118527
0.000114625
0.000109307
0.000102142
9.26088e-05
8.02149e-05
6.49383e-05
4.84612e-05
3.61448e-05
3.3589e-05
3.43924e-05
3.44809e-05
3.44867e-05
3.44666e-05
3.44239e-05
3.43611e-05
3.42802e-05
3.41829e-05
3.40711e-05
3.39461e-05
3.38094e-05
3.36622e-05
3.35054e-05
3.33401e-05
3.31671e-05
3.29869e-05
3.28002e-05
3.26074e-05
3.24088e-05
3.22117e-05
3.20154e-05
3.18201e-05
3.16257e-05
3.14324e-05
3.12402e-05
3.1049e-05
3.08587e-05
3.06695e-05
3.04605e-05
3.02311e-05
2.9981e-05
2.97105e-05
2.94204e-05
2.91119e-05
2.87872e-05
2.84489e-05
2.80999e-05
2.7744e-05
2.73848e-05
2.70263e-05
2.66722e-05
2.63262e-05
2.59913e-05
2.56704e-05
2.53655e-05
2.50783e-05
2.48098e-05
2.45605e-05
2.43306e-05
2.412e-05
2.39281e-05
2.37542e-05
2.35975e-05
2.34568e-05
2.3331e-05
2.32192e-05
2.31092e-05
2.30005e-05
2.28926e-05
2.27848e-05
2.26768e-05
2.25681e-05
2.24582e-05
2.23469e-05
2.22337e-05
2.21183e-05
2.20005e-05
2.188e-05
2.17566e-05
2.16301e-05
2.15004e-05
2.13676e-05
2.12316e-05
2.10925e-05
2.09506e-05
2.0806e-05
2.06591e-05
2.05105e-05
2.03606e-05
2.02101e-05
2.00598e-05
1.99107e-05
1.97636e-05
1.96197e-05
1.948e-05
1.93459e-05
1.92184e-05
1.90988e-05
1.89881e-05
1.88875e-05
1.87976e-05
1.87193e-05
1.86528e-05
1.85985e-05
1.85561e-05
1.85254e-05
1.85058e-05
1.84963e-05
1.84962e-05
1.85045e-05
1.85201e-05
1.85422e-05
1.85707e-05
1.8607e-05
1.86553e-05
1.8725e-05
1.88324e-05
1.90025e-05
1.92663e-05
1.96501e-05
2.01489e-05
2.06659e-05
2.08467e-05
1.95834e-05
0.00021777
0.00022918
0.00024244
0.000256297
0.000270858
0.000286067
0.000301929
0.000318433
0.000335568
0.000353312
0.000371637
0.000390504
0.000409865
0.000429664
0.000449833
0.000470299
0.000490977
0.000511774
0.000532587
0.000553302
0.000573795
0.000593935
0.000613579
0.000632579
0.000650779
0.000668021
0.000684145
0.000698998
0.000712436
0.000724332
0.000734589
0.000743148
0.00075
0.000755205
0.000758896
0.00076129
0.000762684
0.000763447
0.000763999
0.000764781
0.000766225
0.000768732
0.000772638
0.000778213
0.000785644
0.000795041
0.00080644
0.000819804
0.000835028
0.000851937
0.000870288
0.000889757
0.000911117
0.000934033
0.000958369
0.000983975
0.00101066
0.00103819
0.00106624
0.00109438
0.00112201
0.00114835
0.00117224
0.00119208
0.00120548
0.00120884
0.00119654
0.00115964
0.00108395
0.00094855
0.000731042
0.00043774
0.00016176
3.73259e-05
2.03691e-05
1.94308e-05
1.94803e-05
1.96084e-05
1.97644e-05
1.99412e-05
2.01373e-05
2.03501e-05
2.05763e-05
2.08115e-05
2.10513e-05
2.12915e-05
2.15276e-05
2.17553e-05
2.19706e-05
2.21695e-05
2.23469e-05
2.24975e-05
2.2644e-05
2.27923e-05
2.29423e-05
2.30937e-05
2.32462e-05
2.33999e-05
2.35547e-05
2.37104e-05
2.38674e-05
2.40426e-05
2.42373e-05
2.44525e-05
2.46895e-05
2.49492e-05
2.52322e-05
2.55389e-05
2.58695e-05
2.62235e-05
2.65999e-05
2.6997e-05
2.74124e-05
2.78429e-05
2.82845e-05
2.87328e-05
2.91829e-05
2.96297e-05
3.00682e-05
3.04938e-05
3.09024e-05
3.12906e-05
3.16559e-05
3.19964e-05
3.23111e-05
3.25996e-05
3.28623e-05
3.30997e-05
3.33134e-05
3.35259e-05
3.37382e-05
3.39514e-05
3.41663e-05
3.43839e-05
3.46052e-05
3.4831e-05
3.50623e-05
3.53e-05
3.55448e-05
3.57976e-05
3.60592e-05
3.63302e-05
3.66113e-05
3.69029e-05
3.72055e-05
3.75194e-05
3.78445e-05
3.81808e-05
3.85277e-05
3.88847e-05
3.92505e-05
3.96237e-05
4.00025e-05
4.03843e-05
4.07663e-05
4.11451e-05
4.15167e-05
4.18765e-05
4.22198e-05
4.25412e-05
4.2835e-05
4.30955e-05
4.33167e-05
4.34928e-05
4.3618e-05
4.36865e-05
4.36926e-05
4.36302e-05
4.34925e-05
4.3271e-05
4.29551e-05
4.25298e-05
4.20035e-05
4.13782e-05
4.0616e-05
3.96686e-05
3.8475e-05
3.69652e-05
3.50721e-05
3.27607e-05
3.00765e-05
2.72042e-05
2.4511e-05
2.25528e-05
2.21282e-05
2.48023e-05
3.63038e-05
0.000590419
0.000624258
0.000662437
0.00070177
0.000742432
0.000784268
0.00082729
0.000871485
0.000916846
0.000963353
0.00101097
0.00105963
0.00110927
0.00115979
0.00121108
0.001263
0.0013154
0.00136812
0.00142096
0.0014737
0.0015261
0.0015779
0.00162881
0.00167849
0.00172661
0.00177278
0.00181661
0.00185769
0.00189559
0.00192992
0.00196032
0.00198649
0.00200825
0.00202559
0.00203867
0.00204788
0.00205382
0.00205733
0.00205938
0.00206105
0.00206345
0.00206759
0.00207438
0.00208456
0.00209865
0.00211699
0.0021397
0.00216675
0.00219796
0.00223302
0.00227157
0.00231322
0.00235931
0.00240845
0.00246007
0.00251358
0.00256828
0.00262327
0.00267743
0.00272926
0.00277683
0.00281759
0.00284811
0.00286381
0.00285841
0.00282337
0.00274706
0.00261404
0.00240527
0.00210145
0.00169414
0.00120701
0.000713459
0.000321319
0.000110424
4.92814e-05
4.26781e-05
4.35766e-05
4.53466e-05
4.72091e-05
4.90421e-05
5.07929e-05
5.24334e-05
5.39433e-05
5.53072e-05
5.65143e-05
5.75574e-05
5.84338e-05
5.91446e-05
5.96739e-05
6.00577e-05
6.03852e-05
6.06627e-05
6.08926e-05
6.10766e-05
6.12162e-05
6.1313e-05
6.13682e-05
6.13833e-05
6.13592e-05
6.12979e-05
6.11792e-05
6.09949e-05
6.07404e-05
6.04126e-05
6.00118e-05
5.95422e-05
5.90128e-05
5.84368e-05
5.78309e-05
5.72144e-05
5.66069e-05
5.60268e-05
5.54895e-05
5.50065e-05
5.45847e-05
5.42266e-05
5.39311e-05
5.36941e-05
5.35094e-05
5.33701e-05
5.32687e-05
5.31983e-05
5.31522e-05
5.3125e-05
5.31119e-05
5.31092e-05
5.31133e-05
5.31224e-05
5.31358e-05
5.31533e-05
5.31751e-05
5.32013e-05
5.32323e-05
5.32682e-05
5.33096e-05
5.33568e-05
5.34103e-05
5.34708e-05
5.35389e-05
5.36151e-05
5.37002e-05
5.37947e-05
5.38994e-05
5.40148e-05
5.41413e-05
5.42792e-05
5.44285e-05
5.45892e-05
5.47605e-05
5.49414e-05
5.51305e-05
5.53255e-05
5.55234e-05
5.57206e-05
5.59122e-05
5.60928e-05
5.62557e-05
5.63932e-05
5.64968e-05
5.65571e-05
5.65641e-05
5.65073e-05
5.63758e-05
5.6159e-05
5.58464e-05
5.5428e-05
5.48948e-05
5.42386e-05
5.34527e-05
5.25324e-05
5.14782e-05
5.03484e-05
4.91436e-05
4.78729e-05
4.656e-05
4.52504e-05
4.40225e-05
4.30009e-05
4.23722e-05
4.24009e-05
4.34521e-05
4.60462e-05
5.10419e-05
6.02112e-05
7.81215e-05
0.000121797
0.0011774
0.00123681
0.0013031
0.00137075
0.00144006
0.00151087
0.00158327
0.00165733
0.00173311
0.00181064
0.0018899
0.00197085
0.00205341
0.00213745
0.00222284
0.0023094
0.00239694
0.00248522
0.00257396
0.00266287
0.00275159
0.00283973
0.00292683
0.00301239
0.00309584
0.00317656
0.00325388
0.00332708
0.00339543
0.00345821
0.00351475
0.00356451
0.00360712
0.00364245
0.00367068
0.00369234
0.00370829
0.00371974
0.00372813
0.00373505
0.00374216
0.00375102
0.00376304
0.00377939
0.00380094
0.00382828
0.00386168
0.00390115
0.00394647
0.00399723
0.00405288
0.00411275
0.00417826
0.0042465
0.00431594
0.0043851
0.00445226
0.0045154
0.00457205
0.00461917
0.00465304
0.00466905
0.0046615
0.00462336
0.00454608
0.00441952
0.00423222
0.00397256
0.00363117
0.00320516
0.00270319
0.002148
0.00157409
0.00102646
0.000566961
0.000265356
0.000143569
0.000140956
0.000150796
0.00015605
0.000159779
0.000162832
0.000165458
0.000167703
0.000169587
0.000171131
0.000172361
0.0001733
0.000173969
0.000174348
0.000174542
0.000174564
0.000174417
0.000174105
0.000173631
0.000172998
0.000172207
0.000171262
0.000170164
0.000168911
0.000167506
0.000165739
0.000163562
0.000160953
0.000157898
0.0001544
0.000150484
0.000146199
0.000141618
0.000136833
0.000131951
0.000127083
0.000122335
0.000117798
0.000113545
0.000109625
0.000106065
0.000102874
0.000100041
9.75476e-05
9.53668e-05
9.34681e-05
9.18204e-05
9.03935e-05
8.9159e-05
8.80917e-05
8.71694e-05
8.63706e-05
8.56785e-05
8.50123e-05
8.43656e-05
8.37357e-05
8.31195e-05
8.25148e-05
8.19194e-05
8.13319e-05
8.07511e-05
8.01761e-05
7.96067e-05
7.90428e-05
7.84847e-05
7.79331e-05
7.73889e-05
7.68533e-05
7.63279e-05
7.58142e-05
7.5314e-05
7.48291e-05
7.43613e-05
7.39121e-05
7.34831e-05
7.30752e-05
7.2689e-05
7.23244e-05
7.19808e-05
7.16568e-05
7.13503e-05
7.10583e-05
7.07772e-05
7.05032e-05
7.02319e-05
6.99596e-05
6.96829e-05
6.94e-05
6.9111e-05
6.88187e-05
6.85295e-05
6.8254e-05
6.80075e-05
6.78113e-05
6.76926e-05
6.77301e-05
6.80125e-05
6.86014e-05
6.95818e-05
7.10638e-05
7.31885e-05
7.61329e-05
8.01156e-05
8.54033e-05
9.23285e-05
0.000101343
0.000113168
0.000129181
0.000152363
0.000189886
0.000263035
0.00192993
0.00201418
0.00210776
0.00220288
0.00230001
0.00239904
0.00250021
0.00260371
0.00270968
0.0028182
0.00292929
0.0030429
0.00315894
0.00327728
0.00339774
0.0035201
0.00364412
0.00376949
0.00389588
0.00402288
0.00415002
0.00427678
0.00440253
0.00452657
0.00464812
0.00476632
0.00488021
0.00498879
0.00509106
0.00518601
0.00527274
0.0053505
0.00541879
0.00547739
0.00552649
0.00556666
0.00559888
0.00562448
0.00564509
0.00566252
0.00567867
0.00569536
0.00571429
0.00573689
0.00576431
0.00579731
0.00583633
0.00588141
0.00593226
0.00598823
0.00604835
0.00611129
0.00617834
0.00624569
0.00631038
0.00636981
0.00642124
0.00646157
0.00648723
0.0064941
0.00647746
0.00643192
0.00635145
0.00622949
0.00605928
0.00583438
0.00554961
0.00520231
0.00479362
0.00432933
0.00381934
0.00327551
0.00270941
0.0021329
0.00156362
0.00103488
0.000602142
0.000323242
0.00021475
0.000248823
0.000315747
0.00034656
0.000358312
0.000363123
0.000365706
0.000367612
0.000369195
0.00037052
0.000371592
0.0003724
0.000372955
0.000373252
0.000373286
0.000373048
0.000372534
0.000371735
0.000370642
0.000369248
0.000367543
0.000365507
0.000363127
0.000360007
0.000356003
0.000351027
0.000345005
0.000337892
0.000329689
0.000320449
0.000310289
0.000299382
0.000287954
0.000276264
0.00026458
0.000253158
0.000242218
0.000231933
0.000222421
0.000213746
0.00020593
0.000198954
0.000192776
0.000187337
0.000182568
0.0001784
0.000174764
0.000171597
0.000168841
0.000166438
0.00016434
0.000162311
0.000160326
0.000158379
0.000156459
0.000154558
0.000152672
0.000150794
0.000148921
0.00014705
0.00014518
0.000143309
0.00014144
0.000139573
0.000137712
0.000135859
0.000134022
0.000132204
0.000130414
0.000128658
0.000126945
0.000125284
0.000123683
0.000122152
0.000120702
0.000119341
0.000118079
0.000116926
0.000115893
0.000114988
0.000114221
0.000113603
0.000113144
0.000112856
0.000112752
0.000112846
0.000113154
0.000113695
0.000114489
0.000115561
0.000116935
0.000118644
0.000120719
0.000123273
0.000126493
0.000130403
0.00013508
0.000140618
0.000147127
0.000154743
0.000163634
0.000174031
0.000186277
0.000200923
0.000218902
0.000241842
0.000272641
0.000316374
0.000381118
0.00278796
0.00289554
0.00301474
0.00313587
0.0032595
0.00338561
0.00351461
0.00364677
0.00378233
0.0039214
0.00406401
0.00421012
0.00435963
0.00451237
0.00466813
0.00482665
0.00498763
0.00515072
0.00531549
0.00548144
0.005648
0.00581449
0.00598015
0.0061441
0.00630535
0.00646283
0.00661536
0.00676173
0.00690071
0.00703112
0.00715187
0.00726207
0.00736107
0.00744856
0.00752457
0.00758952
0.00764421
0.00768978
0.00772764
0.00775939
0.00778677
0.0078115
0.00783522
0.00785941
0.00788529
0.00791377
0.00794541
0.00798037
0.00801838
0.00805875
0.00810038
0.00814174
0.00818152
0.00821979
0.00825137
0.00827291
0.00828126
0.00827308
0.00824477
0.00819244
0.00811192
0.00799893
0.00784917
0.00765867
0.00742413
0.00714337
0.0068158
0.00644278
0.00602764
0.00557536
0.00509171
0.00458227
0.00405167
0.00350351
0.00294139
0.00237127
0.00180639
0.00127454
0.000822292
0.000501382
0.000337369
0.000321867
0.000413878
0.000504189
0.00054242
0.000557641
0.000563725
0.000566556
0.000568375
0.000570029
0.000571624
0.000573119
0.00057446
0.000575602
0.000576506
0.000577137
0.00057746
0.000577439
0.000577039
0.000576206
0.000574902
0.00057275
0.0005695
0.00056497
0.000558973
0.000551345
0.000541973
0.000530819
0.000517942
0.00050351
0.000487803
0.00047119
0.000454094
0.000436952
0.000420169
0.00040409
0.000388977
0.000375003
0.000362263
0.000350781
0.00034053
0.000331445
0.000323439
0.000316414
0.000310268
0.000304901
0.000300224
0.00029614
0.000292558
0.000289097
0.0002857
0.000282349
0.000279027
0.000275722
0.000272423
0.000269119
0.000265804
0.000262474
0.000259125
0.000255757
0.000252372
0.000248974
0.00024557
0.000242166
0.000238775
0.000235408
0.00023208
0.000228806
0.000225604
0.000222493
0.000219493
0.000216624
0.000213907
0.000211363
0.000209015
0.000206882
0.000204986
0.000203347
0.000201985
0.000200918
0.000200166
0.000199747
0.000199677
0.000199973
0.000200653
0.000201732
0.000203226
0.000205153
0.000207531
0.00021038
0.000213726
0.000217599
0.000222199
0.000227556
0.000233681
0.00024063
0.000248482
0.000257349
0.00026739
0.000278829
0.000291988
0.000307328
0.000325489
0.000347317
0.000373771
0.000405362
0.000440263
0.00369078
0.00382022
0.00396336
0.00410909
0.00425794
0.00441003
0.00456588
0.00472585
0.00489021
0.00505912
0.00523261
0.00541064
0.00559306
0.00577971
0.00597034
0.00616466
0.00636232
0.0065629
0.00676592
0.0069708
0.00717686
0.00738331
0.00758927
0.00779371
0.00799549
0.00819338
0.00838606
0.00857216
0.00875029
0.00891912
0.00907741
0.00922409
0.00935829
0.00947942
0.00958716
0.00968152
0.00976278
0.00983152
0.00988857
0.00993493
0.0099718
0.0100004
0.0100221
0.0100381
0.0100497
0.0100577
0.0100631
0.0100663
0.0100675
0.0100666
0.0100631
0.0100559
0.0100439
0.0100297
0.0100083
0.00997647
0.0099315
0.00987062
0.00979103
0.00968981
0.00956401
0.0094107
0.00922717
0.00901106
0.0087606
0.00847475
0.00815335
0.00779716
0.00740783
0.00698767
0.00653944
0.00606603
0.00557027
0.00505469
0.00452158
0.00397313
0.00341216
0.00284348
0.00227683
0.0017316
0.00124093
0.000847786
0.000587019
0.000466238
0.000465827
0.000538015
0.000611852
0.000652371
0.000668689
0.000674978
0.000678195
0.000680814
0.000683569
0.000686599
0.000689855
0.000693241
0.000696652
0.000699988
0.000703155
0.000706038
0.000708572
0.000710687
0.000712097
0.000712526
0.000711628
0.000709018
0.000704306
0.000697146
0.000687302
0.000674711
0.000659525
0.000642119
0.000623052
0.000602996
0.000582642
0.000562621
0.000543444
0.000525481
0.000508959
0.000493986
0.000480576
0.000468677
0.000458193
0.000449004
0.000440982
0.000433999
0.000427936
0.000422659
0.000418037
0.000413598
0.00040925
0.000404961
0.000400708
0.00039647
0.000392231
0.000387977
0.0003837
0.000379391
0.000375048
0.000370668
0.000366256
0.000361816
0.000357357
0.000352892
0.000348436
0.000344007
0.000339624
0.000335311
0.000331092
0.000326994
0.000323042
0.000319266
0.000315693
0.00031235
0.000309264
0.00030646
0.000303962
0.000301792
0.000299968
0.000298507
0.000297425
0.000296734
0.000296445
0.000296566
0.000297105
0.000298068
0.000299461
0.00030129
0.000303562
0.000306287
0.000309475
0.000313145
0.000317317
0.000322148
0.000327614
0.00033374
0.000340579
0.0003482
0.000356692
0.000366167
0.000376752
0.000388578
0.000401737
0.000416199
0.000431635
0.000447095
0.000460657
0.00458054
0.00473037
0.00489572
0.00506458
0.00523726
0.00541404
0.0055955
0.00578206
0.00597401
0.00617152
0.00637463
0.00658327
0.00679732
0.00701657
0.00724076
0.00746959
0.00770266
0.00793953
0.00817966
0.00842241
0.00866703
0.00891266
0.00915831
0.00940287
0.00964509
0.00988363
0.0101171
0.0103439
0.0105625
0.0107716
0.0109695
0.011155
0.0113268
0.0114838
0.0116253
0.0117505
0.0118591
0.0119507
0.0120254
0.0120834
0.0121252
0.0121514
0.0121627
0.0121603
0.0121452
0.0121186
0.0120819
0.0120364
0.0119832
0.0119237
0.0118586
0.0117888
0.0117145
0.0116378
0.0115599
0.0114773
0.0113874
0.0112881
0.0111771
0.011052
0.0109103
0.0107495
0.0105673
0.0103614
0.0101298
0.00987091
0.00958358
0.00926716
0.00892145
0.00854671
0.00814358
0.00771304
0.00725628
0.0067747
0.00626988
0.00574365
0.00519814
0.00463607
0.00406111
0.00347854
0.0028966
0.00232882
0.00179698
0.00133189
0.000967009
0.000723968
0.000599755
0.000566605
0.000581876
0.000606884
0.000624503
0.000634458
0.0006405
0.000645242
0.00064993
0.000655052
0.000660754
0.000667035
0.000673833
0.000681039
0.000688621
0.000697094
0.000706412
0.000716459
0.000726943
0.000737366
0.000747004
0.000754927
0.00076008
0.000761449
0.00075827
0.000750228
0.000737568
0.000721049
0.00070178
0.000680987
0.000659804
0.000639145
0.000619648
0.000601701
0.000585486
0.000571035
0.000558289
0.000547129
0.00053741
0.000528982
0.000521699
0.000515396
0.0005099
0.00050467
0.000499578
0.000494577
0.000489634
0.000484722
0.00047982
0.000474911
0.000469981
0.000465022
0.000460027
0.000454997
0.000449933
0.000444843
0.000439738
0.000434633
0.000429547
0.000424501
0.000419521
0.000414633
0.000409868
0.000405256
0.000400827
0.000396615
0.000392648
0.000388956
0.000385566
0.000382502
0.000379783
0.000377427
0.000375447
0.000373849
0.00037264
0.00037182
0.000371387
0.000371335
0.000371659
0.000372351
0.000373404
0.000374811
0.000376566
0.000378664
0.000381106
0.00038389
0.000387022
0.000390509
0.000394438
0.000398778
0.000403535
0.000408719
0.000414334
0.00042038
0.000426833
0.00043364
0.000440688
0.000447783
0.00045462
0.00046078
0.000465842
0.00540276
0.00557121
0.00575663
0.00594663
0.00614118
0.00634069
0.00654578
0.00675688
0.00697431
0.00719821
0.00742863
0.00766552
0.00790872
0.00815805
0.00841325
0.00867399
0.00893989
0.00921046
0.00948515
0.00976329
0.0100441
0.0103266
0.0106098
0.0108926
0.0111735
0.0114513
0.0117242
0.0119908
0.0122493
0.0124979
0.012735
0.0129588
0.0131676
0.0133599
0.013534
0.0136888
0.0138228
0.0139352
0.014025
0.0140919
0.0141355
0.0141559
0.0141536
0.0141296
0.0140849
0.0140213
0.0139407
0.0138453
0.0137377
0.0136204
0.013496
0.0133668
0.0132351
0.0131023
0.0129739
0.0128492
0.0127258
0.0126012
0.0124734
0.0123399
0.0121982
0.0120458
0.0118801
0.0116987
0.0114991
0.0112794
0.0110375
0.010772
0.0104814
0.0101647
0.00982099
0.0094496
0.00904996
0.00862167
0.0081645
0.00767842
0.00716377
0.0066214
0.00605291
0.00546098
0.00484976
0.00422541
0.00359672
0.0029762
0.00238145
0.00183619
0.00136877
0.00100502
0.000756231
0.000610852
0.00053954
0.000510251
0.000500405
0.00049857
0.000500071
0.000503165
0.000507235
0.000512094
0.000517712
0.000524085
0.000531306
0.000540143
0.000550995
0.00056433
0.000580572
0.000600034
0.000622782
0.00064845
0.000676037
0.000703771
0.000729193
0.000749564
0.000762556
0.000766938
0.000762893
0.00075182
0.000735786
0.000716935
0.000697083
0.00067755
0.000659165
0.00064237
0.000627338
0.000614071
0.000602474
0.00059241
0.000583728
0.000576243
0.000569743
0.000563613
0.000557691
0.000551909
0.000546222
0.000540599
0.000535012
0.000529441
0.000523867
0.00051828
0.000512674
0.000507045
0.000501399
0.000495742
0.000490089
0.000484455
0.000478863
0.000473338
0.000467909
0.000462605
0.000457459
0.000452505
0.000447776
0.000443304
0.00043912
0.000435252
0.000431724
0.000428556
0.000425763
0.000423354
0.000421332
0.000419695
0.000418436
0.000417541
0.000416995
0.000416779
0.000416872
0.000417253
0.000417903
0.000418801
0.000419931
0.00042128
0.000422834
0.000424584
0.000426523
0.000428646
0.000430946
0.000433454
0.000436141
0.000438995
0.000441997
0.000445124
0.000448342
0.000451609
0.000454872
0.000458068
0.00046114
0.000464056
0.000466849
0.00610497
0.00628956
0.00649207
0.00670025
0.00691363
0.00713278
0.0073583
0.00759063
0.00783007
0.00807678
0.00833078
0.00859202
0.00886038
0.00913567
0.00941764
0.009706
0.0100003
0.0103002
0.010605
0.0109141
0.0112267
0.0115417
0.0118583
0.012175
0.0124906
0.0128035
0.0131121
0.0134147
0.0137094
0.0139941
0.014267
0.0145258
0.0147685
0.0149929
0.0151971
0.015379
0.0155368
0.0156688
0.0157738
0.0158506
0.0158987
0.0159178
0.0159084
0.0158713
0.015808
0.0157205
0.0156113
0.0154832
0.0153396
0.0151837
0.015019
0.0148486
0.0146754
0.0145021
0.0143304
0.0141662
0.0140101
0.0138599
0.0137134
0.0135684
0.0134226
0.0132736
0.013119
0.0129565
0.0127838
0.0125986
0.012399
0.012183
0.0119487
0.0116945
0.0114185
0.0111192
0.0107947
0.0104433
0.0100631
0.00965227
0.00920893
0.00873134
0.00821802
0.00766799
0.00708108
0.00645838
0.00580276
0.0051196
0.00441763
0.00370986
0.0030146
0.00235621
0.00176451
0.00127072
0.000897953
0.000649191
0.000503669
0.000428194
0.000392767
0.000377553
0.000371739
0.000370144
0.000370506
0.000371891
0.000373995
0.000376947
0.000381057
0.000386841
0.000394969
0.00040629
0.000421832
0.00044275
0.000470171
0.000504845
0.000546578
0.000593549
0.000641912
0.000686284
0.00072132
0.000743615
0.000752695
0.000750578
0.000740516
0.000725788
0.000709017
0.000691987
0.000675758
0.000660873
0.000647547
0.000635809
0.000625594
0.000616756
0.000609075
0.000601868
0.000594942
0.000588208
0.000581609
0.000575107
0.000568671
0.000562275
0.000555901
0.000549536
0.000543172
0.000536807
0.000530446
0.000524099
0.000517782
0.000511515
0.000505323
0.000499234
0.000493279
0.000487492
0.000481909
0.000476562
0.000471488
0.000466718
0.000462282
0.000458204
0.000454506
0.000451203
0.000448303
0.000445807
0.00044371
0.000442
0.000440659
0.000439663
0.000438985
0.000438596
0.000438464
0.00043856
0.000438855
0.000439322
0.00043994
0.000440689
0.000441556
0.000442527
0.000443594
0.000444751
0.000445992
0.000447313
0.000448721
0.000450206
0.000451763
0.000453386
0.000455072
0.00045682
0.000458633
0.000460523
0.000462515
0.000464652
0.000467002
0.00663657
0.00683397
0.00704944
0.00727159
0.00749943
0.00773373
0.00797503
0.00822379
0.00848025
0.00874457
0.00901678
0.00929682
0.0095846
0.00987995
0.0101827
0.0104924
0.0108089
0.0111316
0.01146
0.0117934
0.012131
0.0124718
0.0128149
0.0131588
0.0135022
0.0138436
0.0141813
0.0145133
0.0148378
0.0151525
0.0154553
0.0157438
0.0160155
0.0162682
0.0164994
0.0167067
0.016888
0.0170414
0.0171652
0.0172582
0.0173195
0.0173489
0.0173468
0.017314
0.0172523
0.0171636
0.0170505
0.0169161
0.0167636
0.0165962
0.0164173
0.0162298
0.0160367
0.0158404
0.0156428
0.0154455
0.015253
0.0150688
0.0148915
0.0147198
0.0145522
0.0143871
0.0142229
0.0140579
0.0138902
0.0137182
0.0135402
0.0133545
0.0131593
0.0129529
0.0127336
0.0124993
0.012248
0.0119774
0.0116848
0.0113676
0.0110226
0.0106465
0.0102358
0.00978701
0.00929658
0.00876129
0.00817848
0.00754655
0.00686553
0.00613798
0.00537009
0.00457309
0.00376504
0.00297243
0.00223105
0.00158371
0.00107134
0.000715799
0.000504223
0.000395118
0.000344123
0.000321147
0.000310367
0.000304574
0.000300792
0.000297477
0.00029435
0.000291505
0.000289239
0.000288041
0.000288629
0.00029201
0.000299557
0.000313073
0.00033475
0.00036689
0.000411151
0.000467202
0.000531264
0.000595859
0.000652007
0.000692959
0.000716637
0.000725228
0.000723002
0.000714274
0.000702354
0.000689392
0.000676625
0.000664696
0.00065391
0.000644338
0.000635878
0.000627894
0.000620188
0.000612661
0.000605256
0.000597936
0.00059067
0.000583438
0.000576222
0.000569011
0.000561802
0.000554598
0.000547408
0.000540247
0.000533137
0.000526104
0.000519179
0.000512396
0.000505791
0.000499403
0.000493268
0.000487426
0.00048191
0.000476753
0.000471982
0.000467622
0.000463689
0.000460191
0.000457133
0.000454509
0.000452305
0.000450502
0.000449073
0.000447986
0.000447207
0.000446699
0.000446424
0.000446348
0.000446437
0.000446664
0.000447003
0.000447438
0.000447952
0.000448535
0.000449182
0.000449888
0.000450653
0.000451477
0.000452363
0.000453318
0.000454346
0.000455454
0.000456654
0.00045796
0.00045939
0.000460972
0.00046274
0.000464736
0.000467019
0.00695279
0.00715882
0.00738208
0.00761278
0.00784947
0.00809312
0.00834422
0.00860321
0.00887031
0.00914564
0.00942923
0.00972105
0.010021
0.010329
0.0106448
0.0109681
0.0112987
0.011636
0.0119796
0.0123288
0.0126828
0.0130407
0.0134013
0.0137635
0.0141259
0.0144869
0.0148447
0.0151976
0.0155435
0.0158802
0.0162055
0.0165169
0.016812
0.0170883
0.0173433
0.0175747
0.0177801
0.0179576
0.0181055
0.0182223
0.0183074
0.0183604
0.0183814
0.0183714
0.0183316
0.0182639
0.0181705
0.018054
0.0179169
0.0177621
0.0175923
0.0174099
0.0172175
0.0170171
0.0168104
0.0165992
0.0163845
0.0161683
0.015955
0.0157459
0.0155407
0.015339
0.0151405
0.0149445
0.0147504
0.0145574
0.0143647
0.0141713
0.0139762
0.0137783
0.0135766
0.0133695
0.0131556
0.0129331
0.0126996
0.0124525
0.0121889
0.0119052
0.0115974
0.0112609
0.0108909
0.0104822
0.0100294
0.00952727
0.00897078
0.00835582
0.00767962
0.0069417
0.00614504
0.00529779
0.0044156
0.00352445
0.00266362
0.00188644
0.00125331
0.000809048
0.000550316
0.000423157
0.000365405
0.000337814
0.000322147
0.000309902
0.000298558
0.000287275
0.000275861
0.00026441
0.000253189
0.000242625
0.000233363
0.00022636
0.00022301
0.000225287
0.000235837
0.000257897
0.000294739
0.000348198
0.000416283
0.00049138
0.00056183
0.000617253
0.000653344
0.000672047
0.000678334
0.000677117
0.000671942
0.000664983
0.000657475
0.000650075
0.000643072
0.000636203
0.000629352
0.000622453
0.00061548
0.000608418
0.000601259
0.000593999
0.000586639
0.000579181
0.000571636
0.000564021
0.00055636
0.000548682
0.000541023
0.000533422
0.000525925
0.000518575
0.000511423
0.000504514
0.000497894
0.000491608
0.000485695
0.000480189
0.00047512
0.000470511
0.000466374
0.000462718
0.000459539
0.000456826
0.00045456
0.000452715
0.000451256
0.000450148
0.000449347
0.000448814
0.000448506
0.000448386
0.000448419
0.000448575
0.00044883
0.000449166
0.000449569
0.000450031
0.000450547
0.000451115
0.000451738
0.000452418
0.000453161
0.000453974
0.000454868
0.000455852
0.000456942
0.000458154
0.00045951
0.000461037
0.000462768
0.000464745
0.00046702
0.00702209
0.0072319
0.00745698
0.00768996
0.00792901
0.00817532
0.00842932
0.00869143
0.00896183
0.00924064
0.00952786
0.00982347
0.0101274
0.0104396
0.0107598
0.0110879
0.0114235
0.0117663
0.0121157
0.0124712
0.0128319
0.0131969
0.0135653
0.0139358
0.0143071
0.0146777
0.0150459
0.01541
0.0157679
0.0161177
0.0164571
0.0167838
0.0170955
0.0173899
0.0176645
0.0179172
0.0181457
0.0183481
0.0185228
0.0186686
0.0187844
0.0188697
0.0189247
0.0189498
0.0189457
0.018914
0.018856
0.0187736
0.0186687
0.0185433
0.0183992
0.0182384
0.0180626
0.0178735
0.0176727
0.0174614
0.0172411
0.017013
0.0167781
0.0165387
0.0162977
0.0160557
0.015813
0.01557
0.015327
0.0150843
0.014842
0.0146
0.0143582
0.0141165
0.0138747
0.0136323
0.013389
0.0131442
0.0128972
0.012647
0.0123919
0.0121301
0.0118588
0.0115748
0.0112738
0.010951
0.0106005
0.010216
0.00979069
0.00931774
0.0087907
0.00820406
0.00755405
0.00683958
0.00606352
0.00523447
0.00436911
0.00349507
0.00265387
0.00190133
0.00129912
0.000888197
0.00065496
0.000538331
0.000478452
0.000439349
0.00040778
0.000378976
0.000351472
0.000324955
0.000299455
0.000275069
0.000251894
0.000230088
0.000209996
0.000192314
0.000178242
0.000169581
0.000168789
0.000178997
0.000203862
0.000246676
0.000307892
0.000381592
0.000455095
0.000515367
0.000556711
0.000581328
0.000594517
0.000600892
0.0006034
0.000603707
0.000602783
0.000601209
0.000599042
0.000596305
0.000593026
0.000589236
0.000584964
0.000580237
0.000575082
0.00056953
0.000563613
0.000557372
0.000550852
0.000544106
0.000537193
0.000530176
0.000523123
0.000516103
0.000509186
0.000502442
0.000495934
0.000489725
0.000483868
0.000478412
0.000473395
0.000468845
0.000464781
0.000461212
0.000458135
0.000455536
0.000453394
0.000451677
0.00045035
0.000449369
0.000448691
0.00044827
0.000448064
0.000448033
0.000448143
0.000448363
0.00044867
0.000449048
0.000449484
0.000449971
0.000450506
0.000451088
0.00045172
0.000452407
0.000453154
0.000453971
0.000454866
0.000455851
0.000456941
0.000458153
0.00045951
0.000461037
0.000462768
0.000464745
0.00046702
0.00683336
0.0070416
0.00726215
0.00749077
0.00772532
0.00796722
0.00821684
0.00847458
0.0087406
0.00901498
0.00929772
0.00958882
0.00988822
0.0101959
0.0105116
0.0108354
0.0111668
0.0115056
0.0118512
0.0122032
0.0125608
0.0129231
0.0132892
0.013658
0.0140282
0.0143985
0.0147672
0.0151327
0.0154932
0.0158469
0.0161917
0.0165255
0.0168463
0.0171518
0.01744
0.0177089
0.0179564
0.0181809
0.0183808
0.0185548
0.0187018
0.0188213
0.0189128
0.0189764
0.0190126
0.019022
0.0190055
0.0189642
0.0188991
0.0188117
0.018703
0.0185743
0.0184269
0.0182619
0.0180805
0.0178837
0.0176725
0.0174477
0.0172102
0.0169612
0.0167013
0.0164329
0.0161572
0.0158747
0.0155857
0.0152909
0.0149904
0.0146845
0.0143732
0.0140564
0.0137338
0.0134052
0.0130706
0.0127297
0.0123828
0.01203
0.0116719
0.0113091
0.0109423
0.010572
0.0101987
0.00982233
0.00944183
0.00905513
0.00865865
0.00824727
0.00781458
0.00735363
0.00685815
0.00632385
0.00574968
0.00513878
0.00449947
0.00384614
0.00320002
0.00258884
0.00204439
0.00159633
0.00126174
0.00103508
0.000889028
0.000787683
0.000707186
0.000635017
0.000567163
0.000503405
0.000444601
0.000391451
0.000344061
0.000301954
0.00026435
0.000230523
0.000200124
0.000173368
0.000151074
0.000134569
0.000125587
0.000126339
0.000139793
0.000169525
0.000217542
0.000279391
0.00034225
0.00039321
0.000428488
0.000451614
0.000467202
0.000478257
0.000486496
0.000493509
0.000499504
0.00050455
0.000508693
0.000511971
0.000514413
0.000516042
0.000516881
0.000516953
0.000516285
0.00051491
0.00051287
0.000510215
0.000507006
0.000503316
0.000499223
0.000494817
0.000490193
0.000485445
0.000480673
0.000475968
0.00047142
0.000467107
0.000463095
0.000459438
0.000456176
0.000453335
0.000450923
0.000448937
0.000447362
0.00044617
0.000445328
0.000444796
0.00044453
0.000444487
0.000444627
0.000444912
0.000445309
0.000445794
0.000446345
0.000446949
0.000447596
0.000448282
0.000449006
0.000449769
0.000450575
0.000451429
0.000452336
0.000453303
0.000454338
0.00045545
0.000456652
0.000457959
0.00045939
0.000460972
0.00046274
0.000464736
0.000467019
0.00639924
0.00660027
0.00680999
0.00702766
0.00725095
0.00748148
0.00771956
0.00796557
0.00821962
0.00848178
0.00875205
0.00903042
0.00931689
0.00961142
0.00991395
0.0102244
0.0105425
0.010868
0.0112005
0.0115396
0.0118845
0.0122345
0.0125888
0.0129462
0.0133058
0.0136661
0.0140259
0.0143835
0.0147375
0.0150861
0.0154274
0.0157598
0.0160814
0.0163902
0.0166845
0.0169623
0.0172222
0.0174623
0.0176813
0.0178779
0.0180511
0.0181998
0.0183235
0.0184219
0.0184948
0.0185424
0.0185652
0.0185634
0.0185378
0.0184889
0.0184174
0.0183242
0.0182101
0.0180759
0.0179226
0.0177511
0.0175623
0.0173567
0.017135
0.0168976
0.0166447
0.0163768
0.0160942
0.0157976
0.0154876
0.0151648
0.0148291
0.0144806
0.0141188
0.0137428
0.0133516
0.0129436
0.0125173
0.0120708
0.0116023
0.0111103
0.0105936
0.0100517
0.00948505
0.00889546
0.00828648
0.00766385
0.00703589
0.00641373
0.00581086
0.00524188
0.00471981
0.00425253
0.00384046
0.00347788
0.00315728
0.00287269
0.00262026
0.00239732
0.00220145
0.0020298
0.00187912
0.00174622
0.00162832
0.00152292
0.0014262
0.00133193
0.00123445
0.00112873
0.00101338
0.000891301
0.000768739
0.000652928
0.000549459
0.000460764
0.000386336
0.000324058
0.000271557
0.000226988
0.000189231
0.000157729
0.000132263
0.000112886
0.00010012
9.52972e-05
0.000100891
0.000120265
0.000154987
0.000199217
0.000240364
0.000270753
0.000291738
0.000307168
0.000319564
0.000331123
0.000342136
0.000352667
0.00036273
0.000372315
0.000381401
0.000389959
0.000397952
0.000405339
0.000412078
0.000418127
0.000423447
0.00042801
0.000431795
0.0004348
0.000437038
0.000438545
0.000439376
0.000439605
0.000439326
0.000438642
0.000437666
0.000436511
0.000435283
0.00043408
0.000432985
0.00043206
0.000431354
0.000430891
0.000430683
0.000430723
0.000430996
0.000431476
0.000432133
0.000432936
0.000433854
0.000434859
0.000435928
0.000437045
0.000438198
0.000439381
0.000440591
0.000441831
0.000443105
0.000444418
0.000445775
0.000447183
0.000448645
0.000450164
0.00045174
0.000453374
0.000455066
0.000456817
0.000458632
0.000460523
0.000462515
0.000464652
0.000467002
0.00575468
0.00594287
0.00613592
0.00633657
0.00654234
0.00675502
0.00697484
0.00720219
0.00743713
0.00767971
0.00792993
0.00818779
0.00845331
0.0087265
0.00900737
0.00929585
0.00959182
0.00989509
0.0102054
0.0105222
0.0108451
0.0111734
0.0115063
0.0118429
0.0121823
0.0125233
0.0128647
0.0132052
0.0135433
0.0138776
0.0142065
0.0145285
0.0148419
0.0151452
0.0154366
0.0157148
0.0159781
0.0162251
0.0164545
0.0166651
0.0168555
0.0170248
0.0171721
0.0172966
0.0173978
0.0174757
0.0175302
0.0175613
0.0175691
0.0175537
0.0175156
0.0174551
0.0173728
0.0172694
0.0171458
0.0170029
0.0168415
0.0166625
0.0164668
0.0162546
0.0160264
0.0157822
0.0155216
0.0152443
0.0149489
0.0146359
0.0143055
0.0139576
0.0135914
0.013206
0.0127996
0.01237
0.0119147
0.0114305
0.0109137
0.0103605
0.00976707
0.00912954
0.00844471
0.00771051
0.00692695
0.00609744
0.00523079
0.00434394
0.0034655
0.00263909
0.00192241
0.00137394
0.00102268
0.000844706
0.000784053
0.000794138
0.000851348
0.000946128
0.00107203
0.00121818
0.00136655
0.00149608
0.00159188
0.00165075
0.00167819
0.00168011
0.00165643
0.00160509
0.0015234
0.00141001
0.0012673
0.00110355
0.000932702
0.000769966
0.000625984
0.000504541
0.000404584
0.000323435
0.000258622
0.000208087
0.000169658
0.000140702
0.000118431
0.000100782
8.73952e-05
8.00229e-05
8.19771e-05
9.62665e-05
0.000120906
0.000145966
0.000163612
0.000174931
0.000183333
0.000191319
0.000199398
0.000207712
0.0002163
0.000225168
0.000234309
0.000243702
0.000253317
0.000263111
0.000273029
0.000283003
0.000292952
0.000302783
0.000312393
0.000321675
0.00033052
0.000338829
0.000346517
0.00035352
0.000359804
0.000365366
0.000370237
0.000374473
0.000378155
0.000381378
0.00038424
0.000386837
0.000389253
0.000391558
0.000393805
0.000396031
0.000398255
0.000400488
0.00040273
0.000404979
0.000407227
0.000409471
0.00041171
0.000413944
0.000416183
0.000418435
0.000420717
0.000423044
0.000425435
0.000427908
0.000430479
0.000433163
0.000435967
0.000438895
0.000441942
0.000445095
0.000448328
0.000451603
0.000454869
0.000458067
0.00046114
0.000464056
0.000466849
0.00495203
0.00512217
0.00529365
0.00547208
0.00565497
0.00584415
0.00603985
0.00624241
0.00645189
0.00666831
0.00689166
0.00712195
0.00735923
0.00760354
0.00785492
0.0081134
0.00837893
0.00865138
0.00893057
0.00921618
0.00950781
0.00980494
0.0101069
0.0104131
0.0107225
0.0110343
0.0113474
0.0116607
0.011973
0.012283
0.0125895
0.012891
0.0131863
0.0134739
0.0137524
0.0140206
0.014277
0.0145204
0.0147496
0.0149633
0.0151603
0.0153393
0.0154991
0.0156387
0.0157573
0.0158546
0.0159305
0.0159847
0.016017
0.0160271
0.016015
0.0159811
0.0159258
0.0158495
0.0157528
0.0156366
0.0155018
0.0153502
0.0151823
0.014999
0.0148008
0.0145883
0.0143616
0.0141205
0.0138642
0.01359
0.0132982
0.012988
0.0126603
0.0123141
0.0119477
0.0115586
0.0111441
0.0107007
0.0102247
0.00971215
0.00915902
0.00856185
0.00791697
0.0072212
0.0064725
0.00567107
0.00482117
0.00393413
0.00303397
0.00216604
0.00140506
0.000842457
0.000523972
0.000395159
0.000362888
0.000372419
0.000407574
0.000469867
0.000568571
0.000715536
0.000915495
0.00114954
0.00137208
0.00154471
0.00166607
0.00175051
0.00180177
0.00181991
0.00180298
0.00174888
0.00165648
0.00152678
0.00136483
0.00118138
0.000991464
0.000809354
0.000644376
0.000501158
0.000382154
0.000288794
0.000220657
0.000174536
0.000144887
0.000125317
0.000110107
9.57596e-05
8.26225e-05
7.50632e-05
7.83449e-05
9.21833e-05
0.000106579
0.000114173
0.000117395
0.000119662
0.000122064
0.000124897
0.000128227
0.00013207
0.000136434
0.000141332
0.000146772
0.000152766
0.000159323
0.000166444
0.000174124
0.000182345
0.000191076
0.000200265
0.000209843
0.000219718
0.00022978
0.000239905
0.00024996
0.000259812
0.00026934
0.000278442
0.000287043
0.000295099
0.000302597
0.000309551
0.000315994
0.000321973
0.00032754
0.000332746
0.00033764
0.000342264
0.000346656
0.000350849
0.000354874
0.000358762
0.000362544
0.000366253
0.000369927
0.000373605
0.000377329
0.000381145
0.000385098
0.000389236
0.000393604
0.000398249
0.000403211
0.000408528
0.000414227
0.000420322
0.000426804
0.000433626
0.000440682
0.000447781
0.000454619
0.00046078
0.000465842
0.0040546
0.0042023
0.00434862
0.00450094
0.00465686
0.00481821
0.00498517
0.0051581
0.00533703
0.00552198
0.00571293
0.0059099
0.00611293
0.00632209
0.00653746
0.0067591
0.00698702
0.00722119
0.0074615
0.00770776
0.00795967
0.00821687
0.00847887
0.00874512
0.00901496
0.00928764
0.00956233
0.00983814
0.0101141
0.0103892
0.0106623
0.0109324
0.0111983
0.0114589
0.011713
0.0119595
0.0121973
0.0124252
0.0126421
0.0128468
0.0130381
0.0132147
0.013375
0.0135174
0.0136408
0.0137454
0.013831
0.0138973
0.0139438
0.0139701
0.0139754
0.0139608
0.0139263
0.0138722
0.0137989
0.0137072
0.0135981
0.0134727
0.0133321
0.0131772
0.013009
0.0128283
0.0126358
0.0124321
0.0122177
0.0119899
0.0117491
0.0114954
0.0112287
0.0109482
0.0106528
0.0103406
0.0100091
0.00965521
0.00927472
0.0088625
0.00841286
0.00792902
0.00740641
0.00684131
0.00623105
0.00557457
0.00487284
0.00412847
0.00334866
0.00255175
0.00178
0.00111353
0.000649608
0.000410942
0.000314928
0.000278557
0.000266675
0.000271478
0.00029717
0.000357459
0.000478691
0.000693829
0.000990634
0.00126924
0.00147898
0.00163694
0.00175251
0.00182841
0.00186354
0.00185727
0.00181072
0.00172689
0.00161026
0.00146655
0.0013028
0.00112664
0.000944996
0.000764086
0.000591482
0.000437694
0.000313734
0.000225402
0.000170141
0.000139682
0.000124542
0.000116109
0.000107228
9.44801e-05
8.20389e-05
7.97175e-05
8.98014e-05
9.88604e-05
0.000100302
9.86668e-05
9.67728e-05
9.54055e-05
9.46499e-05
9.44512e-05
9.47533e-05
9.55204e-05
9.67344e-05
9.83907e-05
0.000100495
0.000103059
0.000106102
0.000109646
0.000113713
0.000118325
0.000123498
0.000129241
0.000135551
0.000142413
0.000149792
0.000157635
0.000165869
0.000174404
0.000183136
0.000191953
0.000200744
0.000209405
0.000217845
0.000225994
0.0002338
0.000241234
0.000248285
0.000254958
0.000261272
0.000267256
0.000272949
0.000278396
0.000283647
0.000288761
0.000293797
0.000298823
0.000303908
0.000309126
0.000314556
0.000320278
0.000326378
0.000332949
0.000340089
0.000347906
0.000356523
0.000366074
0.000376703
0.000388553
0.000401725
0.000416194
0.000431634
0.000447095
0.000460657
0.00312959
0.00325164
0.00337069
0.00349453
0.00362102
0.00375184
0.0038872
0.00402741
0.00417253
0.00432257
0.00447751
0.00463736
0.00480216
0.00497198
0.0051469
0.00532701
0.00551235
0.00570294
0.00589874
0.00609964
0.00630547
0.00651598
0.00673085
0.00694967
0.00717197
0.0073972
0.00762477
0.00785398
0.00808412
0.00831441
0.00854403
0.00877212
0.00899782
0.00922022
0.00943841
0.00965149
0.00985852
0.0100586
0.0102507
0.0104339
0.010607
0.0107687
0.0109171
0.0110499
0.0111655
0.0112648
0.0113484
0.0114159
0.0114665
0.0115001
0.0115161
0.0115146
0.0114956
0.0114593
0.0114061
0.0113366
0.0112515
0.0111519
0.0110386
0.0109127
0.0107753
0.0106272
0.0104696
0.0103033
0.010129
0.00994693
0.00975665
0.00955836
0.00935212
0.0091377
0.00891457
0.00868178
0.00843792
0.00818109
0.00790886
0.00761831
0.0073063
0.00696974
0.00660451
0.00620554
0.00576654
0.00528411
0.00476649
0.00421138
0.0036179
0.00298734
0.00232813
0.00166861
0.00107928
0.000658872
0.000434243
0.000328387
0.00027064
0.000231894
0.000205326
0.000194184
0.000211993
0.000296623
0.000525066
0.000860957
0.00115471
0.00138421
0.00156185
0.00169167
0.001773
0.00180622
0.00179482
0.00174471
0.00166341
0.00155852
0.00143638
0.00130094
0.00115327
0.000992523
0.000819052
0.000639069
0.000467492
0.000323842
0.000221233
0.00015914
0.000127706
0.000115771
0.000113844
0.000113056
0.000105737
9.27422e-05
8.91102e-05
0.000100186
0.000105422
0.000102327
9.72672e-05
9.28553e-05
8.94459e-05
8.68467e-05
8.48492e-05
8.33126e-05
8.21511e-05
8.13142e-05
8.07741e-05
8.05181e-05
8.05434e-05
8.08549e-05
8.14627e-05
8.2381e-05
8.36269e-05
8.52196e-05
8.71787e-05
8.95231e-05
9.22695e-05
9.54297e-05
9.90097e-05
0.000103007
0.000107407
0.000112188
0.000117311
0.000122728
0.000128384
0.000134213
0.000140149
0.000146129
0.000152093
0.000157995
0.000163798
0.000169482
0.00017504
0.000180484
0.000185836
0.000191136
0.000196432
0.000201787
0.000207271
0.000212962
0.000218948
0.000225323
0.00023219
0.000239665
0.000247878
0.000256984
0.000267177
0.00027871
0.000291925
0.000307296
0.000325473
0.000347309
0.000373768
0.000405361
0.000440262
0.00224089
0.00233545
0.00242651
0.00252107
0.00261737
0.00271684
0.00281966
0.00292615
0.00303635
0.00315029
0.00326795
0.00338933
0.00351446
0.00364339
0.0037762
0.00391295
0.0040537
0.00419849
0.00434732
0.00450014
0.00465686
0.00481733
0.00498135
0.00514865
0.00531894
0.00549184
0.00566695
0.00584379
0.00602188
0.00620066
0.00637957
0.006558
0.00673533
0.00691091
0.00708409
0.00725418
0.0074205
0.00758235
0.00773898
0.0078896
0.00803331
0.00816893
0.00829462
0.00840698
0.00850317
0.00858658
0.00865823
0.00871769
0.00876431
0.00879748
0.00881689
0.0088224
0.00881389
0.00879144
0.00875532
0.00870597
0.00864399
0.00857006
0.00848498
0.0083896
0.00828486
0.0081717
0.00805108
0.00792382
0.00779063
0.00765262
0.00751029
0.00736374
0.00721316
0.00705871
0.00690041
0.00673807
0.00657124
0.00639917
0.00622075
0.00603449
0.00583847
0.00563039
0.0054073
0.00516574
0.00490198
0.0046128
0.00429589
0.00394813
0.00356547
0.00314603
0.00270138
0.00223298
0.00174814
0.00127346
0.00087113
0.000598016
0.000447249
0.000347326
0.0002668
0.000198858
0.000148177
0.000130498
0.000198825
0.00044669
0.000780624
0.0010665
0.00129969
0.00147762
0.00159986
0.00166728
0.0016859
0.00166365
0.00161016
0.00153458
0.00144435
0.00134358
0.00123242
0.00110753
0.000964393
0.000801481
0.000625324
0.000453115
0.000307638
0.00020437
0.000143106
0.000113301
0.000103547
0.000104927
0.00010935
0.000108076
9.8523e-05
0.000100037
0.000112908
0.000113155
0.000106239
9.92194e-05
9.38636e-05
8.98776e-05
8.6765e-05
8.42057e-05
8.20181e-05
8.01017e-05
7.84033e-05
7.68977e-05
7.55742e-05
7.44271e-05
7.34531e-05
7.26516e-05
7.20241e-05
7.1574e-05
7.13059e-05
7.12252e-05
7.13379e-05
7.16494e-05
7.21644e-05
7.28864e-05
7.38165e-05
7.49538e-05
7.62942e-05
7.78303e-05
7.95515e-05
8.14439e-05
8.34911e-05
8.5675e-05
8.79767e-05
9.03785e-05
9.28651e-05
9.54255e-05
9.80546e-05
0.000100755
0.000103538
0.000106426
0.000109451
0.000112658
0.000116103
0.000119857
0.000124001
0.000128631
0.000133856
0.000139798
0.000146597
0.000154412
0.000163436
0.000173917
0.000186215
0.00020089
0.000218885
0.000241834
0.000272637
0.000316373
0.000381118
0.00144326
0.00150986
0.00157344
0.00163931
0.00170621
0.0017752
0.00184644
0.00192017
0.00199646
0.00207532
0.00215676
0.00224076
0.00232734
0.00241652
0.00250834
0.00260287
0.00270014
0.0028002
0.00290305
0.00300867
0.00311703
0.00322804
0.0033416
0.00345754
0.00357569
0.00369583
0.00381771
0.00394104
0.00406552
0.00419081
0.00431656
0.00444237
0.00456787
0.00469263
0.00481622
0.00493822
0.00505815
0.00517556
0.00528993
0.00540074
0.00550737
0.00560897
0.00570401
0.00578824
0.00585732
0.00591783
0.00597079
0.00601537
0.00605113
0.00607759
0.00609451
0.00610175
0.00609915
0.00608673
0.00606464
0.00603315
0.00599266
0.00594364
0.00588663
0.00582226
0.00575121
0.00567422
0.00559199
0.005505
0.00541295
0.00531847
0.00522175
0.00512302
0.00502261
0.00492086
0.00481813
0.00471467
0.00461062
0.00450598
0.00440055
0.00429391
0.00418538
0.00407389
0.00395796
0.00383558
0.00370423
0.00356098
0.00340256
0.00322522
0.00302504
0.00279873
0.00254811
0.00227757
0.00199252
0.00170411
0.00142949
0.00117043
0.000887334
0.000664571
0.000497021
0.000347131
0.000213825
0.000118929
8.54986e-05
0.000177544
0.000454756
0.00075968
0.00103301
0.0012484
0.00140363
0.00149938
0.00154378
0.00154597
0.00151648
0.00146485
0.00139884
0.001323
0.00123804
0.00114091
0.00102629
0.000889587
0.00073124
0.000560867
0.000398017
0.000265093
0.000174509
0.000123082
9.93296e-05
9.22118e-05
9.34599e-05
9.64624e-05
9.57688e-05
9.2688e-05
0.000105958
0.000114626
0.000111054
0.000102662
9.57493e-05
9.08414e-05
8.72027e-05
8.43059e-05
8.18632e-05
7.97053e-05
7.77366e-05
7.59251e-05
7.42732e-05
7.27804e-05
7.14388e-05
7.02397e-05
6.91748e-05
6.82371e-05
6.74199e-05
6.67173e-05
6.61231e-05
6.56313e-05
6.52354e-05
6.49287e-05
6.47038e-05
6.45528e-05
6.44673e-05
6.44383e-05
6.44566e-05
6.45127e-05
6.4597e-05
6.47004e-05
6.48146e-05
6.49322e-05
6.50473e-05
6.51561e-05
6.52574e-05
6.53532e-05
6.54493e-05
6.55562e-05
6.56902e-05
6.58745e-05
6.61408e-05
6.65314e-05
6.71016e-05
6.79231e-05
6.9088e-05
7.07135e-05
7.29471e-05
7.5972e-05
8.00122e-05
8.53396e-05
9.22911e-05
0.000101322
0.000113157
0.000129175
0.000152361
0.000189884
0.000263035
0.000780753
0.000820319
0.000857907
0.000896844
0.000936366
0.000977107
0.00101918
0.00106273
0.00110781
0.00115444
0.0012026
0.00125229
0.0013035
0.00135625
0.00141056
0.00146645
0.00152395
0.00158308
0.00164385
0.00170625
0.00177026
0.00183585
0.00190295
0.0019715
0.0020414
0.00211253
0.00218477
0.00225796
0.00233196
0.00240657
0.00248162
0.0025569
0.0026322
0.0027073
0.00278197
0.00285597
0.00292904
0.00300094
0.00307138
0.00314006
0.00320664
0.00327068
0.00333122
0.00338391
0.0034235
0.00345885
0.00348983
0.00351602
0.00353722
0.00355319
0.00356378
0.00356892
0.00356849
0.00356249
0.00355098
0.00353413
0.00351215
0.00348529
0.00345387
0.00341824
0.00337881
0.00333602
0.00329029
0.00324177
0.00318888
0.00313478
0.00307956
0.0030235
0.00296696
0.00291029
0.0028539
0.00279813
0.00274331
0.00268973
0.00263759
0.00258704
0.00253809
0.00249062
0.00244429
0.0023985
0.00235229
0.0023042
0.00225206
0.00219242
0.00211984
0.00202763
0.00192148
0.00180029
0.00166486
0.0015183
0.00136564
0.00121076
0.0010602
0.000939399
0.000806679
0.000617168
0.000383525
0.000186499
6.97293e-05
7.55256e-05
0.000239933
0.000514602
0.000803249
0.00104288
0.00122138
0.00133945
0.00140535
0.00142866
0.00141976
0.00138799
0.00134092
0.00128326
0.00121633
0.00113796
0.0010434
0.000927545
0.000788234
0.00063006
0.00046699
0.000320386
0.000209339
0.000139511
0.00010305
8.77808e-05
8.31686e-05
8.07921e-05
7.5169e-05
6.78349e-05
8.38865e-05
8.84015e-05
9.47821e-05
9.271e-05
8.77681e-05
8.28196e-05
7.86725e-05
7.54159e-05
7.29121e-05
7.08972e-05
6.91313e-05
6.74937e-05
6.60044e-05
6.46848e-05
6.35248e-05
6.25108e-05
6.16302e-05
6.08714e-05
6.0224e-05
5.96777e-05
5.92227e-05
5.8849e-05
5.85465e-05
5.8305e-05
5.81141e-05
5.7963e-05
5.78413e-05
5.77381e-05
5.76428e-05
5.75452e-05
5.74351e-05
5.7303e-05
5.71398e-05
5.6937e-05
5.66866e-05
5.63813e-05
5.60141e-05
5.55786e-05
5.50687e-05
5.44784e-05
5.38024e-05
5.30356e-05
5.21736e-05
5.12137e-05
5.01559e-05
4.9005e-05
4.77741e-05
4.64902e-05
4.52015e-05
4.39885e-05
4.29777e-05
4.23566e-05
4.23909e-05
4.34459e-05
4.60426e-05
5.10399e-05
6.02101e-05
7.8121e-05
0.000121797
0.000294868
0.000310167
0.000324704
0.0003399
0.000355434
0.000371547
0.000388273
0.000405667
0.000423741
0.000442496
0.000461924
0.000482019
0.000502777
0.000524197
0.000546285
0.000569048
0.000592492
0.000616623
0.000641441
0.000666943
0.000693119
0.000719953
0.000747423
0.000775499
0.000804145
0.000833317
0.000862966
0.000893038
0.000923471
0.0009542
0.000985155
0.00101626
0.00104744
0.00107861
0.00110969
0.00114058
0.00117119
0.00120144
0.0012312
0.00126038
0.00128885
0.00131646
0.0013429
0.00136522
0.00137949
0.00139216
0.00140308
0.00141222
0.00141954
0.00142498
0.0014285
0.00143007
0.00142968
0.00142731
0.001423
0.00141681
0.00140883
0.00139914
0.00138787
0.00137515
0.00136112
0.00134595
0.00132982
0.00131274
0.00129275
0.00127223
0.00125134
0.00123026
0.00120921
0.00118839
0.00116799
0.00114822
0.0011293
0.00111143
0.0010948
0.0010796
0.00106601
0.00105417
0.0010442
0.00103618
0.00103014
0.00102598
0.00102332
0.00102068
0.00101133
0.000996138
0.000975965
0.00095027
0.000918117
0.000878878
0.00083279
0.000780793
0.00072542
0.000673108
0.00062092
0.000566479
0.00049136
0.000287188
7.81013e-05
4.92897e-05
0.000133941
0.000349704
0.000626748
0.00087718
0.00106978
0.00120457
0.00128777
0.0013286
0.00133667
0.00132085
0.00128845
0.00124425
0.00118998
0.0011242
0.00104296
0.000941471
0.000816705
0.000670612
0.000513071
0.000362394
0.00023944
0.000156062
0.000109285
8.77131e-05
7.95226e-05
7.43239e-05
6.31624e-05
4.2409e-05
6.06445e-05
6.41061e-05
6.87131e-05
6.76781e-05
6.54371e-05
6.35837e-05
5.91096e-05
5.53758e-05
5.26434e-05
5.0751e-05
4.94488e-05
4.83142e-05
4.72744e-05
4.63941e-05
4.56575e-05
4.50475e-05
4.45485e-05
4.41478e-05
4.38344e-05
4.35984e-05
4.34305e-05
4.3322e-05
4.32648e-05
4.32506e-05
4.32717e-05
4.33206e-05
4.33897e-05
4.34722e-05
4.35611e-05
4.36503e-05
4.37338e-05
4.38064e-05
4.38633e-05
4.39001e-05
4.39132e-05
4.3899e-05
4.38544e-05
4.37762e-05
4.36612e-05
4.35056e-05
4.33047e-05
4.30524e-05
4.27401e-05
4.23558e-05
4.18822e-05
4.12953e-05
4.05609e-05
3.96331e-05
3.8453e-05
3.6952e-05
3.50644e-05
3.27565e-05
3.00742e-05
2.7203e-05
2.45104e-05
2.25524e-05
2.2128e-05
2.48023e-05
3.63038e-05
4.25364e-05
4.32351e-05
4.39944e-05
4.4803e-05
4.56647e-05
4.65794e-05
4.75465e-05
4.85643e-05
4.96312e-05
5.07458e-05
5.19075e-05
5.31158e-05
5.43705e-05
5.56717e-05
5.70192e-05
5.84127e-05
5.98516e-05
6.13347e-05
6.28604e-05
6.44269e-05
6.60317e-05
6.76718e-05
6.9344e-05
7.10446e-05
7.27697e-05
7.45151e-05
7.62763e-05
7.80486e-05
7.98272e-05
8.16072e-05
8.33834e-05
8.51508e-05
8.69043e-05
8.86386e-05
9.03485e-05
9.20288e-05
9.36741e-05
9.52791e-05
9.68382e-05
9.83458e-05
9.97963e-05
0.000101184
0.000102513
0.000104023
0.000105721
0.000107279
0.000108711
0.000110011
0.000111175
0.000112198
0.000113072
0.000113796
0.000114363
0.00011477
0.000115016
0.000115102
0.000115029
0.0001148
0.000114419
0.000113892
0.000113224
0.000112423
0.000111497
0.000110454
0.000109398
0.000108306
0.000107171
0.000105992
0.000104774
0.000103524
0.000102251
0.000100963
9.96725e-05
9.839e-05
9.71276e-05
9.5898e-05
9.4714e-05
9.35888e-05
9.25353e-05
9.15663e-05
9.06942e-05
8.99305e-05
8.92819e-05
8.87454e-05
8.87543e-05
8.93231e-05
9.01664e-05
9.1103e-05
9.19475e-05
9.25168e-05
9.26675e-05
9.23171e-05
9.14092e-05
9.01769e-05
8.88842e-05
8.75937e-05
8.58377e-05
8.24721e-05
6.48199e-05
4.29112e-05
9.10886e-05
0.000251606
0.000502172
0.000752166
0.000952433
0.00109907
0.00119559
0.00125024
0.00127167
0.00126831
0.00124716
0.00121299
0.00116778
0.00111059
0.00103812
0.000946069
0.000831268
0.000694382
0.000542763
0.000392031
0.00026273
0.000170142
0.000115454
8.88752e-05
7.81976e-05
7.21641e-05
5.96048e-05
2.93543e-05
1.51537e-05
1.47836e-05
1.32192e-05
1.22289e-05
1.16009e-05
1.09535e-05
1.05541e-05
1.01729e-05
9.76297e-06
9.39324e-06
9.50562e-06
9.80261e-06
1.01544e-05
1.05392e-05
1.09446e-05
1.13616e-05
1.17836e-05
1.22057e-05
1.26242e-05
1.30362e-05
1.34394e-05
1.38317e-05
1.42114e-05
1.45772e-05
1.49277e-05
1.52621e-05
1.55793e-05
1.58786e-05
1.61595e-05
1.64217e-05
1.66649e-05
1.68892e-05
1.70948e-05
1.72819e-05
1.74513e-05
1.76035e-05
1.77397e-05
1.78607e-05
1.79679e-05
1.80626e-05
1.81462e-05
1.82202e-05
1.82859e-05
1.83448e-05
1.83983e-05
1.84475e-05
1.8494e-05
1.85396e-05
1.85875e-05
1.86436e-05
1.87181e-05
1.88286e-05
1.90005e-05
1.92653e-05
1.96496e-05
2.01487e-05
2.06658e-05
2.08467e-05
1.95834e-05
3.53515e-05
3.84028e-05
3.92729e-05
3.92484e-05
3.88876e-05
3.84334e-05
3.79888e-05
3.7594e-05
3.72613e-05
3.69915e-05
3.6781e-05
3.66254e-05
3.65209e-05
3.64567e-05
3.64301e-05
3.6441e-05
3.64879e-05
3.65683e-05
3.66791e-05
3.68166e-05
3.69771e-05
3.71565e-05
3.7351e-05
3.75567e-05
3.777e-05
3.79877e-05
3.82071e-05
3.84254e-05
3.86405e-05
3.88503e-05
3.90526e-05
3.92453e-05
3.94257e-05
3.95899e-05
3.97325e-05
3.98436e-05
3.99137e-05
3.99115e-05
3.98909e-05
9.30434e-05
6.09049e-05
4.93956e-05
4.45569e-05
4.27234e-05
4.24626e-05
4.30889e-05
4.42223e-05
4.56322e-05
4.71731e-05
4.87539e-05
5.03207e-05
5.18531e-05
5.32374e-05
5.44114e-05
5.53697e-05
5.61167e-05
5.66652e-05
5.70333e-05
5.72436e-05
5.73205e-05
5.72893e-05
5.71747e-05
5.70002e-05
5.67876e-05
5.65569e-05
5.63266e-05
5.61143e-05
5.59378e-05
5.58166e-05
5.5774e-05
5.58417e-05
5.60655e-05
5.6519e-05
5.7325e-05
5.87173e-05
6.11272e-05
6.56331e-05
7.46386e-05
0.000261578
0.000171013
0.000132947
0.00011227
9.96749e-05
9.14792e-05
8.59466e-05
8.21527e-05
7.95599e-05
7.7835e-05
7.67616e-05
7.61955e-05
7.60594e-05
7.61662e-05
7.63941e-05
7.67135e-05
7.71034e-05
7.75513e-05
7.80523e-05
7.86088e-05
7.92287e-05
7.99252e-05
8.07155e-05
8.16206e-05
8.26654e-05
8.38793e-05
8.52983e-05
8.69674e-05
8.8945e-05
9.131e-05
9.41725e-05
9.76909e-05
0.000102102
0.00010777
0.000115277
0.000125591
0.000140373
0.000162523
0.000197797
0.000487032
0.00034779
0.000280819
0.000241387
0.000215413
0.000196976
0.000183199
0.000172547
0.000164141
0.000157454
0.000152161
0.000148056
0.000145103
0.000142814
0.000141128
0.000140006
0.000139416
0.000139336
0.00013975
0.000140649
0.000142033
0.00014391
0.000146297
0.000149224
0.000152735
0.00015689
0.00016177
0.000167484
0.00017418
0.000182057
0.000191388
0.000202551
0.000216077
0.000232725
0.000253586
0.000280238
0.000314937
0.000360649
0.000421627
0.000680125
0.0005362
0.000452773
0.000399374
0.000362516
0.000335567
0.000314994
0.000298789
0.000285761
0.000275178
0.000266592
0.00025976
0.000254485
0.000250338
0.000247237
0.00024513
0.000243984
0.000243781
0.000244513
0.000246182
0.000248802
0.000252398
0.000257011
0.000262698
0.000269536
0.000277626
0.000287098
0.000298116
0.000310893
0.000325698
0.000342879
0.000362894
0.000386342
0.000414023
0.000446989
0.000486605
0.000534585
0.000592918
0.000664252
0.000805439
0.000691871
0.000611241
0.000553861
0.000511767
0.000479851
0.00045495
0.00043508
0.000418974
0.000405816
0.000395082
0.000386569
0.000379723
0.000374373
0.000370413
0.000367778
0.000366438
0.000366379
0.000367608
0.000370148
0.000374036
0.000379325
0.000386083
0.000394396
0.000404366
0.000416113
0.00042978
0.000445529
0.000463554
0.000484088
0.000507417
0.000533903
0.000564012
0.000598347
0.000637679
0.000682959
0.000735322
0.000796102
0.000867281
0.000874614
0.000799742
0.000735387
0.000683945
0.000643316
0.00061099
0.000584947
0.000563716
0.000546254
0.00053184
0.000519996
0.000510443
0.000502709
0.000496643
0.00049215
0.000489178
0.000487707
0.000487745
0.000489323
0.000492492
0.000497319
0.000503886
0.000512287
0.000522625
0.000535008
0.000549545
0.000566345
0.000585516
0.000607171
0.000631434
0.000658458
0.000688445
0.000721677
0.000758541
0.000799556
0.00084537
0.000896771
0.000954775
0.0010211
0.000908946
0.000865177
0.000820747
0.000780908
0.000746834
0.000718159
0.000694111
0.000673924
0.000656958
0.000642721
0.000630937
0.000621152
0.000613167
0.000606855
0.000602145
0.000599011
0.000597459
0.00059753
0.000599287
0.000602817
0.00060822
0.000615607
0.000625091
0.000636778
0.00065076
0.000667108
0.000685868
0.000707059
0.00073068
0.000756723
0.000785192
0.000816133
0.00084966
0.000885991
0.000925458
0.000968514
0.00101575
0.00106801
0.00112691
0.000924705
0.000900876
0.00087328
0.00084582
0.000820413
0.00079773
0.000777837
0.000760556
0.000745639
0.000732859
0.000722057
0.000712937
0.000705392
0.000699356
0.000694805
0.000691754
0.00069025
0.000690374
0.000692229
0.000695942
0.000701647
0.00070948
0.000719565
0.000731999
0.000746845
0.00076412
0.000783791
0.000805779
0.00082997
0.00085623
0.000884437
0.000914509
0.00094644
0.000980322
0.00101636
0.00105488
0.00109632
0.00114144
0.00119174
0.000931504
0.000918736
0.000902664
0.00088528
0.000868021
0.000851712
0.000836744
0.000823258
0.000811271
0.000800776
0.000791652
0.000783818
0.000777238
0.000771907
0.00076785
0.000765126
0.000763826
0.000764072
0.000766012
0.00076981
0.000775631
0.000783631
0.000793937
0.000806632
0.000821739
0.000839219
0.000858963
0.000880804
0.000904529
0.000929906
0.000956716
0.000984786
0.00101402
0.00104443
0.00107611
0.00110928
0.0011443
0.00118183
0.00122332
0.00093429
0.000927051
0.000917802
0.000907286
0.000896272
0.000885344
0.000874887
0.000865127
0.000856192
0.00084816
0.000841004
0.000834741
0.000829393
0.000825004
0.00082164
0.000819398
0.00081841
0.000818835
0.000820858
0.000824675
0.000830478
0.000838435
0.000848671
0.000861249
0.000876157
0.000893302
0.000912514
0.000933553
0.000956137
0.000979964
0.00100475
0.00103026
0.00105632
0.00108289
0.00110997
0.0011377
0.00116634
0.00119648
0.00122953
0.000935383
0.000930697
0.000925067
0.000918651
0.000911752
0.000904677
0.000897678
0.000890943
0.000884611
0.000878752
0.000873414
0.000868648
0.000864509
0.000861064
0.000858408
0.000856666
0.000855995
0.000856584
0.000858646
0.0008624
0.000868054
0.000875783
0.000885703
0.000897859
0.000912206
0.000928611
0.000946857
0.000966657
0.000987682
0.00100959
0.00103205
0.00105478
0.00107759
0.00110033
0.00112298
0.00114556
0.00116827
0.00119164
0.00121703
0.000935795
0.000932211
0.000928333
0.000924105
0.00091959
0.000914906
0.000910183
0.000905535
0.000901058
0.000896815
0.000892865
0.000889264
0.000886074
0.000883375
0.00088127
0.000879897
0.000879428
0.00088007
0.000882049
0.000885597
0.000890929
0.000898218
0.000907571
0.000919013
0.000932474
0.000947794
0.000964724
0.000982953
0.00100213
0.00102188
0.00104187
0.00106179
0.0010814
0.00110052
0.00111905
0.00113697
0.00115439
0.0011718
0.00119047
0.000935941
0.00093279
0.000929667
0.000926454
0.000923117
0.00091968
0.000916192
0.000912717
0.000909308
0.000906018
0.000902892
0.000899981
0.000897341
0.000895047
0.000893203
0.000891947
0.000891453
0.000891931
0.00089361
0.000896725
0.000901487
0.000908061
0.000916541
0.000926935
0.000939157
0.000953026
0.000968284
0.000984609
0.00100164
0.00101902
0.00103639
0.00105344
0.00106989
0.00108556
0.00110029
0.00111402
0.00112679
0.00113904
0.00115192
0.000935977
0.000932939
0.000930021
0.000927098
0.00092411
0.00092105
0.000917943
0.000914828
0.000911747
0.000908738
0.000905837
0.000903081
0.000900517
0.000898209
0.00089625
0.000894767
0.000893929
0.000893935
0.000895008
0.000897373
0.000901229
0.000906728
0.000913951
0.00092289
0.000933447
0.000945437
0.000958597
0.000972615
0.000987141
0.00100182
0.00101631
0.00103031
0.00104354
0.00105579
0.00106688
0.00107671
0.0010853
0.00109297
0.00110075
0.000935941
0.00093279
0.000929666
0.000926452
0.000923113
0.000919667
0.000916161
0.000912648
0.000909175
0.000905779
0.000902489
0.00089933
0.000896335
0.000893549
0.000891048
0.000888941
0.000887376
0.000886538
0.000886629
0.000887855
0.000890399
0.000894393
0.000899903
0.000906909
0.000915306
0.000924911
0.00093547
0.000946686
0.000958231
0.000969775
0.000980997
0.000991605
0.00100134
0.00100999
0.00101736
0.00102333
0.00102787
0.0010312
0.00103414
0.000935795
0.00093221
0.000928332
0.000924101
0.000919579
0.000914879
0.000910117
0.000905391
0.00090077
0.000896297
0.000891992
0.000887865
0.000883925
0.000880191
0.000876713
0.00087357
0.000870883
0.000868806
0.000867516
0.000867193
0.000867991
0.000870024
0.000873339
0.000877905
0.000883618
0.000890297
0.000897707
0.000905572
0.000913593
0.00092147
0.000928912
0.000935651
0.000941449
0.000946094
0.000949406
0.000951238
0.000951513
0.000950339
0.000948246
0.000935383
0.000930696
0.000925065
0.000918645
0.000911733
0.000904628
0.000897566
0.000890703
0.000884131
0.000877884
0.000871961
0.000866337
0.000860985
0.000855886
0.000851048
0.00084651
0.000842354
0.000838696
0.000835676
0.000833437
0.000832106
0.000831768
0.000832452
0.000834119
0.000836662
0.000839912
0.000843654
0.000847636
0.000851592
0.000855257
0.000858372
0.000860701
0.000862026
0.000862153
0.000860905
0.000858124
0.000853686
0.000847573
0.000840026
0.00093429
0.00092705
0.000917799
0.000907275
0.000896241
0.000885268
0.000874713
0.000864765
0.000855489
0.000846871
0.000838851
0.000831343
0.000824258
0.00081752
0.000811081
0.000804928
0.000799094
0.000793644
0.000788674
0.000784286
0.00078057
0.000777581
0.000775328
0.000773762
0.000772778
0.000772218
0.000771889
0.000771569
0.000771028
0.000770037
0.000768376
0.000765843
0.000762249
0.000757423
0.000751202
0.000743427
0.000733944
0.000722647
0.000709541
0.000931504
0.000918734
0.000902659
0.000885263
0.000867975
0.000851599
0.000836494
0.00082275
0.000810305
0.000799021
0.000788722
0.000779223
0.000770349
0.000761946
0.000753897
0.00074613
0.000738616
0.000731367
0.000724428
0.000717853
0.00071169
0.000705966
0.000700666
0.000695734
0.000691067
0.000686525
0.000681942
0.000677134
0.000671914
0.000666102
0.000659527
0.000652035
0.000643483
0.00063374
0.000622676
0.000610161
0.000596059
0.000580244
0.000562621
0.000924705
0.000900874
0.000873272
0.000845795
0.000820348
0.000797576
0.000777506
0.000759895
0.000744405
0.000730679
0.000718373
0.000707173
0.000696798
0.000687011
0.000677623
0.000668496
0.000659542
0.000650717
0.000642011
0.000633433
0.000624991
0.00061668
0.000608469
0.000600301
0.000592086
0.000583716
0.000575067
0.000566014
0.000556436
0.000546223
0.00053528
0.000523525
0.000510887
0.000497302
0.000482708
0.000467039
0.000450225
0.000432203
0.00041291
0.000908945
0.000865173
0.000820735
0.000780874
0.000746749
0.000717965
0.000693704
0.000673127
0.000655492
0.000640167
0.000626623
0.000614412
0.000603159
0.000592553
0.000582342
0.000572333
0.000562388
0.000552414
0.000542356
0.000532182
0.000521872
0.000511402
0.000500745
0.000489859
0.0004787
0.000467216
0.000455363
0.000443104
0.000430415
0.000417286
0.000403715
0.000389712
0.000375285
0.000360443
0.000345194
0.000329538
0.000313471
0.000296996
0.000280119
0.000874613
0.000799738
0.000735372
0.000683903
0.000643215
0.000610767
0.000584488
0.00056283
0.000544641
0.000529055
0.000515398
0.000503138
0.000491842
0.000481157
0.000470799
0.000460544
0.000450223
0.000439718
0.000428949
0.000417871
0.00040646
0.000394712
0.000382634
0.000370249
0.000357589
0.000344698
0.000331635
0.000318464
0.000305254
0.000292074
0.000278986
0.00026604
0.000253277
0.000240721
0.000228385
0.000216275
0.000204391
0.000192735
0.000181317
0.000805438
0.000691864
0.000611222
0.000553815
0.00051166
0.000479619
0.000454479
0.00043418
0.000417347
0.000403019
0.000390493
0.000379232
0.00036881
0.000358886
0.000349186
0.000339495
0.000329655
0.000319557
0.000309143
0.000298395
0.000287336
0.000276019
0.000264525
0.000252953
0.000241414
0.000230023
0.000218885
0.000208095
0.000197728
0.000187838
0.000178455
0.000169593
0.000161246
0.000153397
0.000146022
0.000139092
0.00013258
0.000126469
0.000120747
0.000680123
0.000536193
0.000452755
0.000399331
0.000362417
0.000335356
0.000314569
0.000297983
0.000284309
0.000272694
0.000262538
0.000253393
0.000244913
0.000236826
0.000228921
0.00022104
0.00021308
0.000204988
0.000196759
0.00018843
0.000180069
0.000171769
0.000163631
0.000155755
0.000148232
0.000141133
0.00013451
0.000128391
0.000122785
0.000117685
0.000113072
0.000108917
0.000105191
0.00010186
9.88938e-05
9.62662e-05
9.39557e-05
9.19501e-05
9.02398e-05
0.00048703
0.000347784
0.000280806
0.000241355
0.00021534
0.000196822
0.000182894
0.000171975
0.000163126
0.000155745
0.000149416
0.000143837
0.000138776
0.000134062
0.000129564
0.000125197
0.00012091
0.000116688
0.000112541
0.0001085
0.000104606
0.000100902
9.74301e-05
9.42214e-05
9.12985e-05
8.86728e-05
8.6346e-05
8.43119e-05
8.2559e-05
8.1072e-05
7.98348e-05
7.88313e-05
7.80476e-05
7.74726e-05
7.70992e-05
7.69242e-05
7.69473e-05
7.71705e-05
7.7577e-05
0.000261576
0.00017101
0.00013294
0.000112255
9.96405e-05
9.1409e-05
8.58118e-05
8.1908e-05
7.91391e-05
7.71468e-05
7.56865e-05
7.45845e-05
7.37143e-05
7.29845e-05
7.23308e-05
7.1711e-05
7.11008e-05
7.04906e-05
6.98813e-05
6.92813e-05
6.87028e-05
6.81599e-05
6.76658e-05
6.72322e-05
6.68682e-05
6.65807e-05
6.6374e-05
6.62507e-05
6.62123e-05
6.62598e-05
6.63941e-05
6.66174e-05
6.6933e-05
6.73467e-05
6.78672e-05
6.85056e-05
6.92719e-05
7.01678e-05
7.11268e-05
9.30431e-05
6.09043e-05
4.93943e-05
4.45539e-05
4.2717e-05
4.24491e-05
4.30615e-05
4.41696e-05
4.55355e-05
4.70041e-05
4.84723e-05
4.9872e-05
5.11593e-05
5.23084e-05
5.33057e-05
5.41478e-05
5.48382e-05
5.5386e-05
5.58046e-05
5.61101e-05
5.63203e-05
5.64535e-05
5.65277e-05
5.65596e-05
5.65644e-05
5.65555e-05
5.65443e-05
5.65405e-05
5.65523e-05
5.65866e-05
5.66494e-05
5.67465e-05
5.68838e-05
5.70677e-05
5.7306e-05
5.76076e-05
5.79763e-05
5.84117e-05
5.87954e-05
3.53515e-05
3.84027e-05
3.92726e-05
3.92476e-05
3.88856e-05
3.84287e-05
3.79786e-05
3.75732e-05
3.72219e-05
3.69212e-05
3.6662e-05
3.64337e-05
3.62252e-05
3.60263e-05
3.58277e-05
3.56218e-05
3.54019e-05
3.51633e-05
3.49025e-05
3.4617e-05
3.43059e-05
3.3969e-05
3.36069e-05
3.32205e-05
3.28114e-05
3.2381e-05
3.19308e-05
3.14619e-05
3.09753e-05
3.04712e-05
2.99494e-05
2.94086e-05
2.88469e-05
2.82612e-05
2.7647e-05
2.69982e-05
2.63063e-05
2.55586e-05
2.47786e-05
)
;

boundaryField
{
    frontandback
    {
        type            empty;
    }
    in1
    {
        type            calculated;
        value           uniform 0.000469574;
    }
    in2
    {
        type            calculated;
        value           uniform 0.000939149;
    }
    out
    {
        type            zeroGradient;
    }
    walls
    {
        type            nutkWallFunction;
        blending        stepwise;
        value           nonuniform List<scalar> 
423
(
6.02151e-06
6.13811e-06
6.25708e-06
6.38167e-06
6.5109e-06
6.6459e-06
6.78721e-06
6.93533e-06
7.09051e-06
7.25283e-06
7.42226e-06
7.59862e-06
7.78169e-06
7.97114e-06
8.16663e-06
8.36773e-06
8.57394e-06
8.78469e-06
8.99931e-06
9.21704e-06
9.43701e-06
9.65823e-06
9.87962e-06
1.01e-05
1.03181e-05
1.05326e-05
1.07422e-05
1.09457e-05
1.11419e-05
1.13299e-05
1.15092e-05
1.16794e-05
1.18408e-05
1.19939e-05
1.214e-05
1.22803e-05
1.24166e-05
1.25506e-05
1.26837e-05
1.28172e-05
1.29521e-05
1.30886e-05
1.32267e-05
1.3366e-05
1.35056e-05
1.36447e-05
1.37822e-05
1.39173e-05
1.40491e-05
1.41774e-05
1.43025e-05
1.44252e-05
1.45399e-05
1.46438e-05
1.47346e-05
1.48099e-05
1.48665e-05
1.49009e-05
1.49082e-05
1.48824e-05
1.48157e-05
1.46976e-05
1.45144e-05
1.42475e-05
1.38717e-05
1.33527e-05
1.26442e-05
1.16858e-05
1.0407e-05
8.75698e-06
6.81021e-06
5.01945e-06
4.17176e-06
4.08709e-06
4.09693e-06
4.10086e-06
4.10055e-06
4.09702e-06
4.09076e-06
4.08206e-06
4.07118e-06
4.05836e-06
4.0438e-06
4.02767e-06
4.01014e-06
3.99135e-06
3.97142e-06
3.95046e-06
3.92856e-06
3.90577e-06
3.88217e-06
3.85779e-06
3.83322e-06
3.80868e-06
3.78421e-06
3.75984e-06
3.73556e-06
3.71137e-06
3.68728e-06
3.66327e-06
3.63935e-06
3.61289e-06
3.5838e-06
3.55203e-06
3.51759e-06
3.48057e-06
3.44114e-06
3.39954e-06
3.3561e-06
3.3112e-06
3.26531e-06
3.2189e-06
3.17248e-06
3.12655e-06
3.08158e-06
3.03798e-06
2.99611e-06
2.95626e-06
2.91865e-06
2.88343e-06
2.85068e-06
2.82044e-06
2.79268e-06
2.76736e-06
2.74439e-06
2.72365e-06
2.70502e-06
2.68835e-06
2.67352e-06
2.65892e-06
2.64448e-06
2.63013e-06
2.61579e-06
2.60141e-06
2.58692e-06
2.57227e-06
2.55741e-06
2.54229e-06
2.52687e-06
2.51111e-06
2.49497e-06
2.47843e-06
2.46147e-06
2.44407e-06
2.42622e-06
2.40793e-06
2.38921e-06
2.37009e-06
2.35059e-06
2.33076e-06
2.31067e-06
2.29039e-06
2.27001e-06
2.24964e-06
2.2294e-06
2.20941e-06
2.18984e-06
2.17083e-06
2.15255e-06
2.13516e-06
2.11883e-06
2.10372e-06
2.08995e-06
2.07766e-06
2.06694e-06
2.05784e-06
2.05039e-06
2.04458e-06
2.04037e-06
2.03768e-06
2.03639e-06
2.03636e-06
2.0375e-06
2.03965e-06
2.04269e-06
2.04659e-06
2.05156e-06
2.05819e-06
2.06774e-06
2.08244e-06
2.10572e-06
2.14176e-06
2.19406e-06
2.26186e-06
2.33189e-06
2.35632e-06
2.18499e-06
5.14719e-06
5.23262e-06
5.3251e-06
5.42336e-06
5.52786e-06
5.63862e-06
5.75551e-06
5.87829e-06
6.00672e-06
6.14059e-06
6.27974e-06
6.42408e-06
6.57355e-06
6.72812e-06
6.88776e-06
7.05241e-06
7.22196e-06
7.39628e-06
7.57518e-06
7.7584e-06
7.94566e-06
8.13662e-06
8.33088e-06
8.52804e-06
8.72763e-06
8.92917e-06
9.13217e-06
9.3361e-06
9.54043e-06
9.74461e-06
9.9481e-06
1.01503e-05
1.03508e-05
1.05489e-05
1.07441e-05
1.09358e-05
1.11235e-05
1.13066e-05
1.14845e-05
1.16567e-05
1.18224e-05
1.19812e-05
1.21332e-05
1.22982e-05
1.24925e-05
1.2671e-05
1.28353e-05
1.29849e-05
1.31194e-05
1.32381e-05
1.33404e-05
1.34259e-05
1.3494e-05
1.35444e-05
1.35769e-05
1.35915e-05
1.35885e-05
1.35681e-05
1.35308e-05
1.3477e-05
1.34074e-05
1.33229e-05
1.32243e-05
1.31124e-05
1.29956e-05
1.28763e-05
1.27523e-05
1.26233e-05
1.24899e-05
1.23527e-05
1.22127e-05
1.2071e-05
1.19287e-05
1.17871e-05
1.16476e-05
1.15115e-05
1.13804e-05
1.12557e-05
1.11388e-05
1.10313e-05
1.09343e-05
1.0849e-05
1.07762e-05
1.0716e-05
1.06946e-05
1.07432e-05
1.08303e-05
1.09349e-05
1.10358e-05
1.11106e-05
1.1139e-05
1.11072e-05
1.10082e-05
1.0869e-05
1.0719e-05
1.05632e-05
1.0339e-05
9.92664e-06
7.85152e-06
1.57475e-06
1.52209e-06
1.29534e-06
1.15244e-06
1.05834e-06
9.63195e-07
9.02849e-07
8.44867e-07
7.83337e-07
7.31779e-07
7.52716e-07
7.97426e-07
8.49785e-07
9.06796e-07
9.66576e-07
1.02776e-06
1.08937e-06
1.15072e-06
1.21127e-06
1.27061e-06
1.32844e-06
1.38449e-06
1.43855e-06
1.49043e-06
1.54e-06
1.58713e-06
1.63171e-06
1.67367e-06
1.71296e-06
1.74955e-06
1.78342e-06
1.81459e-06
1.84311e-06
1.86904e-06
1.89247e-06
1.91351e-06
1.93229e-06
1.94899e-06
1.96376e-06
1.9768e-06
1.9883e-06
1.99846e-06
2.0075e-06
2.01559e-06
2.02293e-06
2.02969e-06
2.03606e-06
2.04232e-06
2.04889e-06
2.05658e-06
2.0668e-06
2.08192e-06
2.10544e-06
2.14162e-06
2.194e-06
2.26183e-06
2.33187e-06
2.35632e-06
2.18498e-06
4.24556e-06
4.62917e-06
4.73786e-06
4.7348e-06
4.68977e-06
4.633e-06
4.57735e-06
4.52786e-06
4.48611e-06
4.45221e-06
4.42575e-06
4.40618e-06
4.393e-06
4.38492e-06
4.38155e-06
4.3829e-06
4.38876e-06
4.39882e-06
4.41269e-06
4.42991e-06
4.44999e-06
4.47243e-06
4.49673e-06
4.52242e-06
4.54904e-06
4.57618e-06
4.6035e-06
4.63068e-06
4.65741e-06
4.68346e-06
4.70855e-06
4.73241e-06
4.75469e-06
4.77492e-06
4.79241e-06
4.80592e-06
4.81424e-06
4.81344e-06
4.81031e-06
4.24556e-06
4.62916e-06
4.73783e-06
4.73471e-06
4.68951e-06
4.63241e-06
4.57606e-06
4.52525e-06
4.48116e-06
4.44338e-06
4.41079e-06
4.38206e-06
4.35582e-06
4.33076e-06
4.30574e-06
4.27978e-06
4.25206e-06
4.22195e-06
4.18901e-06
4.15294e-06
4.11359e-06
4.07093e-06
4.02502e-06
3.97597e-06
3.92395e-06
3.86913e-06
3.81168e-06
3.75173e-06
3.68937e-06
3.62462e-06
3.5574e-06
3.48756e-06
3.41479e-06
3.33865e-06
3.25851e-06
3.17352e-06
3.08248e-06
2.98365e-06
2.88017e-06
)
;
    }
}


// ************************************************************************* //
