/*--------------------------------*- C++ -*----------------------------------*\
| =========                 |                                                 |
| \\      /  F ield         | OpenFOAM: The Open Source CFD Toolbox           |
|  \\    /   O peration     | Version:  2406                                  |
|   \\  /    A nd           | Website:  www.openfoam.com                      |
|    \\/     M anipulation  |                                                 |
\*---------------------------------------------------------------------------*/
FoamFile
{
    version     2.0;
    format      ascii;
    arch        "LSB;label=32;scalar=64";
    class       volScalarField;
    location    "600";
    object      p;
}
// * * * * * * * * * * * * * * * * * * * * * * * * * * * * * * * * * * * * * //

dimensions      [0 2 -2 0 0 0 0];

internalField   nonuniform List<scalar> 
5619
(
-0.00723208
0.00474211
0.00720209
0.0114821
0.0145656
0.0173239
0.019354
0.0206406
0.0210609
0.0205403
0.0189967
0.0163472
0.0124959
0.00733135
0.000720011
-0.00749293
-0.0174875
-0.0294653
-0.0436509
-0.0602872
-0.0796354
-0.101971
-0.127581
-0.156761
-0.189806
-0.227007
-0.268643
-0.314972
-0.366223
-0.422582
-0.484181
-0.551082
-0.623261
-0.700587
-0.782806
-0.86951
-0.960123
-1.05387
-1.14977
-1.24661
-1.34295
-1.43711
-1.52718
-1.61108
-1.68655
-1.75122
-1.8027
-1.83859
-1.85661
-1.85464
-1.83072
-1.78334
-1.71111
-1.61273
-1.48767
-1.33627
-1.15969
-0.960084
-0.740614
-0.505573
-0.260446
-0.011992
0.231711
0.461244
0.665927
0.834122
0.954049
1.01567
1.01466
0.959173
0.876404
0.806165
0.773939
0.773168
0.784462
0.798402
0.813673
0.82974
0.846609
0.8643
0.882836
0.90223
0.922497
0.943625
0.965583
0.988332
1.01183
1.03602
1.06086
1.08631
1.11232
1.13883
1.16577
1.1931
1.22079
1.24881
1.27712
1.30565
1.33449
1.36408
1.39482
1.42712
1.46139
1.49762
1.53585
1.576
1.61792
1.66138
1.70601
1.7514
1.79704
1.84241
1.88696
1.9302
1.97168
2.01104
2.04801
2.08241
2.11416
2.14325
2.16974
2.19374
2.21539
2.23486
2.25231
2.26788
2.28175
2.29452
2.3067
2.31859
2.33032
2.34193
2.35346
2.36495
2.37644
2.38796
2.39955
2.41123
2.42303
2.43495
2.44701
2.45922
2.47159
2.4841
2.49674
2.5095
2.52236
2.53527
2.54822
2.56115
2.57401
2.58675
2.59931
2.61163
2.62363
2.63526
2.64643
2.6571
2.66721
2.67668
2.68549
2.6936
2.70099
2.70765
2.71357
2.71879
2.72333
2.72724
2.73057
2.73339
2.73576
2.73775
2.73944
2.74089
2.74217
2.74333
2.74443
2.74551
2.7466
2.74776
2.749
2.75036
2.7519
2.75367
2.75563
2.75773
2.76839
-0.0071794
0.00480641
0.00726629
0.0115524
0.0146421
0.0174101
0.0194531
0.0207563
0.0211972
0.0207014
0.0191874
0.016573
0.0127632
0.00764792
0.00109513
-0.00704819
-0.01696
-0.0288397
-0.0429094
-0.0594099
-0.0785996
-0.100752
-0.126153
-0.155095
-0.187874
-0.22478
-0.266096
-0.31208
-0.362966
-0.418946
-0.480159
-0.546676
-0.61848
-0.695453
-0.777346
-0.863766
-0.954144
-1.04771
-1.1435
-1.24031
-1.33669
-1.43099
-1.52131
-1.60557
-1.68155
-1.7469
-1.79924
-1.83622
-1.85559
-1.85528
-1.83345
-1.7886
-1.71939
-1.62459
-1.50382
-1.35748
-1.18684
-0.994124
-0.782592
-0.556583
-0.321587
-0.08428
0.147493
0.36481
0.557918
0.716774
0.832121
0.897418
0.9119
0.884372
0.835057
0.790256
0.768645
0.770393
0.783282
0.798014
0.813581
0.829873
0.8467
0.864254
0.882704
0.902055
0.922301
0.943409
0.965344
0.988069
1.01154
1.03572
1.06055
1.08598
1.11193
1.13837
1.16526
1.19258
1.22026
1.24829
1.2766
1.30513
1.33396
1.36362
1.39444
1.42677
1.46106
1.49729
1.53552
1.57568
1.61761
1.66108
1.70572
1.75112
1.79678
1.84216
1.88673
1.92998
1.97148
2.01085
2.04783
2.08224
2.11399
2.14309
2.16959
2.19359
2.21523
2.23469
2.25214
2.26769
2.28154
2.29431
2.30652
2.31842
2.33016
2.34177
2.3533
2.3648
2.37629
2.38782
2.39941
2.41109
2.42289
2.43482
2.44688
2.4591
2.47147
2.48398
2.49663
2.5094
2.52226
2.53518
2.54813
2.56107
2.57394
2.58668
2.59925
2.61157
2.62358
2.63521
2.6464
2.65707
2.66718
2.67666
2.68548
2.69359
2.70098
2.70764
2.71357
2.71879
2.72333
2.72724
2.73057
2.73339
2.73577
2.73776
2.73945
2.7409
2.74218
2.74334
2.74444
2.74552
2.74662
2.74777
2.74901
2.75036
2.75187
2.75355
2.75526
2.75636
2.76088
-0.00704241
0.0049717
0.007435
0.0117393
0.0148488
0.017645
0.0197238
0.0210715
0.0215655
0.0211321
0.0196903
0.0171591
0.0134453
0.00844072
0.00201627
-0.00597804
-0.0157167
-0.0273953
-0.0412321
-0.0574637
-0.0763449
-0.0981454
-0.123148
-0.151643
-0.183927
-0.220289
-0.261013
-0.306364
-0.35658
-0.411864
-0.472365
-0.538166
-0.609267
-0.685562
-0.766823
-0.852671
-0.942556
-1.03573
-1.13124
-1.22789
-1.32427
-1.41875
-1.50945
-1.59433
-1.67119
-1.73773
-1.7916
-1.83052
-1.85228
-1.85486
-1.83653
-1.79594
-1.73181
-1.64301
-1.52928
-1.39115
-1.22999
-1.04811
-0.848802
-0.636409
-0.416309
-0.194904
0.0204869
0.221858
0.400959
0.550059
0.663182
0.737836
0.776863
0.789143
0.786881
0.779395
0.771174
0.768801
0.779233
0.797233
0.813275
0.828286
0.844994
0.862691
0.881049
0.900099
0.920038
0.94091
0.962683
0.985311
1.00873
1.03287
1.05767
1.08307
1.10904
1.13554
1.16251
1.18989
1.21766
1.24576
1.27418
1.3028
1.33172
1.36151
1.39249
1.42496
1.45938
1.49575
1.5341
1.57438
1.61644
1.66003
1.7048
1.75033
1.7961
1.8416
1.88628
1.92963
1.97121
2.01066
2.04771
2.08217
2.11398
2.14311
2.16964
2.19366
2.21533
2.2348
2.25226
2.26783
2.28168
2.29446
2.3067
2.31861
2.33036
2.34199
2.35353
2.36503
2.37654
2.38807
2.39967
2.41136
2.42316
2.43509
2.44716
2.45938
2.47174
2.48426
2.4969
2.50967
2.52253
2.53545
2.54839
2.56132
2.57418
2.58692
2.59948
2.61179
2.62379
2.63541
2.64659
2.65725
2.66734
2.67681
2.68561
2.69371
2.70109
2.70773
2.71365
2.71886
2.72339
2.72729
2.73062
2.73343
2.7358
2.73779
2.73947
2.74092
2.7422
2.74336
2.74446
2.74554
2.74664
2.7478
2.74904
2.75042
2.75197
2.75379
2.75584
2.75789
2.76295
-0.00680597
0.00521805
0.00768692
0.0120103
0.0151439
0.0179751
0.0200997
0.0215045
0.022067
0.0217136
0.0203641
0.0179386
0.0143462
0.0094812
0.00321791
-0.00458973
-0.0141119
-0.0255394
-0.0390855
-0.0549817
-0.0734779
-0.094839
-0.119344
-0.147279
-0.178939
-0.214613
-0.254586
-0.299127
-0.348483
-0.402863
-0.46243
-0.527284
-0.597441
-0.672818
-0.75321
-0.838261
-0.927447
-1.02005
-1.11514
-1.21157
-1.30795
-1.40269
-1.49397
-1.57978
-1.65798
-1.72633
-1.78255
-1.82441
-1.84979
-1.85674
-1.84362
-1.80925
-1.75245
-1.67211
-1.56808
-1.44098
-1.29221
-1.12405
-0.939681
-0.743196
-0.539551
-0.334474
-0.134273
0.0544778
0.225406
0.373005
0.493444
0.585428
0.650765
0.694183
0.72196
0.739775
0.751418
0.759265
0.767169
0.782689
0.80673
0.829235
0.845485
0.860688
0.877925
0.896721
0.916682
0.937477
0.959026
0.981372
1.00451
1.02841
1.05303
1.07832
1.10424
1.13072
1.15771
1.18515
1.21299
1.24121
1.26976
1.29855
1.32766
1.35766
1.38886
1.42152
1.4561
1.49264
1.53117
1.57165
1.61392
1.65775
1.70278
1.74856
1.7946
1.84035
1.88528
1.92886
1.97065
2.01029
2.04751
2.08212
2.11404
2.14327
2.16988
2.19396
2.21567
2.23518
2.25266
2.26825
2.28213
2.29493
2.30717
2.31911
2.33088
2.34252
2.35408
2.3656
2.37712
2.38867
2.40028
2.41198
2.4238
2.43574
2.44782
2.46005
2.47242
2.48494
2.49759
2.51036
2.52322
2.53613
2.54907
2.562
2.57485
2.58757
2.60011
2.6124
2.62437
2.63596
2.6471
2.65773
2.66778
2.67721
2.68597
2.69403
2.70137
2.70798
2.71386
2.71903
2.72353
2.72741
2.73071
2.7335
2.73585
2.73782
2.7395
2.74094
2.74221
2.74337
2.74446
2.74554
2.74664
2.74779
2.74902
2.75037
2.75187
2.75357
2.75542
2.75731
2.76236
-0.00644372
0.0055261
0.00800963
0.0123481
0.0155093
0.0183798
0.020557
0.0220274
0.0226684
0.0224064
0.0211618
0.0188563
0.015401
0.0106935
0.00461146
-0.00298676
-0.0122666
-0.023414
-0.0366368
-0.0521614
-0.0702323
-0.0911099
-0.115069
-0.142393
-0.173373
-0.208301
-0.247462
-0.29113
-0.339557
-0.392964
-0.451525
-0.515355
-0.58449
-0.658867
-0.738303
-0.822471
-0.910877
-1.00284
-1.09747
-1.19366
-1.2901
-1.38522
-1.47729
-1.56438
-1.64442
-1.71524
-1.77464
-1.82047
-1.85068
-1.86342
-1.85711
-1.83074
-1.78335
-1.71377
-1.62178
-1.50808
-1.37399
-1.22163
-1.05393
-0.874549
-0.687833
-0.498657
-0.312223
-0.133753
0.0318849
0.180628
0.309679
0.41788
0.505864
0.575851
0.631
0.67454
0.709117
0.736117
0.754915
0.765783
0.776629
0.798315
0.829206
0.857164
0.876607
0.892413
0.909465
0.928561
0.949319
0.971411
0.99451
1.01843
1.0431
1.06848
1.09451
1.12113
1.14828
1.17593
1.20402
1.23251
1.26138
1.29052
1.32003
1.35046
1.38208
1.4151
1.45003
1.48692
1.52583
1.56672
1.60944
1.65375
1.69927
1.74557
1.79212
1.83838
1.88377
1.9278
1.97
2.01
2.04753
2.08241
2.11456
2.14399
2.17074
2.19495
2.21676
2.23634
2.25389
2.26954
2.28346
2.2963
2.30858
2.32054
2.33234
2.34401
2.3556
2.36714
2.37868
2.39025
2.40188
2.41359
2.42541
2.43736
2.44944
2.46167
2.47404
2.48655
2.49919
2.51194
2.52477
2.53766
2.55057
2.56345
2.57626
2.58894
2.60142
2.61364
2.62555
2.63707
2.64813
2.65867
2.66864
2.67799
2.68666
2.69464
2.70189
2.70842
2.71423
2.71934
2.72378
2.7276
2.73086
2.73361
2.73593
2.73788
2.73954
2.74097
2.74223
2.74339
2.74448
2.74556
2.74666
2.74782
2.74906
2.75043
2.75197
2.75372
2.75561
2.75753
2.76211
-0.00592703
0.00585774
0.00837822
0.0127237
0.0159183
0.0188323
0.0210686
0.0226116
0.0233389
0.0231769
0.0220469
0.0198723
0.0165666
0.0120308
0.00614668
-0.0012231
-0.0102391
-0.0210818
-0.0339541
-0.0490771
-0.0666904
-0.0870501
-0.110427
-0.137103
-0.167367
-0.201511
-0.239824
-0.282584
-0.330051
-0.382454
-0.43998
-0.502759
-0.570844
-0.644195
-0.722654
-0.805926
-0.893556
-0.984908
-1.07915
-1.17525
-1.27196
-1.36782
-1.46118
-1.55021
-1.63296
-1.70735
-1.7713
-1.82273
-1.85968
-1.8804
-1.88337
-1.86753
-1.83244
-1.77704
-1.70049
-1.60357
-1.48747
-1.35405
-1.20583
-1.04593
-0.878003
-0.706029
-0.534175
-0.366539
-0.20688
-0.0583352
0.0768349
0.197438
0.30341
0.395699
0.475948
0.546014
0.607493
0.661257
0.70694
0.74247
0.764887
0.775037
0.783025
0.802065
0.834296
0.869665
0.898675
0.920679
0.939937
0.959681
0.980933
1.00364
1.02768
1.05284
1.07891
1.10576
1.13327
1.16136
1.18995
1.219
1.24844
1.27819
1.30834
1.33944
1.3717
1.40528
1.44075
1.4782
1.51771
1.55927
1.60272
1.64781
1.69416
1.74131
1.7887
1.83577
1.88195
1.92671
1.96957
2.01016
2.0482
2.08353
2.11605
2.14578
2.17278
2.19718
2.21913
2.23883
2.25646
2.27217
2.28616
2.29904
2.31137
2.32337
2.33521
2.3469
2.35851
2.37008
2.38163
2.39321
2.40485
2.41657
2.42839
2.44033
2.45241
2.46462
2.47697
2.48946
2.50207
2.51478
2.52757
2.54041
2.55325
2.56606
2.57879
2.59137
2.60375
2.61586
2.62764
2.63902
2.64994
2.66034
2.67016
2.67935
2.68787
2.69569
2.7028
2.70919
2.71488
2.71987
2.72421
2.72794
2.73112
2.7338
2.73607
2.73798
2.73961
2.74102
2.74226
2.7434
2.74449
2.74556
2.74666
2.74781
2.74905
2.75041
2.75193
2.75367
2.75555
2.75758
2.76178
-0.00521501
0.00617603
0.00877178
0.0131118
0.016349
0.0193115
0.0216141
0.023236
0.0240562
0.0240009
0.0229928
0.0209574
0.0178112
0.0134589
0.0077864
0.000661165
-0.00807242
-0.0185899
-0.0310892
-0.0457864
-0.0629172
-0.082734
-0.105505
-0.13151
-0.161039
-0.194386
-0.231842
-0.273691
-0.320201
-0.371612
-0.428123
-0.489878
-0.556952
-0.629328
-0.706879
-0.78935
-0.876335
-0.967263
-1.06138
-1.15774
-1.25521
-1.35244
-1.44791
-1.53995
-1.62671
-1.70627
-1.77666
-1.83591
-1.88215
-1.91366
-1.92896
-1.92689
-1.90772
-1.87042
-1.8135
-1.73757
-1.64365
-1.53321
-1.40831
-1.27147
-1.12557
-0.973752
-0.819216
-0.665063
-0.514104
-0.368687
-0.230567
-0.100827
0.0200914
0.132269
0.236107
0.332078
0.420512
0.501436
0.574515
0.639051
0.693833
0.736702
0.764935
0.778446
0.784266
0.795009
0.81907
0.853872
0.890932
0.923933
0.951862
0.977228
1.00229
1.02792
1.05436
1.0816
1.10962
1.13832
1.16762
1.19744
1.22771
1.25833
1.28936
1.32141
1.35467
1.3893
1.42587
1.46452
1.50533
1.54828
1.59319
1.63978
1.68765
1.7363
1.78515
1.83361
1.88109
1.92703
1.97096
2.01249
2.05136
2.08738
2.12048
2.15069
2.17807
2.20277
2.22495
2.24482
2.26257
2.27838
2.29243
2.30535
2.3177
2.32973
2.34157
2.35327
2.36487
2.37641
2.38794
2.39949
2.41109
2.42276
2.43452
2.4464
2.4584
2.47053
2.48279
2.49518
2.50767
2.52026
2.53291
2.54559
2.55827
2.5709
2.58343
2.59579
2.60795
2.61982
2.63134
2.64246
2.65311
2.66323
2.67276
2.68167
2.68992
2.69748
2.70434
2.71049
2.71595
2.72075
2.72491
2.72849
2.73154
2.73413
2.73631
2.73815
2.73973
2.7411
2.74232
2.74344
2.74452
2.74558
2.74668
2.74783
2.74907
2.75044
2.75197
2.7537
2.75557
2.75766
2.76143
-0.0042639
0.00644848
0.00917386
0.0134913
0.016784
0.0198009
0.0221776
0.0238846
0.0248032
0.0248598
0.0239792
0.0220892
0.0191104
0.0149512
0.00950215
0.00263539
-0.00579978
-0.0159742
-0.0280812
-0.042333
-0.0589619
-0.0782178
-0.100367
-0.125691
-0.15448
-0.18703
-0.223639
-0.264598
-0.310183
-0.360645
-0.416199
-0.477008
-0.543168
-0.614694
-0.691499
-0.773379
-0.859992
-0.95085
-1.0453
-1.14251
-1.24149
-1.34104
-1.43981
-1.53627
-1.62878
-1.71556
-1.79477
-1.86458
-1.92318
-1.96891
-2.0003
-2.0161
-2.01591
-2.00044
-1.9684
-1.91835
-1.8514
-1.76858
-1.67139
-1.56167
-1.44153
-1.31325
-1.17913
-1.04142
-0.902156
-0.763093
-0.625648
-0.490885
-0.359551
-0.232158
-0.109105
0.00920855
0.122283
0.22945
0.329865
0.422575
0.506622
0.581138
0.64525
0.697706
0.736782
0.76156
0.774639
0.783766
0.798702
0.824643
0.859484
0.897375
0.933865
0.967838
1.00019
1.03198
1.06373
1.09559
1.1276
1.15978
1.1921
1.22449
1.25702
1.29056
1.32555
1.36213
1.40091
1.44197
1.48537
1.53101
1.57869
1.62805
1.67863
1.72989
1.78122
1.83198
1.88158
1.92944
1.97509
2.01814
2.05831
2.09544
2.12946
2.16042
2.1884
2.21356
2.23609
2.25621
2.27413
2.29004
2.30413
2.31705
2.32937
2.34135
2.35314
2.36477
2.37629
2.38775
2.39918
2.41063
2.42211
2.43366
2.44529
2.45702
2.46887
2.48082
2.4929
2.50507
2.51734
2.52968
2.54207
2.55446
2.56683
2.57912
2.59128
2.60326
2.615
2.62644
2.63752
2.64817
2.65834
2.66798
2.67704
2.68548
2.69326
2.70038
2.70682
2.71258
2.71768
2.72216
2.72604
2.72938
2.73222
2.73463
2.73668
2.73842
2.73991
2.74122
2.7424
2.74349
2.74455
2.7456
2.74669
2.74784
2.74908
2.75045
2.75197
2.7537
2.75557
2.75773
2.76108
-0.00304336
0.00665334
0.00957493
0.0138482
0.0172122
0.0202896
0.0227487
0.0245465
0.0255682
0.0257404
0.0249908
0.0232508
0.020445
0.0164862
0.0112697
0.00467245
-0.00345173
-0.0132695
-0.0249701
-0.0387627
-0.0548774
-0.073563
-0.0950863
-0.119729
-0.147786
-0.179557
-0.215348
-0.255459
-0.300176
-0.349765
-0.40446
-0.464445
-0.529847
-0.600719
-0.677026
-0.758625
-0.845258
-0.936534
-1.03192
-1.13073
-1.23212
-1.33507
-1.43843
-1.54085
-1.64088
-1.73691
-1.82728
-1.91026
-1.98412
-2.04722
-2.09804
-2.13523
-2.15762
-2.16673
-2.16285
-2.14326
-2.10742
-2.05629
-1.99067
-1.91168
-1.82067
-1.71914
-1.60862
-1.49066
-1.36675
-1.23824
-1.10636
-0.972201
-0.836733
-0.700847
-0.565406
-0.431288
-0.29943
-0.170846
-0.046631
0.0720484
0.183992
0.288022
0.383057
0.468198
0.542736
0.606033
0.657383
0.696301
0.723551
0.742557
0.759654
0.781592
0.811687
0.848523
0.88838
0.928388
0.967588
1.00607
1.04403
1.08153
1.11857
1.15498
1.1908
1.22764
1.26668
1.30808
1.35227
1.39913
1.44853
1.50022
1.55382
1.60884
1.66472
1.72083
1.77652
1.83119
1.88423
1.93513
1.98343
2.0288
2.07096
2.10978
2.14521
2.17731
2.2062
2.23206
2.25511
2.2756
2.29375
2.30978
2.3239
2.33674
2.34895
2.3608
2.37244
2.38392
2.39527
2.40654
2.41778
2.42901
2.44027
2.45157
2.46295
2.4744
2.48594
2.49758
2.5093
2.52109
2.53295
2.54485
2.55675
2.56863
2.58044
2.59214
2.60368
2.615
2.62605
2.63677
2.64711
2.657
2.66641
2.67528
2.68357
2.69126
2.69833
2.70475
2.71054
2.71571
2.72027
2.72426
2.72772
2.73069
2.73323
2.73539
2.73723
2.73881
2.74019
2.74141
2.74252
2.74357
2.7446
2.74564
2.74672
2.74786
2.7491
2.75047
2.75199
2.75371
2.75558
2.75779
2.76074
-0.00155836
0.00678288
0.00997145
0.0141771
0.0176284
0.0207717
0.0233207
0.0252136
0.0263416
0.026631
0.0260141
0.0244258
0.0217954
0.0180406
0.0130615
0.00673942
-0.00106752
-0.0105223
-0.021811
-0.0351409
-0.0507408
-0.0688598
-0.0897661
-0.113745
-0.141095
-0.172124
-0.207146
-0.246472
-0.290402
-0.339221
-0.393182
-0.452498
-0.517334
-0.587787
-0.663879
-0.745542
-0.832607
-0.924792
-1.02169
-1.12276
-1.22733
-1.33456
-1.44348
-1.55295
-1.6617
-1.76834
-1.87135
-1.96915
-2.06012
-2.14266
-2.21521
-2.27636
-2.3247
-2.35906
-2.38236
-2.39577
-2.39476
-2.37816
-2.34697
-2.30169
-2.24285
-2.17126
-2.08785
-1.99361
-1.88962
-1.77696
-1.65672
-1.53
-1.39789
-1.26148
-1.12187
-0.980196
-0.837605
-0.695281
-0.554436
-0.416296
-0.282103
-0.153095
-0.0304924
0.084527
0.190862
0.287537
0.373752
0.448899
0.512565
0.564609
0.605529
0.637166
0.663368
0.689584
0.720703
0.758489
0.80125
0.846029
0.890836
0.935016
0.978435
1.02071
1.06162
1.104
1.15034
1.20077
1.25543
1.31378
1.3753
1.43933
1.50508
1.57171
1.63833
1.70407
1.76818
1.83
1.88905
1.94495
1.99742
2.04625
2.0913
2.13252
2.16993
2.20362
2.23376
2.26058
2.28433
2.30529
2.32373
2.33989
2.35398
2.36668
2.37868
2.3903
2.40169
2.41289
2.42394
2.43491
2.44581
2.45669
2.46757
2.47848
2.48942
2.50042
2.51148
2.52258
2.53374
2.54492
2.55612
2.56731
2.57846
2.58952
2.60047
2.61125
2.62181
2.63211
2.6421
2.65173
2.66094
2.6697
2.67796
2.68569
2.69286
2.69945
2.70547
2.7109
2.71576
2.72008
2.72387
2.72717
2.73003
2.7325
2.73461
2.73642
2.73799
2.73935
2.74056
2.74166
2.74269
2.74368
2.74467
2.74568
2.74674
2.74788
2.74912
2.75048
2.75201
2.75372
2.75559
2.75783
2.76044
0.000135011
0.00684378
0.0103637
0.0144803
0.0180326
0.0212453
0.0238897
0.0258798
0.0271147
0.0275209
0.0270351
0.0255969
0.0231404
0.0195881
0.0148448
0.00879595
0.0013035
-0.00779262
-0.0186762
-0.0315533
-0.0466528
-0.0642249
-0.0845406
-0.107889
-0.134576
-0.164917
-0.199235
-0.237855
-0.281094
-0.329253
-0.382611
-0.441413
-0.50586
-0.576099
-0.652211
-0.734201
-0.821986
-0.915388
-1.01412
-1.11778
-1.22583
-1.33761
-1.45232
-1.56902
-1.68662
-1.80391
-1.91958
-2.03222
-2.14033
-2.2424
-2.33688
-2.4223
-2.49723
-2.56021
-2.60968
-2.64808
-2.68103
-2.70259
-2.70707
-2.69677
-2.67189
-2.63271
-2.57957
-2.51305
-2.43381
-2.34267
-2.24057
-2.12851
-2.0076
-1.879
-1.74393
-1.60366
-1.45947
-1.31266
-1.16455
-1.01644
-0.869587
-0.72525
-0.58463
-0.448886
-0.319124
-0.196386
-0.0816443
0.0242195
0.120435
0.206372
0.281576
0.345828
0.399332
0.443125
0.479707
0.513393
0.549406
0.59141
0.639477
0.690888
0.742836
0.793574
0.842472
0.893456
0.950628
1.01458
1.08512
1.16131
1.24215
1.32641
1.41269
1.4995
1.58534
1.6688
1.74865
1.82396
1.89413
1.95892
2.01837
2.07265
2.12196
2.16653
2.20657
2.24231
2.27403
2.30202
2.3266
2.34809
2.36683
2.38308
2.39711
2.40957
2.42124
2.43251
2.44351
2.45428
2.46488
2.47536
2.48575
2.49608
2.50637
2.51665
2.52693
2.53721
2.54749
2.55778
2.56804
2.57828
2.58846
2.59856
2.60854
2.61838
2.62802
2.63743
2.64657
2.65538
2.66384
2.67189
2.67951
2.68666
2.69332
2.69947
2.7051
2.7102
2.7148
2.7189
2.72253
2.72572
2.7285
2.73091
2.733
2.7348
2.73637
2.73774
2.73895
2.74003
2.74104
2.74198
2.7429
2.74382
2.74476
2.74574
2.74678
2.7479
2.74914
2.7505
2.75202
2.75373
2.7556
2.75786
2.76023
0.00193224
0.00685574
0.0107542
0.0147673
0.0184297
0.0217128
0.0244545
0.0265415
0.0278817
0.0284015
0.0280429
0.0267498
0.0244613
0.0211047
0.0165891
0.0108036
0.00361349
-0.00513911
-0.0156363
-0.0280837
-0.0427108
-0.0597697
-0.0795348
-0.1023
-0.128377
-0.158091
-0.191775
-0.229765
-0.272395
-0.319986
-0.37284
-0.431231
-0.495396
-0.565525
-0.641752
-0.724145
-0.812694
-0.907307
-1.00779
-1.11386
-1.2251
-1.34098
-1.46085
-1.58391
-1.70927
-1.83589
-1.96264
-2.08829
-2.21154
-2.331
-2.44525
-2.55281
-2.6522
-2.74192
-2.82051
-2.88636
-2.93809
-2.98291
-3.02345
-3.04983
-3.05918
-3.05306
-3.03164
-2.99515
-2.94396
-2.87865
-2.79989
-2.70854
-2.6056
-2.49216
-2.36943
-2.23872
-2.10137
-1.95877
-1.81234
-1.66347
-1.51354
-1.36388
-1.21578
-1.07043
-0.92895
-0.792373
-0.661619
-0.537502
-0.420725
-0.311876
-0.21142
-0.119702
-0.036936
0.0368097
0.101673
0.158196
0.207783
0.25333
0.299302
0.35011
0.407276
0.468219
0.529236
0.592701
0.66388
0.744637
0.83468
0.933068
1.03854
1.1494
1.26362
1.3789
1.49285
1.60318
1.70785
1.80527
1.89435
1.97458
2.04605
2.1093
2.16515
2.21444
2.2579
2.29611
2.32959
2.35881
2.38418
2.40614
2.42506
2.44129
2.45512
2.4672
2.47839
2.48913
2.49955
2.5097
2.51963
2.52938
2.53899
2.54849
2.55791
2.56725
2.57652
2.58572
2.59486
2.60391
2.61287
2.62171
2.63041
2.63894
2.64726
2.65536
2.66318
2.67069
2.67786
2.68466
2.69105
2.69702
2.70253
2.70758
2.71217
2.71629
2.71996
2.7232
2.72603
2.72848
2.73059
2.73241
2.73396
2.73531
2.73647
2.7375
2.73842
2.73926
2.74006
2.74082
2.74158
2.74235
2.74314
2.74397
2.74485
2.74579
2.74681
2.74793
2.74915
2.75051
2.75203
2.75373
2.7556
2.75787
2.76011
0.00370447
0.00684888
0.0111473
0.015053
0.0188282
0.0221803
0.0250179
0.0271991
0.0286411
0.02927
0.0290329
0.0278779
0.025749
0.0225778
0.0182773
0.0127399
0.00583363
-0.0025975
-0.0127343
-0.0247825
-0.0389719
-0.0555569
-0.0748146
-0.0970437
-0.122561
-0.1517
-0.184803
-0.222216
-0.264288
-0.311355
-0.363739
-0.421738
-0.485619
-0.555604
-0.63187
-0.71453
-0.803631
-0.899141
-1.00094
-1.10882
-1.22244
-1.34139
-1.46511
-1.59294
-1.72408
-1.85764
-1.99266
-2.12804
-2.26266
-2.39528
-2.52461
-2.6493
-2.76792
-2.87902
-2.9811
-3.07265
-3.15183
-3.21635
-3.26778
-3.31485
-3.35525
-3.37961
-3.38732
-3.37924
-3.35561
-3.31671
-3.263
-3.19509
-3.11376
-3.01993
-2.91466
-2.79913
-2.67463
-2.54255
-2.40432
-2.26141
-2.11531
-1.96748
-1.81936
-1.6723
-1.52758
-1.38634
-1.2496
-1.11822
-0.992894
-0.874124
-0.762215
-0.657285
-0.559261
-0.467908
-0.382848
-0.303586
-0.229534
-0.159987
-0.0939903
-0.0299608
0.0346202
0.102136
0.173191
0.24995
0.336598
0.434938
0.544254
0.663988
0.793128
0.930075
1.07267
1.21825
1.36378
1.50602
1.64184
1.76849
1.88393
1.98695
2.07718
2.15501
2.22144
2.27791
2.32601
2.36713
2.40239
2.43262
2.4585
2.48059
2.49939
2.5153
2.5287
2.54018
2.55065
2.56062
2.57019
2.57941
2.58835
2.59705
2.60553
2.61382
2.62195
2.62991
2.63772
2.64538
2.65286
2.66018
2.66729
2.6742
2.68086
2.68726
2.69336
2.69915
2.70458
2.70965
2.71431
2.71856
2.72239
2.72577
2.72873
2.73125
2.73337
2.73511
2.73649
2.73756
2.73837
2.73895
2.73936
2.73965
2.73986
2.74002
2.74019
2.74037
2.7406
2.74088
2.74123
2.74166
2.74216
2.74274
2.7434
2.74413
2.74495
2.74585
2.74685
2.74794
2.74916
2.75051
2.75203
2.75373
2.7556
2.75787
2.76011
0.00533294
0.00685961
0.0115486
0.0153548
0.0192384
0.0226561
0.0255855
0.0278567
0.0293962
0.0301294
0.0300081
0.0289843
0.0270062
0.0240095
0.0199106
0.0146049
0.00796286
-0.000169679
-0.0099723
-0.0216504
-0.0354341
-0.0515791
-0.0703646
-0.0920926
-0.117084
-0.145678
-0.178223
-0.215075
-0.256591
-0.30312
-0.354999
-0.412542
-0.476036
-0.545729
-0.621822
-0.704463
-0.793734
-0.889644
-0.992118
-1.10099
-1.21601
-1.33678
-1.46284
-1.59358
-1.72827
-1.86611
-2.00617
-2.1475
-2.28903
-2.42965
-2.56817
-2.70336
-2.83393
-2.95854
-3.07581
-3.18433
-3.28265
-3.3693
-3.44247
-3.49915
-3.54351
-3.58408
-3.61456
-3.628
-3.62583
-3.60839
-3.57591
-3.52878
-3.46751
-3.39276
-3.30531
-3.20609
-3.09616
-2.97669
-2.849
-2.71448
-2.57461
-2.43093
-2.285
-2.1384
-1.99265
-1.84922
-1.70946
-1.57459
-1.44561
-1.32329
-1.20802
-1.09982
-0.998211
-0.902293
-0.810884
-0.722706
-0.636533
-0.551286
-0.466105
-0.380407
-0.293943
-0.207031
-0.120263
-0.0309867
0.067561
0.179138
0.302575
0.437012
0.581704
0.73551
0.896739
1.06315
1.23194
1.39982
1.56317
1.71825
1.86168
1.99087
2.10435
2.20185
2.28403
2.35219
2.40805
2.45366
2.49109
2.52209
2.54796
2.56963
2.58777
2.60293
2.61553
2.62613
2.6356
2.64447
2.65286
2.6608
2.66836
2.67557
2.68247
2.68909
2.69543
2.70151
2.70734
2.7129
2.7182
2.72322
2.72795
2.73237
2.73646
2.74021
2.74358
2.74658
2.74916
2.75133
2.75308
2.7544
2.75531
2.7558
2.7559
2.75566
2.75509
2.75426
2.75321
2.752
2.7507
2.74935
2.74803
2.74677
2.74562
2.74462
2.74379
2.74314
2.74269
2.74243
2.74236
2.74245
2.74271
2.74311
2.74363
2.74428
2.74504
2.7459
2.74687
2.74796
2.74916
2.75051
2.75203
2.75373
2.7556
2.75786
2.76023
0.00673691
0.00692406
0.0119637
0.0156874
0.0196686
0.023147
0.0261617
0.0285182
0.0301509
0.0309845
0.0309746
0.0300764
0.0282421
0.0254108
0.021502
0.0164141
0.01002
0.00216749
-0.00732138
-0.018651
-0.0320512
-0.0477776
-0.0661102
-0.0873526
-0.111828
-0.139879
-0.171858
-0.208126
-0.249046
-0.294975
-0.346258
-0.403221
-0.466164
-0.535348
-0.610994
-0.693268
-0.782274
-0.878047
-0.980541
-1.08962
-1.20507
-1.32654
-1.45358
-1.58563
-1.72197
-1.86181
-2.00425
-2.14835
-2.29309
-2.4374
-2.58012
-2.72006
-2.85599
-2.98665
-3.11074
-3.22699
-3.33414
-3.43098
-3.51635
-3.58892
-3.64723
-3.68913
-3.72128
-3.74611
-3.75673
-3.75235
-3.73359
-3.70065
-3.6538
-3.59346
-3.52011
-3.43437
-3.33699
-3.22881
-3.11084
-2.9842
-2.85019
-2.71022
-2.56589
-2.41888
-2.27103
-2.12423
-1.9804
-1.84136
-1.7088
-1.58407
-1.46796
-1.36042
-1.26023
-1.16507
-1.07239
-0.980218
-0.887385
-0.793192
-0.697158
-0.598981
-0.498643
-0.396669
-0.293989
-0.189813
-0.0799308
0.0392433
0.168353
0.30751
0.456587
0.615049
0.78189
0.955556
1.13392
1.31428
1.49335
1.66739
1.8324
1.98456
2.12083
2.23943
2.34007
2.42366
2.49175
2.54608
2.58861
2.62167
2.64766
2.66848
2.68539
2.69924
2.7106
2.71992
2.72801
2.7354
2.74216
2.74837
2.75408
2.75933
2.76417
2.76861
2.77267
2.77638
2.77973
2.78273
2.78538
2.78768
2.7896
2.79115
2.79232
2.79308
2.79344
2.79338
2.79289
2.79198
2.79065
2.78892
2.78681
2.78435
2.78158
2.77856
2.77534
2.772
2.76859
2.76521
2.7619
2.75875
2.75581
2.75313
2.75075
2.74869
2.74696
2.74558
2.74453
2.74379
2.74333
2.74314
2.74318
2.74342
2.74384
2.74441
2.74512
2.74595
2.74689
2.74796
2.74916
2.7505
2.75202
2.75373
2.75559
2.75784
2.76044
0.00788459
0.00706967
0.0123961
0.0160584
0.0201211
0.0236539
0.0267459
0.0291826
0.0309047
0.0318356
0.0319343
0.0311583
0.0294629
0.0267904
0.0230634
0.0181832
0.0120254
0.00444032
-0.00474776
-0.0157414
-0.0287687
-0.0440841
-0.061967
-0.0827206
-0.106669
-0.134154
-0.165531
-0.201163
-0.241416
-0.28665
-0.337216
-0.393446
-0.455645
-0.524086
-0.598999
-0.680562
-0.768893
-0.864043
-0.965985
-1.07461
-1.18971
-1.31097
-1.43798
-1.57017
-1.7068
-1.84706
-1.99003
-2.13479
-2.28031
-2.42557
-2.56939
-2.71053
-2.84785
-2.98007
-3.10592
-3.22414
-3.33356
-3.43316
-3.52188
-3.59879
-3.66313
-3.71381
-3.74937
-3.77312
-3.78725
-3.78851
-3.77605
-3.75026
-3.71136
-3.65968
-3.59544
-3.51901
-3.43078
-3.33124
-3.22096
-3.10058
-2.97087
-2.83274
-2.68724
-2.53569
-2.37976
-2.22154
-2.06367
-1.90937
-1.76249
-1.62724
-1.50756
-1.40572
-1.32076
-1.24819
-1.18161
-1.11508
-1.04445
-0.967159
-0.881794
-0.787864
-0.685824
-0.577011
-0.462871
-0.343352
-0.218186
-0.0867155
0.0526223
0.200194
0.35625
0.520712
0.693086
0.872405
1.05715
1.2452
1.43386
1.61982
1.79934
1.96846
2.12345
2.2614
2.38065
2.48097
2.56339
2.62971
2.68177
2.72121
2.74998
2.77079
2.78629
2.79827
2.80774
2.81517
2.82123
2.82649
2.83101
2.83488
2.83816
2.84092
2.84319
2.84501
2.8464
2.84738
2.84797
2.84816
2.84797
2.84739
2.84642
2.84504
2.84326
2.84106
2.83844
2.8354
2.83195
2.82809
2.82384
2.81924
2.81431
2.80912
2.80372
2.79818
2.79257
2.78699
2.78151
2.77622
2.77119
2.7665
2.76219
2.75831
2.7549
2.75197
2.74952
2.74754
2.746
2.74487
2.74411
2.74369
2.74356
2.74368
2.744
2.74451
2.74518
2.74598
2.74691
2.74797
2.74916
2.75049
2.75201
2.75372
2.75559
2.75779
2.76074
0.00878671
0.00730746
0.012844
0.0164655
0.0205905
0.0241703
0.0273303
0.0298416
0.031649
0.032675
0.0328801
0.0322238
0.0306639
0.0281454
0.024594
0.0199139
0.0139843
0.0066582
-0.0022368
-0.0129003
-0.0255577
-0.0404609
-0.0578869
-0.0781368
-0.101533
-0.128417
-0.159141
-0.19407
-0.233569
-0.278001
-0.327716
-0.38305
-0.444312
-0.511781
-0.585692
-0.666233
-0.753529
-0.847644
-0.948564
-1.0562
-1.17036
-1.29077
-1.41702
-1.54856
-1.68462
-1.82431
-1.96669
-2.1109
-2.25587
-2.40068
-2.54412
-2.68491
-2.82204
-2.95414
-3.07997
-3.19819
-3.30748
-3.40697
-3.49582
-3.5731
-3.63811
-3.69025
-3.72896
-3.75348
-3.76621
-3.76816
-3.75755
-3.73471
-3.70009
-3.65362
-3.59531
-3.52551
-3.44453
-3.35262
-3.25006
-3.1371
-3.01408
-2.88176
-2.74058
-2.59126
-2.43491
-2.27318
-2.10853
-1.94449
-1.7864
-1.64202
-1.52135
-1.43319
-1.37779
-1.34407
-1.31677
-1.28504
-1.24412
-1.1919
-1.12669
-1.04692
-0.951641
-0.84181
-0.719976
-0.587031
-0.445052
-0.295171
-0.135935
0.0322485
0.208672
0.392415
0.582307
0.777107
0.975404
1.17556
1.37553
1.57272
1.76401
1.94588
2.11477
2.26762
2.40238
2.51819
2.61526
2.6945
2.75752
2.80629
2.84239
2.86704
2.88256
2.89242
2.89924
2.90388
2.9071
2.90946
2.91103
2.91195
2.91229
2.91215
2.91157
2.91058
2.90923
2.90752
2.90547
2.90306
2.9003
2.89716
2.89365
2.88974
2.88542
2.88069
2.87552
2.86994
2.86394
2.85755
2.8508
2.84374
2.83642
2.8289
2.82128
2.81364
2.80606
2.79864
2.79149
2.78467
2.77827
2.77237
2.767
2.7622
2.75801
2.75442
2.75142
2.74898
2.74708
2.74566
2.74469
2.74409
2.74383
2.74386
2.74412
2.74458
2.74522
2.746
2.74691
2.74796
2.74915
2.75048
2.75199
2.75371
2.75558
2.75773
2.76108
0.00947974
0.00762809
0.0132986
0.0168961
0.0210638
0.0246824
0.0279003
0.0304799
0.032368
0.0334859
0.0337949
0.0332555
0.0318272
0.0294578
0.0260758
0.0215887
0.0158792
0.0088044
0.000195511
-0.010143
-0.0224326
-0.0369212
-0.0538821
-0.0736126
-0.0964321
-0.122678
-0.152701
-0.186862
-0.225526
-0.269052
-0.317793
-0.372083
-0.432234
-0.498527
-0.571202
-0.650451
-0.736409
-0.829146
-0.928663
-1.03489
-1.14766
-1.26671
-1.3917
-1.52207
-1.65701
-1.79552
-1.93665
-2.07968
-2.22353
-2.36762
-2.51015
-2.6497
-2.78603
-2.9175
-3.04274
-3.16044
-3.26935
-3.36841
-3.45673
-3.53353
-3.59818
-3.65023
-3.68934
-3.71528
-3.7284
-3.72997
-3.72031
-3.69917
-3.6668
-3.62342
-3.56955
-3.50569
-3.43233
-3.34994
-3.25891
-3.15948
-3.05354
-2.94129
-2.82118
-2.69352
-2.55912
-2.41911
-2.27508
-2.1293
-1.98566
-1.85048
-1.73411
-1.65144
-1.61351
-1.61318
-1.6281
-1.63755
-1.63046
-1.60265
-1.55257
-1.47936
-1.38162
-1.25844
-1.11312
-0.950282
-0.775982
-0.589495
-0.391513
-0.183871
0.0302686
0.248395
0.467887
0.686938
0.904153
1.11861
1.32937
1.53519
1.73418
1.92379
2.10105
2.26309
2.40779
2.5342
2.6425
2.73335
2.80745
2.86573
2.9098
2.94155
2.9618
2.97185
2.97576
2.97681
2.97641
2.97528
2.97347
2.97117
2.9685
2.96555
2.96238
2.95901
2.95545
2.95169
2.94771
2.94346
2.93892
2.93404
2.92879
2.92313
2.91703
2.91048
2.90346
2.89598
2.88806
2.87972
2.87103
2.86205
2.85285
2.84353
2.83419
2.82492
2.81583
2.80703
2.79861
2.79067
2.78327
2.77648
2.77035
2.7649
2.76016
2.7561
2.75272
2.74997
2.74782
2.74621
2.74508
2.74437
2.74402
2.74398
2.7442
2.74463
2.74525
2.74601
2.74692
2.74796
2.74914
2.75047
2.75198
2.7537
2.75558
2.75766
2.76143
0.0100075
0.00800385
0.013744
0.0173291
0.0215227
0.0251717
0.0284378
0.0310785
0.0330416
0.0342466
0.0346551
0.0342277
0.0329255
0.0306982
0.0274771
0.0231734
0.0176736
0.010839
0.00250547
-0.00751787
-0.0194475
-0.0335263
-0.0500228
-0.0692292
-0.0914601
-0.117047
-0.146339
-0.17969
-0.217462
-0.260012
-0.307689
-0.360826
-0.419736
-0.4847
-0.555962
-0.633716
-0.718102
-0.809201
-0.907024
-1.01152
-1.12254
-1.23987
-1.36322
-1.49207
-1.62548
-1.7624
-1.90191
-2.0435
-2.18568
-2.32791
-2.46949
-2.60871
-2.74459
-2.87563
-3.00048
-3.11786
-3.22656
-3.3255
-3.41377
-3.4906
-3.55538
-3.6077
-3.64731
-3.67416
-3.68824
-3.69048
-3.68174
-3.66213
-3.6321
-3.59228
-3.54339
-3.48622
-3.42159
-3.35033
-3.27325
-3.19111
-3.10474
-3.0144
-2.92062
-2.82403
-2.72502
-2.62716
-2.53093
-2.43507
-2.34228
-2.25647
-2.18224
-2.1292
-2.11411
-2.15008
-2.21875
-2.27767
-2.30717
-2.3024
-2.25881
-2.17406
-2.04892
-1.88409
-1.6802
-1.44132
-1.19763
-0.93941
-0.674963
-0.405416
-0.137944
0.12475
0.379232
0.624528
0.860225
1.08689
1.3051
1.51515
1.71653
1.90793
2.08731
2.25242
2.40129
2.53287
2.64722
2.74514
2.82738
2.89427
2.94598
2.98342
3.00882
3.02356
3.02778
3.0254
3.02109
3.01638
3.01144
3.00645
3.00155
2.99679
2.99216
2.98765
2.98317
2.97864
2.97398
2.9691
2.9639
2.95833
2.9523
2.94577
2.93871
2.93108
2.9229
2.91417
2.90493
2.89524
2.88517
2.87481
2.86427
2.85364
2.84305
2.83262
2.82246
2.81268
2.80338
2.79465
2.78656
2.77918
2.77253
2.76665
2.76154
2.75718
2.75355
2.7506
2.74829
2.74655
2.74532
2.74454
2.74414
2.74406
2.74425
2.74466
2.74526
2.74602
2.74692
2.74795
2.74912
2.75045
2.75195
2.75367
2.75556
2.75758
2.76178
0.0104078
0.00839573
0.0141587
0.0177394
0.0219463
0.0256188
0.0289243
0.0316187
0.0336494
0.0349348
0.0354356
0.0351126
0.0339275
0.0318319
0.0287598
0.0246259
0.0193207
0.0127099
0.0046342
-0.00509206
-0.0166799
-0.0303668
-0.0464154
-0.0651122
-0.0867659
-0.111703
-0.140264
-0.172801
-0.209669
-0.251221
-0.297802
-0.349743
-0.407355
-0.470917
-0.540675
-0.616826
-0.699514
-0.788826
-0.884784
-0.98735
-1.09641
-1.21177
-1.33324
-1.46034
-1.59195
-1.727
-1.86442
-2.00378
-2.14453
-2.28592
-2.42671
-2.56545
-2.70101
-2.83196
-2.95695
-3.0747
-3.18398
-3.28372
-3.37296
-3.45091
-3.51696
-3.57068
-3.61187
-3.64048
-3.65659
-3.66087
-3.65417
-3.63692
-3.60971
-3.57332
-3.52869
-3.47685
-3.41894
-3.35613
-3.28966
-3.22077
-3.15072
-3.08075
-3.01207
-2.94596
-2.88367
-2.82674
-2.77654
-2.73451
-2.70219
-2.68401
-2.68169
-2.69111
-2.71023
-2.7402
-2.79706
-2.91816
-3.06089
-3.13639
-3.12416
-3.03747
-2.87723
-2.64746
-2.35726
-1.97833
-1.62374
-1.2552
-0.90433
-0.561736
-0.240461
0.0618552
0.342913
0.605268
0.850813
1.0824
1.30219
1.51172
1.71135
1.90042
2.07748
2.24078
2.38885
2.52087
2.63682
2.7374
2.82345
2.89531
2.95277
2.9955
3.02404
3.0409
3.04859
3.04615
3.03913
3.03169
3.02504
3.01894
3.01343
3.00849
3.00401
2.99986
2.99586
2.99184
2.98762
2.98308
2.97808
2.97255
2.96641
2.95962
2.95215
2.944
2.93517
2.92571
2.91567
2.90514
2.8942
2.88296
2.87155
2.86008
2.84869
2.8375
2.82665
2.81623
2.80637
2.79714
2.78861
2.78085
2.77388
2.76773
2.76238
2.75784
2.75405
2.75098
2.74857
2.74675
2.74547
2.74464
2.74421
2.74411
2.74428
2.74468
2.74527
2.74603
2.74693
2.74796
2.74914
2.75047
2.75199
2.75373
2.75561
2.75753
2.76211
0.0107076
0.00876304
0.0145209
0.0181022
0.0223151
0.0260064
0.029344
0.0320846
0.0341747
0.0355315
0.0361148
0.0358851
0.0348047
0.0328269
0.029888
0.025906
0.0207752
0.0143657
0.0065229
-0.0029337
-0.0142097
-0.0275369
-0.0431721
-0.0613959
-0.0825107
-0.106836
-0.134709
-0.166472
-0.202477
-0.243071
-0.288594
-0.339374
-0.395718
-0.457906
-0.526181
-0.600741
-0.681733
-0.769253
-0.863327
-0.963932
-1.07098
-1.18428
-1.30381
-1.42906
-1.55871
-1.69146
-1.82668
-1.96451
-2.10417
-2.24462
-2.38468
-2.52301
-2.65845
-2.78959
-2.91511
-3.03371
-3.14416
-3.24537
-3.33635
-3.41628
-3.48452
-3.54062
-3.58433
-3.61563
-3.63461
-3.64185
-3.63812
-3.62395
-3.60001
-3.56719
-3.52653
-3.47919
-3.42645
-3.36968
-3.31032
-3.24985
-3.18977
-3.13161
-3.07687
-3.02709
-2.98379
-2.94853
-2.92286
-2.90837
-2.90677
-2.91999
-2.94953
-3.00125
-3.08354
-3.19955
-3.33822
-3.43692
-3.49304
-3.58242
-3.69811
-3.73184
-3.60115
-3.34862
-3.00636
-2.4234
-1.93476
-1.43782
-1.00918
-0.607167
-0.252926
0.068842
0.358432
0.623475
0.868046
1.09683
1.31286
1.51822
1.71353
1.89829
2.07114
2.23051
2.3752
2.50471
2.61927
2.71955
2.8063
2.87987
2.93996
2.9858
3.01713
3.03486
3.04201
3.04109
3.03365
3.02701
3.02052
3.01527
3.01123
3.00785
3.00493
3.00225
2.9996
2.99675
2.99347
2.98963
2.98513
2.9799
2.9739
2.96711
2.95952
2.95114
2.94201
2.93217
2.92172
2.91072
2.89931
2.88758
2.87569
2.86375
2.85191
2.8403
2.82905
2.81828
2.80809
2.79858
2.7898
2.78182
2.77466
2.76835
2.76287
2.75822
2.75434
2.7512
2.74873
2.74687
2.74555
2.7447
2.74424
2.74413
2.74429
2.74468
2.74527
2.74602
2.74691
2.74794
2.7491
2.75041
2.75189
2.75358
2.75542
2.75731
2.76236
0.0109243
0.00907252
0.0148129
0.0183989
0.0226155
0.0263228
0.0296874
0.0324675
0.0346085
0.0360269
0.0366813
0.0365322
0.0355425
0.0336668
0.0308436
0.0269938
0.0220152
0.015782
0.00814391
-0.0010748
-0.0120747
-0.0250821
-0.0403485
-0.0581485
-0.0787787
-0.102553
-0.129801
-0.160861
-0.196079
-0.235795
-0.280346
-0.330055
-0.385226
-0.446136
-0.513026
-0.586096
-0.665495
-0.75132
-0.843608
-0.942339
-1.04744
-1.15875
-1.27636
-1.39975
-1.52728
-1.65786
-1.79149
-1.92813
-2.06672
-2.20629
-2.34573
-2.48377
-2.61924
-2.75077
-2.87706
-2.9968
-3.10877
-3.21184
-3.305
-3.38741
-3.45839
-3.51745
-3.56432
-3.59892
-3.62136
-3.63215
-3.63199
-3.62142
-3.60116
-3.57209
-3.5353
-3.49196
-3.44341
-3.39108
-3.33647
-3.28116
-3.22674
-3.17481
-3.12696
-3.08475
-3.04968
-3.0232
-3.00669
-3.00145
-3.0087
-3.02931
-3.06574
-3.12153
-3.19886
-3.29963
-3.42614
-3.57536
-3.75567
-3.90821
-3.96856
-3.95906
-3.96552
-3.83374
-3.48865
-2.65496
-2.05177
-1.44241
-0.976894
-0.550681
-0.194256
0.123771
0.405581
0.662443
0.899007
1.1205
1.32988
1.52918
1.71889
1.89844
2.06643
2.22131
2.36196
2.48807
2.60007
2.69873
2.78483
2.85863
2.91987
2.96741
3.00068
3.02006
3.02712
3.0263
3.01969
3.01679
3.01338
3.01059
3.00773
3.0055
3.00378
3.00216
3.00045
2.99841
2.99571
2.99228
2.98807
2.98304
2.97715
2.9704
2.96278
2.95433
2.94508
2.9351
2.92447
2.91328
2.90166
2.88972
2.87761
2.86546
2.85341
2.84161
2.83018
2.81925
2.80891
2.79926
2.79036
2.78228
2.77503
2.76864
2.76311
2.7584
2.75448
2.7513
2.7488
2.74692
2.74559
2.74472
2.74426
2.74414
2.7443
2.74469
2.74527
2.74602
2.74692
2.74795
2.74912
2.75046
2.75199
2.7538
2.75584
2.7579
2.76295
0.0110605
0.00928591
0.0150085
0.018601
0.0228211
0.0265418
0.0299278
0.0327387
0.0349191
0.036385
0.0370948
0.0370086
0.03609
0.0342949
0.0315638
0.0278198
0.0229639
0.0168736
0.00940233
0.000378473
-0.0103941
-0.0231371
-0.0380971
-0.0555436
-0.0757679
-0.0990783
-0.125799
-0.156264
-0.190811
-0.229778
-0.273496
-0.322282
-0.376439
-0.436239
-0.501922
-0.573685
-0.651679
-0.736003
-0.826695
-0.923742
-1.02708
-1.13654
-1.2523
-1.37388
-1.4996
-1.62872
-1.76131
-1.89698
-2.03472
-2.17367
-2.31274
-2.45069
-2.58638
-2.71847
-2.84568
-2.9667
-3.0803
-3.18534
-3.28079
-3.36579
-3.43962
-3.50176
-3.5519
-3.58992
-3.61593
-3.63035
-3.63385
-3.62697
-3.61041
-3.58507
-3.55197
-3.5123
-3.46736
-3.41856
-3.3674
-3.31542
-3.26418
-3.21523
-3.17006
-3.1301
-3.09668
-3.07105
-3.05437
-3.04781
-3.05254
-3.07015
-3.10303
-3.15377
-3.22471
-3.31752
-3.4325
-3.56567
-3.7123
-3.85771
-3.99192
-4.10078
-4.13669
-3.97745
-3.78913
-2.65106
-2.0065
-1.31405
-0.849929
-0.436411
-0.100854
0.19869
0.464588
0.708756
0.934852
1.14761
1.34937
1.54185
1.72533
1.89917
2.06199
2.2123
2.34904
2.47192
2.58144
2.67837
2.76356
2.83727
2.89938
2.94858
2.98421
3.00601
3.01526
3.0181
3.01123
3.01049
3.00882
3.00677
3.00505
3.00353
3.00208
3.00091
2.99982
2.99838
2.99603
2.99281
2.98877
2.98387
2.97808
2.97139
2.96381
2.95537
2.94611
2.9361
2.92542
2.91418
2.90249
2.89049
2.8783
2.86608
2.85397
2.84209
2.8306
2.8196
2.80921
2.79951
2.79057
2.78244
2.77517
2.76875
2.76319
2.75846
2.75452
2.75133
2.74882
2.74693
2.74559
2.74472
2.74425
2.74413
2.74428
2.74467
2.74526
2.746
2.74689
2.74792
2.74909
2.7504
2.75189
2.75356
2.75526
2.75636
2.76088
0.0111297
0.00939836
0.0151141
0.018713
0.0229382
0.0266693
0.0300697
0.0328999
0.0351041
0.0365983
0.0373406
0.0372912
0.0364142
0.0346661
0.0319885
0.028306
0.0235211
0.0175131
0.0101376
0.00122516
-0.00941799
-0.022011
-0.0367979
-0.0540454
-0.0740419
-0.097093
-0.12352
-0.153654
-0.187831
-0.226385
-0.269645
-0.317928
-0.371533
-0.430734
-0.495768
-0.566835
-0.644085
-0.727621
-0.817484
-0.913668
-1.01611
-1.12464
-1.23946
-1.35996
-1.4847
-1.61312
-1.74505
-1.88008
-2.01728
-2.15578
-2.29455
-2.43237
-2.5681
-2.70044
-2.8281
-2.94981
-3.06431
-3.17048
-3.26729
-3.35384
-3.42942
-3.49349
-3.54571
-3.58596
-3.61432
-3.63119
-3.63717
-3.63284
-3.61889
-3.59616
-3.56568
-3.52857
-3.48611
-3.43966
-3.39066
-3.34058
-3.29091
-3.24309
-3.19851
-3.15843
-3.12402
-3.09631
-3.07627
-3.06486
-3.06313
-3.07239
-3.09466
-3.13275
-3.18995
-3.26953
-3.37388
-3.50223
-3.65069
-3.807
-3.96172
-4.0969
-4.24371
-4.10404
-4.83603
-2.48291
-1.7232
-1.06681
-0.658998
-0.297427
0.00216354
0.276411
0.524022
0.754629
0.97002
1.17394
1.36793
1.55331
1.73017
1.8979
2.05525
2.20089
2.33383
2.45374
2.56096
2.65613
2.74003
2.81293
2.87498
2.92502
2.96292
2.98799
3.00304
3.01523
3.00829
3.0105
3.00975
3.0077
3.00515
3.00312
3.00163
3.00035
2.99921
2.99767
2.9953
2.99208
2.98809
2.98324
2.97752
2.97089
2.96337
2.95499
2.94578
2.93582
2.92519
2.91398
2.90233
2.89035
2.87819
2.86599
2.85389
2.84203
2.83055
2.81956
2.80917
2.79947
2.79054
2.78242
2.77515
2.76873
2.76317
2.75844
2.75451
2.75132
2.74881
2.74692
2.74558
2.74471
2.74424
2.74412
2.74427
2.74466
2.74524
2.74599
2.74688
2.74791
2.74907
2.7504
2.75191
2.75367
2.75564
2.75773
2.76839
2.06947
2.0228
2.01207
2.00262
1.99431
1.98708
1.98054
1.97443
1.96844
1.96218
1.95517
1.94682
1.93645
1.92339
1.90696
1.88647
1.86127
1.8308
1.7946
1.7523
1.70363
1.64838
1.58641
1.51757
1.44172
1.35864
1.26804
1.16946
1.06225
0.94544
0.817623
0.676784
0.52
0.342838
0.138936
-0.103726
-0.397322
-0.800881
-1.26319
2.02825
2.01335
2.00878
2.00126
1.9937
1.98679
1.9804
1.97437
1.96843
1.96221
1.95521
1.94689
1.93655
1.92354
1.90716
1.88672
1.86158
1.83118
1.79506
1.75285
1.70429
1.64917
1.58735
1.51869
1.44306
1.36025
1.27001
1.1719
1.06532
0.949366
0.822758
0.683676
0.529552
0.35666
0.159927
-0.0691448
-0.338674
-0.678023
-1.06436
2.03863
2.02095
2.01217
2.00288
1.99454
1.98726
1.98069
1.97457
1.96859
1.96235
1.95538
1.9471
1.93684
1.92395
1.90774
1.8875
1.86261
1.83251
1.79676
1.75499
1.70694
1.65243
1.59132
1.52351
1.4489
1.36734
1.27863
1.18247
1.07836
0.965649
0.843373
0.710232
0.564485
0.403799
0.225326
0.0250244
-0.199842
-0.457888
-0.733005
2.03716
2.01884
2.0105
2.00187
1.99396
1.98692
1.9805
1.97447
1.96855
1.96238
1.95547
1.94729
1.93718
1.92448
1.90851
1.88859
1.8641
1.83449
1.79932
1.75824
1.711
1.65743
1.59743
1.53093
1.45788
1.37822
1.29184
1.19857
1.09814
0.990151
0.874056
0.749127
0.614457
0.468947
0.311453
0.140698
-0.043458
-0.241978
-0.446
2.03627
2.01919
2.01089
2.00221
1.99422
1.98711
1.98064
1.97459
1.96868
1.96254
1.9557
1.94764
1.93771
1.92528
1.90966
1.89021
1.8663
1.83741
1.80311
1.76307
1.71706
1.66495
1.60666
1.5422
1.47159
1.39487
1.31208
1.22323
1.12829
1.02721
0.919853
0.806081
0.685736
0.558698
0.425019
0.285004
0.1398
-0.00895815
-0.155926
2.03556
2.01932
2.01081
2.00211
1.99414
1.98705
1.98061
1.97459
1.96873
1.96266
1.95595
1.94806
1.9384
1.92633
1.91121
1.8924
1.86931
1.84142
1.80834
1.76975
1.72546
1.67537
1.61948
1.55783
1.49057
1.41783
1.33983
1.25675
1.16882
1.07626
0.979306
0.87823
0.773342
0.665044
0.553898
0.440694
0.326692
0.213592
0.104401
2.03491
2.01944
2.01079
2.0021
1.99415
1.98707
1.98064
1.97466
1.96884
1.96287
1.9563
1.94865
1.93934
1.92776
1.9133
1.89535
1.87335
1.84682
1.81537
1.77875
1.73679
1.68943
1.63675
1.57887
1.51603
1.4485
1.37662
1.30078
1.2214
1.13892
1.05381
0.96658
0.877762
0.787942
0.697782
0.608055
0.519722
0.433953
0.352312
2.03428
2.01955
2.01077
2.00208
1.99414
1.98708
1.98067
1.97472
1.96898
1.96312
1.95675
1.9494
1.94053
1.92958
1.91597
1.89912
1.87853
1.85373
1.8244
1.7903
1.75131
1.70744
1.6588
1.60563
1.54822
1.48698
1.42236
1.35486
1.28503
1.21342
1.1406
1.06714
0.993591
0.920492
0.848385
0.777822
0.7094
0.643782
0.58174
2.0337
2.01965
2.01075
2.00207
1.99415
1.9871
1.98072
1.97481
1.96915
1.96345
1.95731
1.95033
1.94201
1.93184
1.91927
1.9038
1.88494
1.8623
1.83558
1.80458
1.76924
1.72961
1.68586
1.63829
1.58727
1.53327
1.47681
1.41847
1.35881
1.29843
1.23787
1.17766
1.11826
1.06007
1.00344
0.948709
0.89616
0.846096
0.798832
2.03319
2.01975
2.01074
2.00207
1.99416
1.98713
1.98077
1.97492
1.96937
1.96383
1.95799
1.95145
1.94379
1.93454
1.92323
1.90939
1.89262
1.87254
1.84892
1.8216
1.79056
1.75588
1.71778
1.67659
1.63272
1.58666
1.53895
1.49016
1.44083
1.39149
1.34263
1.29465
1.24788
1.20259
1.15898
1.11719
1.07731
1.03944
1.00367
2.03275
2.01983
2.01074
2.00207
1.99418
1.98716
1.98084
1.97505
1.96961
1.96428
1.95877
1.95275
1.94585
1.93767
1.92781
1.91588
1.9015
1.88439
1.86434
1.84123
1.81507
1.78597
1.75415
1.71996
1.6838
1.64614
1.60748
1.56832
1.52916
1.49042
1.45248
1.41563
1.38009
1.34602
1.31348
1.28251
1.2531
1.22523
1.19885
2.03239
2.01989
2.01073
2.00208
1.9942
1.98719
1.98091
1.9752
1.96989
1.96479
1.95965
1.95421
1.94816
1.94119
1.93296
1.92315
1.91147
1.89768
1.8816
1.86316
1.84236
1.81934
1.79429
1.76752
1.7394
1.71033
1.68074
1.65106
1.62165
1.59285
1.56494
1.53811
1.5125
1.48818
1.46515
1.44341
1.42288
1.4035
1.38519
2.03213
2.01993
2.01073
2.00208
1.99421
1.98723
1.98099
1.97535
1.97019
1.96534
1.96061
1.9558
1.95069
1.94503
1.93858
1.93109
1.92234
1.91214
1.90036
1.88693
1.87186
1.85525
1.83727
1.81815
1.7982
1.77771
1.75703
1.73646
1.71628
1.69673
1.67799
1.66019
1.64342
1.62769
1.61301
1.59932
1.58657
1.57469
1.56358
2.03197
2.01996
2.01073
2.00209
1.99423
1.98727
1.98107
1.97551
1.9705
1.96592
1.96162
1.95749
1.95336
1.94909
1.94452
1.93949
1.93384
1.92742
1.92015
1.91195
1.90282
1.89281
1.88202
1.87061
1.85875
1.84667
1.83457
1.82267
1.81113
1.80012
1.78975
1.78011
1.77125
1.76319
1.75591
1.7494
1.7436
1.73847
1.73393
2.03191
2.01997
2.01073
2.0021
1.99425
1.98731
1.98115
1.97568
1.97083
1.96651
1.96266
1.95922
1.95611
1.95328
1.95064
1.94814
1.94566
1.94313
1.94045
1.93757
1.93444
1.93105
1.92741
1.92357
1.91961
1.91562
1.9117
1.90795
1.90446
1.90133
1.89862
1.89638
1.89466
1.89348
1.89285
1.89278
1.89323
1.89422
1.89565
2.03197
2.01996
2.01073
2.0021
1.99426
1.98734
1.98122
1.97584
1.97115
1.96711
1.9637
1.96095
1.95886
1.95746
1.95677
1.95678
1.95748
1.95881
1.96071
1.96309
1.96587
1.96896
1.97228
1.97576
1.97937
1.98307
1.98685
1.99073
1.99471
1.99883
2.00312
2.00761
2.01236
2.01738
2.02272
2.0284
2.03444
2.04087
2.04763
2.03213
2.01993
2.01074
2.00211
1.99427
1.98737
1.98129
1.976
1.97145
1.96768
1.96471
1.96263
1.96153
1.96152
1.96272
1.96518
1.96896
1.97404
1.98037
1.98783
1.9963
2.0056
2.01556
2.02599
2.03674
2.04767
2.05865
2.06961
2.0805
2.09129
2.10198
2.1126
2.12319
2.13379
2.14446
2.15524
2.16619
2.17736
2.1887
2.03239
2.01989
2.01074
2.00211
1.99428
1.9874
1.98136
1.97614
1.97174
1.96822
1.96566
1.96421
1.96405
1.96536
1.96834
1.97312
1.97981
1.98843
1.99893
2.01118
2.025
2.04012
2.05629
2.07322
2.09062
2.10826
2.12592
2.14342
2.16067
2.17758
2.19412
2.21031
2.22617
2.24177
2.25716
2.27241
2.2876
2.3028
2.31795
2.03275
2.01983
2.01075
2.00212
1.99429
1.98742
1.98142
1.97627
1.97201
1.96871
1.96653
1.96567
1.96636
1.96889
1.9735
1.98042
1.98978
2.00166
2.01599
2.03264
2.05136
2.07184
2.09371
2.1166
2.14012
2.16392
2.1877
2.21121
2.23429
2.2568
2.27868
2.29993
2.32055
2.34061
2.36018
2.37933
2.39814
2.41671
2.43495
2.03319
2.01975
2.01076
2.00212
1.99429
1.98744
1.98147
1.97639
1.97224
1.96915
1.96731
1.96696
1.96842
1.97203
1.9781
1.98692
1.99868
2.01347
2.03123
2.05182
2.07495
2.10024
2.12725
2.15551
2.18456
2.21395
2.2433
2.27229
2.30069
2.32831
2.35507
2.38091
2.40585
2.42992
2.4532
2.47577
2.4977
2.5191
2.53988
2.03371
2.01966
2.01078
2.00213
1.9943
1.98746
1.98152
1.97649
1.97244
1.96953
1.96797
1.96808
1.9702
1.97475
1.98209
1.99256
2.0064
2.02371
2.04447
2.0685
2.09548
2.125
2.15654
2.18956
2.22352
2.25791
2.29227
2.32621
2.35943
2.39171
2.42291
2.45295
2.48181
2.50952
2.53613
2.56174
2.5864
2.61026
2.63316
2.03428
2.01956
2.01079
2.00214
1.99431
1.98747
1.98155
1.97657
1.97261
1.96985
1.96853
1.96902
1.9717
1.97702
1.98543
1.99729
2.01288
2.03233
2.05563
2.08258
2.11286
2.14599
2.18144
2.21859
2.25685
2.29564
2.33444
2.3728
2.41037
2.44687
2.48211
2.51599
2.54846
2.57951
2.60918
2.63755
2.66467
2.6907
2.71544
2.03491
2.01945
2.01081
2.00216
1.99432
1.98749
1.98159
1.97664
1.97275
1.97011
1.96899
1.96977
1.9729
1.97887
1.98814
2.00114
2.01815
2.03936
2.06474
2.09411
2.12711
2.16327
2.202
2.24265
2.28458
2.32716
2.36981
2.41205
2.45347
2.49374
2.53265
2.57002
2.60579
2.63991
2.67241
2.70333
2.73269
2.76066
2.78697
2.03557
2.01933
2.01084
2.00218
1.99432
1.9875
1.98161
1.97669
1.97285
1.9703
1.96933
1.97035
1.97384
1.9803
1.99025
2.00414
2.02229
2.04488
2.07193
2.10323
2.13844
2.17705
2.21847
2.26201
2.30701
2.35278
2.39874
2.44433
2.4891
2.53271
2.57488
2.61541
2.65419
2.69115
2.72626
2.75952
2.79092
2.82056
2.8481
2.03628
2.0192
2.01091
2.00228
1.99441
1.98757
1.98167
1.97676
1.97295
1.97047
1.96961
1.9708
1.97455
1.98139
1.99185
2.00641
2.02542
2.04908
2.07739
2.11019
2.14711
2.18765
2.23119
2.27703
2.32448
2.37284
2.42146
2.46979
2.51733
2.5637
2.60859
2.65179
2.69315
2.73256
2.76995
2.80528
2.83845
2.86948
2.89785
2.03717
2.01885
2.01052
2.00195
1.99416
1.9874
1.98156
1.9767
1.97294
1.97051
1.96975
1.97108
1.97502
1.98213
1.99297
2.00803
2.02767
2.05212
2.08139
2.11531
2.15352
2.19552
2.24068
2.28828
2.33762
2.38796
2.43866
2.48911
2.53881
2.58734
2.63439
2.67972
2.72315
2.76457
2.80387
2.84094
2.8756
2.90769
2.93645
2.03863
2.02096
2.0122
2.00296
1.99474
1.98773
1.98177
1.97683
1.97305
1.97063
1.9699
1.97131
1.97537
1.98267
1.99376
2.00916
2.02923
2.05421
2.08411
2.11878
2.15786
2.20082
2.24702
2.29577
2.34631
2.39791
2.44991
2.50168
2.55271
2.60258
2.65094
2.69757
2.74228
2.78496
2.82551
2.86384
2.89973
2.93288
2.96234
2.02825
2.01336
2.0088
2.00134
1.9939
1.98727
1.98149
1.97666
1.97294
1.97057
1.96989
1.97136
1.97551
1.98293
1.99417
2.00977
2.0301
2.05539
2.08567
2.12078
2.16036
2.20388
2.2507
2.3001
2.35134
2.40368
2.45642
2.50896
2.56076
2.61138
2.6605
2.70785
2.75328
2.79667
2.83797
2.87712
2.91401
2.94826
2.97884
2.06948
2.02281
2.0121
2.0027
1.99451
1.98756
1.98163
1.97672
1.97296
1.97057
1.96989
1.97136
1.97553
1.98296
1.99424
2.00988
2.03027
2.05562
2.08598
2.12117
2.16083
2.20444
2.25134
2.30083
2.35214
2.40453
2.45732
2.50987
2.56166
2.61225
2.66129
2.70854
2.75382
2.79706
2.8382
2.87726
2.91437
2.94952
2.98403
)
;

boundaryField
{
    frontandback
    {
        type            empty;
    }
    in1
    {
        type            calculated;
        value           nonuniform List<scalar> 
24
(
2.76839
2.76088
2.76295
2.76236
2.76211
2.76178
2.76143
2.76108
2.76074
2.76044
2.76023
2.76011
2.76011
2.76023
2.76044
2.76074
2.76108
2.76143
2.76178
2.76211
2.76236
2.76295
2.76088
2.76839
)
;
    }
    in2
    {
        type            calculated;
        value           nonuniform List<scalar> 
29
(
2.06947
2.02825
2.03863
2.03716
2.03627
2.03556
2.03491
2.03428
2.0337
2.03319
2.03275
2.03239
2.03213
2.03197
2.03191
2.03197
2.03213
2.03239
2.03275
2.03319
2.03371
2.03428
2.03491
2.03557
2.03628
2.03717
2.03863
2.02825
2.06948
)
;
    }
    out
    {
        type            calculated;
        value           uniform 0;
    }
    walls
    {
        type            calculated;
        value           nonuniform List<scalar> 
423
(
-0.00723208
0.00474211
0.00720209
0.0114821
0.0145656
0.0173239
0.019354
0.0206406
0.0210609
0.0205403
0.0189967
0.0163472
0.0124959
0.00733135
0.000720011
-0.00749293
-0.0174875
-0.0294653
-0.0436509
-0.0602872
-0.0796354
-0.101971
-0.127581
-0.156761
-0.189806
-0.227007
-0.268643
-0.314972
-0.366223
-0.422582
-0.484181
-0.551082
-0.623261
-0.700587
-0.782806
-0.86951
-0.960123
-1.05387
-1.14977
-1.24661
-1.34295
-1.43711
-1.52718
-1.61108
-1.68655
-1.75122
-1.8027
-1.83859
-1.85661
-1.85464
-1.83072
-1.78334
-1.71111
-1.61273
-1.48767
-1.33627
-1.15969
-0.960084
-0.740614
-0.505573
-0.260446
-0.011992
0.231711
0.461244
0.665927
0.834122
0.954049
1.01567
1.01466
0.959173
0.876404
0.806165
0.773939
0.773168
0.784462
0.798402
0.813673
0.82974
0.846609
0.8643
0.882836
0.90223
0.922497
0.943625
0.965583
0.988332
1.01183
1.03602
1.06086
1.08631
1.11232
1.13883
1.16577
1.1931
1.22079
1.24881
1.27712
1.30565
1.33449
1.36408
1.39482
1.42712
1.46139
1.49762
1.53585
1.576
1.61792
1.66138
1.70601
1.7514
1.79704
1.84241
1.88696
1.9302
1.97168
2.01104
2.04801
2.08241
2.11416
2.14325
2.16974
2.19374
2.21539
2.23486
2.25231
2.26788
2.28175
2.29452
2.3067
2.31859
2.33032
2.34193
2.35346
2.36495
2.37644
2.38796
2.39955
2.41123
2.42303
2.43495
2.44701
2.45922
2.47159
2.4841
2.49674
2.5095
2.52236
2.53527
2.54822
2.56115
2.57401
2.58675
2.59931
2.61163
2.62363
2.63526
2.64643
2.6571
2.66721
2.67668
2.68549
2.6936
2.70099
2.70765
2.71357
2.71879
2.72333
2.72724
2.73057
2.73339
2.73576
2.73775
2.73944
2.74089
2.74217
2.74333
2.74443
2.74551
2.7466
2.74776
2.749
2.75036
2.7519
2.75367
2.75563
2.75773
2.76839
0.0111297
0.00939836
0.0151141
0.018713
0.0229382
0.0266693
0.0300697
0.0328999
0.0351041
0.0365983
0.0373406
0.0372912
0.0364142
0.0346661
0.0319885
0.028306
0.0235211
0.0175131
0.0101376
0.00122516
-0.00941799
-0.022011
-0.0367979
-0.0540454
-0.0740419
-0.097093
-0.12352
-0.153654
-0.187831
-0.226385
-0.269645
-0.317928
-0.371533
-0.430734
-0.495768
-0.566835
-0.644085
-0.727621
-0.817484
-0.913668
-1.01611
-1.12464
-1.23946
-1.35996
-1.4847
-1.61312
-1.74505
-1.88008
-2.01728
-2.15578
-2.29455
-2.43237
-2.5681
-2.70044
-2.8281
-2.94981
-3.06431
-3.17048
-3.26729
-3.35384
-3.42942
-3.49349
-3.54571
-3.58596
-3.61432
-3.63119
-3.63717
-3.63284
-3.61889
-3.59616
-3.56568
-3.52857
-3.48611
-3.43966
-3.39066
-3.34058
-3.29091
-3.24309
-3.19851
-3.15843
-3.12402
-3.09631
-3.07627
-3.06486
-3.06313
-3.07239
-3.09466
-3.13275
-3.18995
-3.26953
-3.37388
-3.50223
-3.65069
-3.807
-3.96172
-4.0969
-4.24371
-4.10404
-4.83603
3.00829
3.0105
3.00975
3.0077
3.00515
3.00312
3.00163
3.00035
2.99921
2.99767
2.9953
2.99208
2.98809
2.98324
2.97752
2.97089
2.96337
2.95499
2.94578
2.93582
2.92519
2.91398
2.90233
2.89035
2.87819
2.86599
2.85389
2.84203
2.83055
2.81956
2.80917
2.79947
2.79054
2.78242
2.77515
2.76873
2.76317
2.75844
2.75451
2.75132
2.74881
2.74692
2.74558
2.74471
2.74424
2.74412
2.74427
2.74466
2.74524
2.74599
2.74688
2.74791
2.74907
2.7504
2.75191
2.75367
2.75564
2.75773
2.76839
2.06947
2.0228
2.01207
2.00262
1.99431
1.98708
1.98054
1.97443
1.96844
1.96218
1.95517
1.94682
1.93645
1.92339
1.90696
1.88647
1.86127
1.8308
1.7946
1.7523
1.70363
1.64838
1.58641
1.51757
1.44172
1.35864
1.26804
1.16946
1.06225
0.94544
0.817623
0.676784
0.52
0.342838
0.138936
-0.103726
-0.397322
-0.800881
-1.26319
2.06948
2.02281
2.0121
2.0027
1.99451
1.98756
1.98163
1.97672
1.97296
1.97057
1.96989
1.97136
1.97553
1.98296
1.99424
2.00988
2.03027
2.05562
2.08598
2.12117
2.16083
2.20444
2.25134
2.30083
2.35214
2.40453
2.45732
2.50987
2.56166
2.61225
2.66129
2.70854
2.75382
2.79706
2.8382
2.87726
2.91437
2.94952
2.98403
)
;
    }
}


// ************************************************************************* //
