/*--------------------------------*- C++ -*----------------------------------*\
| =========                 |                                                 |
| \\      /  F ield         | OpenFOAM: The Open Source CFD Toolbox           |
|  \\    /   O peration     | Version:  2406                                  |
|   \\  /    A nd           | Website:  www.openfoam.com                      |
|    \\/     M anipulation  |                                                 |
\*---------------------------------------------------------------------------*/
FoamFile
{
    version     2.0;
    format      ascii;
    arch        "LSB;label=32;scalar=64";
    class       volScalarField;
    location    "0.1";
    object      p;
}
// * * * * * * * * * * * * * * * * * * * * * * * * * * * * * * * * * * * * * //

dimensions      [1 -1 -2 0 0 0 0];

internalField   nonuniform List<scalar> 
6250
(
4656.12
4377.92
4491.25
4585.76
4569.37
4519.53
4489.84
4476.66
4463.19
4444.84
4424.95
4405.98
4387.76
4369.51
4351.04
4332.5
4313.99
4295.51
4277.04
4258.57
4240.1
4221.63
4203.16
4184.68
4166.2
4147.73
4129.26
4110.77
4092.28
4073.8
4055.33
4036.86
4018.39
3999.92
3981.44
3962.97
3944.49
3926.02
3907.54
3889.06
3870.59
3852.12
3833.64
3815.16
3796.68
3778.21
3759.74
3741.26
3722.78
3704.3
3685.83
3667.35
3648.88
3630.41
3611.93
3593.45
3574.97
3556.5
3538.03
3519.55
3501.08
3482.6
3464.13
3445.65
3427.17
3408.69
3390.22
3371.74
3353.27
3334.8
3316.32
3297.84
3279.37
3260.89
3242.42
3223.94
3205.47
3186.99
3168.51
3150.04
3131.56
3113.09
3094.61
3076.14
3057.66
3039.19
3020.71
3002.24
2983.76
2965.28
2946.81
2928.34
2909.86
2891.39
2872.91
2854.43
2835.96
2817.48
2799.01
2780.53
2762.06
2743.58
2725.11
2706.63
2688.15
2669.68
2651.21
2632.73
2614.26
2595.78
2577.3
2558.82
2540.35
2521.88
2503.41
2484.93
2466.46
2447.98
2429.5
2411.02
2392.55
2374.07
2355.6
2337.12
2318.64
2300.17
2281.69
2263.21
2244.74
2226.26
2207.78
2189.31
2170.83
2152.36
2133.88
2115.41
2096.93
2078.45
2059.97
2041.49
2023.02
2004.54
1986.07
1967.6
1949.12
1930.65
1912.16
1893.68
1875.2
1856.73
1838.26
1819.79
1801.31
1782.84
1764.36
1745.88
1727.4
1708.92
1690.45
1671.97
1653.5
1635.03
1616.55
1598.08
1579.6
1561.13
1542.66
1524.18
1505.71
1487.24
1468.77
1450.29
1431.81
1413.34
1394.86
1376.39
1357.92
1339.45
1320.98
1302.5
1284.02
1265.55
1247.07
1228.59
1210.11
1191.63
1173.16
1154.68
1136.21
1117.73
1099.25
1080.77
1062.28
1043.8
1025.31
1006.83
988.358
969.883
951.41
932.94
914.471
896.001
877.527
859.05
840.57
822.092
803.615
785.139
766.665
748.193
729.725
711.26
692.796
674.334
655.87
637.404
618.936
600.466
581.995
563.521
545.045
526.565
508.081
489.595
471.106
452.614
434.119
415.62
397.119
378.617
360.116
341.618
323.125
304.635
286.149
267.669
249.196
230.73
212.27
193.813
175.358
156.903
138.448
119.993
101.536
83.0777
64.6174
46.1559
27.6936
9.23152
4656.1
4377.89
4491.23
4585.77
4569.38
4519.53
4489.84
4476.65
4463.19
4444.84
4424.94
4405.96
4387.76
4369.52
4351.03
4332.49
4313.99
4295.52
4277.05
4258.59
4240.12
4221.64
4203.16
4184.67
4166.18
4147.7
4129.23
4110.77
4092.3
4073.82
4055.34
4036.86
4018.39
3999.92
3981.44
3962.96
3944.49
3926.02
3907.55
3889.07
3870.58
3852.11
3833.64
3815.17
3796.69
3778.21
3759.74
3741.26
3722.78
3704.31
3685.83
3667.35
3648.88
3630.4
3611.93
3593.46
3574.98
3556.5
3538.03
3519.55
3501.07
3482.6
3464.12
3445.65
3427.18
3408.7
3390.22
3371.74
3353.27
3334.79
3316.32
3297.85
3279.37
3260.89
3242.41
3223.94
3205.47
3186.99
3168.52
3150.04
3131.56
3113.09
3094.61
3076.14
3057.66
3039.19
3020.71
3002.23
2983.76
2965.28
2946.81
2928.34
2909.86
2891.39
2872.91
2854.43
2835.96
2817.48
2799.01
2780.53
2762.06
2743.58
2725.1
2706.63
2688.15
2669.68
2651.21
2632.73
2614.26
2595.78
2577.3
2558.82
2540.35
2521.88
2503.41
2484.93
2466.45
2447.97
2429.5
2411.02
2392.55
2374.07
2355.6
2337.12
2318.64
2300.17
2281.69
2263.22
2244.74
2226.26
2207.78
2189.31
2170.83
2152.36
2133.88
2115.41
2096.93
2078.45
2059.97
2041.49
2023.02
2004.55
1986.08
1967.6
1949.12
1930.64
1912.16
1893.68
1875.2
1856.73
1838.26
1819.79
1801.31
1782.83
1764.35
1745.87
1727.39
1708.92
1690.45
1671.98
1653.51
1635.03
1616.55
1598.07
1579.6
1561.13
1542.66
1524.19
1505.72
1487.24
1468.77
1450.29
1431.81
1413.34
1394.86
1376.39
1357.92
1339.45
1320.98
1302.51
1284.03
1265.55
1247.06
1228.58
1210.11
1191.63
1173.16
1154.69
1136.21
1117.73
1099.25
1080.77
1062.28
1043.8
1025.31
1006.83
988.355
969.883
951.413
932.943
914.472
896
877.526
859.05
840.572
822.091
803.611
785.134
766.662
748.194
729.727
711.262
692.798
674.334
655.87
637.405
618.937
600.468
581.995
563.52
545.043
526.565
508.083
489.599
471.109
452.616
434.119
415.62
397.119
378.617
360.116
341.616
323.12
304.629
286.146
267.668
249.196
230.731
212.27
193.813
175.358
156.905
138.45
119.995
101.537
83.0783
64.618
46.1564
27.6941
9.23138
4656.11
4377.9
4491.23
4585.77
4569.37
4519.52
4489.85
4476.67
4463.19
4444.84
4424.94
4405.97
4387.76
4369.51
4351.03
4332.48
4313.98
4295.52
4277.05
4258.58
4240.11
4221.64
4203.16
4184.69
4166.2
4147.71
4129.24
4110.76
4092.28
4073.81
4055.34
4036.86
4018.38
3999.91
3981.44
3962.97
3944.49
3926.01
3907.54
3889.07
3870.59
3852.11
3833.64
3815.17
3796.69
3778.21
3759.73
3741.26
3722.78
3704.31
3685.83
3667.36
3648.88
3630.4
3611.93
3593.45
3574.98
3556.5
3538.03
3519.55
3501.08
3482.6
3464.12
3445.65
3427.17
3408.7
3390.22
3371.75
3353.27
3334.79
3316.32
3297.85
3279.37
3260.89
3242.42
3223.94
3205.47
3186.99
3168.52
3150.04
3131.56
3113.09
3094.61
3076.14
3057.66
3039.19
3020.71
3002.23
2983.76
2965.28
2946.81
2928.34
2909.86
2891.38
2872.91
2854.43
2835.96
2817.48
2799.01
2780.53
2762.06
2743.58
2725.1
2706.63
2688.15
2669.68
2651.21
2632.73
2614.26
2595.78
2577.3
2558.82
2540.35
2521.88
2503.41
2484.93
2466.45
2447.97
2429.5
2411.02
2392.55
2374.07
2355.6
2337.12
2318.64
2300.16
2281.69
2263.22
2244.74
2226.26
2207.78
2189.3
2170.83
2152.36
2133.89
2115.41
2096.93
2078.45
2059.97
2041.49
2023.02
2004.55
1986.08
1967.6
1949.12
1930.64
1912.16
1893.68
1875.2
1856.73
1838.26
1819.79
1801.31
1782.83
1764.35
1745.87
1727.4
1708.92
1690.45
1671.98
1653.5
1635.03
1616.55
1598.07
1579.6
1561.13
1542.66
1524.19
1505.72
1487.24
1468.76
1450.29
1431.81
1413.34
1394.86
1376.39
1357.92
1339.45
1320.98
1302.5
1284.02
1265.54
1247.06
1228.58
1210.11
1191.63
1173.16
1154.69
1136.21
1117.73
1099.25
1080.77
1062.28
1043.79
1025.31
1006.83
988.355
969.883
951.414
932.945
914.474
896.002
877.527
859.05
840.571
822.092
803.613
785.136
766.663
748.193
729.727
711.263
692.799
674.335
655.87
637.404
618.937
600.467
581.996
563.521
545.045
526.565
508.083
489.598
471.109
452.616
434.119
415.619
397.117
378.615
360.115
341.616
323.121
304.631
286.146
267.668
249.197
230.732
212.271
193.814
175.359
156.905
138.451
119.995
101.537
83.078
64.6174
46.1557
27.6935
9.23114
4656.11
4377.89
4491.23
4585.77
4569.38
4519.52
4489.85
4476.67
4463.19
4444.84
4424.95
4405.98
4387.77
4369.51
4351.03
4332.48
4313.98
4295.52
4277.05
4258.57
4240.11
4221.64
4203.15
4184.67
4166.2
4147.72
4129.24
4110.76
4092.28
4073.81
4055.34
4036.87
4018.39
3999.91
3981.44
3962.97
3944.49
3926.01
3907.54
3889.07
3870.59
3852.12
3833.64
3815.16
3796.69
3778.21
3759.73
3741.26
3722.78
3704.31
3685.83
3667.35
3648.88
3630.41
3611.93
3593.46
3574.98
3556.5
3538.03
3519.55
3501.07
3482.6
3464.13
3445.65
3427.17
3408.7
3390.22
3371.75
3353.27
3334.79
3316.32
3297.84
3279.37
3260.89
3242.42
3223.94
3205.47
3186.99
3168.52
3150.04
3131.56
3113.09
3094.61
3076.14
3057.66
3039.19
3020.71
3002.23
2983.76
2965.28
2946.81
2928.34
2909.86
2891.38
2872.91
2854.43
2835.96
2817.48
2799.01
2780.53
2762.06
2743.58
2725.1
2706.63
2688.15
2669.68
2651.21
2632.73
2614.25
2595.78
2577.3
2558.83
2540.35
2521.88
2503.4
2484.93
2466.45
2447.97
2429.5
2411.02
2392.55
2374.07
2355.59
2337.12
2318.64
2300.17
2281.69
2263.22
2244.74
2226.26
2207.78
2189.3
2170.83
2152.36
2133.89
2115.41
2096.93
2078.45
2059.97
2041.49
2023.02
2004.55
1986.08
1967.6
1949.12
1930.64
1912.16
1893.68
1875.2
1856.73
1838.26
1819.79
1801.31
1782.83
1764.35
1745.87
1727.4
1708.92
1690.45
1671.98
1653.5
1635.03
1616.55
1598.08
1579.6
1561.13
1542.66
1524.19
1505.71
1487.24
1468.76
1450.29
1431.81
1413.34
1394.86
1376.39
1357.92
1339.45
1320.98
1302.5
1284.02
1265.54
1247.06
1228.58
1210.11
1191.63
1173.16
1154.69
1136.21
1117.73
1099.25
1080.76
1062.28
1043.79
1025.31
1006.83
988.355
969.883
951.414
932.946
914.476
896.004
877.528
859.05
840.571
822.091
803.613
785.136
766.663
748.194
729.727
711.263
692.8
674.336
655.872
637.405
618.937
600.467
581.995
563.521
545.044
526.565
508.083
489.597
471.108
452.616
434.119
415.62
397.118
378.615
360.115
341.617
323.121
304.631
286.146
267.668
249.197
230.733
212.273
193.816
175.36
156.906
138.451
119.995
101.538
83.0785
64.6177
46.1559
27.6937
9.23129
4656.1
4377.89
4491.22
4585.76
4569.38
4519.52
4489.83
4476.65
4463.18
4444.84
4424.95
4405.98
4387.77
4369.52
4351.03
4332.48
4313.98
4295.52
4277.06
4258.59
4240.11
4221.64
4203.16
4184.67
4166.19
4147.71
4129.24
4110.77
4092.29
4073.81
4055.34
4036.86
4018.39
3999.91
3981.44
3962.97
3944.5
3926.02
3907.54
3889.06
3870.59
3852.12
3833.64
3815.16
3796.68
3778.21
3759.74
3741.26
3722.79
3704.31
3685.83
3667.35
3648.88
3630.4
3611.93
3593.45
3574.98
3556.5
3538.03
3519.55
3501.07
3482.6
3464.13
3445.65
3427.17
3408.7
3390.22
3371.75
3353.27
3334.79
3316.32
3297.84
3279.37
3260.89
3242.42
3223.94
3205.47
3186.99
3168.52
3150.04
3131.56
3113.09
3094.61
3076.14
3057.66
3039.19
3020.71
3002.23
2983.76
2965.28
2946.81
2928.33
2909.86
2891.39
2872.91
2854.43
2835.96
2817.48
2799.01
2780.53
2762.06
2743.58
2725.11
2706.63
2688.15
2669.68
2651.2
2632.73
2614.25
2595.78
2577.3
2558.83
2540.35
2521.88
2503.4
2484.92
2466.45
2447.97
2429.5
2411.03
2392.55
2374.07
2355.59
2337.11
2318.64
2300.17
2281.7
2263.22
2244.74
2226.26
2207.78
2189.3
2170.83
2152.36
2133.89
2115.41
2096.93
2078.45
2059.97
2041.49
2023.02
2004.55
1986.08
1967.6
1949.12
1930.64
1912.16
1893.68
1875.2
1856.73
1838.26
1819.79
1801.31
1782.83
1764.35
1745.87
1727.4
1708.92
1690.45
1671.98
1653.5
1635.03
1616.55
1598.08
1579.6
1561.13
1542.66
1524.19
1505.71
1487.24
1468.76
1450.29
1431.81
1413.34
1394.86
1376.39
1357.92
1339.45
1320.98
1302.5
1284.02
1265.54
1247.06
1228.58
1210.11
1191.63
1173.16
1154.69
1136.21
1117.73
1099.25
1080.76
1062.28
1043.79
1025.31
1006.83
988.356
969.885
951.416
932.947
914.478
896.006
877.53
859.052
840.571
822.091
803.613
785.137
766.665
748.195
729.729
711.264
692.801
674.337
655.872
637.406
618.937
600.467
581.994
563.52
545.044
526.565
508.083
489.597
471.108
452.615
434.119
415.62
397.118
378.616
360.115
341.617
323.122
304.632
286.148
267.67
249.199
230.734
212.274
193.817
175.362
156.908
138.452
119.996
101.538
83.0786
64.6176
46.1556
27.6934
9.2311
4656.1
4377.89
4491.24
4585.78
4569.39
4519.51
4489.84
4476.67
4463.19
4444.84
4424.94
4405.97
4387.76
4369.51
4351.02
4332.48
4313.99
4295.52
4277.06
4258.59
4240.11
4221.64
4203.16
4184.68
4166.2
4147.71
4129.23
4110.76
4092.29
4073.81
4055.33
4036.86
4018.4
3999.92
3981.44
3962.96
3944.49
3926.02
3907.54
3889.06
3870.59
3852.12
3833.64
3815.16
3796.69
3778.21
3759.73
3741.26
3722.78
3704.31
3685.83
3667.36
3648.88
3630.41
3611.93
3593.45
3574.98
3556.5
3538.03
3519.55
3501.08
3482.6
3464.12
3445.65
3427.17
3408.7
3390.22
3371.75
3353.27
3334.79
3316.32
3297.85
3279.37
3260.89
3242.42
3223.94
3205.47
3186.99
3168.52
3150.04
3131.57
3113.09
3094.61
3076.14
3057.66
3039.19
3020.71
3002.24
2983.76
2965.28
2946.81
2928.33
2909.86
2891.39
2872.91
2854.43
2835.96
2817.48
2799.01
2780.53
2762.06
2743.58
2725.11
2706.63
2688.15
2669.68
2651.2
2632.73
2614.25
2595.78
2577.3
2558.83
2540.35
2521.87
2503.39
2484.92
2466.45
2447.97
2429.5
2411.03
2392.55
2374.07
2355.59
2337.11
2318.64
2300.17
2281.7
2263.22
2244.74
2226.26
2207.78
2189.3
2170.83
2152.36
2133.89
2115.41
2096.93
2078.45
2059.97
2041.49
2023.02
2004.55
1986.08
1967.6
1949.12
1930.64
1912.16
1893.68
1875.21
1856.73
1838.26
1819.79
1801.31
1782.83
1764.35
1745.88
1727.4
1708.93
1690.45
1671.98
1653.51
1635.03
1616.55
1598.08
1579.6
1561.13
1542.66
1524.19
1505.71
1487.24
1468.76
1450.29
1431.81
1413.34
1394.87
1376.4
1357.92
1339.45
1320.98
1302.5
1284.01
1265.53
1247.05
1228.58
1210.11
1191.63
1173.16
1154.69
1136.21
1117.73
1099.25
1080.76
1062.27
1043.79
1025.31
1006.83
988.356
969.886
951.418
932.95
914.48
896.007
877.531
859.053
840.573
822.092
803.613
785.137
766.665
748.197
729.731
711.266
692.802
674.338
655.873
637.406
618.937
600.467
581.994
563.519
545.042
526.564
508.082
489.597
471.108
452.615
434.119
415.62
397.118
378.616
360.116
341.618
323.123
304.633
286.149
267.672
249.201
230.736
212.276
193.819
175.364
156.909
138.454
119.997
101.539
83.0787
64.6175
46.1555
27.6933
9.23107
4656.11
4377.88
4491.21
4585.76
4569.4
4519.53
4489.84
4476.65
4463.18
4444.84
4424.95
4405.98
4387.77
4369.51
4351.03
4332.49
4313.98
4295.51
4277.06
4258.59
4240.11
4221.63
4203.16
4184.68
4166.2
4147.72
4129.24
4110.76
4092.29
4073.81
4055.33
4036.86
4018.39
3999.92
3981.44
3962.96
3944.49
3926.01
3907.54
3889.06
3870.59
3852.12
3833.64
3815.17
3796.69
3778.21
3759.74
3741.26
3722.78
3704.3
3685.83
3667.35
3648.88
3630.4
3611.93
3593.46
3574.98
3556.5
3538.03
3519.55
3501.08
3482.6
3464.12
3445.65
3427.17
3408.7
3390.22
3371.75
3353.27
3334.79
3316.32
3297.85
3279.37
3260.89
3242.42
3223.94
3205.47
3186.99
3168.52
3150.04
3131.57
3113.09
3094.61
3076.14
3057.66
3039.19
3020.71
3002.24
2983.76
2965.28
2946.81
2928.33
2909.86
2891.39
2872.91
2854.43
2835.96
2817.48
2799.01
2780.53
2762.06
2743.58
2725.11
2706.63
2688.15
2669.68
2651.2
2632.73
2614.25
2595.78
2577.3
2558.83
2540.35
2521.87
2503.39
2484.92
2466.45
2447.98
2429.5
2411.02
2392.54
2374.06
2355.58
2337.11
2318.64
2300.17
2281.7
2263.22
2244.74
2226.25
2207.78
2189.3
2170.83
2152.36
2133.89
2115.41
2096.93
2078.45
2059.97
2041.49
2023.02
2004.55
1986.08
1967.6
1949.12
1930.64
1912.16
1893.68
1875.21
1856.74
1838.26
1819.79
1801.31
1782.83
1764.36
1745.88
1727.4
1708.93
1690.45
1671.98
1653.51
1635.03
1616.55
1598.08
1579.6
1561.13
1542.66
1524.19
1505.71
1487.24
1468.76
1450.28
1431.81
1413.34
1394.87
1376.4
1357.92
1339.45
1320.97
1302.49
1284.01
1265.53
1247.05
1228.58
1210.1
1191.63
1173.16
1154.69
1136.21
1117.73
1099.24
1080.76
1062.27
1043.79
1025.3
1006.83
988.356
969.888
951.421
932.953
914.483
896.009
877.533
859.054
840.573
822.093
803.614
785.139
766.667
748.198
729.732
711.268
692.804
674.339
655.873
637.406
618.937
600.466
581.993
563.518
545.041
526.562
508.081
489.596
471.108
452.615
434.119
415.62
397.119
378.617
360.117
341.619
323.124
304.635
286.151
267.674
249.203
230.739
212.279
193.821
175.366
156.911
138.455
119.998
101.539
83.0788
64.6174
46.1552
27.693
9.23095
4656.11
4377.89
4491.22
4585.75
4569.37
4519.53
4489.85
4476.66
4463.19
4444.84
4424.94
4405.97
4387.76
4369.52
4351.03
4332.48
4313.98
4295.52
4277.05
4258.58
4240.11
4221.63
4203.16
4184.68
4166.19
4147.72
4129.24
4110.76
4092.29
4073.82
4055.34
4036.86
4018.38
3999.91
3981.44
3962.97
3944.49
3926.02
3907.54
3889.06
3870.59
3852.11
3833.64
3815.16
3796.68
3778.21
3759.74
3741.26
3722.79
3704.31
3685.84
3667.36
3648.88
3630.4
3611.93
3593.46
3574.98
3556.5
3538.03
3519.55
3501.08
3482.6
3464.12
3445.65
3427.17
3408.7
3390.22
3371.75
3353.27
3334.79
3316.32
3297.85
3279.37
3260.89
3242.42
3223.94
3205.47
3186.99
3168.52
3150.04
3131.57
3113.09
3094.61
3076.14
3057.66
3039.19
3020.71
3002.24
2983.76
2965.28
2946.81
2928.33
2909.86
2891.39
2872.91
2854.44
2835.96
2817.48
2799
2780.53
2762.06
2743.58
2725.11
2706.63
2688.15
2669.67
2651.2
2632.73
2614.25
2595.78
2577.31
2558.83
2540.34
2521.86
2503.39
2484.92
2466.45
2447.98
2429.5
2411.02
2392.54
2374.06
2355.58
2337.11
2318.65
2300.17
2281.7
2263.22
2244.73
2226.25
2207.78
2189.3
2170.84
2152.37
2133.89
2115.41
2096.93
2078.44
2059.97
2041.49
2023.02
2004.55
1986.08
1967.6
1949.12
1930.64
1912.16
1893.68
1875.21
1856.74
1838.26
1819.79
1801.31
1782.83
1764.36
1745.88
1727.4
1708.93
1690.46
1671.98
1653.51
1635.03
1616.55
1598.08
1579.61
1561.13
1542.66
1524.19
1505.71
1487.24
1468.76
1450.28
1431.81
1413.34
1394.87
1376.4
1357.92
1339.45
1320.97
1302.49
1284.01
1265.53
1247.05
1228.58
1210.1
1191.63
1173.16
1154.69
1136.21
1117.73
1099.24
1080.75
1062.27
1043.78
1025.3
1006.83
988.357
969.89
951.423
932.956
914.486
896.012
877.534
859.055
840.574
822.094
803.616
785.14
766.668
748.2
729.734
711.27
692.805
674.34
655.874
637.406
618.936
600.465
581.992
563.517
545.04
526.561
508.08
489.595
471.107
452.615
434.12
415.621
397.12
378.618
360.118
341.621
323.127
304.637
286.154
267.676
249.206
230.742
212.281
193.824
175.368
156.912
138.456
119.999
101.539
83.0789
64.6172
46.155
27.6928
9.23085
4656.11
4377.89
4491.22
4585.76
4569.38
4519.53
4489.85
4476.66
4463.18
4444.84
4424.94
4405.97
4387.76
4369.51
4351.04
4332.49
4313.99
4295.52
4277.05
4258.58
4240.11
4221.64
4203.16
4184.68
4166.19
4147.71
4129.24
4110.76
4092.28
4073.81
4055.34
4036.87
4018.39
3999.91
3981.44
3962.97
3944.49
3926.01
3907.54
3889.06
3870.59
3852.12
3833.64
3815.17
3796.69
3778.21
3759.73
3741.26
3722.78
3704.31
3685.83
3667.36
3648.88
3630.41
3611.93
3593.45
3574.98
3556.5
3538.03
3519.55
3501.08
3482.6
3464.12
3445.65
3427.17
3408.7
3390.22
3371.75
3353.27
3334.8
3316.32
3297.85
3279.37
3260.89
3242.42
3223.94
3205.47
3186.99
3168.52
3150.04
3131.57
3113.09
3094.61
3076.14
3057.66
3039.19
3020.72
3002.24
2983.76
2965.28
2946.81
2928.33
2909.86
2891.39
2872.91
2854.44
2835.96
2817.48
2799
2780.53
2762.06
2743.58
2725.11
2706.63
2688.15
2669.67
2651.2
2632.72
2614.25
2595.78
2577.3
2558.82
2540.34
2521.86
2503.39
2484.92
2466.45
2447.98
2429.5
2411.02
2392.53
2374.06
2355.58
2337.11
2318.65
2300.18
2281.7
2263.22
2244.73
2226.25
2207.78
2189.31
2170.84
2152.37
2133.89
2115.41
2096.93
2078.44
2059.97
2041.49
2023.03
2004.55
1986.08
1967.6
1949.12
1930.64
1912.16
1893.69
1875.21
1856.74
1838.26
1819.79
1801.31
1782.84
1764.36
1745.88
1727.41
1708.93
1690.46
1671.98
1653.51
1635.03
1616.56
1598.08
1579.61
1561.14
1542.66
1524.19
1505.71
1487.23
1468.76
1450.28
1431.81
1413.34
1394.87
1376.4
1357.92
1339.45
1320.97
1302.48
1284
1265.52
1247.05
1228.57
1210.1
1191.64
1173.16
1154.69
1136.21
1117.73
1099.24
1080.75
1062.26
1043.78
1025.3
1006.83
988.359
969.892
951.426
932.959
914.488
896.014
877.536
859.057
840.576
822.095
803.617
785.142
766.671
748.202
729.736
711.272
692.807
674.341
655.875
637.406
618.936
600.464
581.991
563.515
545.038
526.56
508.079
489.595
471.107
452.615
434.12
415.621
397.121
378.619
360.119
341.622
323.129
304.64
286.157
267.679
249.209
230.745
212.284
193.826
175.37
156.914
138.457
119.999
101.54
83.079
64.617
46.1546
27.6925
9.23073
4656.11
4377.89
4491.22
4585.76
4569.37
4519.52
4489.84
4476.65
4463.18
4444.85
4424.95
4405.97
4387.76
4369.52
4351.03
4332.48
4313.99
4295.52
4277.05
4258.58
4240.11
4221.64
4203.16
4184.68
4166.2
4147.72
4129.24
4110.76
4092.28
4073.81
4055.34
4036.87
4018.39
3999.91
3981.44
3962.97
3944.49
3926.01
3907.54
3889.06
3870.59
3852.11
3833.64
3815.17
3796.69
3778.21
3759.74
3741.26
3722.78
3704.31
3685.83
3667.35
3648.88
3630.41
3611.93
3593.45
3574.98
3556.5
3538.03
3519.55
3501.08
3482.6
3464.12
3445.65
3427.17
3408.7
3390.22
3371.75
3353.27
3334.8
3316.32
3297.84
3279.37
3260.9
3242.42
3223.94
3205.47
3186.99
3168.52
3150.04
3131.57
3113.09
3094.61
3076.14
3057.66
3039.19
3020.72
3002.24
2983.76
2965.29
2946.81
2928.33
2909.86
2891.39
2872.91
2854.44
2835.96
2817.48
2799
2780.53
2762.06
2743.59
2725.11
2706.63
2688.15
2669.67
2651.19
2632.72
2614.26
2595.78
2577.3
2558.82
2540.34
2521.86
2503.39
2484.92
2466.45
2447.98
2429.5
2411.01
2392.53
2374.05
2355.58
2337.12
2318.65
2300.17
2281.7
2263.21
2244.73
2226.25
2207.78
2189.31
2170.84
2152.37
2133.89
2115.41
2096.93
2078.45
2059.97
2041.5
2023.03
2004.56
1986.08
1967.6
1949.12
1930.64
1912.16
1893.69
1875.21
1856.74
1838.27
1819.79
1801.31
1782.84
1764.36
1745.88
1727.41
1708.93
1690.46
1671.98
1653.51
1635.03
1616.56
1598.08
1579.61
1561.14
1542.66
1524.19
1505.71
1487.23
1468.76
1450.28
1431.81
1413.34
1394.87
1376.4
1357.92
1339.44
1320.96
1302.48
1284
1265.52
1247.04
1228.57
1210.1
1191.64
1173.17
1154.69
1136.21
1117.72
1099.24
1080.75
1062.26
1043.78
1025.3
1006.83
988.36
969.895
951.429
932.962
914.491
896.016
877.538
859.058
840.577
822.097
803.618
785.144
766.673
748.205
729.739
711.274
692.809
674.342
655.875
637.406
618.935
600.463
581.989
563.513
545.036
526.558
508.078
489.594
471.106
452.615
434.12
415.622
397.122
378.621
360.121
341.625
323.131
304.643
286.16
267.683
249.212
230.748
212.287
193.829
175.372
156.916
138.459
120
101.54
83.079
64.6168
46.1543
27.6922
9.23064
4656.11
4377.9
4491.23
4585.76
4569.37
4519.52
4489.85
4476.66
4463.18
4444.84
4424.95
4405.97
4387.75
4369.51
4351.03
4332.48
4313.99
4295.52
4277.06
4258.58
4240.11
4221.63
4203.16
4184.68
4166.2
4147.72
4129.23
4110.76
4092.29
4073.82
4055.34
4036.87
4018.39
3999.92
3981.44
3962.96
3944.49
3926.02
3907.54
3889.07
3870.59
3852.11
3833.64
3815.16
3796.68
3778.21
3759.74
3741.26
3722.79
3704.31
3685.83
3667.36
3648.88
3630.41
3611.93
3593.45
3574.98
3556.5
3538.03
3519.55
3501.08
3482.6
3464.13
3445.65
3427.17
3408.7
3390.22
3371.75
3353.27
3334.8
3316.32
3297.84
3279.37
3260.9
3242.42
3223.94
3205.47
3186.99
3168.52
3150.04
3131.57
3113.09
3094.61
3076.14
3057.66
3039.19
3020.72
3002.24
2983.76
2965.29
2946.81
2928.33
2909.86
2891.39
2872.91
2854.44
2835.96
2817.48
2799
2780.53
2762.06
2743.59
2725.11
2706.63
2688.14
2669.67
2651.19
2632.72
2614.26
2595.78
2577.3
2558.82
2540.34
2521.86
2503.39
2484.92
2466.45
2447.98
2429.49
2411.01
2392.53
2374.06
2355.58
2337.12
2318.65
2300.17
2281.69
2263.21
2244.73
2226.25
2207.78
2189.31
2170.84
2152.36
2133.89
2115.41
2096.93
2078.45
2059.97
2041.5
2023.03
2004.56
1986.08
1967.6
1949.12
1930.64
1912.16
1893.69
1875.22
1856.74
1838.27
1819.79
1801.32
1782.84
1764.36
1745.89
1727.41
1708.94
1690.46
1671.98
1653.51
1635.03
1616.56
1598.09
1579.61
1561.14
1542.66
1524.19
1505.71
1487.23
1468.76
1450.28
1431.81
1413.34
1394.87
1376.4
1357.92
1339.44
1320.96
1302.47
1283.99
1265.51
1247.04
1228.57
1210.1
1191.64
1173.17
1154.69
1136.21
1117.72
1099.23
1080.74
1062.26
1043.78
1025.3
1006.83
988.362
969.897
951.432
932.965
914.494
896.018
877.54
859.06
840.579
822.098
803.62
785.146
766.675
748.207
729.741
711.276
692.81
674.344
655.875
637.405
618.934
600.462
581.988
563.511
545.034
526.556
508.076
489.593
471.105
452.615
434.12
415.622
397.123
378.622
360.123
341.627
323.134
304.646
286.163
267.686
249.216
230.751
212.29
193.832
175.374
156.918
138.46
120.001
101.541
83.079
64.6165
46.1539
27.6919
9.23056
4656.09
4377.88
4491.22
4585.77
4569.38
4519.52
4489.84
4476.66
4463.18
4444.84
4424.94
4405.98
4387.77
4369.51
4351.03
4332.48
4313.98
4295.51
4277.05
4258.59
4240.11
4221.64
4203.16
4184.68
4166.2
4147.72
4129.23
4110.76
4092.29
4073.81
4055.34
4036.87
4018.39
3999.91
3981.44
3962.97
3944.49
3926.02
3907.54
3889.06
3870.59
3852.12
3833.64
3815.16
3796.68
3778.21
3759.73
3741.26
3722.78
3704.31
3685.83
3667.36
3648.88
3630.41
3611.93
3593.45
3574.98
3556.5
3538.03
3519.55
3501.08
3482.6
3464.12
3445.65
3427.17
3408.7
3390.23
3371.75
3353.27
3334.79
3316.32
3297.84
3279.37
3260.9
3242.42
3223.94
3205.47
3186.99
3168.52
3150.04
3131.57
3113.09
3094.61
3076.14
3057.66
3039.19
3020.72
3002.24
2983.77
2965.29
2946.81
2928.33
2909.86
2891.39
2872.92
2854.44
2835.95
2817.47
2799
2780.53
2762.06
2743.59
2725.11
2706.63
2688.14
2669.66
2651.19
2632.73
2614.26
2595.78
2577.3
2558.82
2540.34
2521.86
2503.39
2484.92
2466.45
2447.97
2429.49
2411.01
2392.53
2374.06
2355.59
2337.12
2318.65
2300.17
2281.69
2263.21
2244.73
2226.25
2207.78
2189.31
2170.84
2152.36
2133.88
2115.4
2096.93
2078.45
2059.97
2041.5
2023.03
2004.55
1986.08
1967.6
1949.12
1930.64
1912.17
1893.69
1875.22
1856.74
1838.27
1819.79
1801.32
1782.84
1764.37
1745.89
1727.41
1708.94
1690.46
1671.99
1653.51
1635.04
1616.56
1598.09
1579.61
1561.14
1542.66
1524.18
1505.71
1487.23
1468.76
1450.29
1431.82
1413.35
1394.87
1376.4
1357.92
1339.44
1320.95
1302.47
1283.99
1265.51
1247.04
1228.57
1210.11
1191.64
1173.17
1154.69
1136.21
1117.72
1099.23
1080.74
1062.26
1043.77
1025.3
1006.83
988.364
969.9
951.435
932.968
914.496
896.021
877.542
859.061
840.58
822.1
803.622
785.148
766.678
748.21
729.744
711.278
692.812
674.345
655.875
637.405
618.933
600.46
581.986
563.51
545.032
526.554
508.075
489.591
471.105
452.614
434.12
415.623
397.124
378.624
360.125
341.629
323.137
304.649
286.167
267.69
249.22
230.755
212.293
193.834
175.377
156.919
138.461
120.002
101.541
83.0789
64.6162
46.1536
27.6917
9.23051
4656.11
4377.89
4491.22
4585.76
4569.36
4519.51
4489.85
4476.66
4463.19
4444.84
4424.94
4405.97
4387.76
4369.51
4351.03
4332.49
4313.99
4295.52
4277.06
4258.58
4240.11
4221.64
4203.16
4184.68
4166.2
4147.72
4129.24
4110.76
4092.29
4073.81
4055.34
4036.87
4018.39
3999.91
3981.44
3962.96
3944.49
3926.02
3907.54
3889.06
3870.59
3852.11
3833.64
3815.16
3796.69
3778.21
3759.74
3741.26
3722.78
3704.31
3685.83
3667.36
3648.88
3630.41
3611.93
3593.46
3574.98
3556.5
3538.03
3519.55
3501.08
3482.6
3464.12
3445.65
3427.17
3408.7
3390.23
3371.75
3353.27
3334.79
3316.32
3297.84
3279.37
3260.9
3242.42
3223.94
3205.47
3186.99
3168.52
3150.04
3131.57
3113.09
3094.62
3076.14
3057.66
3039.19
3020.72
3002.24
2983.77
2965.29
2946.81
2928.33
2909.86
2891.39
2872.92
2854.43
2835.95
2817.47
2799
2780.53
2762.06
2743.59
2725.11
2706.62
2688.14
2669.66
2651.19
2632.73
2614.25
2595.78
2577.3
2558.81
2540.34
2521.86
2503.39
2484.92
2466.45
2447.97
2429.49
2411.01
2392.53
2374.06
2355.59
2337.12
2318.64
2300.16
2281.69
2263.21
2244.73
2226.25
2207.78
2189.31
2170.84
2152.36
2133.88
2115.4
2096.93
2078.45
2059.98
2041.5
2023.03
2004.55
1986.08
1967.6
1949.12
1930.64
1912.17
1893.69
1875.22
1856.74
1838.27
1819.79
1801.32
1782.84
1764.37
1745.89
1727.42
1708.94
1690.46
1671.99
1653.51
1635.04
1616.57
1598.09
1579.62
1561.14
1542.66
1524.18
1505.71
1487.23
1468.76
1450.29
1431.82
1413.35
1394.87
1376.4
1357.92
1339.43
1320.95
1302.46
1283.98
1265.51
1247.04
1228.57
1210.11
1191.64
1173.17
1154.69
1136.2
1117.72
1099.23
1080.74
1062.25
1043.77
1025.3
1006.83
988.366
969.903
951.438
932.97
914.499
896.023
877.544
859.063
840.582
822.102
803.625
785.151
766.681
748.213
729.747
711.28
692.814
674.345
655.876
637.404
618.932
600.459
581.984
563.507
545.03
526.553
508.073
489.59
471.104
452.614
434.121
415.624
397.125
378.626
360.128
341.632
323.14
304.653
286.171
267.694
249.224
230.758
212.297
193.837
175.379
156.921
138.463
120.003
101.541
83.0788
64.6159
46.1533
27.6916
9.2305
4656.1
4377.88
4491.22
4585.77
4569.38
4519.52
4489.84
4476.65
4463.18
4444.84
4424.94
4405.97
4387.76
4369.51
4351.03
4332.49
4313.99
4295.52
4277.05
4258.58
4240.11
4221.64
4203.16
4184.68
4166.2
4147.73
4129.24
4110.76
4092.29
4073.82
4055.34
4036.87
4018.39
3999.92
3981.44
3962.96
3944.49
3926.02
3907.54
3889.07
3870.59
3852.11
3833.64
3815.16
3796.69
3778.21
3759.74
3741.26
3722.79
3704.31
3685.83
3667.35
3648.88
3630.41
3611.93
3593.46
3574.98
3556.5
3538.03
3519.55
3501.08
3482.6
3464.12
3445.65
3427.17
3408.7
3390.22
3371.75
3353.27
3334.79
3316.32
3297.84
3279.37
3260.9
3242.42
3223.94
3205.46
3186.99
3168.52
3150.05
3131.57
3113.09
3094.61
3076.13
3057.66
3039.19
3020.72
3002.25
2983.77
2965.28
2946.81
2928.33
2909.86
2891.39
2872.91
2854.43
2835.95
2817.47
2799
2780.53
2762.06
2743.58
2725.1
2706.62
2688.14
2669.67
2651.2
2632.73
2614.25
2595.77
2577.29
2558.81
2540.34
2521.86
2503.39
2484.92
2466.44
2447.97
2429.49
2411.01
2392.53
2374.06
2355.59
2337.11
2318.64
2300.16
2281.68
2263.21
2244.73
2226.26
2207.78
2189.31
2170.83
2152.36
2133.88
2115.4
2096.93
2078.45
2059.98
2041.5
2023.03
2004.55
1986.08
1967.6
1949.12
1930.65
1912.17
1893.7
1875.22
1856.75
1838.27
1819.8
1801.32
1782.85
1764.37
1745.89
1727.42
1708.94
1690.46
1671.99
1653.51
1635.04
1616.57
1598.09
1579.62
1561.14
1542.66
1524.18
1505.7
1487.23
1468.76
1450.29
1431.82
1413.35
1394.87
1376.39
1357.91
1339.43
1320.94
1302.46
1283.98
1265.51
1247.04
1228.57
1210.11
1191.64
1173.16
1154.69
1136.2
1117.71
1099.22
1080.73
1062.25
1043.77
1025.3
1006.83
988.369
969.906
951.441
932.973
914.501
896.024
877.545
859.064
840.583
822.104
803.627
785.154
766.684
748.216
729.749
711.283
692.815
674.346
655.876
637.404
618.931
600.457
581.982
563.505
545.028
526.551
508.071
489.589
471.103
452.614
434.121
415.625
397.127
378.628
360.13
341.635
323.144
304.657
286.175
267.698
249.227
230.762
212.3
193.84
175.382
156.923
138.464
120.003
101.541
83.0787
64.6156
46.1531
27.6916
9.23046
4656.1
4377.89
4491.22
4585.77
4569.37
4519.51
4489.84
4476.66
4463.18
4444.84
4424.94
4405.98
4387.76
4369.51
4351.03
4332.49
4313.99
4295.52
4277.06
4258.59
4240.11
4221.64
4203.16
4184.68
4166.2
4147.72
4129.24
4110.76
4092.29
4073.81
4055.34
4036.86
4018.39
3999.92
3981.44
3962.97
3944.49
3926.01
3907.54
3889.06
3870.59
3852.12
3833.64
3815.16
3796.68
3778.21
3759.73
3741.26
3722.79
3704.31
3685.83
3667.35
3648.88
3630.41
3611.93
3593.46
3574.98
3556.5
3538.03
3519.55
3501.08
3482.6
3464.13
3445.65
3427.17
3408.7
3390.22
3371.75
3353.27
3334.79
3316.32
3297.84
3279.37
3260.9
3242.42
3223.94
3205.46
3186.99
3168.52
3150.05
3131.57
3113.09
3094.61
3076.13
3057.66
3039.19
3020.72
3002.24
2983.76
2965.28
2946.81
2928.33
2909.86
2891.39
2872.91
2854.43
2835.95
2817.47
2799
2780.53
2762.06
2743.58
2725.1
2706.62
2688.14
2669.67
2651.2
2632.72
2614.25
2595.77
2577.29
2558.81
2540.34
2521.87
2503.39
2484.92
2466.44
2447.96
2429.49
2411.01
2392.54
2374.06
2355.59
2337.11
2318.63
2300.16
2281.68
2263.21
2244.73
2226.26
2207.78
2189.31
2170.83
2152.35
2133.88
2115.4
2096.93
2078.46
2059.98
2041.51
2023.03
2004.55
1986.07
1967.6
1949.12
1930.65
1912.17
1893.7
1875.22
1856.75
1838.27
1819.8
1801.32
1782.85
1764.37
1745.9
1727.42
1708.94
1690.47
1671.99
1653.52
1635.04
1616.57
1598.1
1579.62
1561.14
1542.66
1524.18
1505.7
1487.23
1468.76
1450.29
1431.82
1413.35
1394.87
1376.39
1357.91
1339.42
1320.94
1302.46
1283.98
1265.51
1247.04
1228.57
1210.11
1191.64
1173.16
1154.68
1136.2
1117.71
1099.22
1080.73
1062.25
1043.77
1025.3
1006.83
988.371
969.908
951.444
932.975
914.503
896.026
877.547
859.066
840.585
822.106
803.629
785.156
766.687
748.219
729.752
711.285
692.816
674.347
655.876
637.403
618.93
600.456
581.98
563.504
545.026
526.549
508.07
489.588
471.102
452.613
434.121
415.625
397.128
378.63
360.132
341.638
323.147
304.66
286.178
267.702
249.231
230.766
212.303
193.843
175.384
156.925
138.465
120.004
101.542
83.0785
64.6154
46.1531
27.6916
9.23036
4656.1
4377.88
4491.21
4585.76
4569.39
4519.53
4489.84
4476.66
4463.18
4444.84
4424.94
4405.98
4387.77
4369.51
4351.02
4332.48
4313.99
4295.53
4277.06
4258.58
4240.11
4221.64
4203.16
4184.68
4166.19
4147.72
4129.25
4110.77
4092.29
4073.82
4055.35
4036.87
4018.39
3999.91
3981.44
3962.97
3944.49
3926.01
3907.54
3889.06
3870.59
3852.12
3833.64
3815.16
3796.68
3778.21
3759.74
3741.26
3722.79
3704.31
3685.83
3667.36
3648.88
3630.41
3611.93
3593.46
3574.98
3556.5
3538.03
3519.55
3501.08
3482.6
3464.13
3445.65
3427.17
3408.7
3390.22
3371.75
3353.27
3334.79
3316.32
3297.84
3279.37
3260.9
3242.42
3223.94
3205.46
3186.99
3168.52
3150.05
3131.57
3113.09
3094.61
3076.13
3057.66
3039.19
3020.72
3002.24
2983.76
2965.28
2946.81
2928.34
2909.86
2891.39
2872.91
2854.43
2835.95
2817.48
2799
2780.53
2762.05
2743.58
2725.1
2706.62
2688.15
2669.67
2651.2
2632.72
2614.24
2595.77
2577.29
2558.82
2540.34
2521.87
2503.39
2484.91
2466.44
2447.96
2429.49
2411.01
2392.54
2374.06
2355.58
2337.11
2318.63
2300.15
2281.68
2263.21
2244.73
2226.26
2207.78
2189.31
2170.83
2152.35
2133.88
2115.41
2096.93
2078.46
2059.98
2041.5
2023.03
2004.55
1986.07
1967.6
1949.13
1930.65
1912.18
1893.7
1875.22
1856.75
1838.27
1819.8
1801.32
1782.85
1764.37
1745.9
1727.42
1708.94
1690.47
1671.99
1653.52
1635.05
1616.57
1598.1
1579.62
1561.14
1542.66
1524.18
1505.7
1487.23
1468.76
1450.29
1431.82
1413.35
1394.87
1376.39
1357.91
1339.42
1320.93
1302.45
1283.98
1265.5
1247.04
1228.57
1210.11
1191.64
1173.16
1154.68
1136.19
1117.7
1099.21
1080.73
1062.25
1043.77
1025.3
1006.84
988.373
969.911
951.446
932.977
914.504
896.028
877.548
859.067
840.587
822.108
803.632
785.159
766.689
748.221
729.754
711.286
692.818
674.347
655.875
637.403
618.929
600.454
581.978
563.502
545.024
526.547
508.068
489.586
471.101
452.613
434.121
415.626
397.129
378.631
360.135
341.64
323.15
304.664
286.182
267.706
249.235
230.769
212.307
193.846
175.386
156.926
138.466
120.004
101.542
83.0784
64.6153
46.1531
27.6915
9.23021
4656.09
4377.88
4491.23
4585.77
4569.37
4519.51
4489.84
4476.66
4463.18
4444.84
4424.94
4405.97
4387.77
4369.52
4351.03
4332.48
4313.99
4295.52
4277.05
4258.59
4240.11
4221.63
4203.16
4184.68
4166.2
4147.72
4129.24
4110.76
4092.28
4073.81
4055.34
4036.87
4018.39
3999.91
3981.44
3962.97
3944.49
3926.01
3907.54
3889.07
3870.59
3852.11
3833.64
3815.16
3796.69
3778.21
3759.74
3741.26
3722.78
3704.31
3685.83
3667.36
3648.88
3630.41
3611.93
3593.46
3574.98
3556.5
3538.03
3519.55
3501.08
3482.61
3464.13
3445.65
3427.17
3408.7
3390.23
3371.75
3353.27
3334.79
3316.32
3297.84
3279.37
3260.9
3242.42
3223.94
3205.46
3186.99
3168.52
3150.05
3131.57
3113.09
3094.61
3076.14
3057.67
3039.19
3020.72
3002.24
2983.76
2965.28
2946.81
2928.34
2909.86
2891.39
2872.91
2854.43
2835.95
2817.48
2799
2780.53
2762.05
2743.57
2725.1
2706.62
2688.15
2669.67
2651.2
2632.72
2614.24
2595.76
2577.29
2558.82
2540.35
2521.87
2503.39
2484.91
2466.43
2447.96
2429.49
2411.02
2392.54
2374.06
2355.58
2337.1
2318.63
2300.15
2281.68
2263.21
2244.74
2226.26
2207.78
2189.3
2170.83
2152.35
2133.88
2115.41
2096.93
2078.46
2059.98
2041.5
2023.03
2004.55
1986.07
1967.6
1949.13
1930.65
1912.18
1893.7
1875.23
1856.75
1838.27
1819.8
1801.33
1782.85
1764.38
1745.9
1727.42
1708.94
1690.47
1671.99
1653.52
1635.05
1616.57
1598.1
1579.62
1561.14
1542.66
1524.18
1505.7
1487.23
1468.76
1450.29
1431.82
1413.35
1394.87
1376.39
1357.9
1339.42
1320.93
1302.45
1283.97
1265.5
1247.04
1228.57
1210.11
1191.64
1173.16
1154.68
1136.19
1117.7
1099.21
1080.73
1062.24
1043.77
1025.3
1006.84
988.376
969.913
951.448
932.979
914.506
896.029
877.549
859.069
840.588
822.11
803.634
785.162
766.692
748.224
729.756
711.288
692.819
674.348
655.875
637.402
618.928
600.453
581.976
563.5
545.023
526.545
508.067
489.585
471.101
452.612
434.121
415.626
397.13
378.633
360.137
341.643
323.153
304.667
286.186
267.71
249.239
230.773
212.31
193.849
175.388
156.928
138.467
120.005
101.542
83.0783
64.6154
46.1531
27.6912
9.23002
4656.12
4377.89
4491.21
4585.75
4569.39
4519.53
4489.84
4476.65
4463.19
4444.85
4424.94
4405.96
4387.76
4369.52
4351.03
4332.48
4313.98
4295.52
4277.06
4258.59
4240.12
4221.63
4203.15
4184.68
4166.21
4147.72
4129.24
4110.77
4092.3
4073.82
4055.33
4036.86
4018.39
3999.92
3981.44
3962.96
3944.49
3926.01
3907.54
3889.07
3870.59
3852.11
3833.64
3815.16
3796.69
3778.21
3759.73
3741.26
3722.79
3704.31
3685.83
3667.35
3648.88
3630.41
3611.94
3593.46
3574.98
3556.5
3538.03
3519.56
3501.08
3482.6
3464.12
3445.65
3427.17
3408.7
3390.23
3371.75
3353.27
3334.79
3316.32
3297.85
3279.37
3260.9
3242.42
3223.94
3205.47
3186.99
3168.52
3150.04
3131.57
3113.09
3094.61
3076.14
3057.67
3039.19
3020.72
3002.24
2983.76
2965.29
2946.81
2928.34
2909.86
2891.38
2872.91
2854.43
2835.96
2817.48
2799
2780.52
2762.04
2743.57
2725.1
2706.63
2688.15
2669.67
2651.19
2632.71
2614.24
2595.76
2577.29
2558.82
2540.35
2521.87
2503.39
2484.91
2466.43
2447.96
2429.49
2411.02
2392.54
2374.06
2355.58
2337.1
2318.62
2300.15
2281.68
2263.21
2244.74
2226.26
2207.78
2189.3
2170.82
2152.35
2133.88
2115.41
2096.94
2078.46
2059.98
2041.5
2023.02
2004.55
1986.07
1967.6
1949.13
1930.66
1912.18
1893.7
1875.23
1856.75
1838.28
1819.8
1801.33
1782.85
1764.38
1745.9
1727.42
1708.95
1690.47
1672
1653.52
1635.05
1616.58
1598.1
1579.62
1561.14
1542.66
1524.18
1505.7
1487.23
1468.76
1450.29
1431.82
1413.35
1394.87
1376.38
1357.9
1339.41
1320.93
1302.45
1283.97
1265.5
1247.04
1228.57
1210.11
1191.63
1173.16
1154.67
1136.19
1117.7
1099.21
1080.72
1062.24
1043.77
1025.3
1006.84
988.378
969.915
951.45
932.981
914.507
896.03
877.55
859.07
840.59
822.112
803.637
785.165
766.695
748.226
729.758
711.29
692.819
674.348
655.875
637.402
618.927
600.451
581.975
563.498
545.021
526.543
508.065
489.584
471.1
452.612
434.121
415.627
397.131
378.634
360.139
341.646
323.156
304.671
286.19
267.714
249.243
230.776
212.313
193.851
175.39
156.929
138.468
120.005
101.542
83.0784
64.6155
46.1531
27.6908
9.22984
4656.09
4377.88
4491.22
4585.77
4569.37
4519.51
4489.84
4476.66
4463.19
4444.84
4424.94
4405.97
4387.77
4369.52
4351.02
4332.48
4314
4295.53
4277.06
4258.58
4240.11
4221.64
4203.16
4184.68
4166.19
4147.72
4129.24
4110.77
4092.29
4073.81
4055.34
4036.87
4018.4
3999.92
3981.44
3962.96
3944.49
3926.02
3907.54
3889.06
3870.58
3852.11
3833.65
3815.17
3796.69
3778.21
3759.73
3741.26
3722.79
3704.31
3685.83
3667.35
3648.88
3630.41
3611.94
3593.46
3574.98
3556.5
3538.03
3519.56
3501.08
3482.6
3464.12
3445.65
3427.17
3408.7
3390.23
3371.75
3353.27
3334.79
3316.32
3297.85
3279.37
3260.89
3242.42
3223.94
3205.47
3186.99
3168.52
3150.04
3131.57
3113.09
3094.62
3076.14
3057.67
3039.19
3020.71
3002.24
2983.76
2965.29
2946.81
2928.33
2909.86
2891.38
2872.91
2854.44
2835.96
2817.48
2799
2780.52
2762.04
2743.57
2725.1
2706.63
2688.16
2669.67
2651.19
2632.71
2614.23
2595.76
2577.3
2558.83
2540.35
2521.86
2503.38
2484.9
2466.43
2447.96
2429.49
2411.02
2392.54
2374.06
2355.57
2337.09
2318.62
2300.15
2281.68
2263.21
2244.74
2226.26
2207.78
2189.3
2170.82
2152.35
2133.88
2115.41
2096.94
2078.46
2059.98
2041.5
2023.02
2004.55
1986.08
1967.6
1949.13
1930.66
1912.18
1893.7
1875.23
1856.75
1838.28
1819.8
1801.33
1782.86
1764.38
1745.9
1727.42
1708.95
1690.47
1672
1653.52
1635.05
1616.58
1598.1
1579.62
1561.14
1542.66
1524.18
1505.7
1487.23
1468.76
1450.29
1431.82
1413.35
1394.87
1376.38
1357.9
1339.41
1320.93
1302.45
1283.97
1265.5
1247.04
1228.57
1210.11
1191.63
1173.16
1154.67
1136.18
1117.69
1099.21
1080.72
1062.24
1043.77
1025.3
1006.84
988.38
969.917
951.451
932.982
914.508
896.03
877.551
859.071
840.592
822.114
803.639
785.167
766.697
748.229
729.76
711.291
692.82
674.348
655.875
637.401
618.926
600.45
581.973
563.497
545.019
526.542
508.064
489.583
471.099
452.611
434.121
415.627
397.132
378.636
360.141
341.648
323.159
304.674
286.194
267.718
249.247
230.78
212.316
193.853
175.392
156.931
138.468
120.006
101.542
83.0785
64.6156
46.1529
27.6904
9.22968
4656.1
4377.89
4491.22
4585.76
4569.37
4519.52
4489.85
4476.65
4463.17
4444.83
4424.95
4405.98
4387.77
4369.51
4351.02
4332.48
4313.99
4295.53
4277.05
4258.58
4240.12
4221.64
4203.16
4184.67
4166.2
4147.73
4129.25
4110.76
4092.28
4073.81
4055.35
4036.87
4018.39
3999.91
3981.44
3962.97
3944.5
3926.02
3907.54
3889.06
3870.59
3852.12
3833.65
3815.16
3796.68
3778.21
3759.74
3741.27
3722.79
3704.31
3685.83
3667.36
3648.88
3630.41
3611.93
3593.46
3574.98
3556.5
3538.03
3519.56
3501.08
3482.6
3464.13
3445.65
3427.18
3408.7
3390.22
3371.75
3353.27
3334.8
3316.32
3297.84
3279.37
3260.89
3242.42
3223.95
3205.47
3186.99
3168.51
3150.04
3131.57
3113.1
3094.62
3076.14
3057.66
3039.18
3020.71
3002.24
2983.77
2965.29
2946.81
2928.33
2909.85
2891.38
2872.91
2854.44
2835.96
2817.48
2799
2780.51
2762.04
2743.57
2725.11
2706.63
2688.15
2669.67
2651.18
2632.71
2614.23
2595.77
2577.3
2558.83
2540.35
2521.86
2503.38
2484.9
2466.43
2447.96
2429.5
2411.02
2392.54
2374.06
2355.57
2337.09
2318.62
2300.15
2281.69
2263.22
2244.74
2226.26
2207.77
2189.29
2170.82
2152.35
2133.88
2115.41
2096.94
2078.46
2059.98
2041.5
2023.02
2004.55
1986.08
1967.61
1949.13
1930.66
1912.18
1893.7
1875.23
1856.75
1838.28
1819.81
1801.33
1782.86
1764.38
1745.9
1727.42
1708.95
1690.47
1672
1653.53
1635.05
1616.58
1598.1
1579.62
1561.14
1542.66
1524.18
1505.71
1487.23
1468.76
1450.29
1431.82
1413.34
1394.86
1376.38
1357.89
1339.41
1320.92
1302.45
1283.97
1265.5
1247.04
1228.57
1210.11
1191.63
1173.15
1154.67
1136.18
1117.69
1099.2
1080.72
1062.24
1043.77
1025.31
1006.84
988.381
969.918
951.452
932.982
914.508
896.031
877.552
859.072
840.593
822.116
803.641
785.17
766.7
748.231
729.762
711.292
692.821
674.348
655.875
637.401
618.925
600.448
581.972
563.495
545.018
526.541
508.063
489.582
471.098
452.611
434.12
415.627
397.132
378.637
360.143
341.651
323.162
304.677
286.197
267.721
249.25
230.783
212.318
193.856
175.394
156.932
138.469
120.006
101.542
83.0787
64.6157
46.1526
27.69
9.22956
4656.11
4377.89
4491.22
4585.76
4569.38
4519.52
4489.84
4476.66
4463.19
4444.85
4424.94
4405.96
4387.76
4369.52
4351.03
4332.48
4313.98
4295.52
4277.07
4258.59
4240.11
4221.63
4203.15
4184.68
4166.21
4147.73
4129.25
4110.76
4092.28
4073.82
4055.35
4036.87
4018.38
3999.91
3981.44
3962.97
3944.49
3926.01
3907.54
3889.06
3870.59
3852.12
3833.64
3815.16
3796.68
3778.21
3759.74
3741.26
3722.79
3704.31
3685.83
3667.36
3648.88
3630.41
3611.93
3593.46
3574.98
3556.51
3538.03
3519.55
3501.08
3482.6
3464.13
3445.65
3427.17
3408.7
3390.22
3371.75
3353.28
3334.8
3316.32
3297.84
3279.37
3260.9
3242.42
3223.95
3205.47
3186.99
3168.51
3150.04
3131.57
3113.1
3094.62
3076.14
3057.66
3039.18
3020.71
3002.24
2983.77
2965.29
2946.81
2928.33
2909.85
2891.38
2872.91
2854.44
2835.96
2817.48
2798.99
2780.51
2762.04
2743.58
2725.11
2706.64
2688.15
2669.66
2651.18
2632.7
2614.24
2595.77
2577.3
2558.83
2540.34
2521.86
2503.37
2484.9
2466.43
2447.97
2429.5
2411.02
2392.54
2374.05
2355.57
2337.09
2318.62
2300.16
2281.69
2263.22
2244.74
2226.25
2207.77
2189.29
2170.82
2152.35
2133.88
2115.41
2096.94
2078.46
2059.98
2041.5
2023.02
2004.55
1986.08
1967.61
1949.13
1930.66
1912.18
1893.71
1875.23
1856.75
1838.28
1819.81
1801.33
1782.86
1764.38
1745.9
1727.42
1708.95
1690.47
1672
1653.53
1635.05
1616.58
1598.1
1579.62
1561.14
1542.66
1524.18
1505.71
1487.23
1468.76
1450.29
1431.82
1413.34
1394.86
1376.38
1357.89
1339.41
1320.92
1302.44
1283.97
1265.5
1247.04
1228.57
1210.1
1191.63
1173.15
1154.67
1136.18
1117.69
1099.2
1080.72
1062.24
1043.77
1025.31
1006.85
988.383
969.92
951.453
932.983
914.508
896.031
877.552
859.073
840.594
822.117
803.643
785.172
766.702
748.232
729.763
711.293
692.821
674.348
655.874
637.4
618.924
600.447
581.971
563.494
545.017
526.539
508.062
489.581
471.097
452.61
434.12
415.627
397.133
378.638
360.144
341.653
323.164
304.68
286.2
267.724
249.253
230.785
212.321
193.857
175.395
156.933
138.47
120.006
101.542
83.0789
64.6157
46.1521
27.6896
9.22944
4656.1
4377.89
4491.23
4585.77
4569.38
4519.51
4489.84
4476.66
4463.19
4444.84
4424.93
4405.96
4387.78
4369.53
4351.03
4332.48
4313.98
4295.53
4277.07
4258.59
4240.1
4221.63
4203.16
4184.69
4166.2
4147.71
4129.24
4110.77
4092.3
4073.82
4055.34
4036.86
4018.39
3999.92
3981.45
3962.97
3944.49
3926.01
3907.54
3889.07
3870.59
3852.11
3833.64
3815.16
3796.69
3778.21
3759.74
3741.26
3722.79
3704.31
3685.84
3667.36
3648.88
3630.41
3611.93
3593.46
3574.98
3556.51
3538.03
3519.55
3501.08
3482.61
3464.13
3445.65
3427.17
3408.69
3390.22
3371.75
3353.28
3334.8
3316.32
3297.84
3279.37
3260.9
3242.43
3223.95
3205.46
3186.98
3168.51
3150.04
3131.57
3113.1
3094.62
3076.13
3057.65
3039.18
3020.71
3002.25
2983.77
2965.29
2946.8
2928.32
2909.85
2891.38
2872.92
2854.44
2835.96
2817.48
2798.99
2780.51
2762.05
2743.58
2725.11
2706.63
2688.15
2669.66
2651.18
2632.71
2614.24
2595.78
2577.31
2558.83
2540.34
2521.85
2503.37
2484.9
2466.43
2447.97
2429.5
2411.02
2392.54
2374.05
2355.57
2337.09
2318.62
2300.16
2281.69
2263.22
2244.74
2226.25
2207.77
2189.29
2170.82
2152.35
2133.88
2115.41
2096.93
2078.46
2059.98
2041.5
2023.02
2004.55
1986.08
1967.61
1949.14
1930.66
1912.18
1893.71
1875.23
1856.75
1838.28
1819.81
1801.33
1782.86
1764.38
1745.9
1727.43
1708.95
1690.47
1672
1653.53
1635.06
1616.58
1598.1
1579.62
1561.14
1542.66
1524.18
1505.71
1487.23
1468.76
1450.29
1431.82
1413.34
1394.86
1376.37
1357.89
1339.4
1320.92
1302.45
1283.97
1265.51
1247.04
1228.57
1210.1
1191.63
1173.15
1154.66
1136.17
1117.69
1099.2
1080.72
1062.25
1043.77
1025.31
1006.85
988.384
969.92
951.453
932.982
914.508
896.031
877.552
859.074
840.595
822.119
803.645
785.173
766.703
748.234
729.764
711.293
692.821
674.348
655.874
637.399
618.923
600.446
581.97
563.493
545.016
526.538
508.06
489.58
471.096
452.609
434.119
415.627
397.133
378.639
360.146
341.655
323.167
304.683
286.203
267.727
249.256
230.788
212.323
193.859
175.396
156.933
138.47
120.006
101.543
83.0792
64.6157
46.1519
27.6895
9.22946
4656.11
4377.9
4491.23
4585.77
4569.37
4519.52
4489.84
4476.66
4463.19
4444.85
4424.95
4405.97
4387.76
4369.5
4351.02
4332.49
4314
4295.53
4277.06
4258.58
4240.11
4221.64
4203.16
4184.68
4166.2
4147.72
4129.25
4110.77
4092.29
4073.81
4055.34
4036.87
4018.4
3999.92
3981.44
3962.96
3944.49
3926.02
3907.54
3889.06
3870.58
3852.11
3833.64
3815.17
3796.69
3778.21
3759.73
3741.26
3722.79
3704.32
3685.84
3667.36
3648.88
3630.41
3611.94
3593.46
3574.98
3556.5
3538.02
3519.55
3501.08
3482.61
3464.13
3445.65
3427.17
3408.7
3390.23
3371.76
3353.28
3334.79
3316.31
3297.84
3279.37
3260.9
3242.43
3223.95
3205.46
3186.98
3168.51
3150.05
3131.58
3113.1
3094.61
3076.13
3057.65
3039.18
3020.72
3002.25
2983.77
2965.29
2946.8
2928.32
2909.85
2891.38
2872.92
2854.44
2835.96
2817.47
2798.99
2780.52
2762.05
2743.58
2725.11
2706.63
2688.14
2669.66
2651.18
2632.71
2614.24
2595.78
2577.31
2558.82
2540.33
2521.85
2503.37
2484.9
2466.44
2447.97
2429.5
2411.02
2392.53
2374.05
2355.57
2337.1
2318.63
2300.16
2281.69
2263.21
2244.73
2226.25
2207.77
2189.29
2170.82
2152.35
2133.88
2115.41
2096.93
2078.45
2059.98
2041.5
2023.02
2004.55
1986.08
1967.61
1949.14
1930.66
1912.18
1893.71
1875.23
1856.75
1838.28
1819.81
1801.34
1782.86
1764.38
1745.9
1727.43
1708.95
1690.48
1672
1653.53
1635.06
1616.58
1598.1
1579.62
1561.14
1542.66
1524.18
1505.71
1487.24
1468.76
1450.29
1431.82
1413.34
1394.86
1376.37
1357.89
1339.4
1320.92
1302.45
1283.97
1265.51
1247.04
1228.57
1210.1
1191.63
1173.14
1154.66
1136.17
1117.69
1099.2
1080.72
1062.25
1043.78
1025.31
1006.85
988.385
969.921
951.453
932.982
914.507
896.03
877.552
859.074
840.596
822.12
803.647
785.175
766.705
748.235
729.764
711.293
692.821
674.347
655.874
637.399
618.922
600.445
581.969
563.492
545.015
526.538
508.06
489.579
471.095
452.608
434.118
415.626
397.133
378.639
360.147
341.656
323.169
304.685
286.206
267.73
249.259
230.79
212.325
193.86
175.397
156.934
138.47
120.006
101.542
83.079
64.6153
46.1516
27.6893
9.22941
4656.11
4377.89
4491.22
4585.77
4569.38
4519.52
4489.84
4476.65
4463.18
4444.84
4424.94
4405.97
4387.77
4369.52
4351.02
4332.48
4313.99
4295.53
4277.06
4258.59
4240.12
4221.63
4203.15
4184.67
4166.2
4147.73
4129.25
4110.77
4092.28
4073.81
4055.34
4036.88
4018.4
3999.91
3981.43
3962.96
3944.5
3926.02
3907.54
3889.06
3870.58
3852.11
3833.64
3815.17
3796.69
3778.21
3759.73
3741.26
3722.79
3704.32
3685.84
3667.35
3648.88
3630.41
3611.94
3593.46
3574.98
3556.5
3538.03
3519.56
3501.09
3482.61
3464.13
3445.64
3427.17
3408.7
3390.23
3371.76
3353.27
3334.79
3316.31
3297.84
3279.37
3260.9
3242.43
3223.94
3205.46
3186.98
3168.52
3150.05
3131.58
3113.1
3094.61
3076.13
3057.65
3039.19
3020.72
3002.25
2983.77
2965.28
2946.8
2928.32
2909.85
2891.39
2872.92
2854.44
2835.96
2817.47
2798.99
2780.52
2762.05
2743.58
2725.11
2706.63
2688.14
2669.66
2651.18
2632.71
2614.25
2595.78
2577.3
2558.82
2540.33
2521.85
2503.37
2484.9
2466.44
2447.97
2429.5
2411.02
2392.53
2374.05
2355.57
2337.1
2318.63
2300.16
2281.69
2263.21
2244.73
2226.25
2207.77
2189.29
2170.82
2152.35
2133.88
2115.41
2096.93
2078.45
2059.98
2041.5
2023.02
2004.55
1986.08
1967.61
1949.14
1930.66
1912.18
1893.71
1875.23
1856.76
1838.28
1819.81
1801.33
1782.86
1764.38
1745.9
1727.43
1708.95
1690.48
1672
1653.53
1635.05
1616.58
1598.1
1579.62
1561.14
1542.66
1524.18
1505.71
1487.24
1468.76
1450.29
1431.82
1413.34
1394.86
1376.37
1357.89
1339.4
1320.92
1302.45
1283.98
1265.51
1247.04
1228.57
1210.1
1191.62
1173.14
1154.66
1136.17
1117.69
1099.2
1080.72
1062.25
1043.78
1025.31
1006.85
988.386
969.921
951.453
932.981
914.507
896.03
877.552
859.074
840.597
822.12
803.647
785.176
766.705
748.236
729.765
711.294
692.821
674.348
655.874
637.399
618.922
600.445
581.968
563.491
545.013
526.536
508.058
489.577
471.094
452.607
434.118
415.626
397.133
378.64
360.148
341.658
323.171
304.688
286.208
267.732
249.26
230.792
212.326
193.862
175.398
156.935
138.471
120.007
101.543
83.0793
64.6156
46.1519
27.6896
9.22957
4656.11
4377.9
4491.22
4585.77
4569.38
4519.52
4489.84
4476.66
4463.19
4444.85
4424.93
4405.96
4387.77
4369.53
4351.03
4332.47
4313.98
4295.53
4277.07
4258.59
4240.11
4221.63
4203.15
4184.68
4166.21
4147.73
4129.24
4110.76
4092.29
4073.82
4055.35
4036.87
4018.39
3999.91
3981.44
3962.97
3944.5
3926.02
3907.53
3889.06
3870.59
3852.12
3833.65
3815.16
3796.68
3778.2
3759.74
3741.27
3722.79
3704.31
3685.83
3667.35
3648.88
3630.42
3611.94
3593.46
3574.98
3556.5
3538.03
3519.56
3501.09
3482.61
3464.12
3445.64
3427.17
3408.7
3390.23
3371.75
3353.27
3334.79
3316.31
3297.84
3279.38
3260.9
3242.42
3223.94
3205.46
3186.99
3168.52
3150.05
3131.57
3113.09
3094.61
3076.13
3057.66
3039.19
3020.72
3002.25
2983.76
2965.28
2946.8
2928.32
2909.86
2891.39
2872.92
2854.44
2835.95
2817.47
2798.99
2780.52
2762.06
2743.58
2725.11
2706.62
2688.14
2669.66
2651.18
2632.72
2614.25
2595.78
2577.3
2558.81
2540.33
2521.85
2503.38
2484.91
2466.44
2447.97
2429.49
2411.01
2392.53
2374.05
2355.57
2337.1
2318.63
2300.16
2281.69
2263.21
2244.73
2226.25
2207.77
2189.3
2170.82
2152.35
2133.88
2115.41
2096.93
2078.45
2059.98
2041.5
2023.03
2004.56
1986.08
1967.61
1949.13
1930.66
1912.18
1893.71
1875.23
1856.76
1838.28
1819.81
1801.33
1782.86
1764.38
1745.9
1727.43
1708.95
1690.48
1672
1653.53
1635.06
1616.58
1598.1
1579.62
1561.14
1542.66
1524.18
1505.71
1487.24
1468.77
1450.29
1431.81
1413.33
1394.85
1376.37
1357.89
1339.4
1320.92
1302.45
1283.98
1265.51
1247.04
1228.57
1210.1
1191.62
1173.14
1154.66
1136.17
1117.69
1099.2
1080.73
1062.25
1043.78
1025.32
1006.85
988.385
969.919
951.45
932.979
914.505
896.029
877.552
859.074
840.598
822.124
803.65
785.177
766.706
748.234
729.763
711.292
692.82
674.346
655.873
637.398
618.922
600.445
581.969
563.493
545.016
526.538
508.058
489.576
471.091
452.604
434.115
415.624
397.132
378.639
360.148
341.659
323.172
304.69
286.211
267.735
249.263
230.794
212.327
193.861
175.397
156.933
138.47
120.006
101.542
83.0783
64.615
46.1526
27.6904
9.23003
)
;

boundaryField
{
    inlet
    {
        type            calculated;
        value           uniform 5000;
    }
    outlet
    {
        type            calculated;
        value           uniform 0;
    }
    walls
    {
        type            calculated;
        value           nonuniform List<scalar> 
500
(
4656.12
4377.92
4491.25
4585.76
4569.37
4519.53
4489.84
4476.66
4463.19
4444.84
4424.95
4405.98
4387.76
4369.51
4351.04
4332.5
4313.99
4295.51
4277.04
4258.57
4240.1
4221.63
4203.16
4184.68
4166.2
4147.73
4129.26
4110.77
4092.28
4073.8
4055.33
4036.86
4018.39
3999.92
3981.44
3962.97
3944.49
3926.02
3907.54
3889.06
3870.59
3852.12
3833.64
3815.16
3796.68
3778.21
3759.74
3741.26
3722.78
3704.3
3685.83
3667.35
3648.88
3630.41
3611.93
3593.45
3574.97
3556.5
3538.03
3519.55
3501.08
3482.6
3464.13
3445.65
3427.17
3408.69
3390.22
3371.74
3353.27
3334.8
3316.32
3297.84
3279.37
3260.89
3242.42
3223.94
3205.47
3186.99
3168.51
3150.04
3131.56
3113.09
3094.61
3076.14
3057.66
3039.19
3020.71
3002.24
2983.76
2965.28
2946.81
2928.34
2909.86
2891.39
2872.91
2854.43
2835.96
2817.48
2799.01
2780.53
2762.06
2743.58
2725.11
2706.63
2688.15
2669.68
2651.21
2632.73
2614.26
2595.78
2577.3
2558.82
2540.35
2521.88
2503.41
2484.93
2466.46
2447.98
2429.5
2411.02
2392.55
2374.07
2355.6
2337.12
2318.64
2300.17
2281.69
2263.21
2244.74
2226.26
2207.78
2189.31
2170.83
2152.36
2133.88
2115.41
2096.93
2078.45
2059.97
2041.49
2023.02
2004.54
1986.07
1967.6
1949.12
1930.65
1912.16
1893.68
1875.2
1856.73
1838.26
1819.79
1801.31
1782.84
1764.36
1745.88
1727.4
1708.92
1690.45
1671.97
1653.5
1635.03
1616.55
1598.08
1579.6
1561.13
1542.66
1524.18
1505.71
1487.24
1468.77
1450.29
1431.81
1413.34
1394.86
1376.39
1357.92
1339.45
1320.98
1302.5
1284.02
1265.55
1247.07
1228.59
1210.11
1191.63
1173.16
1154.68
1136.21
1117.73
1099.25
1080.77
1062.28
1043.8
1025.31
1006.83
988.358
969.883
951.41
932.94
914.471
896.001
877.527
859.05
840.57
822.092
803.615
785.139
766.665
748.193
729.725
711.26
692.796
674.334
655.87
637.404
618.936
600.466
581.995
563.521
545.045
526.565
508.081
489.595
471.106
452.614
434.119
415.62
397.119
378.617
360.116
341.618
323.125
304.635
286.149
267.669
249.196
230.73
212.27
193.813
175.358
156.903
138.448
119.993
101.536
83.0777
64.6174
46.1559
27.6936
9.23152
4656.11
4377.9
4491.22
4585.77
4569.38
4519.52
4489.84
4476.66
4463.19
4444.85
4424.93
4405.96
4387.77
4369.53
4351.03
4332.47
4313.98
4295.53
4277.07
4258.59
4240.11
4221.63
4203.15
4184.68
4166.21
4147.73
4129.24
4110.76
4092.29
4073.82
4055.35
4036.87
4018.39
3999.91
3981.44
3962.97
3944.5
3926.02
3907.53
3889.06
3870.59
3852.12
3833.65
3815.16
3796.68
3778.2
3759.74
3741.27
3722.79
3704.31
3685.83
3667.35
3648.88
3630.42
3611.94
3593.46
3574.98
3556.5
3538.03
3519.56
3501.09
3482.61
3464.12
3445.64
3427.17
3408.7
3390.23
3371.75
3353.27
3334.79
3316.31
3297.84
3279.38
3260.9
3242.42
3223.94
3205.46
3186.99
3168.52
3150.05
3131.57
3113.09
3094.61
3076.13
3057.66
3039.19
3020.72
3002.25
2983.76
2965.28
2946.8
2928.32
2909.86
2891.39
2872.92
2854.44
2835.95
2817.47
2798.99
2780.52
2762.06
2743.58
2725.11
2706.62
2688.14
2669.66
2651.18
2632.72
2614.25
2595.78
2577.3
2558.81
2540.33
2521.85
2503.38
2484.91
2466.44
2447.97
2429.49
2411.01
2392.53
2374.05
2355.57
2337.1
2318.63
2300.16
2281.69
2263.21
2244.73
2226.25
2207.77
2189.3
2170.82
2152.35
2133.88
2115.41
2096.93
2078.45
2059.98
2041.5
2023.03
2004.56
1986.08
1967.61
1949.13
1930.66
1912.18
1893.71
1875.23
1856.76
1838.28
1819.81
1801.33
1782.86
1764.38
1745.9
1727.43
1708.95
1690.48
1672
1653.53
1635.06
1616.58
1598.1
1579.62
1561.14
1542.66
1524.18
1505.71
1487.24
1468.77
1450.29
1431.81
1413.33
1394.85
1376.37
1357.89
1339.4
1320.92
1302.45
1283.98
1265.51
1247.04
1228.57
1210.1
1191.62
1173.14
1154.66
1136.17
1117.69
1099.2
1080.73
1062.25
1043.78
1025.32
1006.85
988.385
969.919
951.45
932.979
914.505
896.029
877.552
859.074
840.598
822.124
803.65
785.177
766.706
748.234
729.763
711.292
692.82
674.346
655.873
637.398
618.922
600.445
581.969
563.493
545.016
526.538
508.058
489.576
471.091
452.604
434.115
415.624
397.132
378.639
360.148
341.659
323.172
304.69
286.211
267.735
249.263
230.794
212.327
193.861
175.397
156.933
138.47
120.006
101.542
83.0783
64.615
46.1526
27.6904
9.23003
)
;
    }
    frontAndBack
    {
        type            empty;
    }
}


// ************************************************************************* //
